# 0: Day of Year [-] 	 1: lat [deg] 	 2: lon [deg] 	 3: tas [K] 	 4: sfcWind [m s-1] 	 5: ps [Pa] 	 6: Total Downwelling Rad Flux [W m-2] 
0 	 41.678688 	 283.323761 	 270.556641 	 5.198169 	 97533.828125 	 323.742004 
1 	 41.678688 	 283.323761 	 272.733032 	 3.927352 	 98536.031250 	 311.488403 
2 	 41.678688 	 283.323761 	 273.413208 	 2.191191 	 98898.781250 	 336.389038 
3 	 41.678688 	 283.323761 	 273.807281 	 3.919787 	 98480.679688 	 296.979370 
4 	 41.678688 	 283.323761 	 265.202240 	 4.657148 	 97322.539062 	 304.883972 
5 	 41.678688 	 283.323761 	 268.995148 	 4.164395 	 98305.773438 	 295.844116 
6 	 41.678688 	 283.323761 	 273.988403 	 3.333885 	 98088.460938 	 294.554718 
7 	 41.678688 	 283.323761 	 271.056152 	 2.788014 	 98538.476562 	 310.775940 
8 	 41.678688 	 283.323761 	 272.215790 	 4.020547 	 97215.718750 	 353.021118 
9 	 41.678688 	 283.323761 	 268.148529 	 3.805572 	 97998.546875 	 305.137054 
10 	 41.678688 	 283.323761 	 269.464020 	 2.406706 	 99345.539062 	 309.625366 
11 	 41.678688 	 283.323761 	 279.393005 	 4.899270 	 98993.546875 	 344.364990 
12 	 41.678688 	 283.323761 	 275.318787 	 4.631927 	 98220.273438 	 368.167999 
13 	 41.678688 	 283.323761 	 274.798798 	 3.707240 	 98546.187500 	 319.621796 
14 	 41.678688 	 283.323761 	 274.520355 	 2.674237 	 98934.617188 	 345.145569 
15 	 41.678688 	 283.323761 	 276.553986 	 3.753663 	 98057.601562 	 353.464050 
16 	 41.678688 	 283.323761 	 268.004822 	 2.999369 	 97656.937500 	 310.253632 
17 	 41.678688 	 283.323761 	 263.218506 	 4.411355 	 97598.593750 	 314.416992 
18 	 41.678688 	 283.323761 	 263.728180 	 4.274805 	 99060.343750 	 257.317200 
19 	 41.678688 	 283.323761 	 267.608002 	 2.959857 	 99133.781250 	 334.343567 
20 	 41.678688 	 283.323761 	 271.171875 	 2.950544 	 99536.156250 	 346.824951 
21 	 41.678688 	 283.323761 	 275.771820 	 3.822661 	 99045.921875 	 350.387390 
22 	 41.678688 	 283.323761 	 275.144257 	 3.063766 	 98946.679688 	 383.863708 
23 	 41.678688 	 283.323761 	 272.603760 	 2.015473 	 99323.171875 	 340.838440 
24 	 41.678688 	 283.323761 	 276.509247 	 2.575952 	 99598.789062 	 365.972412 
25 	 41.678688 	 283.323761 	 277.317657 	 1.338904 	 99839.562500 	 366.451965 
26 	 41.678688 	 283.323761 	 277.465240 	 2.984921 	 99422.960938 	 330.943298 
27 	 41.678688 	 283.323761 	 280.228546 	 3.790310 	 98022.890625 	 416.257355 
28 	 41.678688 	 283.323761 	 270.632050 	 2.440564 	 98259.281250 	 344.536865 
29 	 41.678688 	 283.323761 	 272.674500 	 4.835766 	 98724.296875 	 309.792053 
30 	 41.678688 	 283.323761 	 265.309296 	 4.088984 	 99913.242188 	 320.994507 
31 	 41.678688 	 283.323761 	 263.272430 	 2.021502 	 101337.203125 	 303.235168 
32 	 41.678688 	 283.323761 	 272.252686 	 3.641516 	 100251.601562 	 334.872894 
33 	 41.678688 	 283.323761 	 276.257843 	 1.290797 	 99739.273438 	 359.926605 
34 	 41.678688 	 283.323761 	 277.683563 	 3.733187 	 99313.101562 	 360.036713 
35 	 41.678688 	 283.323761 	 282.764313 	 4.338481 	 98254.039062 	 383.857086 
36 	 41.678688 	 283.323761 	 273.880005 	 3.621900 	 97216.890625 	 377.269897 
37 	 41.678688 	 283.323761 	 264.449890 	 3.245938 	 98426.937500 	 324.546265 
38 	 41.678688 	 283.323761 	 264.782715 	 2.898585 	 99381.390625 	 276.921265 
39 	 41.678688 	 283.323761 	 265.605865 	 3.787972 	 98514.140625 	 361.140289 
40 	 41.678688 	 283.323761 	 269.421997 	 5.457117 	 97929.140625 	 312.313263 
41 	 41.678688 	 283.323761 	 265.888580 	 4.137614 	 98040.382812 	 275.390076 
42 	 41.678688 	 283.323761 	 276.344696 	 3.792534 	 97539.976562 	 345.656830 
43 	 41.678688 	 283.323761 	 276.121216 	 3.788763 	 97384.976562 	 396.420227 
44 	 41.678688 	 283.323761 	 268.817657 	 2.740392 	 98643.789062 	 371.771545 
45 	 41.678688 	 283.323761 	 274.973755 	 3.973077 	 99154.523438 	 395.101013 
46 	 41.678688 	 283.323761 	 278.651245 	 4.086874 	 98827.617188 	 411.765869 
47 	 41.678688 	 283.323761 	 282.926483 	 6.336691 	 97431.429688 	 359.207336 
48 	 41.678688 	 283.323761 	 267.072113 	 3.991078 	 97977.250000 	 371.578003 
49 	 41.678688 	 283.323761 	 264.986389 	 1.779524 	 99531.820312 	 358.348389 
50 	 41.678688 	 283.323761 	 273.439758 	 3.132062 	 99281.226562 	 405.587524 
51 	 41.678688 	 283.323761 	 279.985016 	 4.043181 	 98447.351562 	 430.053101 
52 	 41.678688 	 283.323761 	 275.251831 	 1.798964 	 99329.031250 	 412.179993 
53 	 41.678688 	 283.323761 	 276.619354 	 3.315662 	 99387.601562 	 411.931305 
54 	 41.678688 	 283.323761 	 280.597839 	 4.591901 	 98025.890625 	 352.248840 
55 	 41.678688 	 283.323761 	 275.000031 	 4.235358 	 97847.203125 	 391.641113 
56 	 41.678688 	 283.323761 	 264.947052 	 3.742893 	 100215.203125 	 384.723785 
57 	 41.678688 	 283.323761 	 270.164276 	 4.844461 	 100207.203125 	 325.448883 
58 	 41.678688 	 283.323761 	 278.570465 	 4.657360 	 97493.679688 	 439.388123 
59 	 41.678688 	 283.323761 	 274.175385 	 3.154318 	 97895.046875 	 422.970734 
60 	 41.678688 	 283.323761 	 273.041504 	 0.983172 	 98096.476562 	 410.860962 
61 	 41.678688 	 283.323761 	 274.166138 	 2.223746 	 97967.093750 	 432.746460 
62 	 41.678688 	 283.323761 	 272.268860 	 2.680923 	 98565.976562 	 410.958374 
63 	 41.678688 	 283.323761 	 279.844330 	 4.290019 	 97967.398438 	 423.451843 
64 	 41.678688 	 283.323761 	 278.894104 	 3.746811 	 97900.421875 	 478.982666 
65 	 41.678688 	 283.323761 	 278.685181 	 2.550770 	 98180.187500 	 382.455048 
66 	 41.678688 	 283.323761 	 272.135925 	 4.675703 	 98254.648438 	 451.541809 
67 	 41.678688 	 283.323761 	 272.446381 	 3.474603 	 99691.273438 	 435.195312 
68 	 41.678688 	 283.323761 	 279.298035 	 3.935857 	 99326.046875 	 424.557068 
69 	 41.678688 	 283.323761 	 273.307343 	 3.822824 	 99787.039062 	 371.382751 
70 	 41.678688 	 283.323761 	 270.840668 	 2.996879 	 100588.703125 	 343.363434 
71 	 41.678688 	 283.323761 	 274.460815 	 3.970971 	 99696.492188 	 350.232544 
72 	 41.678688 	 283.323761 	 282.249298 	 4.053971 	 97675.023438 	 408.362274 
73 	 41.678688 	 283.323761 	 273.696411 	 4.644098 	 97370.367188 	 433.755707 
74 	 41.678688 	 283.323761 	 271.837921 	 3.301330 	 97913.460938 	 449.324585 
75 	 41.678688 	 283.323761 	 276.904480 	 2.701058 	 98477.296875 	 419.668793 
76 	 41.678688 	 283.323761 	 275.077118 	 1.904989 	 99295.382812 	 373.341644 
77 	 41.678688 	 283.323761 	 279.127045 	 2.951404 	 99388.656250 	 436.558014 
78 	 41.678688 	 283.323761 	 283.561432 	 3.988942 	 98304.531250 	 373.479431 
79 	 41.678688 	 283.323761 	 276.261108 	 2.744860 	 98609.976562 	 440.688782 
80 	 41.678688 	 283.323761 	 276.204559 	 2.574208 	 98927.750000 	 488.469330 
81 	 41.678688 	 283.323761 	 272.253448 	 1.893535 	 99091.992188 	 337.055817 
82 	 41.678688 	 283.323761 	 271.687164 	 4.160074 	 98701.906250 	 492.646698 
83 	 41.678688 	 283.323761 	 269.974854 	 2.025474 	 99782.929688 	 410.501556 
84 	 41.678688 	 283.323761 	 277.252899 	 5.563951 	 99384.492188 	 373.664246 
85 	 41.678688 	 283.323761 	 282.346649 	 2.969686 	 98659.609375 	 505.110168 
86 	 41.678688 	 283.323761 	 285.372894 	 4.464359 	 97935.640625 	 411.002472 
87 	 41.678688 	 283.323761 	 279.368683 	 4.416175 	 97324.070312 	 494.453949 
88 	 41.678688 	 283.323761 	 276.643585 	 3.109599 	 97914.507812 	 475.646118 
89 	 41.678688 	 283.323761 	 278.916687 	 1.988865 	 97521.187500 	 365.588623 
90 	 41.678688 	 283.323761 	 274.950043 	 5.300646 	 96255.976562 	 516.536560 
91 	 41.678688 	 283.323761 	 277.621613 	 5.385467 	 97339.617188 	 510.744934 
92 	 41.678688 	 283.323761 	 279.098785 	 3.413924 	 98417.218750 	 493.999634 
93 	 41.678688 	 283.323761 	 279.878510 	 3.670602 	 99052.289062 	 526.490112 
94 	 41.678688 	 283.323761 	 278.806488 	 2.179815 	 99818.117188 	 528.370422 
95 	 41.678688 	 283.323761 	 285.711243 	 3.551097 	 99004.171875 	 531.007385 
96 	 41.678688 	 283.323761 	 277.135742 	 3.336930 	 98710.140625 	 478.683319 
97 	 41.678688 	 283.323761 	 277.300507 	 2.760503 	 98580.273438 	 468.153381 
98 	 41.678688 	 283.323761 	 280.228851 	 3.783664 	 98051.062500 	 490.356506 
99 	 41.678688 	 283.323761 	 277.982880 	 1.351712 	 99521.046875 	 532.196289 
100 	 41.678688 	 283.323761 	 283.398132 	 2.844141 	 99799.257812 	 555.260986 
101 	 41.678688 	 283.323761 	 289.310455 	 3.049940 	 99254.343750 	 543.026184 
102 	 41.678688 	 283.323761 	 288.538788 	 3.942855 	 98539.750000 	 580.865234 
103 	 41.678688 	 283.323761 	 281.318451 	 2.275959 	 99210.226562 	 543.947998 
104 	 41.678688 	 283.323761 	 283.037659 	 1.925362 	 99390.859375 	 563.369568 
105 	 41.678688 	 283.323761 	 287.958252 	 3.355122 	 99194.710938 	 588.222473 
106 	 41.678688 	 283.323761 	 288.662567 	 3.458399 	 98857.039062 	 565.767944 
107 	 41.678688 	 283.323761 	 288.279266 	 3.249984 	 98386.203125 	 589.929260 
108 	 41.678688 	 283.323761 	 284.084778 	 1.967282 	 98367.156250 	 504.056091 
109 	 41.678688 	 283.323761 	 284.161346 	 3.180604 	 99383.203125 	 579.635620 
110 	 41.678688 	 283.323761 	 283.532471 	 2.250289 	 100277.000000 	 568.951660 
111 	 41.678688 	 283.323761 	 284.528351 	 2.654979 	 100279.000000 	 513.969299 
112 	 41.678688 	 283.323761 	 288.320984 	 2.289057 	 99973.617188 	 565.966187 
113 	 41.678688 	 283.323761 	 290.826935 	 2.535578 	 99484.046875 	 615.129639 
114 	 41.678688 	 283.323761 	 291.069122 	 2.150670 	 99169.007812 	 598.700195 
115 	 41.678688 	 283.323761 	 291.685638 	 3.980998 	 98199.703125 	 595.987000 
116 	 41.678688 	 283.323761 	 283.212830 	 3.322279 	 98030.203125 	 555.209045 
117 	 41.678688 	 283.323761 	 276.355988 	 3.678153 	 98256.789062 	 524.871582 
118 	 41.678688 	 283.323761 	 276.169617 	 3.259429 	 98899.367188 	 562.458374 
119 	 41.678688 	 283.323761 	 278.587280 	 1.660475 	 99542.593750 	 567.026062 
120 	 41.678688 	 283.323761 	 281.455811 	 3.101711 	 99891.757812 	 416.379547 
121 	 41.678688 	 283.323761 	 289.868988 	 5.022924 	 98981.500000 	 565.860840 
122 	 41.678688 	 283.323761 	 291.756378 	 3.951956 	 98395.000000 	 518.987915 
123 	 41.678688 	 283.323761 	 284.663818 	 1.431408 	 98793.382812 	 419.971161 
124 	 41.678688 	 283.323761 	 283.898712 	 1.721539 	 98868.257812 	 421.669830 
125 	 41.678688 	 283.323761 	 286.156189 	 3.770540 	 98236.820312 	 447.377625 
126 	 41.678688 	 283.323761 	 281.935303 	 3.844923 	 98809.773438 	 602.571472 
127 	 41.678688 	 283.323761 	 281.378113 	 1.091218 	 99385.078125 	 592.481079 
128 	 41.678688 	 283.323761 	 282.163605 	 2.361802 	 98601.859375 	 357.697235 
129 	 41.678688 	 283.323761 	 281.497253 	 3.778403 	 97742.007812 	 623.664062 
130 	 41.678688 	 283.323761 	 282.120453 	 2.574952 	 97316.703125 	 433.163544 
131 	 41.678688 	 283.323761 	 278.984161 	 4.269231 	 97609.203125 	 629.025757 
132 	 41.678688 	 283.323761 	 279.658386 	 2.142538 	 98262.710938 	 550.976807 
133 	 41.678688 	 283.323761 	 283.171753 	 1.874167 	 98398.242188 	 431.227844 
134 	 41.678688 	 283.323761 	 284.653992 	 2.129921 	 98177.718750 	 575.097839 
135 	 41.678688 	 283.323761 	 286.560730 	 3.130306 	 98062.328125 	 618.437683 
136 	 41.678688 	 283.323761 	 289.282440 	 1.619319 	 97999.273438 	 599.863708 
137 	 41.678688 	 283.323761 	 292.889160 	 2.188273 	 97572.406250 	 575.721008 
138 	 41.678688 	 283.323761 	 288.221191 	 3.111331 	 97498.953125 	 658.635254 
139 	 41.678688 	 283.323761 	 285.877686 	 2.004519 	 97948.953125 	 406.349854 
140 	 41.678688 	 283.323761 	 283.481232 	 2.144167 	 98241.046875 	 397.891693 
141 	 41.678688 	 283.323761 	 283.460144 	 1.862786 	 98156.953125 	 574.027222 
142 	 41.678688 	 283.323761 	 283.607758 	 2.243996 	 97810.250000 	 576.063171 
143 	 41.678688 	 283.323761 	 282.796936 	 4.667510 	 97560.882812 	 562.607544 
144 	 41.678688 	 283.323761 	 281.633240 	 3.699184 	 97899.250000 	 438.551208 
145 	 41.678688 	 283.323761 	 280.111908 	 1.686037 	 98250.656250 	 420.409485 
146 	 41.678688 	 283.323761 	 284.266357 	 2.541752 	 98265.078125 	 433.808228 
147 	 41.678688 	 283.323761 	 291.838348 	 2.389169 	 98050.421875 	 645.841553 
148 	 41.678688 	 283.323761 	 288.269104 	 3.097703 	 98747.421875 	 646.108643 
149 	 41.678688 	 283.323761 	 286.485870 	 2.190325 	 99455.992188 	 641.402954 
150 	 41.678688 	 283.323761 	 291.292999 	 3.467293 	 98889.250000 	 658.275513 
151 	 41.678688 	 283.323761 	 293.617584 	 1.978031 	 98379.437500 	 614.391907 
152 	 41.678688 	 283.323761 	 294.708374 	 1.555743 	 98795.898438 	 666.594116 
153 	 41.678688 	 283.323761 	 293.871155 	 3.417814 	 98995.382812 	 683.285889 
154 	 41.678688 	 283.323761 	 295.003418 	 3.396362 	 98541.593750 	 645.557007 
155 	 41.678688 	 283.323761 	 293.977478 	 1.501297 	 98853.343750 	 697.053223 
156 	 41.678688 	 283.323761 	 294.555786 	 1.498545 	 98956.726562 	 686.944336 
157 	 41.678688 	 283.323761 	 294.410309 	 1.931690 	 99145.109375 	 654.694458 
158 	 41.678688 	 283.323761 	 295.426575 	 4.249094 	 99176.757812 	 698.368042 
159 	 41.678688 	 283.323761 	 295.075470 	 3.896322 	 98854.257812 	 638.418213 
160 	 41.678688 	 283.323761 	 291.442780 	 3.343177 	 99643.656250 	 678.307922 
161 	 41.678688 	 283.323761 	 291.307648 	 4.460137 	 99032.437500 	 649.590088 
162 	 41.678688 	 283.323761 	 293.958160 	 3.731199 	 98091.953125 	 599.263123 
163 	 41.678688 	 283.323761 	 295.762177 	 1.773299 	 98258.601562 	 715.846924 
164 	 41.678688 	 283.323761 	 296.338593 	 3.633453 	 97955.398438 	 617.718872 
165 	 41.678688 	 283.323761 	 296.562012 	 3.691374 	 97728.031250 	 620.960449 
166 	 41.678688 	 283.323761 	 293.880920 	 1.462568 	 98326.132812 	 607.853394 
167 	 41.678688 	 283.323761 	 293.342499 	 3.679136 	 98387.750000 	 652.702820 
168 	 41.678688 	 283.323761 	 295.179565 	 3.644788 	 98012.093750 	 595.856567 
169 	 41.678688 	 283.323761 	 293.454529 	 2.566383 	 98089.773438 	 659.860046 
170 	 41.678688 	 283.323761 	 293.030487 	 2.039271 	 98723.609375 	 671.393738 
171 	 41.678688 	 283.323761 	 294.877014 	 1.176847 	 98686.023438 	 691.034912 
172 	 41.678688 	 283.323761 	 291.435455 	 3.932579 	 98864.710938 	 682.145020 
173 	 41.678688 	 283.323761 	 286.374359 	 2.203827 	 99704.726562 	 646.129578 
174 	 41.678688 	 283.323761 	 290.586823 	 2.430650 	 99368.179688 	 645.115967 
175 	 41.678688 	 283.323761 	 295.916168 	 3.392257 	 98411.226562 	 602.083618 
176 	 41.678688 	 283.323761 	 294.050446 	 1.225840 	 98744.296875 	 577.181885 
177 	 41.678688 	 283.323761 	 295.669006 	 1.124484 	 98634.078125 	 684.437988 
178 	 41.678688 	 283.323761 	 295.914948 	 2.748172 	 98560.468750 	 619.184692 
179 	 41.678688 	 283.323761 	 298.666321 	 4.254147 	 98124.937500 	 719.036560 
180 	 41.678688 	 283.323761 	 294.294769 	 3.721051 	 98411.148438 	 660.740906 
181 	 41.678688 	 283.323761 	 293.456787 	 3.341738 	 98996.117188 	 688.137695 
182 	 41.678688 	 283.323761 	 292.978088 	 1.440431 	 99322.953125 	 674.087036 
183 	 41.678688 	 283.323761 	 295.073395 	 0.938489 	 99186.953125 	 690.488403 
184 	 41.678688 	 283.323761 	 298.108398 	 2.086993 	 98954.343750 	 712.686462 
185 	 41.678688 	 283.323761 	 298.153748 	 2.753874 	 98874.046875 	 709.072510 
186 	 41.678688 	 283.323761 	 294.671326 	 2.783209 	 98667.757812 	 462.629333 
187 	 41.678688 	 283.323761 	 295.462830 	 2.738609 	 98365.156250 	 698.688354 
188 	 41.678688 	 283.323761 	 294.157074 	 3.158046 	 99173.007812 	 690.627075 
189 	 41.678688 	 283.323761 	 292.581696 	 2.618087 	 99476.421875 	 673.468262 
190 	 41.678688 	 283.323761 	 297.763306 	 4.634169 	 98672.273438 	 683.847412 
191 	 41.678688 	 283.323761 	 297.247986 	 2.260647 	 98517.429688 	 709.922241 
192 	 41.678688 	 283.323761 	 299.462341 	 4.633029 	 97771.210938 	 701.974976 
193 	 41.678688 	 283.323761 	 290.235107 	 5.806241 	 97086.539062 	 542.614685 
194 	 41.678688 	 283.323761 	 285.604950 	 4.184744 	 97568.343750 	 410.025726 
195 	 41.678688 	 283.323761 	 289.289398 	 1.678549 	 98532.796875 	 645.243347 
196 	 41.678688 	 283.323761 	 292.404297 	 3.000657 	 99056.710938 	 633.219666 
197 	 41.678688 	 283.323761 	 294.561310 	 4.337671 	 98953.898438 	 634.044678 
198 	 41.678688 	 283.323761 	 298.177338 	 5.308513 	 98035.953125 	 629.258728 
199 	 41.678688 	 283.323761 	 295.080475 	 1.416175 	 98036.539062 	 670.710144 
200 	 41.678688 	 283.323761 	 293.648407 	 0.887435 	 98270.726562 	 585.529358 
201 	 41.678688 	 283.323761 	 294.217499 	 2.256550 	 98445.156250 	 514.424988 
202 	 41.678688 	 283.323761 	 295.747406 	 1.989685 	 98566.203125 	 615.859253 
203 	 41.678688 	 283.323761 	 296.836182 	 1.466839 	 98803.101562 	 698.371155 
204 	 41.678688 	 283.323761 	 299.364655 	 2.414665 	 98564.242188 	 696.556946 
205 	 41.678688 	 283.323761 	 302.407532 	 2.952082 	 98300.851562 	 710.480225 
206 	 41.678688 	 283.323761 	 304.638550 	 3.064243 	 98161.601562 	 715.475342 
207 	 41.678688 	 283.323761 	 302.660553 	 4.464131 	 98045.039062 	 633.212708 
208 	 41.678688 	 283.323761 	 293.339294 	 2.355918 	 98668.453125 	 671.556396 
209 	 41.678688 	 283.323761 	 291.732086 	 1.163738 	 99010.242188 	 601.973572 
210 	 41.678688 	 283.323761 	 297.309662 	 2.749298 	 98594.296875 	 686.921997 
211 	 41.678688 	 283.323761 	 297.488708 	 2.401470 	 98752.703125 	 535.922241 
212 	 41.678688 	 283.323761 	 298.672516 	 1.997743 	 98774.179688 	 677.159668 
213 	 41.678688 	 283.323761 	 298.283661 	 1.844461 	 98591.296875 	 631.596741 
214 	 41.678688 	 283.323761 	 298.627716 	 2.244381 	 98421.671875 	 605.670288 
215 	 41.678688 	 283.323761 	 298.260010 	 2.736649 	 98257.937500 	 697.834473 
216 	 41.678688 	 283.323761 	 299.881775 	 4.212730 	 97486.007812 	 630.707581 
217 	 41.678688 	 283.323761 	 292.316071 	 2.326632 	 98140.359375 	 575.540894 
218 	 41.678688 	 283.323761 	 292.441956 	 1.624403 	 98555.406250 	 623.925537 
219 	 41.678688 	 283.323761 	 291.419495 	 0.963993 	 98563.406250 	 652.050476 
220 	 41.678688 	 283.323761 	 295.456543 	 3.190892 	 98531.296875 	 637.430237 
221 	 41.678688 	 283.323761 	 298.558960 	 3.307198 	 98352.851562 	 659.770386 
222 	 41.678688 	 283.323761 	 297.169128 	 1.087055 	 98770.890625 	 658.309143 
223 	 41.678688 	 283.323761 	 295.895294 	 1.955359 	 98587.507812 	 572.056213 
224 	 41.678688 	 283.323761 	 292.218109 	 2.298889 	 98979.750000 	 618.980591 
225 	 41.678688 	 283.323761 	 292.567413 	 4.010826 	 98857.359375 	 589.432922 
226 	 41.678688 	 283.323761 	 294.232727 	 4.706594 	 98117.117188 	 493.743591 
227 	 41.678688 	 283.323761 	 287.636749 	 5.143101 	 98609.781250 	 611.649841 
228 	 41.678688 	 283.323761 	 287.278015 	 1.707316 	 99295.273438 	 604.894043 
229 	 41.678688 	 283.323761 	 292.789185 	 2.782156 	 99197.710938 	 620.103760 
230 	 41.678688 	 283.323761 	 296.674622 	 3.224327 	 98741.242188 	 637.451782 
231 	 41.678688 	 283.323761 	 298.029388 	 3.576456 	 98258.703125 	 544.898315 
232 	 41.678688 	 283.323761 	 289.684204 	 3.513310 	 98701.531250 	 579.450684 
233 	 41.678688 	 283.323761 	 289.097321 	 1.459292 	 98845.757812 	 617.751831 
234 	 41.678688 	 283.323761 	 289.769409 	 1.191936 	 98818.492188 	 613.573486 
235 	 41.678688 	 283.323761 	 295.635223 	 4.314477 	 98349.343750 	 537.829224 
236 	 41.678688 	 283.323761 	 298.246521 	 3.735335 	 98001.593750 	 658.530640 
237 	 41.678688 	 283.323761 	 292.783081 	 2.254976 	 98439.023438 	 615.587646 
238 	 41.678688 	 283.323761 	 292.932129 	 1.019533 	 98713.968750 	 614.380615 
239 	 41.678688 	 283.323761 	 295.835785 	 1.083705 	 98865.273438 	 631.974854 
240 	 41.678688 	 283.323761 	 297.042694 	 2.040704 	 98731.093750 	 578.395386 
241 	 41.678688 	 283.323761 	 296.493530 	 0.726458 	 98497.671875 	 595.285645 
242 	 41.678688 	 283.323761 	 296.639618 	 1.774945 	 98540.687500 	 630.207947 
243 	 41.678688 	 283.323761 	 297.867462 	 3.035254 	 98301.570312 	 633.940125 
244 	 41.678688 	 283.323761 	 291.922699 	 1.488490 	 98447.226562 	 594.843506 
245 	 41.678688 	 283.323761 	 291.043671 	 1.067163 	 98396.710938 	 593.840088 
246 	 41.678688 	 283.323761 	 291.222137 	 1.299134 	 98797.382812 	 597.963745 
247 	 41.678688 	 283.323761 	 291.746094 	 1.573188 	 99166.671875 	 587.201050 
248 	 41.678688 	 283.323761 	 293.894043 	 3.320820 	 99187.320312 	 575.284729 
249 	 41.678688 	 283.323761 	 291.356903 	 3.251141 	 99076.476562 	 562.214111 
250 	 41.678688 	 283.323761 	 286.165100 	 1.805700 	 99869.796875 	 564.279419 
251 	 41.678688 	 283.323761 	 286.214020 	 1.345367 	 99595.593750 	 528.718506 
252 	 41.678688 	 283.323761 	 292.435120 	 2.419979 	 98975.492188 	 525.349182 
253 	 41.678688 	 283.323761 	 295.099304 	 2.081022 	 98763.421875 	 530.785767 
254 	 41.678688 	 283.323761 	 297.451691 	 2.491416 	 99033.710938 	 601.821045 
255 	 41.678688 	 283.323761 	 296.356964 	 2.649804 	 99178.687500 	 532.958557 
256 	 41.678688 	 283.323761 	 289.364319 	 4.183085 	 98632.273438 	 476.197083 
257 	 41.678688 	 283.323761 	 281.011017 	 2.811967 	 99050.226562 	 511.094543 
258 	 41.678688 	 283.323761 	 283.312775 	 3.168192 	 99318.250000 	 446.543640 
259 	 41.678688 	 283.323761 	 290.970673 	 2.196587 	 99312.046875 	 547.748291 
260 	 41.678688 	 283.323761 	 290.551392 	 1.545918 	 99476.992188 	 524.926147 
261 	 41.678688 	 283.323761 	 295.950165 	 2.685778 	 99241.656250 	 582.059937 
262 	 41.678688 	 283.323761 	 294.504242 	 1.205338 	 99529.976562 	 578.831421 
263 	 41.678688 	 283.323761 	 296.568390 	 3.374801 	 99235.453125 	 555.978027 
264 	 41.678688 	 283.323761 	 292.109253 	 2.816437 	 98830.679688 	 437.889832 
265 	 41.678688 	 283.323761 	 284.725250 	 1.632537 	 99079.101562 	 523.143921 
266 	 41.678688 	 283.323761 	 286.345032 	 2.626324 	 98277.773438 	 517.543335 
267 	 41.678688 	 283.323761 	 285.937073 	 3.186999 	 97893.796875 	 506.311646 
268 	 41.678688 	 283.323761 	 281.996521 	 1.716623 	 99033.132812 	 495.379822 
269 	 41.678688 	 283.323761 	 284.385956 	 2.368930 	 99494.546875 	 501.134583 
270 	 41.678688 	 283.323761 	 287.690979 	 3.721116 	 98812.273438 	 378.720581 
271 	 41.678688 	 283.323761 	 287.423309 	 1.197328 	 98697.906250 	 495.014099 
272 	 41.678688 	 283.323761 	 290.907196 	 2.487527 	 98645.351562 	 536.876587 
273 	 41.678688 	 283.323761 	 290.463562 	 1.992878 	 98699.437500 	 503.779816 
274 	 41.678688 	 283.323761 	 283.898895 	 3.103651 	 99305.312500 	 404.387695 
275 	 41.678688 	 283.323761 	 281.345917 	 2.296016 	 100019.500000 	 416.570984 
276 	 41.678688 	 283.323761 	 286.645386 	 3.788372 	 99626.312500 	 424.114868 
277 	 41.678688 	 283.323761 	 289.830048 	 4.932501 	 98950.898438 	 418.670715 
278 	 41.678688 	 283.323761 	 283.171234 	 4.291597 	 98818.820312 	 419.309631 
279 	 41.678688 	 283.323761 	 283.628754 	 2.493825 	 98836.367188 	 452.532562 
280 	 41.678688 	 283.323761 	 282.875793 	 1.724145 	 99039.109375 	 466.083069 
281 	 41.678688 	 283.323761 	 282.880280 	 1.761212 	 99097.789062 	 486.223267 
282 	 41.678688 	 283.323761 	 283.789490 	 2.000121 	 99313.039062 	 464.058167 
283 	 41.678688 	 283.323761 	 283.434845 	 2.361542 	 100056.000000 	 457.295593 
284 	 41.678688 	 283.323761 	 283.283630 	 3.012051 	 99608.992188 	 442.184601 
285 	 41.678688 	 283.323761 	 283.407562 	 2.364786 	 99213.523438 	 425.844849 
286 	 41.678688 	 283.323761 	 279.369720 	 1.692247 	 99659.796875 	 473.271942 
287 	 41.678688 	 283.323761 	 282.677856 	 3.213049 	 99434.453125 	 421.114136 
288 	 41.678688 	 283.323761 	 287.354919 	 3.233476 	 99227.226562 	 470.278473 
289 	 41.678688 	 283.323761 	 288.557495 	 3.707471 	 99210.156250 	 441.754578 
290 	 41.678688 	 283.323761 	 290.809723 	 4.986190 	 98887.398438 	 430.960388 
291 	 41.678688 	 283.323761 	 290.078033 	 3.884932 	 98422.796875 	 489.082245 
292 	 41.678688 	 283.323761 	 282.478271 	 3.747973 	 97650.929688 	 391.481140 
293 	 41.678688 	 283.323761 	 276.170654 	 5.026577 	 98274.781250 	 405.775879 
294 	 41.678688 	 283.323761 	 275.833954 	 2.556123 	 99528.937500 	 404.695984 
295 	 41.678688 	 283.323761 	 276.561493 	 1.607883 	 99863.273438 	 425.051880 
296 	 41.678688 	 283.323761 	 280.776245 	 2.606559 	 99594.031250 	 405.133545 
297 	 41.678688 	 283.323761 	 280.862213 	 2.166262 	 98155.062500 	 361.835815 
298 	 41.678688 	 283.323761 	 278.880096 	 3.760399 	 97630.257812 	 381.787506 
299 	 41.678688 	 283.323761 	 274.155487 	 3.449786 	 98741.023438 	 401.597107 
300 	 41.678688 	 283.323761 	 269.687866 	 1.881398 	 100143.101562 	 356.477875 
301 	 41.678688 	 283.323761 	 276.919617 	 3.900463 	 99384.976562 	 345.579926 
302 	 41.678688 	 283.323761 	 279.147217 	 1.459778 	 98574.171875 	 350.021423 
303 	 41.678688 	 283.323761 	 274.229523 	 3.711129 	 98163.609375 	 408.685852 
304 	 41.678688 	 283.323761 	 274.052368 	 4.123229 	 98482.742188 	 365.600800 
305 	 41.678688 	 283.323761 	 276.085541 	 1.424860 	 99517.562500 	 363.554962 
306 	 41.678688 	 283.323761 	 277.269379 	 1.538472 	 100155.500000 	 402.500092 
307 	 41.678688 	 283.323761 	 280.175781 	 3.784069 	 99927.382812 	 362.667725 
308 	 41.678688 	 283.323761 	 283.708771 	 3.888106 	 98337.226562 	 393.683868 
309 	 41.678688 	 283.323761 	 279.510864 	 2.532555 	 98560.296875 	 388.198578 
310 	 41.678688 	 283.323761 	 277.197998 	 1.358291 	 98954.000000 	 398.801880 
311 	 41.678688 	 283.323761 	 281.263794 	 3.366850 	 99052.398438 	 397.117432 
312 	 41.678688 	 283.323761 	 286.305969 	 5.899148 	 99384.078125 	 413.838715 
313 	 41.678688 	 283.323761 	 284.961792 	 3.589290 	 98722.953125 	 384.144531 
314 	 41.678688 	 283.323761 	 277.185913 	 2.403795 	 98499.828125 	 382.252686 
315 	 41.678688 	 283.323761 	 276.423401 	 3.878465 	 98432.140625 	 385.466492 
316 	 41.678688 	 283.323761 	 272.796997 	 2.380232 	 98957.218750 	 341.882843 
317 	 41.678688 	 283.323761 	 271.177399 	 1.869807 	 99333.156250 	 348.806152 
318 	 41.678688 	 283.323761 	 270.858673 	 3.216212 	 99533.367188 	 364.686584 
319 	 41.678688 	 283.323761 	 269.803589 	 2.253215 	 99304.476562 	 329.475250 
320 	 41.678688 	 283.323761 	 273.778992 	 2.801049 	 98646.812500 	 367.535583 
321 	 41.678688 	 283.323761 	 275.759247 	 2.303056 	 99408.726562 	 370.294373 
322 	 41.678688 	 283.323761 	 277.627106 	 2.873101 	 99148.671875 	 375.988708 
323 	 41.678688 	 283.323761 	 279.660828 	 2.532243 	 99046.250000 	 364.409424 
324 	 41.678688 	 283.323761 	 279.431244 	 3.074696 	 98430.507812 	 384.788208 
325 	 41.678688 	 283.323761 	 278.101990 	 2.927213 	 98793.351562 	 362.777100 
326 	 41.678688 	 283.323761 	 277.230438 	 1.770340 	 99661.812500 	 396.723541 
327 	 41.678688 	 283.323761 	 276.565033 	 2.591764 	 99505.093750 	 331.320465 
328 	 41.678688 	 283.323761 	 278.624847 	 3.300090 	 99393.937500 	 372.032318 
329 	 41.678688 	 283.323761 	 283.109253 	 3.476121 	 98999.593750 	 411.911743 
330 	 41.678688 	 283.323761 	 279.846313 	 3.971906 	 98646.468750 	 408.527710 
331 	 41.678688 	 283.323761 	 271.832764 	 3.890245 	 99081.359375 	 340.795685 
332 	 41.678688 	 283.323761 	 271.868164 	 2.039400 	 99455.296875 	 327.715027 
333 	 41.678688 	 283.323761 	 273.496796 	 2.046490 	 99810.320312 	 314.899811 
334 	 41.678688 	 283.323761 	 279.848938 	 3.048261 	 99495.609375 	 356.418060 
335 	 41.678688 	 283.323761 	 287.425476 	 4.142571 	 98495.960938 	 414.426727 
336 	 41.678688 	 283.323761 	 287.842072 	 4.192338 	 97994.843750 	 384.703522 
337 	 41.678688 	 283.323761 	 279.663635 	 3.876246 	 98813.187500 	 406.608093 
338 	 41.678688 	 283.323761 	 279.628113 	 2.732283 	 99083.648438 	 403.334015 
339 	 41.678688 	 283.323761 	 279.275787 	 2.183404 	 99176.109375 	 401.181976 
340 	 41.678688 	 283.323761 	 279.799774 	 2.990638 	 99665.593750 	 348.099731 
341 	 41.678688 	 283.323761 	 283.085541 	 3.570298 	 99053.398438 	 417.819336 
342 	 41.678688 	 283.323761 	 274.018127 	 2.815709 	 99194.851562 	 306.531464 
343 	 41.678688 	 283.323761 	 272.920624 	 2.440658 	 99381.882812 	 336.063019 
344 	 41.678688 	 283.323761 	 279.344360 	 4.009684 	 98328.031250 	 363.346863 
345 	 41.678688 	 283.323761 	 273.739197 	 3.850442 	 98476.617188 	 341.051697 
346 	 41.678688 	 283.323761 	 267.104950 	 2.243394 	 99635.562500 	 299.507629 
347 	 41.678688 	 283.323761 	 270.147827 	 1.742415 	 99881.593750 	 297.771912 
348 	 41.678688 	 283.323761 	 272.616730 	 2.260503 	 99572.882812 	 361.303711 
349 	 41.678688 	 283.323761 	 280.108307 	 4.118787 	 97491.351562 	 342.515839 
350 	 41.678688 	 283.323761 	 273.115417 	 3.704756 	 97834.109375 	 322.702209 
351 	 41.678688 	 283.323761 	 268.634674 	 1.050425 	 99368.562500 	 273.963959 
352 	 41.678688 	 283.323761 	 268.775299 	 3.291883 	 98291.148438 	 326.731995 
353 	 41.678688 	 283.323761 	 267.323456 	 3.478091 	 98256.953125 	 293.352997 
354 	 41.678688 	 283.323761 	 271.032379 	 4.095904 	 97927.453125 	 319.994446 
355 	 41.678688 	 283.323761 	 270.483124 	 2.470577 	 99087.617188 	 297.326996 
356 	 41.678688 	 283.323761 	 275.806824 	 4.728205 	 98538.132812 	 340.660522 
357 	 41.678688 	 283.323761 	 276.218170 	 3.288652 	 98745.773438 	 328.584564 
358 	 41.678688 	 283.323761 	 272.122955 	 1.232456 	 99353.109375 	 328.579529 
359 	 41.678688 	 283.323761 	 268.165985 	 1.964969 	 100690.101562 	 296.262482 
360 	 41.678688 	 283.323761 	 269.349609 	 3.802793 	 100921.296875 	 279.607544 
361 	 41.678688 	 283.323761 	 279.370850 	 4.006125 	 98886.093750 	 356.255341 
362 	 41.678688 	 283.323761 	 277.507019 	 1.657387 	 99107.031250 	 349.938049 
363 	 41.678688 	 283.323761 	 275.408508 	 1.532526 	 98677.906250 	 332.506226 
364 	 41.678688 	 283.323761 	 275.511414 	 1.960165 	 98243.117188 	 356.318024 
