# 0: Day of Year [-] 	 1: lat [deg] 	 2: lon [deg] 	 3: tas [K] 	 4: sfcWind [m s-1] 	 5: ps [Pa] 	 6: Total Downwelling Rad Flux [W m-2] 
0 	 41.678688 	 283.323761 	 265.906921 	 1.527762 	 97845.796875 	 302.806885 
1 	 41.678688 	 283.323761 	 262.544800 	 1.222189 	 98216.031250 	 288.532837 
2 	 41.678688 	 283.323761 	 263.656006 	 3.204668 	 97715.593750 	 299.366455 
3 	 41.678688 	 283.323761 	 263.140198 	 6.120297 	 96990.117188 	 297.863007 
4 	 41.678688 	 283.323761 	 263.989258 	 4.820327 	 97937.906250 	 306.026581 
5 	 41.678688 	 283.323761 	 265.892761 	 2.209314 	 98826.851562 	 305.209656 
6 	 41.678688 	 283.323761 	 272.496948 	 3.085807 	 98607.953125 	 326.374084 
7 	 41.678688 	 283.323761 	 270.147858 	 1.686665 	 99075.156250 	 320.087952 
8 	 41.678688 	 283.323761 	 275.373993 	 4.021983 	 98116.343750 	 301.226044 
9 	 41.678688 	 283.323761 	 274.638947 	 4.512410 	 96726.187500 	 366.474945 
10 	 41.678688 	 283.323761 	 269.458679 	 3.976404 	 97253.726562 	 321.753082 
11 	 41.678688 	 283.323761 	 266.980225 	 2.771481 	 97631.179688 	 313.764343 
12 	 41.678688 	 283.323761 	 261.419983 	 4.484386 	 97137.039062 	 297.258057 
13 	 41.678688 	 283.323761 	 259.083435 	 4.606448 	 98103.867188 	 280.033508 
14 	 41.678688 	 283.323761 	 261.664124 	 3.030155 	 98861.812500 	 293.364929 
15 	 41.678688 	 283.323761 	 265.897125 	 2.765519 	 98042.726562 	 289.104614 
16 	 41.678688 	 283.323761 	 269.430908 	 4.089894 	 96174.656250 	 336.197327 
17 	 41.678688 	 283.323761 	 264.140381 	 3.270432 	 97314.218750 	 313.826569 
18 	 41.678688 	 283.323761 	 261.878479 	 3.382147 	 97851.453125 	 295.354034 
19 	 41.678688 	 283.323761 	 259.288055 	 3.016443 	 98677.890625 	 300.353394 
20 	 41.678688 	 283.323761 	 257.266388 	 1.506711 	 98996.726562 	 276.735596 
21 	 41.678688 	 283.323761 	 266.074890 	 1.519672 	 98232.382812 	 356.437805 
22 	 41.678688 	 283.323761 	 264.380920 	 1.010396 	 99312.632812 	 324.935059 
23 	 41.678688 	 283.323761 	 265.657471 	 1.186921 	 99932.382812 	 325.258392 
24 	 41.678688 	 283.323761 	 273.358185 	 4.106448 	 99710.078125 	 332.882538 
25 	 41.678688 	 283.323761 	 281.124725 	 7.079867 	 98925.179688 	 356.928101 
26 	 41.678688 	 283.323761 	 274.616821 	 5.289785 	 97226.179688 	 394.921783 
27 	 41.678688 	 283.323761 	 264.598297 	 2.690540 	 98614.882812 	 317.860657 
28 	 41.678688 	 283.323761 	 268.765381 	 1.776831 	 99306.210938 	 343.130249 
29 	 41.678688 	 283.323761 	 268.213745 	 1.039055 	 99439.523438 	 341.241455 
30 	 41.678688 	 283.323761 	 274.109772 	 3.045152 	 99017.773438 	 352.294281 
31 	 41.678688 	 283.323761 	 272.933258 	 2.403682 	 98958.992188 	 395.536896 
32 	 41.678688 	 283.323761 	 274.047272 	 2.715453 	 99182.937500 	 404.890289 
33 	 41.678688 	 283.323761 	 274.719818 	 3.338235 	 98297.851562 	 339.405762 
34 	 41.678688 	 283.323761 	 271.486237 	 4.479760 	 97259.390625 	 387.352753 
35 	 41.678688 	 283.323761 	 271.054321 	 4.195275 	 97267.203125 	 321.209503 
36 	 41.678688 	 283.323761 	 272.660614 	 2.272598 	 98523.343750 	 409.714722 
37 	 41.678688 	 283.323761 	 272.571838 	 1.980920 	 98616.820312 	 330.650360 
38 	 41.678688 	 283.323761 	 278.032257 	 1.804490 	 96954.203125 	 354.708710 
39 	 41.678688 	 283.323761 	 274.319061 	 2.616062 	 96524.710938 	 354.673126 
40 	 41.678688 	 283.323761 	 267.288666 	 3.916730 	 97411.671875 	 334.980835 
41 	 41.678688 	 283.323761 	 265.401001 	 2.605425 	 98909.210938 	 355.013794 
42 	 41.678688 	 283.323761 	 270.204895 	 2.736194 	 99397.742188 	 387.699280 
43 	 41.678688 	 283.323761 	 276.412811 	 2.316010 	 98845.648438 	 347.648895 
44 	 41.678688 	 283.323761 	 273.702087 	 5.095709 	 98357.757812 	 407.186798 
45 	 41.678688 	 283.323761 	 267.589600 	 4.199443 	 99349.882812 	 294.982361 
46 	 41.678688 	 283.323761 	 270.733337 	 2.953401 	 98571.406250 	 343.356262 
47 	 41.678688 	 283.323761 	 273.317841 	 2.328778 	 97722.968750 	 358.727539 
48 	 41.678688 	 283.323761 	 268.317749 	 3.134184 	 98206.593750 	 401.611694 
49 	 41.678688 	 283.323761 	 264.962097 	 2.230716 	 98736.882812 	 368.909302 
50 	 41.678688 	 283.323761 	 269.748749 	 2.210425 	 98411.117188 	 384.778992 
51 	 41.678688 	 283.323761 	 268.581482 	 1.455038 	 97817.148438 	 352.422668 
52 	 41.678688 	 283.323761 	 261.303864 	 4.298425 	 97664.437500 	 370.619934 
53 	 41.678688 	 283.323761 	 264.766541 	 3.490329 	 98320.382812 	 359.882385 
54 	 41.678688 	 283.323761 	 277.796265 	 3.986209 	 97515.617188 	 443.810822 
55 	 41.678688 	 283.323761 	 273.723206 	 3.691287 	 98047.132812 	 419.952362 
56 	 41.678688 	 283.323761 	 266.583008 	 3.540150 	 98964.109375 	 390.956055 
57 	 41.678688 	 283.323761 	 270.261139 	 1.238576 	 99805.687500 	 402.479034 
58 	 41.678688 	 283.323761 	 276.523499 	 3.596160 	 99358.398438 	 414.748474 
59 	 41.678688 	 283.323761 	 282.369415 	 4.215039 	 98040.820312 	 405.152039 
60 	 41.678688 	 283.323761 	 274.722412 	 3.326509 	 97965.593750 	 467.660889 
61 	 41.678688 	 283.323761 	 267.724213 	 3.440116 	 98416.703125 	 309.180969 
62 	 41.678688 	 283.323761 	 270.302856 	 2.835620 	 97909.109375 	 430.722290 
63 	 41.678688 	 283.323761 	 272.054626 	 1.611061 	 97932.992188 	 402.796417 
64 	 41.678688 	 283.323761 	 271.828522 	 2.214852 	 97893.476562 	 376.121216 
65 	 41.678688 	 283.323761 	 269.689789 	 3.320334 	 98478.187500 	 434.869202 
66 	 41.678688 	 283.323761 	 266.073608 	 3.807620 	 99468.296875 	 425.125610 
67 	 41.678688 	 283.323761 	 272.295532 	 4.347019 	 99066.546875 	 445.622742 
68 	 41.678688 	 283.323761 	 275.782715 	 2.165129 	 99646.718750 	 453.614075 
69 	 41.678688 	 283.323761 	 277.169556 	 1.366638 	 99642.648438 	 450.193176 
70 	 41.678688 	 283.323761 	 280.852966 	 1.187667 	 99667.023438 	 475.399353 
71 	 41.678688 	 283.323761 	 281.225983 	 1.691833 	 99524.210938 	 485.190521 
72 	 41.678688 	 283.323761 	 283.611115 	 2.773103 	 98886.492188 	 484.117462 
73 	 41.678688 	 283.323761 	 285.938141 	 3.476943 	 98279.421875 	 494.844086 
74 	 41.678688 	 283.323761 	 281.266479 	 2.240905 	 99128.476562 	 468.396667 
75 	 41.678688 	 283.323761 	 278.721069 	 3.598507 	 100056.703125 	 439.779419 
76 	 41.678688 	 283.323761 	 283.922363 	 5.994603 	 98796.476562 	 394.649475 
77 	 41.678688 	 283.323761 	 282.513031 	 4.479187 	 97686.140625 	 527.707703 
78 	 41.678688 	 283.323761 	 281.335327 	 2.982346 	 98540.742188 	 490.618988 
79 	 41.678688 	 283.323761 	 281.449829 	 2.365994 	 98171.828125 	 469.695923 
80 	 41.678688 	 283.323761 	 277.584747 	 4.761378 	 97682.226562 	 492.841003 
81 	 41.678688 	 283.323761 	 275.689117 	 5.033548 	 98139.593750 	 505.724487 
82 	 41.678688 	 283.323761 	 277.627655 	 2.392477 	 98962.523438 	 489.113159 
83 	 41.678688 	 283.323761 	 284.924652 	 2.166204 	 98968.406250 	 493.273926 
84 	 41.678688 	 283.323761 	 286.579987 	 2.725327 	 98800.257812 	 483.622131 
85 	 41.678688 	 283.323761 	 279.749512 	 4.504407 	 98812.046875 	 537.047607 
86 	 41.678688 	 283.323761 	 273.670593 	 3.915787 	 99726.656250 	 480.750458 
87 	 41.678688 	 283.323761 	 275.857422 	 3.708942 	 99368.960938 	 496.314697 
88 	 41.678688 	 283.323761 	 280.296387 	 4.934879 	 98288.953125 	 502.528717 
89 	 41.678688 	 283.323761 	 283.367859 	 3.735043 	 98463.156250 	 518.029175 
90 	 41.678688 	 283.323761 	 282.992340 	 1.383574 	 98865.671875 	 531.310364 
91 	 41.678688 	 283.323761 	 284.005341 	 1.930763 	 98592.203125 	 512.219788 
92 	 41.678688 	 283.323761 	 285.776184 	 3.044672 	 98032.671875 	 438.523926 
93 	 41.678688 	 283.323761 	 283.976685 	 2.775007 	 97857.976562 	 526.061157 
94 	 41.678688 	 283.323761 	 283.343842 	 1.264088 	 98401.179688 	 548.745728 
95 	 41.678688 	 283.323761 	 283.296539 	 3.799643 	 98729.140625 	 367.349762 
96 	 41.678688 	 283.323761 	 281.697601 	 3.550938 	 98727.867188 	 446.798950 
97 	 41.678688 	 283.323761 	 286.134247 	 2.736477 	 98773.507812 	 541.460938 
98 	 41.678688 	 283.323761 	 288.893982 	 3.249315 	 98803.718750 	 567.554688 
99 	 41.678688 	 283.323761 	 288.761139 	 3.179780 	 97787.796875 	 580.279724 
100 	 41.678688 	 283.323761 	 285.371765 	 3.001223 	 98033.523438 	 536.954773 
101 	 41.678688 	 283.323761 	 291.156555 	 4.209801 	 97878.828125 	 580.532410 
102 	 41.678688 	 283.323761 	 292.852631 	 4.129466 	 97385.132812 	 423.637848 
103 	 41.678688 	 283.323761 	 280.470215 	 3.391960 	 98896.890625 	 583.024353 
104 	 41.678688 	 283.323761 	 279.233521 	 1.714702 	 99701.953125 	 415.513306 
105 	 41.678688 	 283.323761 	 280.553375 	 2.523425 	 98628.226562 	 532.742371 
106 	 41.678688 	 283.323761 	 275.308960 	 2.171336 	 98614.007812 	 367.255615 
107 	 41.678688 	 283.323761 	 279.787079 	 1.996769 	 98694.968750 	 512.543457 
108 	 41.678688 	 283.323761 	 285.201263 	 3.658801 	 99204.203125 	 581.068115 
109 	 41.678688 	 283.323761 	 287.156677 	 3.689971 	 98777.031250 	 493.653290 
110 	 41.678688 	 283.323761 	 285.177032 	 1.750579 	 98867.460938 	 599.658020 
111 	 41.678688 	 283.323761 	 288.580597 	 2.792386 	 98976.546875 	 586.100830 
112 	 41.678688 	 283.323761 	 290.525513 	 2.489128 	 98786.742188 	 545.835632 
113 	 41.678688 	 283.323761 	 290.765900 	 2.773520 	 98912.382812 	 614.476074 
114 	 41.678688 	 283.323761 	 290.952667 	 4.247498 	 98750.687500 	 556.188232 
115 	 41.678688 	 283.323761 	 288.339844 	 4.872302 	 97975.437500 	 443.776489 
116 	 41.678688 	 283.323761 	 284.799103 	 4.797157 	 97365.593750 	 552.649292 
117 	 41.678688 	 283.323761 	 282.177948 	 4.187475 	 98126.578125 	 509.757629 
118 	 41.678688 	 283.323761 	 277.917023 	 3.793597 	 99097.437500 	 566.180115 
119 	 41.678688 	 283.323761 	 276.327576 	 3.670457 	 99757.468750 	 559.343018 
120 	 41.678688 	 283.323761 	 278.827728 	 2.399563 	 99771.859375 	 559.680176 
121 	 41.678688 	 283.323761 	 285.519470 	 3.182348 	 98889.093750 	 531.358521 
122 	 41.678688 	 283.323761 	 290.474182 	 4.967258 	 97582.046875 	 561.851135 
123 	 41.678688 	 283.323761 	 283.556366 	 3.119551 	 98736.023438 	 617.559692 
124 	 41.678688 	 283.323761 	 280.318848 	 1.786729 	 99505.226562 	 529.064697 
125 	 41.678688 	 283.323761 	 289.303619 	 2.452619 	 99241.812500 	 595.609253 
126 	 41.678688 	 283.323761 	 291.805359 	 1.891446 	 99274.093750 	 604.474915 
127 	 41.678688 	 283.323761 	 292.201569 	 3.040393 	 98587.460938 	 523.205811 
128 	 41.678688 	 283.323761 	 293.021057 	 2.227682 	 98152.203125 	 635.639587 
129 	 41.678688 	 283.323761 	 294.505310 	 2.871435 	 97937.531250 	 629.142639 
130 	 41.678688 	 283.323761 	 297.521820 	 2.482259 	 97789.273438 	 680.093506 
131 	 41.678688 	 283.323761 	 293.762177 	 2.189706 	 97882.023438 	 617.090576 
132 	 41.678688 	 283.323761 	 293.348175 	 1.674211 	 98248.406250 	 630.567200 
133 	 41.678688 	 283.323761 	 294.908508 	 4.658726 	 97756.437500 	 586.691284 
134 	 41.678688 	 283.323761 	 292.338989 	 3.678750 	 97714.882812 	 630.821899 
135 	 41.678688 	 283.323761 	 289.891357 	 2.194756 	 98220.382812 	 633.134888 
136 	 41.678688 	 283.323761 	 296.651947 	 3.945164 	 97916.148438 	 639.054321 
137 	 41.678688 	 283.323761 	 289.299591 	 1.432439 	 98359.406250 	 527.956299 
138 	 41.678688 	 283.323761 	 286.729034 	 3.220997 	 97730.000000 	 409.841095 
139 	 41.678688 	 283.323761 	 284.113495 	 3.489095 	 97923.828125 	 633.738098 
140 	 41.678688 	 283.323761 	 285.927917 	 3.141937 	 98111.101562 	 496.297821 
141 	 41.678688 	 283.323761 	 287.015991 	 1.945687 	 97958.187500 	 501.573669 
142 	 41.678688 	 283.323761 	 288.391541 	 3.811167 	 97667.093750 	 673.449219 
143 	 41.678688 	 283.323761 	 283.021454 	 2.543965 	 98604.140625 	 621.845276 
144 	 41.678688 	 283.323761 	 283.422180 	 2.095301 	 99159.203125 	 440.887817 
145 	 41.678688 	 283.323761 	 287.657623 	 3.049535 	 99384.773438 	 527.506470 
146 	 41.678688 	 283.323761 	 292.392334 	 2.180097 	 99277.773438 	 647.767334 
147 	 41.678688 	 283.323761 	 294.707458 	 2.470866 	 98767.343750 	 646.799927 
148 	 41.678688 	 283.323761 	 295.872864 	 4.218686 	 98147.820312 	 671.818848 
149 	 41.678688 	 283.323761 	 294.393036 	 3.592944 	 97461.562500 	 643.310547 
150 	 41.678688 	 283.323761 	 289.621948 	 3.321833 	 96965.546875 	 647.533142 
151 	 41.678688 	 283.323761 	 285.721649 	 4.267195 	 96899.687500 	 495.021667 
152 	 41.678688 	 283.323761 	 282.581696 	 4.166707 	 97265.609375 	 535.137878 
153 	 41.678688 	 283.323761 	 285.150818 	 3.419973 	 97824.679688 	 604.175903 
154 	 41.678688 	 283.323761 	 283.539154 	 3.093259 	 98074.539062 	 556.910828 
155 	 41.678688 	 283.323761 	 282.470734 	 3.917786 	 98263.953125 	 552.273376 
156 	 41.678688 	 283.323761 	 285.417786 	 2.808285 	 98638.718750 	 597.759399 
157 	 41.678688 	 283.323761 	 293.640411 	 5.505122 	 97674.562500 	 640.866028 
158 	 41.678688 	 283.323761 	 287.418304 	 2.957639 	 98146.757812 	 479.736572 
159 	 41.678688 	 283.323761 	 287.080536 	 5.506625 	 97737.476562 	 634.650024 
160 	 41.678688 	 283.323761 	 285.273346 	 1.954168 	 98826.679688 	 642.250366 
161 	 41.678688 	 283.323761 	 287.283295 	 4.023301 	 98553.257812 	 497.820557 
162 	 41.678688 	 283.323761 	 291.623474 	 5.074682 	 97309.609375 	 644.481934 
163 	 41.678688 	 283.323761 	 290.726471 	 2.224604 	 98200.320312 	 649.937927 
164 	 41.678688 	 283.323761 	 291.381714 	 1.802336 	 98561.976562 	 561.360229 
165 	 41.678688 	 283.323761 	 292.762939 	 0.909329 	 98537.382812 	 649.072144 
166 	 41.678688 	 283.323761 	 293.591187 	 1.992288 	 98200.796875 	 633.311401 
167 	 41.678688 	 283.323761 	 295.070526 	 3.492994 	 97631.328125 	 701.193848 
168 	 41.678688 	 283.323761 	 293.328766 	 2.923137 	 97774.750000 	 682.468628 
169 	 41.678688 	 283.323761 	 289.994568 	 4.464533 	 97629.968750 	 683.494019 
170 	 41.678688 	 283.323761 	 289.238831 	 2.154918 	 98177.648438 	 655.517822 
171 	 41.678688 	 283.323761 	 289.099243 	 1.953801 	 98784.273438 	 659.071594 
172 	 41.678688 	 283.323761 	 291.720642 	 4.788410 	 98939.187500 	 595.083252 
173 	 41.678688 	 283.323761 	 294.575043 	 4.502860 	 98320.140625 	 588.497437 
174 	 41.678688 	 283.323761 	 294.111938 	 2.913245 	 98218.562500 	 696.942810 
175 	 41.678688 	 283.323761 	 288.579346 	 3.134743 	 98792.117188 	 516.031616 
176 	 41.678688 	 283.323761 	 286.894348 	 1.979451 	 99255.976562 	 600.026978 
177 	 41.678688 	 283.323761 	 292.227692 	 4.225985 	 99044.109375 	 663.193420 
178 	 41.678688 	 283.323761 	 299.562958 	 3.299931 	 98549.390625 	 697.048584 
179 	 41.678688 	 283.323761 	 300.578247 	 2.578941 	 98759.898438 	 729.343750 
180 	 41.678688 	 283.323761 	 298.106781 	 2.130855 	 98824.007812 	 699.957153 
181 	 41.678688 	 283.323761 	 297.900513 	 2.696175 	 98794.656250 	 704.150574 
182 	 41.678688 	 283.323761 	 297.104004 	 2.983827 	 98698.007812 	 671.673340 
183 	 41.678688 	 283.323761 	 298.930908 	 3.631826 	 98496.328125 	 732.330078 
184 	 41.678688 	 283.323761 	 296.112274 	 2.688373 	 98392.328125 	 621.916748 
185 	 41.678688 	 283.323761 	 293.718048 	 1.541861 	 98440.593750 	 677.739014 
186 	 41.678688 	 283.323761 	 299.281494 	 4.527184 	 97913.796875 	 672.556152 
187 	 41.678688 	 283.323761 	 296.527496 	 2.811667 	 98312.476562 	 652.379517 
188 	 41.678688 	 283.323761 	 291.852966 	 1.048649 	 98678.093750 	 467.227570 
189 	 41.678688 	 283.323761 	 291.923279 	 2.745182 	 98248.898438 	 508.792419 
190 	 41.678688 	 283.323761 	 288.319580 	 2.196114 	 98855.773438 	 530.138245 
191 	 41.678688 	 283.323761 	 290.213409 	 3.534369 	 99278.843750 	 641.865784 
192 	 41.678688 	 283.323761 	 293.414795 	 2.439228 	 98697.273438 	 591.134155 
193 	 41.678688 	 283.323761 	 292.787537 	 2.105464 	 99028.156250 	 673.108765 
194 	 41.678688 	 283.323761 	 297.369446 	 5.001640 	 98622.257812 	 686.065613 
195 	 41.678688 	 283.323761 	 294.246704 	 2.504207 	 98735.039062 	 660.617920 
196 	 41.678688 	 283.323761 	 292.667938 	 1.837723 	 98573.398438 	 546.187866 
197 	 41.678688 	 283.323761 	 291.568970 	 2.806589 	 98346.320312 	 655.953430 
198 	 41.678688 	 283.323761 	 287.506378 	 2.135195 	 99167.640625 	 620.302185 
199 	 41.678688 	 283.323761 	 288.927917 	 2.695100 	 99410.398438 	 675.099487 
200 	 41.678688 	 283.323761 	 289.253143 	 0.854303 	 99585.117188 	 657.638794 
201 	 41.678688 	 283.323761 	 293.067749 	 2.160631 	 99425.296875 	 677.962891 
202 	 41.678688 	 283.323761 	 295.190216 	 3.204418 	 99236.757812 	 686.663086 
203 	 41.678688 	 283.323761 	 296.233337 	 3.750727 	 98863.851562 	 668.283447 
204 	 41.678688 	 283.323761 	 298.165985 	 1.547461 	 98546.726562 	 700.491638 
205 	 41.678688 	 283.323761 	 297.862366 	 4.179911 	 98355.976562 	 715.700317 
206 	 41.678688 	 283.323761 	 293.419678 	 1.085215 	 98752.523438 	 580.658813 
207 	 41.678688 	 283.323761 	 298.920227 	 3.380675 	 98308.218750 	 708.342651 
208 	 41.678688 	 283.323761 	 299.884888 	 2.953126 	 98214.046875 	 719.749634 
209 	 41.678688 	 283.323761 	 295.425812 	 1.032509 	 98720.851562 	 684.211609 
210 	 41.678688 	 283.323761 	 297.809570 	 2.455403 	 98321.812500 	 656.436707 
211 	 41.678688 	 283.323761 	 295.719635 	 1.693444 	 98453.773438 	 622.871704 
212 	 41.678688 	 283.323761 	 294.238159 	 2.654415 	 98935.226562 	 648.128052 
213 	 41.678688 	 283.323761 	 294.958771 	 3.136677 	 98992.671875 	 683.983398 
214 	 41.678688 	 283.323761 	 295.832245 	 4.265032 	 98450.429688 	 644.322632 
215 	 41.678688 	 283.323761 	 291.016083 	 3.921056 	 98192.632812 	 622.887329 
216 	 41.678688 	 283.323761 	 289.082520 	 1.917255 	 98562.289062 	 632.248291 
217 	 41.678688 	 283.323761 	 289.739288 	 2.144199 	 98358.242188 	 434.243774 
218 	 41.678688 	 283.323761 	 289.753235 	 2.394125 	 98305.820312 	 640.435181 
219 	 41.678688 	 283.323761 	 291.615906 	 1.518928 	 98691.187500 	 639.221436 
220 	 41.678688 	 283.323761 	 292.174866 	 1.637650 	 99335.976562 	 647.457031 
221 	 41.678688 	 283.323761 	 293.578033 	 2.455019 	 99350.101562 	 656.080200 
222 	 41.678688 	 283.323761 	 298.402191 	 3.809550 	 98339.078125 	 673.047119 
223 	 41.678688 	 283.323761 	 293.482880 	 2.208625 	 98704.273438 	 596.812866 
224 	 41.678688 	 283.323761 	 291.170959 	 0.803439 	 99280.648438 	 573.869873 
225 	 41.678688 	 283.323761 	 294.609283 	 3.116418 	 99339.226562 	 590.931641 
226 	 41.678688 	 283.323761 	 299.586548 	 3.704658 	 98432.992188 	 673.183594 
227 	 41.678688 	 283.323761 	 295.021301 	 1.577315 	 98577.562500 	 605.668152 
228 	 41.678688 	 283.323761 	 293.194183 	 3.380445 	 98828.609375 	 440.901978 
229 	 41.678688 	 283.323761 	 293.646027 	 1.559285 	 99226.523438 	 494.120239 
230 	 41.678688 	 283.323761 	 293.010559 	 0.752173 	 99138.171875 	 546.706299 
231 	 41.678688 	 283.323761 	 294.442200 	 1.549265 	 98625.500000 	 608.847290 
232 	 41.678688 	 283.323761 	 296.010162 	 1.305608 	 98449.453125 	 623.136597 
233 	 41.678688 	 283.323761 	 296.743286 	 2.006818 	 98031.617188 	 675.075500 
234 	 41.678688 	 283.323761 	 299.261963 	 2.444338 	 97981.109375 	 660.735840 
235 	 41.678688 	 283.323761 	 296.003784 	 1.057703 	 98574.523438 	 599.846863 
236 	 41.678688 	 283.323761 	 294.405182 	 2.021720 	 98881.460938 	 559.192261 
237 	 41.678688 	 283.323761 	 294.692871 	 0.837875 	 98944.726562 	 609.635803 
238 	 41.678688 	 283.323761 	 293.997406 	 2.489572 	 99124.062500 	 594.270020 
239 	 41.678688 	 283.323761 	 294.592529 	 3.817187 	 99128.593750 	 521.338257 
240 	 41.678688 	 283.323761 	 292.102997 	 4.036198 	 98995.523438 	 502.370056 
241 	 41.678688 	 283.323761 	 292.162079 	 2.460702 	 98538.250000 	 559.642578 
242 	 41.678688 	 283.323761 	 290.590759 	 1.689292 	 98394.882812 	 513.182007 
243 	 41.678688 	 283.323761 	 290.917542 	 0.638767 	 98556.843750 	 596.339722 
244 	 41.678688 	 283.323761 	 291.927429 	 1.234030 	 98489.257812 	 577.267029 
245 	 41.678688 	 283.323761 	 292.974457 	 1.411373 	 98090.031250 	 574.701782 
246 	 41.678688 	 283.323761 	 294.642792 	 3.927453 	 97749.906250 	 627.169617 
247 	 41.678688 	 283.323761 	 291.051636 	 4.069311 	 97917.218750 	 591.138794 
248 	 41.678688 	 283.323761 	 284.243103 	 2.974499 	 98863.226562 	 501.360718 
249 	 41.678688 	 283.323761 	 286.187775 	 2.994135 	 98684.703125 	 548.329529 
250 	 41.678688 	 283.323761 	 285.336060 	 1.536402 	 98754.726562 	 553.488281 
251 	 41.678688 	 283.323761 	 284.791046 	 0.996270 	 98909.093750 	 554.336548 
252 	 41.678688 	 283.323761 	 287.795532 	 1.600058 	 99187.562500 	 531.635254 
253 	 41.678688 	 283.323761 	 288.259705 	 2.726101 	 99613.320312 	 560.116089 
254 	 41.678688 	 283.323761 	 290.085876 	 4.598875 	 98704.898438 	 498.473846 
255 	 41.678688 	 283.323761 	 286.524261 	 3.752674 	 99161.523438 	 522.032166 
256 	 41.678688 	 283.323761 	 284.409454 	 1.154552 	 99547.750000 	 513.704529 
257 	 41.678688 	 283.323761 	 283.983978 	 1.019264 	 99043.476562 	 542.786194 
258 	 41.678688 	 283.323761 	 284.488861 	 2.767953 	 98822.117188 	 498.601440 
259 	 41.678688 	 283.323761 	 285.874786 	 2.371926 	 98978.578125 	 523.242004 
260 	 41.678688 	 283.323761 	 286.718567 	 1.262729 	 98959.312500 	 527.423340 
261 	 41.678688 	 283.323761 	 286.032654 	 0.824702 	 98720.031250 	 486.046204 
262 	 41.678688 	 283.323761 	 287.330933 	 2.021248 	 98762.617188 	 542.573120 
263 	 41.678688 	 283.323761 	 285.506470 	 1.081112 	 99038.250000 	 532.958740 
264 	 41.678688 	 283.323761 	 289.756989 	 1.589869 	 99010.726562 	 544.750305 
265 	 41.678688 	 283.323761 	 291.983276 	 1.821889 	 99182.546875 	 554.552856 
266 	 41.678688 	 283.323761 	 293.202240 	 2.352034 	 99291.742188 	 567.027893 
267 	 41.678688 	 283.323761 	 292.756561 	 1.554970 	 99133.023438 	 557.005005 
268 	 41.678688 	 283.323761 	 291.028778 	 1.567108 	 99183.171875 	 544.069031 
269 	 41.678688 	 283.323761 	 291.301331 	 2.594892 	 99262.617188 	 502.733124 
270 	 41.678688 	 283.323761 	 292.892487 	 4.245163 	 98541.593750 	 546.504089 
271 	 41.678688 	 283.323761 	 292.105927 	 2.747284 	 98441.968750 	 466.706696 
272 	 41.678688 	 283.323761 	 289.186646 	 2.549495 	 97903.296875 	 520.342224 
273 	 41.678688 	 283.323761 	 286.301086 	 2.557373 	 98089.328125 	 484.527435 
274 	 41.678688 	 283.323761 	 282.803467 	 2.104366 	 98827.828125 	 486.088867 
275 	 41.678688 	 283.323761 	 288.092072 	 3.314746 	 98766.210938 	 518.207825 
276 	 41.678688 	 283.323761 	 287.941223 	 1.248723 	 99016.226562 	 490.418640 
277 	 41.678688 	 283.323761 	 290.986847 	 3.419371 	 98666.031250 	 445.237915 
278 	 41.678688 	 283.323761 	 289.996918 	 3.878551 	 98216.328125 	 439.100891 
279 	 41.678688 	 283.323761 	 285.133392 	 2.316077 	 98381.203125 	 501.117249 
280 	 41.678688 	 283.323761 	 282.814850 	 1.704354 	 98823.468750 	 476.851654 
281 	 41.678688 	 283.323761 	 282.661407 	 1.671563 	 98927.046875 	 480.410339 
282 	 41.678688 	 283.323761 	 286.312286 	 4.095545 	 98888.296875 	 434.098511 
283 	 41.678688 	 283.323761 	 281.346924 	 2.627557 	 99818.882812 	 461.334534 
284 	 41.678688 	 283.323761 	 282.990234 	 2.569665 	 99651.273438 	 360.825317 
285 	 41.678688 	 283.323761 	 283.034760 	 2.306400 	 99450.429688 	 501.722717 
286 	 41.678688 	 283.323761 	 278.728058 	 3.144947 	 99659.773438 	 426.103943 
287 	 41.678688 	 283.323761 	 274.906403 	 2.958163 	 100248.898438 	 444.336121 
288 	 41.678688 	 283.323761 	 273.752563 	 0.812721 	 100572.000000 	 418.881531 
289 	 41.678688 	 283.323761 	 277.231628 	 1.172572 	 100173.296875 	 435.855530 
290 	 41.678688 	 283.323761 	 278.167969 	 1.477584 	 99874.039062 	 367.956116 
291 	 41.678688 	 283.323761 	 282.513153 	 2.854021 	 99596.093750 	 373.959869 
292 	 41.678688 	 283.323761 	 287.028137 	 2.835171 	 99082.203125 	 420.069153 
293 	 41.678688 	 283.323761 	 286.580444 	 2.307418 	 99025.843750 	 415.523254 
294 	 41.678688 	 283.323761 	 285.071075 	 1.461314 	 99176.203125 	 448.916870 
295 	 41.678688 	 283.323761 	 287.711273 	 4.740844 	 98883.890625 	 419.433380 
296 	 41.678688 	 283.323761 	 285.055634 	 4.149377 	 97751.007812 	 474.145996 
297 	 41.678688 	 283.323761 	 278.990265 	 3.424483 	 98172.953125 	 422.287598 
298 	 41.678688 	 283.323761 	 279.116791 	 3.666648 	 98550.117188 	 368.084167 
299 	 41.678688 	 283.323761 	 278.308502 	 3.030950 	 98761.671875 	 409.100891 
300 	 41.678688 	 283.323761 	 278.572083 	 2.175178 	 99405.460938 	 434.713715 
301 	 41.678688 	 283.323761 	 278.753693 	 2.822230 	 99146.812500 	 396.133301 
302 	 41.678688 	 283.323761 	 279.532440 	 3.618798 	 98267.421875 	 386.960144 
303 	 41.678688 	 283.323761 	 274.456604 	 3.979656 	 98011.531250 	 357.331177 
304 	 41.678688 	 283.323761 	 273.646759 	 3.341199 	 98256.156250 	 390.291595 
305 	 41.678688 	 283.323761 	 273.744537 	 2.506169 	 98722.531250 	 361.685120 
306 	 41.678688 	 283.323761 	 278.800964 	 1.695809 	 98297.867188 	 378.664612 
307 	 41.678688 	 283.323761 	 277.358765 	 3.746984 	 97798.250000 	 346.637238 
308 	 41.678688 	 283.323761 	 273.500641 	 4.066961 	 97179.093750 	 344.388367 
309 	 41.678688 	 283.323761 	 272.886139 	 3.321552 	 98417.687500 	 395.051514 
310 	 41.678688 	 283.323761 	 274.695099 	 2.302451 	 99113.656250 	 391.133698 
311 	 41.678688 	 283.323761 	 279.405884 	 4.083101 	 98074.609375 	 386.647461 
312 	 41.678688 	 283.323761 	 278.594238 	 5.326211 	 97254.640625 	 393.666504 
313 	 41.678688 	 283.323761 	 275.382935 	 4.667889 	 97769.117188 	 367.879456 
314 	 41.678688 	 283.323761 	 272.944397 	 4.545141 	 97834.351562 	 338.945343 
315 	 41.678688 	 283.323761 	 271.478302 	 3.237399 	 98613.117188 	 349.045349 
316 	 41.678688 	 283.323761 	 270.279236 	 0.785532 	 99109.976562 	 314.625244 
317 	 41.678688 	 283.323761 	 273.466217 	 1.755116 	 99473.742188 	 391.122009 
318 	 41.678688 	 283.323761 	 275.724854 	 4.198978 	 99568.656250 	 399.357239 
319 	 41.678688 	 283.323761 	 282.187775 	 4.217084 	 98863.257812 	 346.121490 
320 	 41.678688 	 283.323761 	 276.004608 	 2.591379 	 99329.257812 	 366.055847 
321 	 41.678688 	 283.323761 	 275.534241 	 1.356028 	 99608.773438 	 339.221069 
322 	 41.678688 	 283.323761 	 275.958740 	 2.542819 	 99596.968750 	 307.459839 
323 	 41.678688 	 283.323761 	 284.305176 	 3.789600 	 97994.031250 	 383.502960 
324 	 41.678688 	 283.323761 	 277.665710 	 5.686385 	 96651.546875 	 329.423706 
325 	 41.678688 	 283.323761 	 274.862610 	 4.371714 	 98022.531250 	 358.909363 
326 	 41.678688 	 283.323761 	 271.050415 	 1.706626 	 99452.023438 	 291.683899 
327 	 41.678688 	 283.323761 	 276.308777 	 3.882441 	 98862.023438 	 336.121765 
328 	 41.678688 	 283.323761 	 284.556915 	 4.149504 	 97771.898438 	 372.503998 
329 	 41.678688 	 283.323761 	 275.161133 	 5.185359 	 97595.843750 	 366.944855 
330 	 41.678688 	 283.323761 	 267.779907 	 3.096353 	 99024.656250 	 289.483307 
331 	 41.678688 	 283.323761 	 272.998779 	 1.652632 	 98535.976562 	 352.108215 
332 	 41.678688 	 283.323761 	 273.427734 	 2.327579 	 98129.703125 	 299.222534 
333 	 41.678688 	 283.323761 	 270.712646 	 4.238225 	 97089.726562 	 329.209900 
334 	 41.678688 	 283.323761 	 266.460480 	 3.243692 	 98147.000000 	 277.994019 
335 	 41.678688 	 283.323761 	 270.637817 	 2.289827 	 98856.218750 	 340.606201 
336 	 41.678688 	 283.323761 	 272.914185 	 2.274839 	 99135.562500 	 345.639709 
337 	 41.678688 	 283.323761 	 276.086487 	 3.042323 	 98974.273438 	 349.001495 
338 	 41.678688 	 283.323761 	 279.369904 	 4.201568 	 98264.609375 	 342.936035 
339 	 41.678688 	 283.323761 	 275.113678 	 2.675243 	 99298.601562 	 327.749664 
340 	 41.678688 	 283.323761 	 276.862274 	 2.270157 	 99826.523438 	 334.453369 
341 	 41.678688 	 283.323761 	 279.156982 	 2.995077 	 99408.039062 	 327.936340 
342 	 41.678688 	 283.323761 	 283.575928 	 3.386124 	 97674.148438 	 377.168091 
343 	 41.678688 	 283.323761 	 270.024323 	 5.494390 	 97434.250000 	 315.307373 
344 	 41.678688 	 283.323761 	 265.930847 	 4.494198 	 99013.632812 	 290.370270 
345 	 41.678688 	 283.323761 	 266.524933 	 2.740822 	 100256.500000 	 288.602051 
346 	 41.678688 	 283.323761 	 270.215820 	 3.111587 	 100445.703125 	 308.388824 
347 	 41.678688 	 283.323761 	 275.473328 	 2.640661 	 99935.179688 	 357.865112 
348 	 41.678688 	 283.323761 	 278.854126 	 1.910363 	 100011.000000 	 391.449432 
349 	 41.678688 	 283.323761 	 274.043457 	 2.887171 	 100091.601562 	 324.230652 
350 	 41.678688 	 283.323761 	 284.625885 	 5.161650 	 97900.570312 	 400.120667 
351 	 41.678688 	 283.323761 	 277.078613 	 4.238924 	 98229.203125 	 373.201538 
352 	 41.678688 	 283.323761 	 271.310364 	 1.311456 	 99251.609375 	 325.731354 
353 	 41.678688 	 283.323761 	 275.067108 	 2.853652 	 98567.976562 	 333.966156 
354 	 41.678688 	 283.323761 	 273.067993 	 2.914035 	 99063.320312 	 358.374176 
355 	 41.678688 	 283.323761 	 272.967377 	 2.641050 	 99169.296875 	 298.266998 
356 	 41.678688 	 283.323761 	 276.768555 	 2.233116 	 98547.476562 	 361.794006 
357 	 41.678688 	 283.323761 	 278.881195 	 3.618826 	 98280.703125 	 366.336853 
358 	 41.678688 	 283.323761 	 277.729462 	 6.494819 	 96167.140625 	 364.733124 
359 	 41.678688 	 283.323761 	 267.101532 	 7.212822 	 96998.093750 	 305.502319 
360 	 41.678688 	 283.323761 	 267.541504 	 2.931046 	 99319.187500 	 299.417175 
361 	 41.678688 	 283.323761 	 276.634735 	 4.115005 	 98510.562500 	 331.065002 
362 	 41.678688 	 283.323761 	 272.928650 	 3.974699 	 97583.867188 	 344.769409 
363 	 41.678688 	 283.323761 	 267.741608 	 3.389946 	 98573.476562 	 304.945709 
364 	 41.678688 	 283.323761 	 268.065399 	 2.504026 	 99645.632812 	 311.188354 
