# 0: Day of Year [-] 	 1: lat [deg] 	 2: lon [deg] 	 3: tas [K] 	 4: sfcWind [m s-1] 	 5: ps [Pa] 	 6: Total Downwelling Rad Flux [W m-2] 
0 	 41.678688 	 283.323761 	 273.612793 	 4.093577 	 97718.617188 	 330.809753 
1 	 41.678688 	 283.323761 	 274.649109 	 3.764560 	 97521.093750 	 311.778442 
2 	 41.678688 	 283.323761 	 274.209076 	 2.142615 	 97298.703125 	 325.695953 
3 	 41.678688 	 283.323761 	 269.727112 	 3.921560 	 96742.531250 	 357.406799 
4 	 41.678688 	 283.323761 	 266.091553 	 3.471537 	 97240.757812 	 336.255493 
5 	 41.678688 	 283.323761 	 265.901398 	 1.896096 	 98027.546875 	 295.549286 
6 	 41.678688 	 283.323761 	 268.775269 	 1.632417 	 98752.851562 	 305.052032 
7 	 41.678688 	 283.323761 	 270.853729 	 1.715742 	 99216.367188 	 333.281281 
8 	 41.678688 	 283.323761 	 275.319092 	 3.126857 	 99457.359375 	 379.217255 
9 	 41.678688 	 283.323761 	 281.780334 	 4.945072 	 99224.859375 	 382.706696 
10 	 41.678688 	 283.323761 	 279.398804 	 4.011900 	 98176.343750 	 354.712677 
11 	 41.678688 	 283.323761 	 269.993896 	 3.012756 	 97718.101562 	 318.258545 
12 	 41.678688 	 283.323761 	 269.407379 	 3.676113 	 97791.148438 	 331.515198 
13 	 41.678688 	 283.323761 	 268.010620 	 3.591872 	 98771.023438 	 320.807526 
14 	 41.678688 	 283.323761 	 270.582794 	 2.509485 	 99346.390625 	 323.919373 
15 	 41.678688 	 283.323761 	 271.564514 	 1.357723 	 100016.796875 	 321.452393 
16 	 41.678688 	 283.323761 	 276.771057 	 3.213138 	 99429.359375 	 312.051727 
17 	 41.678688 	 283.323761 	 278.037445 	 3.587308 	 98776.843750 	 363.095703 
18 	 41.678688 	 283.323761 	 278.518890 	 2.808059 	 98507.132812 	 365.013977 
19 	 41.678688 	 283.323761 	 277.551239 	 3.886704 	 98229.992188 	 352.057312 
20 	 41.678688 	 283.323761 	 270.620178 	 1.973836 	 99000.156250 	 305.665344 
21 	 41.678688 	 283.323761 	 269.721497 	 0.943754 	 98946.812500 	 302.955780 
22 	 41.678688 	 283.323761 	 268.523224 	 3.946458 	 98334.710938 	 319.188904 
23 	 41.678688 	 283.323761 	 261.349548 	 3.952482 	 99039.437500 	 305.491180 
24 	 41.678688 	 283.323761 	 263.931732 	 1.335558 	 99685.468750 	 325.434204 
25 	 41.678688 	 283.323761 	 269.991882 	 2.581758 	 99630.507812 	 350.088318 
26 	 41.678688 	 283.323761 	 275.390778 	 2.244208 	 98457.289062 	 348.366455 
27 	 41.678688 	 283.323761 	 274.148712 	 4.018976 	 97544.687500 	 372.542358 
28 	 41.678688 	 283.323761 	 268.847931 	 2.263934 	 99159.609375 	 338.559326 
29 	 41.678688 	 283.323761 	 265.645386 	 3.047969 	 99519.890625 	 318.563782 
30 	 41.678688 	 283.323761 	 259.653351 	 6.577103 	 97713.226562 	 277.861389 
31 	 41.678688 	 283.323761 	 260.957642 	 4.306436 	 97295.156250 	 339.801849 
32 	 41.678688 	 283.323761 	 266.894135 	 2.403759 	 98733.656250 	 345.926300 
33 	 41.678688 	 283.323761 	 267.487549 	 1.640883 	 99657.867188 	 313.111115 
34 	 41.678688 	 283.323761 	 272.392151 	 2.467200 	 99135.609375 	 365.037048 
35 	 41.678688 	 283.323761 	 270.205139 	 1.627012 	 99338.062500 	 364.227936 
36 	 41.678688 	 283.323761 	 270.085083 	 1.959664 	 99755.937500 	 341.333588 
37 	 41.678688 	 283.323761 	 275.935181 	 4.813347 	 99336.906250 	 333.452087 
38 	 41.678688 	 283.323761 	 281.213379 	 3.383403 	 97591.859375 	 392.017120 
39 	 41.678688 	 283.323761 	 273.344360 	 2.812252 	 97428.679688 	 370.022095 
40 	 41.678688 	 283.323761 	 269.588226 	 2.411797 	 97443.882812 	 328.324860 
41 	 41.678688 	 283.323761 	 271.702362 	 2.076084 	 97854.062500 	 392.740601 
42 	 41.678688 	 283.323761 	 272.137482 	 1.379399 	 98656.179688 	 368.984589 
43 	 41.678688 	 283.323761 	 278.435760 	 2.040373 	 98304.562500 	 423.856995 
44 	 41.678688 	 283.323761 	 275.152954 	 1.982598 	 97921.562500 	 423.218628 
45 	 41.678688 	 283.323761 	 273.589325 	 2.887555 	 97408.796875 	 355.078339 
46 	 41.678688 	 283.323761 	 271.564514 	 6.522813 	 96291.656250 	 358.486725 
47 	 41.678688 	 283.323761 	 271.537018 	 5.411685 	 96638.117188 	 383.760529 
48 	 41.678688 	 283.323761 	 273.061279 	 4.788426 	 97316.023438 	 378.527374 
49 	 41.678688 	 283.323761 	 275.133301 	 2.399831 	 98540.492188 	 441.037292 
50 	 41.678688 	 283.323761 	 274.214661 	 1.440661 	 99041.406250 	 407.357147 
51 	 41.678688 	 283.323761 	 277.951050 	 1.840056 	 98696.132812 	 363.523743 
52 	 41.678688 	 283.323761 	 274.077271 	 2.798569 	 97795.570312 	 402.311554 
53 	 41.678688 	 283.323761 	 269.949066 	 3.798780 	 97825.906250 	 420.688782 
54 	 41.678688 	 283.323761 	 268.699158 	 2.429709 	 98549.093750 	 380.242950 
55 	 41.678688 	 283.323761 	 273.029907 	 2.445840 	 98334.156250 	 411.639709 
56 	 41.678688 	 283.323761 	 273.211975 	 2.242180 	 98523.367188 	 432.736908 
57 	 41.678688 	 283.323761 	 268.172516 	 3.539988 	 99211.242188 	 381.511139 
58 	 41.678688 	 283.323761 	 271.546814 	 2.739458 	 99053.976562 	 343.848663 
59 	 41.678688 	 283.323761 	 275.188324 	 2.073902 	 99178.062500 	 434.702454 
60 	 41.678688 	 283.323761 	 279.222321 	 2.987997 	 98757.046875 	 354.160950 
61 	 41.678688 	 283.323761 	 281.885284 	 3.442201 	 98122.679688 	 392.208862 
62 	 41.678688 	 283.323761 	 282.677124 	 2.447802 	 97240.046875 	 374.643036 
63 	 41.678688 	 283.323761 	 273.406555 	 2.061568 	 97619.398438 	 426.813477 
64 	 41.678688 	 283.323761 	 275.762360 	 3.922812 	 98638.210938 	 442.028381 
65 	 41.678688 	 283.323761 	 277.160553 	 2.424476 	 98527.312500 	 316.036713 
66 	 41.678688 	 283.323761 	 273.584167 	 3.333686 	 98739.843750 	 427.705597 
67 	 41.678688 	 283.323761 	 272.001404 	 3.510072 	 99256.000000 	 437.036194 
68 	 41.678688 	 283.323761 	 273.107910 	 1.914172 	 99840.226562 	 427.527710 
69 	 41.678688 	 283.323761 	 280.256470 	 2.877115 	 99588.312500 	 483.349304 
70 	 41.678688 	 283.323761 	 283.089478 	 2.493474 	 99409.453125 	 494.849854 
71 	 41.678688 	 283.323761 	 282.192078 	 1.858275 	 98945.062500 	 487.033447 
72 	 41.678688 	 283.323761 	 281.855316 	 1.689005 	 98186.960938 	 438.511658 
73 	 41.678688 	 283.323761 	 281.172455 	 1.140863 	 98637.406250 	 484.694519 
74 	 41.678688 	 283.323761 	 285.532349 	 2.887488 	 99272.359375 	 506.445374 
75 	 41.678688 	 283.323761 	 287.956757 	 5.723880 	 99083.023438 	 456.749115 
76 	 41.678688 	 283.323761 	 286.009277 	 4.865290 	 98569.882812 	 533.025513 
77 	 41.678688 	 283.323761 	 281.568146 	 1.680007 	 99157.523438 	 496.418213 
78 	 41.678688 	 283.323761 	 285.323456 	 5.831975 	 98155.046875 	 398.286926 
79 	 41.678688 	 283.323761 	 278.968475 	 4.360910 	 98566.203125 	 472.387268 
80 	 41.678688 	 283.323761 	 280.667480 	 3.610931 	 98633.906250 	 393.315826 
81 	 41.678688 	 283.323761 	 288.950989 	 3.946194 	 98193.179688 	 519.330322 
82 	 41.678688 	 283.323761 	 288.673767 	 5.205688 	 97786.171875 	 468.681213 
83 	 41.678688 	 283.323761 	 277.283508 	 4.459105 	 98564.656250 	 498.609253 
84 	 41.678688 	 283.323761 	 271.400116 	 2.273835 	 99772.132812 	 327.828613 
85 	 41.678688 	 283.323761 	 276.407928 	 4.310932 	 99765.507812 	 424.230347 
86 	 41.678688 	 283.323761 	 286.832001 	 6.124999 	 97955.570312 	 403.552856 
87 	 41.678688 	 283.323761 	 280.715637 	 3.916164 	 96947.796875 	 435.783264 
88 	 41.678688 	 283.323761 	 275.824280 	 4.110096 	 97628.921875 	 499.703796 
89 	 41.678688 	 283.323761 	 275.388489 	 2.209672 	 98579.531250 	 518.633606 
90 	 41.678688 	 283.323761 	 276.863495 	 0.889118 	 98617.328125 	 510.209045 
91 	 41.678688 	 283.323761 	 280.619049 	 3.249225 	 97898.476562 	 520.462036 
92 	 41.678688 	 283.323761 	 281.579651 	 3.165776 	 98482.546875 	 529.406311 
93 	 41.678688 	 283.323761 	 283.711212 	 2.057226 	 98976.257812 	 542.619995 
94 	 41.678688 	 283.323761 	 288.383850 	 2.606700 	 98783.953125 	 560.452148 
95 	 41.678688 	 283.323761 	 286.526978 	 2.954242 	 98182.109375 	 372.347015 
96 	 41.678688 	 283.323761 	 281.679993 	 3.931906 	 97227.609375 	 473.391235 
97 	 41.678688 	 283.323761 	 276.710876 	 4.113524 	 97502.062500 	 468.835388 
98 	 41.678688 	 283.323761 	 273.092499 	 3.161952 	 97696.406250 	 427.878052 
99 	 41.678688 	 283.323761 	 269.576630 	 2.928087 	 98131.976562 	 492.552429 
100 	 41.678688 	 283.323761 	 273.536133 	 1.255354 	 98425.039062 	 487.832581 
101 	 41.678688 	 283.323761 	 274.514526 	 1.916995 	 99283.281250 	 520.649719 
102 	 41.678688 	 283.323761 	 278.590820 	 3.135441 	 99493.250000 	 519.458191 
103 	 41.678688 	 283.323761 	 284.571564 	 3.561947 	 98425.226562 	 401.695435 
104 	 41.678688 	 283.323761 	 278.776855 	 3.291053 	 98756.117188 	 561.509460 
105 	 41.678688 	 283.323761 	 280.156586 	 3.272950 	 98994.500000 	 551.057129 
106 	 41.678688 	 283.323761 	 284.949921 	 3.715636 	 98161.648438 	 451.908569 
107 	 41.678688 	 283.323761 	 277.266479 	 3.686476 	 98224.171875 	 465.623169 
108 	 41.678688 	 283.323761 	 276.251587 	 3.017268 	 98461.226562 	 546.090881 
109 	 41.678688 	 283.323761 	 283.051727 	 1.858432 	 98155.773438 	 543.060425 
110 	 41.678688 	 283.323761 	 289.615540 	 1.605996 	 98459.867188 	 484.077881 
111 	 41.678688 	 283.323761 	 290.456665 	 3.070195 	 98670.328125 	 598.373474 
112 	 41.678688 	 283.323761 	 289.605133 	 3.937267 	 98280.117188 	 603.761536 
113 	 41.678688 	 283.323761 	 286.417419 	 2.727321 	 98810.117188 	 541.868652 
114 	 41.678688 	 283.323761 	 291.381958 	 5.003621 	 97999.453125 	 560.318726 
115 	 41.678688 	 283.323761 	 283.798706 	 1.614931 	 98607.343750 	 548.007202 
116 	 41.678688 	 283.323761 	 286.128357 	 2.489040 	 98980.179688 	 587.742798 
117 	 41.678688 	 283.323761 	 286.343933 	 3.146259 	 97990.882812 	 387.216400 
118 	 41.678688 	 283.323761 	 279.345367 	 3.428759 	 97488.117188 	 491.718140 
119 	 41.678688 	 283.323761 	 276.879578 	 3.217338 	 97856.656250 	 511.657288 
120 	 41.678688 	 283.323761 	 284.000031 	 4.113441 	 98279.992188 	 561.705811 
121 	 41.678688 	 283.323761 	 284.848114 	 3.227043 	 98170.773438 	 436.137268 
122 	 41.678688 	 283.323761 	 283.175476 	 3.748791 	 97230.570312 	 513.390137 
123 	 41.678688 	 283.323761 	 280.808960 	 3.974313 	 97150.523438 	 450.554535 
124 	 41.678688 	 283.323761 	 282.097229 	 2.970027 	 98258.460938 	 547.899780 
125 	 41.678688 	 283.323761 	 281.859924 	 1.646473 	 99158.367188 	 486.157959 
126 	 41.678688 	 283.323761 	 287.430328 	 3.152124 	 98870.523438 	 559.712219 
127 	 41.678688 	 283.323761 	 285.879730 	 2.617575 	 98876.320312 	 575.174927 
128 	 41.678688 	 283.323761 	 285.007202 	 2.923077 	 98436.828125 	 556.700134 
129 	 41.678688 	 283.323761 	 281.204346 	 2.041458 	 99290.023438 	 568.739014 
130 	 41.678688 	 283.323761 	 280.500946 	 4.626651 	 98984.109375 	 400.140778 
131 	 41.678688 	 283.323761 	 277.665283 	 4.704679 	 98213.343750 	 355.549438 
132 	 41.678688 	 283.323761 	 278.584656 	 4.393584 	 98731.390625 	 410.363739 
133 	 41.678688 	 283.323761 	 282.156494 	 2.175317 	 99160.617188 	 592.049377 
134 	 41.678688 	 283.323761 	 284.262970 	 0.905277 	 99246.023438 	 612.389832 
135 	 41.678688 	 283.323761 	 284.175842 	 2.593963 	 99225.843750 	 454.563110 
136 	 41.678688 	 283.323761 	 287.412720 	 4.174111 	 98751.210938 	 412.298065 
137 	 41.678688 	 283.323761 	 287.152100 	 4.058245 	 98470.007812 	 610.014648 
138 	 41.678688 	 283.323761 	 286.382874 	 2.074621 	 98949.789062 	 593.894531 
139 	 41.678688 	 283.323761 	 290.423004 	 3.926504 	 98290.453125 	 549.630737 
140 	 41.678688 	 283.323761 	 289.318665 	 3.848564 	 97304.523438 	 596.092041 
141 	 41.678688 	 283.323761 	 281.594910 	 3.951668 	 97922.203125 	 588.241699 
142 	 41.678688 	 283.323761 	 279.098389 	 2.897390 	 98793.992188 	 601.976746 
143 	 41.678688 	 283.323761 	 283.494080 	 0.650562 	 99159.632812 	 574.603638 
144 	 41.678688 	 283.323761 	 287.982819 	 1.287196 	 99510.406250 	 645.713379 
145 	 41.678688 	 283.323761 	 289.578247 	 2.974678 	 99848.109375 	 652.413330 
146 	 41.678688 	 283.323761 	 292.062805 	 2.224702 	 99504.171875 	 660.981689 
147 	 41.678688 	 283.323761 	 294.710785 	 2.287942 	 99025.171875 	 660.909668 
148 	 41.678688 	 283.323761 	 295.120239 	 2.393086 	 98628.750000 	 687.808655 
149 	 41.678688 	 283.323761 	 295.649963 	 3.058046 	 98491.296875 	 655.458191 
150 	 41.678688 	 283.323761 	 293.487061 	 3.498853 	 98089.578125 	 613.145386 
151 	 41.678688 	 283.323761 	 289.200165 	 3.840821 	 97907.148438 	 642.649353 
152 	 41.678688 	 283.323761 	 288.538177 	 2.005346 	 98757.390625 	 654.853149 
153 	 41.678688 	 283.323761 	 287.408386 	 3.701052 	 99037.382812 	 434.316772 
154 	 41.678688 	 283.323761 	 293.000946 	 4.020328 	 98263.117188 	 573.092346 
155 	 41.678688 	 283.323761 	 288.802521 	 3.026046 	 98535.937500 	 647.523254 
156 	 41.678688 	 283.323761 	 289.054932 	 1.330138 	 99002.070312 	 535.884827 
157 	 41.678688 	 283.323761 	 295.456055 	 4.577654 	 98450.343750 	 685.237671 
158 	 41.678688 	 283.323761 	 294.172211 	 2.901209 	 98562.882812 	 617.850586 
159 	 41.678688 	 283.323761 	 291.249542 	 0.955414 	 99285.179688 	 670.475037 
160 	 41.678688 	 283.323761 	 295.776489 	 2.896624 	 99217.828125 	 699.348938 
161 	 41.678688 	 283.323761 	 295.027100 	 2.361480 	 98970.328125 	 659.540039 
162 	 41.678688 	 283.323761 	 294.469818 	 2.804818 	 98716.859375 	 658.401123 
163 	 41.678688 	 283.323761 	 293.966034 	 4.032578 	 98265.867188 	 632.195251 
164 	 41.678688 	 283.323761 	 290.314575 	 2.029528 	 98259.976562 	 636.059814 
165 	 41.678688 	 283.323761 	 292.190399 	 2.440862 	 98202.320312 	 618.961304 
166 	 41.678688 	 283.323761 	 291.967896 	 2.271842 	 98059.046875 	 612.192627 
167 	 41.678688 	 283.323761 	 289.504669 	 2.380445 	 98873.718750 	 668.642944 
168 	 41.678688 	 283.323761 	 291.378815 	 2.699040 	 98987.007812 	 662.929932 
169 	 41.678688 	 283.323761 	 296.663940 	 5.015002 	 98334.039062 	 670.440674 
170 	 41.678688 	 283.323761 	 295.978851 	 4.533450 	 97867.710938 	 583.080200 
171 	 41.678688 	 283.323761 	 291.305542 	 3.752418 	 97912.500000 	 663.060303 
172 	 41.678688 	 283.323761 	 289.292908 	 4.175061 	 98102.578125 	 644.032715 
173 	 41.678688 	 283.323761 	 289.878082 	 1.274571 	 98427.273438 	 629.769287 
174 	 41.678688 	 283.323761 	 289.928192 	 3.144414 	 98304.570312 	 555.975403 
175 	 41.678688 	 283.323761 	 288.048645 	 3.899110 	 98164.601562 	 499.130981 
176 	 41.678688 	 283.323761 	 287.427490 	 2.783828 	 98081.593750 	 527.364197 
177 	 41.678688 	 283.323761 	 288.241730 	 3.297385 	 98744.187500 	 550.393555 
178 	 41.678688 	 283.323761 	 289.295746 	 2.312330 	 99064.007812 	 640.908325 
179 	 41.678688 	 283.323761 	 292.640259 	 0.925543 	 98811.203125 	 676.245667 
180 	 41.678688 	 283.323761 	 293.404572 	 2.011232 	 98210.281250 	 677.578857 
181 	 41.678688 	 283.323761 	 291.719788 	 3.561866 	 97810.921875 	 602.884399 
182 	 41.678688 	 283.323761 	 287.531982 	 1.410192 	 98547.367188 	 611.806030 
183 	 41.678688 	 283.323761 	 289.993683 	 1.440608 	 98929.132812 	 619.248718 
184 	 41.678688 	 283.323761 	 292.456940 	 3.905567 	 98826.882812 	 638.513489 
185 	 41.678688 	 283.323761 	 296.338135 	 2.287826 	 98466.171875 	 664.989868 
186 	 41.678688 	 283.323761 	 298.362610 	 3.357553 	 98552.617188 	 684.404419 
187 	 41.678688 	 283.323761 	 297.475494 	 3.514132 	 98563.937500 	 618.542603 
188 	 41.678688 	 283.323761 	 290.925262 	 1.919710 	 99234.062500 	 498.864807 
189 	 41.678688 	 283.323761 	 292.135437 	 1.116523 	 99345.500000 	 685.986877 
190 	 41.678688 	 283.323761 	 290.733124 	 2.720745 	 99169.156250 	 421.473907 
191 	 41.678688 	 283.323761 	 292.490570 	 1.824015 	 98774.289062 	 665.987793 
192 	 41.678688 	 283.323761 	 296.537354 	 2.227486 	 98154.031250 	 712.416504 
193 	 41.678688 	 283.323761 	 297.365936 	 2.379103 	 98065.406250 	 699.752686 
194 	 41.678688 	 283.323761 	 296.444824 	 2.516839 	 98277.093750 	 702.486572 
195 	 41.678688 	 283.323761 	 295.247833 	 1.645784 	 98936.296875 	 686.306152 
196 	 41.678688 	 283.323761 	 299.499329 	 3.253666 	 98843.828125 	 717.561279 
197 	 41.678688 	 283.323761 	 299.944031 	 2.215412 	 98660.843750 	 701.778076 
198 	 41.678688 	 283.323761 	 298.087677 	 1.940686 	 98592.992188 	 655.604614 
199 	 41.678688 	 283.323761 	 295.996490 	 2.961779 	 98004.812500 	 587.875366 
200 	 41.678688 	 283.323761 	 293.281158 	 2.112892 	 98778.710938 	 660.956787 
201 	 41.678688 	 283.323761 	 294.675995 	 2.419224 	 98698.289062 	 675.512939 
202 	 41.678688 	 283.323761 	 298.476471 	 3.127407 	 98125.976562 	 699.676025 
203 	 41.678688 	 283.323761 	 292.373474 	 2.009881 	 98216.953125 	 493.652069 
204 	 41.678688 	 283.323761 	 291.954987 	 2.279603 	 98734.390625 	 603.389221 
205 	 41.678688 	 283.323761 	 296.972961 	 4.067286 	 98150.992188 	 666.240662 
206 	 41.678688 	 283.323761 	 290.966583 	 2.443672 	 98663.648438 	 657.066956 
207 	 41.678688 	 283.323761 	 289.818207 	 3.058768 	 98860.117188 	 539.236938 
208 	 41.678688 	 283.323761 	 286.048645 	 4.473618 	 99174.906250 	 625.671326 
209 	 41.678688 	 283.323761 	 287.466888 	 1.185782 	 99446.492188 	 591.027344 
210 	 41.678688 	 283.323761 	 289.638763 	 0.758511 	 99421.156250 	 652.920410 
211 	 41.678688 	 283.323761 	 290.861206 	 2.190219 	 99253.078125 	 656.008118 
212 	 41.678688 	 283.323761 	 292.992706 	 3.955454 	 98472.132812 	 591.511230 
213 	 41.678688 	 283.323761 	 290.302002 	 3.517431 	 98272.453125 	 612.687073 
214 	 41.678688 	 283.323761 	 286.006348 	 3.027649 	 99179.843750 	 615.026489 
215 	 41.678688 	 283.323761 	 286.535339 	 1.056659 	 99929.367188 	 625.963623 
216 	 41.678688 	 283.323761 	 289.206268 	 1.240598 	 100152.398438 	 636.787476 
217 	 41.678688 	 283.323761 	 292.740845 	 3.086867 	 99607.796875 	 580.714966 
218 	 41.678688 	 283.323761 	 298.139008 	 3.067858 	 98676.992188 	 693.564819 
219 	 41.678688 	 283.323761 	 300.443756 	 2.187725 	 98241.890625 	 676.907593 
220 	 41.678688 	 283.323761 	 299.849670 	 4.234826 	 97931.000000 	 677.405762 
221 	 41.678688 	 283.323761 	 292.045502 	 1.410266 	 98874.796875 	 573.971924 
222 	 41.678688 	 283.323761 	 297.055328 	 4.226026 	 98539.156250 	 663.830078 
223 	 41.678688 	 283.323761 	 300.705566 	 2.014322 	 97887.156250 	 629.411255 
224 	 41.678688 	 283.323761 	 299.773315 	 4.166637 	 97444.093750 	 604.886536 
225 	 41.678688 	 283.323761 	 290.912506 	 5.111297 	 98259.640625 	 622.197266 
226 	 41.678688 	 283.323761 	 289.680786 	 1.905762 	 99001.281250 	 615.205688 
227 	 41.678688 	 283.323761 	 292.694183 	 2.565922 	 98919.523438 	 635.895142 
228 	 41.678688 	 283.323761 	 300.412323 	 4.576834 	 98243.882812 	 617.229614 
229 	 41.678688 	 283.323761 	 295.892609 	 3.485253 	 98875.539062 	 630.920898 
230 	 41.678688 	 283.323761 	 291.767517 	 3.002892 	 99499.843750 	 622.817932 
231 	 41.678688 	 283.323761 	 297.671143 	 4.590915 	 98644.546875 	 525.791382 
232 	 41.678688 	 283.323761 	 295.332764 	 2.424649 	 98708.023438 	 630.580261 
233 	 41.678688 	 283.323761 	 289.764648 	 2.433713 	 99146.039062 	 610.885742 
234 	 41.678688 	 283.323761 	 287.907257 	 1.734501 	 99700.976562 	 594.678040 
235 	 41.678688 	 283.323761 	 289.012482 	 0.671794 	 99851.687500 	 606.861511 
236 	 41.678688 	 283.323761 	 291.965851 	 1.100797 	 99413.117188 	 617.051758 
237 	 41.678688 	 283.323761 	 294.167328 	 1.174277 	 99042.507812 	 567.981018 
238 	 41.678688 	 283.323761 	 293.794312 	 0.525599 	 98689.617188 	 621.134155 
239 	 41.678688 	 283.323761 	 296.676239 	 1.908478 	 98253.500000 	 626.724731 
240 	 41.678688 	 283.323761 	 300.120392 	 3.594115 	 98014.242188 	 655.617859 
241 	 41.678688 	 283.323761 	 295.346283 	 1.218382 	 98909.226562 	 614.754028 
242 	 41.678688 	 283.323761 	 299.623108 	 2.794458 	 99038.539062 	 630.724976 
243 	 41.678688 	 283.323761 	 301.380035 	 3.630089 	 98511.468750 	 621.036682 
244 	 41.678688 	 283.323761 	 302.147797 	 2.700149 	 98427.289062 	 627.779541 
245 	 41.678688 	 283.323761 	 298.547607 	 1.830442 	 98854.796875 	 594.517883 
246 	 41.678688 	 283.323761 	 299.298096 	 1.746442 	 99075.117188 	 591.401306 
247 	 41.678688 	 283.323761 	 302.466614 	 3.283785 	 98817.398438 	 591.165588 
248 	 41.678688 	 283.323761 	 302.710327 	 4.408844 	 98108.156250 	 569.144775 
249 	 41.678688 	 283.323761 	 286.550690 	 4.652295 	 98840.296875 	 578.161621 
250 	 41.678688 	 283.323761 	 283.988892 	 0.646490 	 99375.718750 	 518.677917 
251 	 41.678688 	 283.323761 	 288.536713 	 1.265624 	 99118.226562 	 544.101135 
252 	 41.678688 	 283.323761 	 288.710175 	 1.944596 	 98591.070312 	 558.066589 
253 	 41.678688 	 283.323761 	 289.994904 	 2.913117 	 98409.656250 	 513.569580 
254 	 41.678688 	 283.323761 	 294.405792 	 2.728327 	 98712.882812 	 581.151428 
255 	 41.678688 	 283.323761 	 300.545471 	 3.831004 	 99120.953125 	 607.416138 
256 	 41.678688 	 283.323761 	 302.546448 	 3.196184 	 99229.898438 	 613.786499 
257 	 41.678688 	 283.323761 	 300.527252 	 3.375172 	 98905.476562 	 575.217773 
258 	 41.678688 	 283.323761 	 290.985077 	 3.068113 	 99351.398438 	 553.999878 
259 	 41.678688 	 283.323761 	 287.415253 	 1.276926 	 100022.203125 	 535.331177 
260 	 41.678688 	 283.323761 	 291.195648 	 3.804880 	 100065.296875 	 520.431885 
261 	 41.678688 	 283.323761 	 293.715393 	 3.437742 	 99400.906250 	 495.868835 
262 	 41.678688 	 283.323761 	 288.828766 	 2.359229 	 99627.093750 	 416.299408 
263 	 41.678688 	 283.323761 	 285.141968 	 2.405385 	 99888.156250 	 405.694519 
264 	 41.678688 	 283.323761 	 287.500092 	 2.136453 	 99608.882812 	 476.850159 
265 	 41.678688 	 283.323761 	 291.034668 	 3.180763 	 98683.273438 	 457.505707 
266 	 41.678688 	 283.323761 	 290.848297 	 2.973511 	 97881.140625 	 529.374512 
267 	 41.678688 	 283.323761 	 285.120270 	 2.172004 	 98183.882812 	 502.863220 
268 	 41.678688 	 283.323761 	 285.942047 	 2.339873 	 98668.882812 	 505.135071 
269 	 41.678688 	 283.323761 	 291.191742 	 4.616811 	 98720.632812 	 542.360840 
270 	 41.678688 	 283.323761 	 281.931274 	 4.049905 	 98730.320312 	 449.316986 
271 	 41.678688 	 283.323761 	 276.363342 	 1.624451 	 99505.617188 	 466.805756 
272 	 41.678688 	 283.323761 	 281.488739 	 2.577150 	 99360.257812 	 484.088074 
273 	 41.678688 	 283.323761 	 286.411163 	 2.375795 	 98912.820312 	 493.159119 
274 	 41.678688 	 283.323761 	 284.882843 	 2.197024 	 99148.812500 	 490.689819 
275 	 41.678688 	 283.323761 	 281.483826 	 2.059910 	 99617.117188 	 476.512573 
276 	 41.678688 	 283.323761 	 288.806702 	 4.561484 	 98810.812500 	 443.198334 
277 	 41.678688 	 283.323761 	 287.658295 	 3.635662 	 97819.757812 	 479.388123 
278 	 41.678688 	 283.323761 	 281.858093 	 2.536730 	 98990.437500 	 465.186462 
279 	 41.678688 	 283.323761 	 278.048676 	 0.630834 	 99990.656250 	 461.761261 
280 	 41.678688 	 283.323761 	 284.515900 	 1.851990 	 99750.468750 	 471.552155 
281 	 41.678688 	 283.323761 	 288.541565 	 1.863472 	 98992.000000 	 508.486328 
282 	 41.678688 	 283.323761 	 287.909698 	 3.443794 	 98089.218750 	 461.009552 
283 	 41.678688 	 283.323761 	 280.217926 	 3.643879 	 98928.500000 	 397.162354 
284 	 41.678688 	 283.323761 	 278.351440 	 2.143095 	 99410.156250 	 438.881531 
285 	 41.678688 	 283.323761 	 284.983337 	 2.826504 	 98604.429688 	 431.424255 
286 	 41.678688 	 283.323761 	 287.593475 	 5.475111 	 97351.531250 	 471.770935 
287 	 41.678688 	 283.323761 	 277.480560 	 3.747487 	 98690.921875 	 440.174713 
288 	 41.678688 	 283.323761 	 276.921021 	 1.834865 	 99658.398438 	 429.525269 
289 	 41.678688 	 283.323761 	 283.400940 	 4.100154 	 99740.953125 	 461.257050 
290 	 41.678688 	 283.323761 	 283.525330 	 3.256188 	 99438.851562 	 403.401184 
291 	 41.678688 	 283.323761 	 278.011017 	 2.655992 	 100118.398438 	 441.996765 
292 	 41.678688 	 283.323761 	 278.174713 	 2.384823 	 100533.398438 	 416.731323 
293 	 41.678688 	 283.323761 	 285.765259 	 4.250889 	 100003.101562 	 388.254730 
294 	 41.678688 	 283.323761 	 289.479980 	 4.804673 	 98539.812500 	 417.069489 
295 	 41.678688 	 283.323761 	 283.838593 	 2.536155 	 97912.671875 	 383.945465 
296 	 41.678688 	 283.323761 	 278.512024 	 1.946109 	 99014.648438 	 430.476685 
297 	 41.678688 	 283.323761 	 278.751312 	 1.916900 	 99314.656250 	 395.530396 
298 	 41.678688 	 283.323761 	 276.596222 	 2.526088 	 99759.468750 	 381.024323 
299 	 41.678688 	 283.323761 	 276.990417 	 1.859159 	 100147.601562 	 397.157776 
300 	 41.678688 	 283.323761 	 277.788025 	 1.549278 	 100126.000000 	 384.860474 
301 	 41.678688 	 283.323761 	 278.949371 	 2.281397 	 99777.648438 	 352.772888 
302 	 41.678688 	 283.323761 	 279.649567 	 3.828302 	 98958.406250 	 422.720398 
303 	 41.678688 	 283.323761 	 276.762390 	 3.348755 	 99147.406250 	 340.168091 
304 	 41.678688 	 283.323761 	 274.733246 	 2.538548 	 99017.460938 	 334.057434 
305 	 41.678688 	 283.323761 	 272.836395 	 2.375917 	 98402.710938 	 389.090576 
306 	 41.678688 	 283.323761 	 271.974487 	 3.343592 	 98401.437500 	 377.856659 
307 	 41.678688 	 283.323761 	 273.330231 	 2.018456 	 99125.960938 	 359.059326 
308 	 41.678688 	 283.323761 	 274.477234 	 1.524112 	 100143.296875 	 376.447449 
309 	 41.678688 	 283.323761 	 277.957214 	 3.520304 	 100487.703125 	 365.049835 
310 	 41.678688 	 283.323761 	 284.016907 	 4.686748 	 99506.460938 	 383.545227 
311 	 41.678688 	 283.323761 	 287.476624 	 3.260473 	 98167.343750 	 420.370300 
312 	 41.678688 	 283.323761 	 282.520569 	 2.221491 	 97948.859375 	 416.384918 
313 	 41.678688 	 283.323761 	 276.123138 	 2.875277 	 97789.398438 	 311.649414 
314 	 41.678688 	 283.323761 	 276.900482 	 3.364083 	 97912.320312 	 391.693848 
315 	 41.678688 	 283.323761 	 277.062805 	 3.555142 	 98589.968750 	 352.289490 
316 	 41.678688 	 283.323761 	 280.640533 	 2.842367 	 98846.000000 	 405.799072 
317 	 41.678688 	 283.323761 	 277.438019 	 1.635716 	 99679.250000 	 371.409027 
318 	 41.678688 	 283.323761 	 278.443481 	 4.029694 	 99516.812500 	 371.427948 
319 	 41.678688 	 283.323761 	 277.839386 	 3.810098 	 99395.546875 	 390.199524 
320 	 41.678688 	 283.323761 	 270.585663 	 1.980412 	 100383.601562 	 309.968445 
321 	 41.678688 	 283.323761 	 278.339691 	 3.989038 	 99594.601562 	 405.848755 
322 	 41.678688 	 283.323761 	 281.747864 	 2.564328 	 99042.757812 	 382.180420 
323 	 41.678688 	 283.323761 	 277.405060 	 1.635765 	 99440.679688 	 370.612854 
324 	 41.678688 	 283.323761 	 282.179810 	 4.848913 	 98259.218750 	 372.277649 
325 	 41.678688 	 283.323761 	 272.064453 	 4.177025 	 99267.093750 	 335.728027 
326 	 41.678688 	 283.323761 	 271.859161 	 2.578032 	 100453.296875 	 338.079071 
327 	 41.678688 	 283.323761 	 276.068237 	 2.709185 	 99740.937500 	 329.776886 
328 	 41.678688 	 283.323761 	 277.669312 	 3.071421 	 98248.617188 	 393.548279 
329 	 41.678688 	 283.323761 	 272.809418 	 2.514177 	 98605.562500 	 345.021362 
330 	 41.678688 	 283.323761 	 273.406982 	 2.790688 	 98917.953125 	 327.113159 
331 	 41.678688 	 283.323761 	 278.395874 	 6.096605 	 96947.656250 	 387.248840 
332 	 41.678688 	 283.323761 	 272.459198 	 4.758274 	 97964.843750 	 330.279114 
333 	 41.678688 	 283.323761 	 271.189148 	 3.165322 	 98856.117188 	 301.898438 
334 	 41.678688 	 283.323761 	 275.578369 	 3.537800 	 96739.156250 	 366.769531 
335 	 41.678688 	 283.323761 	 272.642212 	 3.637157 	 97173.882812 	 318.673798 
336 	 41.678688 	 283.323761 	 270.815125 	 2.897849 	 97743.906250 	 309.980957 
337 	 41.678688 	 283.323761 	 273.003082 	 2.763415 	 98352.281250 	 345.588135 
338 	 41.678688 	 283.323761 	 275.652374 	 3.029200 	 98512.726562 	 342.476471 
339 	 41.678688 	 283.323761 	 274.809479 	 2.010955 	 99130.859375 	 340.395264 
340 	 41.678688 	 283.323761 	 277.933533 	 2.871994 	 98967.101562 	 338.507751 
341 	 41.678688 	 283.323761 	 274.153595 	 1.893766 	 99706.531250 	 349.388214 
342 	 41.678688 	 283.323761 	 275.633484 	 1.650962 	 100008.703125 	 351.049683 
343 	 41.678688 	 283.323761 	 277.576294 	 1.417323 	 100305.296875 	 346.545227 
344 	 41.678688 	 283.323761 	 278.966003 	 2.100569 	 100227.898438 	 371.433228 
345 	 41.678688 	 283.323761 	 273.697113 	 2.528962 	 101165.101562 	 320.244873 
346 	 41.678688 	 283.323761 	 273.322266 	 0.407688 	 100789.703125 	 327.356934 
347 	 41.678688 	 283.323761 	 277.809174 	 1.673818 	 100342.296875 	 328.329926 
348 	 41.678688 	 283.323761 	 280.737915 	 1.933123 	 99767.187500 	 369.799316 
349 	 41.678688 	 283.323761 	 281.432526 	 2.022912 	 99479.453125 	 389.512909 
350 	 41.678688 	 283.323761 	 279.622162 	 1.945129 	 99076.859375 	 326.195343 
351 	 41.678688 	 283.323761 	 279.232483 	 1.763724 	 99043.679688 	 349.441986 
352 	 41.678688 	 283.323761 	 282.368317 	 3.074681 	 98639.070312 	 364.553558 
353 	 41.678688 	 283.323761 	 280.040894 	 3.589193 	 97774.828125 	 364.924194 
354 	 41.678688 	 283.323761 	 273.126801 	 1.881042 	 98920.296875 	 325.029877 
355 	 41.678688 	 283.323761 	 274.980591 	 2.040742 	 99453.281250 	 328.154266 
356 	 41.678688 	 283.323761 	 279.943604 	 4.520191 	 99265.882812 	 342.605347 
357 	 41.678688 	 283.323761 	 285.973328 	 5.477495 	 98325.507812 	 390.078827 
358 	 41.678688 	 283.323761 	 276.075348 	 1.571104 	 98694.273438 	 316.555908 
359 	 41.678688 	 283.323761 	 274.525330 	 2.981173 	 97867.523438 	 355.582611 
360 	 41.678688 	 283.323761 	 271.144379 	 2.906749 	 98455.406250 	 343.766724 
361 	 41.678688 	 283.323761 	 269.061340 	 2.261158 	 99110.351562 	 298.176208 
362 	 41.678688 	 283.323761 	 271.673584 	 3.736771 	 98358.132812 	 305.478607 
363 	 41.678688 	 283.323761 	 276.114655 	 4.143309 	 97595.531250 	 339.844238 
364 	 41.678688 	 283.323761 	 274.231293 	 4.120603 	 96253.750000 	 340.389496 
