# 0: Day of Year [-] 	 1: lat [deg] 	 2: lon [deg] 	 3: tas [K] 	 4: sfcWind [m s-1] 	 5: ps [Pa] 	 6: Total Downwelling Rad Flux [W m-2] 
0 	 41.678688 	 283.323761 	 269.659851 	 3.195837 	 100268.296875 	 264.504791 
1 	 41.678688 	 283.323761 	 275.121979 	 3.713889 	 98770.023438 	 332.130127 
2 	 41.678688 	 283.323761 	 267.053040 	 2.651167 	 99665.546875 	 303.354309 
3 	 41.678688 	 283.323761 	 270.700165 	 2.107617 	 98590.046875 	 330.920807 
4 	 41.678688 	 283.323761 	 268.397308 	 2.904740 	 98227.718750 	 306.563599 
5 	 41.678688 	 283.323761 	 267.366272 	 2.650609 	 98438.867188 	 307.272797 
6 	 41.678688 	 283.323761 	 265.100037 	 2.340320 	 99310.523438 	 300.440979 
7 	 41.678688 	 283.323761 	 270.225525 	 2.909755 	 99535.226562 	 323.454224 
8 	 41.678688 	 283.323761 	 275.654785 	 3.780015 	 99019.320312 	 347.255402 
9 	 41.678688 	 283.323761 	 277.094910 	 5.640939 	 96475.570312 	 374.108673 
10 	 41.678688 	 283.323761 	 265.320984 	 5.492406 	 96727.570312 	 312.082214 
11 	 41.678688 	 283.323761 	 265.670959 	 3.285480 	 98353.640625 	 293.543976 
12 	 41.678688 	 283.323761 	 270.979004 	 1.610062 	 99353.507812 	 342.929565 
13 	 41.678688 	 283.323761 	 273.786102 	 2.999491 	 99861.726562 	 340.577087 
14 	 41.678688 	 283.323761 	 279.068512 	 3.155669 	 98721.929688 	 395.111084 
15 	 41.678688 	 283.323761 	 275.049011 	 1.758641 	 98945.257812 	 327.094879 
16 	 41.678688 	 283.323761 	 274.458252 	 2.288236 	 99263.132812 	 312.218018 
17 	 41.678688 	 283.323761 	 281.313873 	 4.298308 	 98763.070312 	 381.600830 
18 	 41.678688 	 283.323761 	 278.362549 	 3.583606 	 98572.367188 	 325.793854 
19 	 41.678688 	 283.323761 	 272.352997 	 2.941613 	 98714.101562 	 305.692200 
20 	 41.678688 	 283.323761 	 269.454102 	 2.228504 	 98814.171875 	 322.159912 
21 	 41.678688 	 283.323761 	 271.178162 	 2.908184 	 99075.179688 	 334.845520 
22 	 41.678688 	 283.323761 	 274.155396 	 3.890801 	 98627.132812 	 350.062469 
23 	 41.678688 	 283.323761 	 273.497955 	 2.570905 	 99033.296875 	 358.630249 
24 	 41.678688 	 283.323761 	 273.522034 	 1.118567 	 99602.546875 	 355.536926 
25 	 41.678688 	 283.323761 	 276.015747 	 2.888511 	 99624.882812 	 361.584198 
26 	 41.678688 	 283.323761 	 275.608337 	 2.497951 	 99258.367188 	 316.431458 
27 	 41.678688 	 283.323761 	 269.910889 	 5.045005 	 99223.703125 	 394.905823 
28 	 41.678688 	 283.323761 	 267.772400 	 4.453018 	 99348.437500 	 347.820251 
29 	 41.678688 	 283.323761 	 266.806915 	 5.250089 	 98919.890625 	 298.732330 
30 	 41.678688 	 283.323761 	 268.623413 	 4.056303 	 97962.390625 	 387.578308 
31 	 41.678688 	 283.323761 	 268.634705 	 2.569368 	 97592.757812 	 338.261108 
32 	 41.678688 	 283.323761 	 270.919128 	 2.770285 	 97696.296875 	 365.090485 
33 	 41.678688 	 283.323761 	 266.914032 	 1.872749 	 99265.820312 	 337.255005 
34 	 41.678688 	 283.323761 	 271.113770 	 2.537138 	 99468.828125 	 358.651733 
35 	 41.678688 	 283.323761 	 277.975494 	 4.077325 	 98686.140625 	 423.356201 
36 	 41.678688 	 283.323761 	 278.165070 	 3.012631 	 98582.828125 	 375.406525 
37 	 41.678688 	 283.323761 	 269.207336 	 2.448516 	 99604.640625 	 325.286652 
38 	 41.678688 	 283.323761 	 274.889160 	 4.615601 	 98464.492188 	 354.366455 
39 	 41.678688 	 283.323761 	 270.309906 	 3.931159 	 98795.132812 	 344.159546 
40 	 41.678688 	 283.323761 	 274.631256 	 2.766010 	 99465.796875 	 394.512085 
41 	 41.678688 	 283.323761 	 277.217590 	 2.934623 	 99543.203125 	 397.040710 
42 	 41.678688 	 283.323761 	 280.684235 	 2.952066 	 99117.367188 	 427.816833 
43 	 41.678688 	 283.323761 	 281.108673 	 3.276184 	 98631.859375 	 360.856506 
44 	 41.678688 	 283.323761 	 278.116638 	 5.028322 	 97639.640625 	 419.817780 
45 	 41.678688 	 283.323761 	 272.831207 	 4.366586 	 98658.296875 	 378.392212 
46 	 41.678688 	 283.323761 	 276.170013 	 2.740534 	 99082.101562 	 399.562500 
47 	 41.678688 	 283.323761 	 280.013458 	 3.112222 	 98920.382812 	 415.642426 
48 	 41.678688 	 283.323761 	 277.655426 	 1.700664 	 99343.273438 	 366.099365 
49 	 41.678688 	 283.323761 	 279.611938 	 2.895735 	 99592.726562 	 422.183563 
50 	 41.678688 	 283.323761 	 283.456482 	 5.066068 	 99072.148438 	 415.846008 
51 	 41.678688 	 283.323761 	 276.374573 	 5.264734 	 97621.890625 	 434.279602 
52 	 41.678688 	 283.323761 	 270.867828 	 4.239507 	 97915.250000 	 392.899475 
53 	 41.678688 	 283.323761 	 263.539825 	 3.772420 	 98309.046875 	 383.266418 
54 	 41.678688 	 283.323761 	 267.994934 	 4.218754 	 98509.242188 	 377.218353 
55 	 41.678688 	 283.323761 	 272.308716 	 3.915164 	 98226.453125 	 370.036194 
56 	 41.678688 	 283.323761 	 266.092194 	 2.699754 	 98947.492188 	 375.684143 
57 	 41.678688 	 283.323761 	 265.483582 	 3.089695 	 98857.578125 	 344.250427 
58 	 41.678688 	 283.323761 	 257.715210 	 2.975996 	 99468.851562 	 364.422607 
59 	 41.678688 	 283.323761 	 265.352448 	 3.724283 	 99050.687500 	 344.311829 
60 	 41.678688 	 283.323761 	 271.792908 	 2.253170 	 98718.710938 	 452.999146 
61 	 41.678688 	 283.323761 	 275.971344 	 3.359254 	 99008.500000 	 373.223328 
62 	 41.678688 	 283.323761 	 282.855072 	 5.905875 	 97723.632812 	 355.605530 
63 	 41.678688 	 283.323761 	 273.272400 	 2.083751 	 97812.546875 	 392.709747 
64 	 41.678688 	 283.323761 	 270.574066 	 2.507256 	 97726.937500 	 418.189178 
65 	 41.678688 	 283.323761 	 271.397766 	 3.770476 	 97466.789062 	 400.182648 
66 	 41.678688 	 283.323761 	 267.777863 	 2.808001 	 98201.523438 	 413.472382 
67 	 41.678688 	 283.323761 	 273.511963 	 4.238472 	 97691.117188 	 337.969574 
68 	 41.678688 	 283.323761 	 274.353638 	 2.863481 	 97857.976562 	 456.986328 
69 	 41.678688 	 283.323761 	 278.780182 	 3.453164 	 98154.390625 	 457.938019 
70 	 41.678688 	 283.323761 	 277.420624 	 1.514525 	 98948.882812 	 471.253357 
71 	 41.678688 	 283.323761 	 280.552277 	 3.128480 	 99308.500000 	 418.479675 
72 	 41.678688 	 283.323761 	 286.322174 	 4.435672 	 99068.046875 	 439.894775 
73 	 41.678688 	 283.323761 	 286.322937 	 3.420732 	 98512.976562 	 433.485992 
74 	 41.678688 	 283.323761 	 277.133209 	 2.783992 	 98541.656250 	 417.182800 
75 	 41.678688 	 283.323761 	 271.673126 	 2.843880 	 98429.921875 	 426.523132 
76 	 41.678688 	 283.323761 	 269.693573 	 2.350172 	 98804.859375 	 461.329468 
77 	 41.678688 	 283.323761 	 274.035645 	 3.742593 	 98246.507812 	 426.480438 
78 	 41.678688 	 283.323761 	 270.179962 	 3.918926 	 97704.257812 	 463.780334 
79 	 41.678688 	 283.323761 	 263.081299 	 4.995852 	 98251.242188 	 449.396210 
80 	 41.678688 	 283.323761 	 268.866455 	 3.300683 	 99178.226562 	 425.986389 
81 	 41.678688 	 283.323761 	 282.515503 	 4.168827 	 98386.617188 	 459.878662 
82 	 41.678688 	 283.323761 	 289.067200 	 3.430094 	 98489.718750 	 562.729187 
83 	 41.678688 	 283.323761 	 286.442749 	 1.949587 	 98979.726562 	 538.080017 
84 	 41.678688 	 283.323761 	 289.735535 	 3.543375 	 98857.601562 	 549.276123 
85 	 41.678688 	 283.323761 	 287.013092 	 1.506819 	 99039.523438 	 530.358948 
86 	 41.678688 	 283.323761 	 289.847931 	 4.324865 	 98447.476562 	 474.995728 
87 	 41.678688 	 283.323761 	 280.869751 	 3.934875 	 97804.679688 	 504.057831 
88 	 41.678688 	 283.323761 	 278.664124 	 3.695875 	 98379.343750 	 494.260071 
89 	 41.678688 	 283.323761 	 281.006256 	 1.070991 	 98863.937500 	 499.796570 
90 	 41.678688 	 283.323761 	 284.479797 	 2.413364 	 99023.148438 	 470.401672 
91 	 41.678688 	 283.323761 	 284.615356 	 3.707884 	 98780.890625 	 415.707947 
92 	 41.678688 	 283.323761 	 281.147614 	 1.194687 	 99082.992188 	 508.945190 
93 	 41.678688 	 283.323761 	 283.990753 	 3.131526 	 98986.101562 	 519.937195 
94 	 41.678688 	 283.323761 	 285.959595 	 3.273866 	 98128.093750 	 539.496216 
95 	 41.678688 	 283.323761 	 281.932648 	 2.773240 	 98128.000000 	 539.175415 
96 	 41.678688 	 283.323761 	 286.782349 	 2.734262 	 98063.039062 	 551.119263 
97 	 41.678688 	 283.323761 	 286.516174 	 3.692198 	 97219.882812 	 514.393311 
98 	 41.678688 	 283.323761 	 280.423523 	 4.606769 	 96497.609375 	 421.341949 
99 	 41.678688 	 283.323761 	 279.596039 	 6.233691 	 96847.257812 	 517.129700 
100 	 41.678688 	 283.323761 	 278.773895 	 3.517745 	 98166.062500 	 548.589417 
101 	 41.678688 	 283.323761 	 279.091248 	 2.140268 	 98630.156250 	 468.183655 
102 	 41.678688 	 283.323761 	 280.590637 	 3.915684 	 97331.046875 	 398.785675 
103 	 41.678688 	 283.323761 	 277.676758 	 3.248162 	 96605.523438 	 437.123230 
104 	 41.678688 	 283.323761 	 278.191254 	 2.664385 	 97380.531250 	 401.013428 
105 	 41.678688 	 283.323761 	 279.492432 	 1.944921 	 98382.023438 	 552.562683 
106 	 41.678688 	 283.323761 	 280.920410 	 0.870923 	 99312.937500 	 548.312561 
107 	 41.678688 	 283.323761 	 281.907532 	 0.596306 	 99299.429688 	 503.445831 
108 	 41.678688 	 283.323761 	 283.200500 	 1.076358 	 98952.632812 	 570.711853 
109 	 41.678688 	 283.323761 	 284.304443 	 1.902709 	 99071.359375 	 534.913269 
110 	 41.678688 	 283.323761 	 284.371857 	 3.441257 	 99075.773438 	 400.542328 
111 	 41.678688 	 283.323761 	 284.212616 	 3.787238 	 98568.093750 	 474.494171 
112 	 41.678688 	 283.323761 	 283.678284 	 3.153380 	 98775.812500 	 482.543091 
113 	 41.678688 	 283.323761 	 284.987305 	 1.503135 	 98794.656250 	 543.527100 
114 	 41.678688 	 283.323761 	 287.106445 	 2.581950 	 98448.171875 	 523.537415 
115 	 41.678688 	 283.323761 	 289.066803 	 4.253787 	 97978.273438 	 607.665100 
116 	 41.678688 	 283.323761 	 283.130035 	 5.162032 	 97724.070312 	 492.238007 
117 	 41.678688 	 283.323761 	 276.026855 	 5.066142 	 98326.101562 	 576.552368 
118 	 41.678688 	 283.323761 	 278.644043 	 3.063057 	 98653.250000 	 546.081299 
119 	 41.678688 	 283.323761 	 285.066406 	 4.427351 	 97885.546875 	 550.711548 
120 	 41.678688 	 283.323761 	 280.778259 	 3.633812 	 97622.226562 	 615.830933 
121 	 41.678688 	 283.323761 	 276.058014 	 3.938745 	 97999.039062 	 559.701294 
122 	 41.678688 	 283.323761 	 278.601685 	 2.397288 	 98357.882812 	 540.046814 
123 	 41.678688 	 283.323761 	 282.237823 	 3.002875 	 97304.203125 	 473.996765 
124 	 41.678688 	 283.323761 	 278.755890 	 2.715477 	 98300.296875 	 565.574097 
125 	 41.678688 	 283.323761 	 283.420471 	 3.253577 	 98679.921875 	 502.784363 
126 	 41.678688 	 283.323761 	 291.220398 	 4.338805 	 97755.476562 	 450.948975 
127 	 41.678688 	 283.323761 	 284.159973 	 4.064525 	 97924.203125 	 588.903687 
128 	 41.678688 	 283.323761 	 280.619781 	 2.802631 	 98413.937500 	 504.871552 
129 	 41.678688 	 283.323761 	 282.379974 	 1.809241 	 98515.078125 	 492.901428 
130 	 41.678688 	 283.323761 	 283.035614 	 3.128126 	 98318.429688 	 529.721680 
131 	 41.678688 	 283.323761 	 283.825562 	 3.562479 	 97302.429688 	 538.422974 
132 	 41.678688 	 283.323761 	 281.276215 	 3.978104 	 97091.140625 	 457.147980 
133 	 41.678688 	 283.323761 	 280.262207 	 3.523617 	 98003.593750 	 461.514252 
134 	 41.678688 	 283.323761 	 283.675323 	 1.932289 	 98835.640625 	 527.672241 
135 	 41.678688 	 283.323761 	 291.571869 	 1.917451 	 98807.117188 	 641.121094 
136 	 41.678688 	 283.323761 	 295.126068 	 3.098797 	 98204.867188 	 660.145996 
137 	 41.678688 	 283.323761 	 286.087677 	 4.148071 	 98712.179688 	 620.020508 
138 	 41.678688 	 283.323761 	 285.555664 	 2.154319 	 99163.953125 	 611.908264 
139 	 41.678688 	 283.323761 	 288.984833 	 3.655244 	 98263.890625 	 526.250488 
140 	 41.678688 	 283.323761 	 292.753052 	 2.074889 	 98247.187500 	 645.560669 
141 	 41.678688 	 283.323761 	 297.222717 	 3.913963 	 98049.546875 	 686.981323 
142 	 41.678688 	 283.323761 	 298.987030 	 3.480465 	 97990.726562 	 688.138184 
143 	 41.678688 	 283.323761 	 297.735382 	 1.690225 	 98164.828125 	 643.824341 
144 	 41.678688 	 283.323761 	 293.488647 	 2.361203 	 98247.273438 	 554.247742 
145 	 41.678688 	 283.323761 	 289.965515 	 2.860091 	 97482.781250 	 534.745911 
146 	 41.678688 	 283.323761 	 284.637421 	 4.617846 	 96994.492188 	 476.490509 
147 	 41.678688 	 283.323761 	 280.672577 	 4.522091 	 98223.171875 	 624.730652 
148 	 41.678688 	 283.323761 	 279.646454 	 3.366979 	 98724.476562 	 507.793457 
149 	 41.678688 	 283.323761 	 282.855286 	 2.292860 	 99006.242188 	 626.024048 
150 	 41.678688 	 283.323761 	 287.097290 	 5.259671 	 98450.562500 	 458.069641 
151 	 41.678688 	 283.323761 	 289.716461 	 2.989869 	 98019.437500 	 522.785828 
152 	 41.678688 	 283.323761 	 290.530914 	 2.931295 	 98134.273438 	 667.947998 
153 	 41.678688 	 283.323761 	 291.303802 	 2.812283 	 98268.492188 	 609.636658 
154 	 41.678688 	 283.323761 	 293.238373 	 1.987208 	 98554.281250 	 574.267578 
155 	 41.678688 	 283.323761 	 298.253723 	 3.574548 	 98604.343750 	 709.889893 
156 	 41.678688 	 283.323761 	 297.861572 	 4.601219 	 98075.593750 	 620.077698 
157 	 41.678688 	 283.323761 	 286.640106 	 4.413893 	 98312.390625 	 640.914795 
158 	 41.678688 	 283.323761 	 287.363800 	 3.777786 	 98241.070312 	 647.189087 
159 	 41.678688 	 283.323761 	 287.908722 	 2.067718 	 98285.023438 	 580.775879 
160 	 41.678688 	 283.323761 	 286.744324 	 2.562799 	 97918.906250 	 605.687561 
161 	 41.678688 	 283.323761 	 289.572296 	 2.051007 	 98298.710938 	 664.712524 
162 	 41.678688 	 283.323761 	 293.773102 	 3.319773 	 98181.882812 	 615.184937 
163 	 41.678688 	 283.323761 	 297.451599 	 3.473729 	 97916.367188 	 686.337280 
164 	 41.678688 	 283.323761 	 292.581879 	 3.374002 	 98663.226562 	 683.680420 
165 	 41.678688 	 283.323761 	 292.700012 	 2.989377 	 98970.523438 	 654.055542 
166 	 41.678688 	 283.323761 	 297.375946 	 3.112925 	 98273.117188 	 656.629761 
167 	 41.678688 	 283.323761 	 295.586243 	 2.269503 	 98019.578125 	 680.913452 
168 	 41.678688 	 283.323761 	 301.108093 	 4.019909 	 97595.546875 	 701.537598 
169 	 41.678688 	 283.323761 	 294.571747 	 4.424264 	 97959.843750 	 627.625732 
170 	 41.678688 	 283.323761 	 286.246704 	 3.954370 	 98542.593750 	 591.553589 
171 	 41.678688 	 283.323761 	 283.979187 	 4.126192 	 98074.023438 	 585.447449 
172 	 41.678688 	 283.323761 	 283.642303 	 1.859679 	 98266.101562 	 626.695557 
173 	 41.678688 	 283.323761 	 289.467712 	 3.771661 	 98023.523438 	 650.688538 
174 	 41.678688 	 283.323761 	 295.765259 	 2.063895 	 97906.398438 	 704.099976 
175 	 41.678688 	 283.323761 	 295.616180 	 1.838233 	 98596.507812 	 669.327271 
176 	 41.678688 	 283.323761 	 300.915863 	 3.917267 	 98365.289062 	 728.766113 
177 	 41.678688 	 283.323761 	 299.253296 	 4.333379 	 98245.328125 	 690.224121 
178 	 41.678688 	 283.323761 	 295.259491 	 3.588634 	 98417.179688 	 685.761292 
179 	 41.678688 	 283.323761 	 293.907196 	 3.705868 	 97921.898438 	 705.165649 
180 	 41.678688 	 283.323761 	 291.278625 	 0.825654 	 98779.187500 	 662.216980 
181 	 41.678688 	 283.323761 	 292.348389 	 1.423335 	 98978.648438 	 583.181213 
182 	 41.678688 	 283.323761 	 294.654083 	 1.585375 	 99319.093750 	 661.084717 
183 	 41.678688 	 283.323761 	 294.851044 	 4.286031 	 99218.226562 	 639.613037 
184 	 41.678688 	 283.323761 	 297.869720 	 3.406255 	 98697.281250 	 717.489990 
185 	 41.678688 	 283.323761 	 296.403564 	 1.850605 	 98351.570312 	 698.809021 
186 	 41.678688 	 283.323761 	 295.501923 	 1.681890 	 97850.429688 	 626.385986 
187 	 41.678688 	 283.323761 	 294.543671 	 2.303828 	 97871.312500 	 668.685608 
188 	 41.678688 	 283.323761 	 291.688446 	 2.072460 	 98521.546875 	 580.514587 
189 	 41.678688 	 283.323761 	 288.998749 	 2.376058 	 99016.953125 	 574.382202 
190 	 41.678688 	 283.323761 	 291.795013 	 1.025007 	 99144.882812 	 629.993286 
191 	 41.678688 	 283.323761 	 293.621216 	 2.472000 	 98937.226562 	 683.562012 
192 	 41.678688 	 283.323761 	 293.204071 	 4.266565 	 98179.507812 	 443.422455 
193 	 41.678688 	 283.323761 	 289.499451 	 3.529713 	 98603.703125 	 616.793579 
194 	 41.678688 	 283.323761 	 290.002106 	 2.082226 	 99229.617188 	 665.094055 
195 	 41.678688 	 283.323761 	 292.119904 	 1.066632 	 99163.242188 	 676.537720 
196 	 41.678688 	 283.323761 	 295.121613 	 2.644467 	 98663.101562 	 682.308105 
197 	 41.678688 	 283.323761 	 294.331970 	 3.021093 	 98003.000000 	 575.239624 
198 	 41.678688 	 283.323761 	 291.480835 	 1.839008 	 98197.812500 	 620.924316 
199 	 41.678688 	 283.323761 	 290.541626 	 2.268515 	 98545.882812 	 607.093018 
200 	 41.678688 	 283.323761 	 294.255371 	 2.841312 	 98142.757812 	 705.517944 
201 	 41.678688 	 283.323761 	 289.943298 	 1.961499 	 99110.609375 	 647.939697 
202 	 41.678688 	 283.323761 	 295.245483 	 4.505671 	 98803.812500 	 617.659058 
203 	 41.678688 	 283.323761 	 300.268372 	 2.529019 	 98527.617188 	 717.275635 
204 	 41.678688 	 283.323761 	 297.996063 	 2.221794 	 98701.812500 	 681.246460 
205 	 41.678688 	 283.323761 	 297.692078 	 3.576380 	 98322.781250 	 665.105164 
206 	 41.678688 	 283.323761 	 292.771149 	 2.506800 	 98789.078125 	 681.848755 
207 	 41.678688 	 283.323761 	 294.011627 	 5.133203 	 98123.039062 	 566.416992 
208 	 41.678688 	 283.323761 	 294.214386 	 2.501404 	 97570.328125 	 650.067871 
209 	 41.678688 	 283.323761 	 291.938782 	 1.589033 	 98217.171875 	 506.244019 
210 	 41.678688 	 283.323761 	 294.264435 	 1.571780 	 98839.203125 	 609.546753 
211 	 41.678688 	 283.323761 	 292.000061 	 2.681691 	 98946.453125 	 430.668793 
212 	 41.678688 	 283.323761 	 292.631165 	 1.593578 	 98517.460938 	 531.638062 
213 	 41.678688 	 283.323761 	 294.292206 	 1.185304 	 98732.406250 	 655.303528 
214 	 41.678688 	 283.323761 	 296.745117 	 3.033293 	 98975.328125 	 696.378906 
215 	 41.678688 	 283.323761 	 295.436035 	 3.727052 	 98640.570312 	 632.341248 
216 	 41.678688 	 283.323761 	 286.730713 	 4.187465 	 98968.960938 	 614.930542 
217 	 41.678688 	 283.323761 	 287.766113 	 1.822526 	 99015.000000 	 629.576904 
218 	 41.678688 	 283.323761 	 293.122803 	 2.410571 	 98700.406250 	 610.230774 
219 	 41.678688 	 283.323761 	 292.648773 	 1.222346 	 99180.726562 	 651.874512 
220 	 41.678688 	 283.323761 	 296.842255 	 3.432573 	 99133.390625 	 660.209595 
221 	 41.678688 	 283.323761 	 296.496765 	 1.961415 	 98854.156250 	 647.505432 
222 	 41.678688 	 283.323761 	 297.855957 	 2.021952 	 98881.250000 	 664.473022 
223 	 41.678688 	 283.323761 	 301.197815 	 2.703829 	 98726.046875 	 672.733643 
224 	 41.678688 	 283.323761 	 303.141968 	 3.063463 	 98503.226562 	 675.566589 
225 	 41.678688 	 283.323761 	 301.818054 	 1.917064 	 98605.500000 	 658.877441 
226 	 41.678688 	 283.323761 	 300.351013 	 2.293449 	 98372.781250 	 669.266724 
227 	 41.678688 	 283.323761 	 297.787811 	 1.790115 	 98457.882812 	 637.574219 
228 	 41.678688 	 283.323761 	 295.195099 	 1.567688 	 98701.296875 	 546.776855 
229 	 41.678688 	 283.323761 	 296.876190 	 2.299931 	 98353.976562 	 632.004761 
230 	 41.678688 	 283.323761 	 293.228424 	 2.251549 	 98517.046875 	 644.402588 
231 	 41.678688 	 283.323761 	 294.780914 	 1.362907 	 98489.578125 	 608.919373 
232 	 41.678688 	 283.323761 	 295.188324 	 2.875691 	 98601.226562 	 544.326477 
233 	 41.678688 	 283.323761 	 297.459259 	 4.052294 	 98174.867188 	 607.006287 
234 	 41.678688 	 283.323761 	 295.644684 	 2.479929 	 98571.617188 	 636.783203 
235 	 41.678688 	 283.323761 	 296.169159 	 2.819965 	 98568.523438 	 599.163452 
236 	 41.678688 	 283.323761 	 297.271393 	 2.551049 	 98232.476562 	 600.623169 
237 	 41.678688 	 283.323761 	 294.348450 	 2.896208 	 98262.492188 	 621.098022 
238 	 41.678688 	 283.323761 	 293.157104 	 1.128915 	 98035.242188 	 620.786987 
239 	 41.678688 	 283.323761 	 293.784393 	 2.315658 	 97942.976562 	 620.437256 
240 	 41.678688 	 283.323761 	 291.166443 	 1.390169 	 98413.796875 	 509.220581 
241 	 41.678688 	 283.323761 	 295.295288 	 2.937630 	 97969.156250 	 516.848145 
242 	 41.678688 	 283.323761 	 296.299866 	 2.034400 	 98006.781250 	 595.662842 
243 	 41.678688 	 283.323761 	 300.834137 	 2.117810 	 98325.070312 	 626.512756 
244 	 41.678688 	 283.323761 	 298.742615 	 1.954889 	 98829.031250 	 590.908997 
245 	 41.678688 	 283.323761 	 299.591858 	 2.590952 	 98510.539062 	 611.618408 
246 	 41.678688 	 283.323761 	 293.294037 	 2.307359 	 98665.156250 	 513.544189 
247 	 41.678688 	 283.323761 	 290.486847 	 1.304532 	 99406.679688 	 579.270996 
248 	 41.678688 	 283.323761 	 296.255585 	 3.140858 	 99537.031250 	 607.441895 
249 	 41.678688 	 283.323761 	 296.315613 	 3.310966 	 99243.789062 	 600.358521 
250 	 41.678688 	 283.323761 	 294.787048 	 2.079193 	 99095.421875 	 587.055176 
251 	 41.678688 	 283.323761 	 290.870819 	 2.380835 	 99325.617188 	 467.366760 
252 	 41.678688 	 283.323761 	 286.407227 	 1.932359 	 99985.296875 	 540.954285 
253 	 41.678688 	 283.323761 	 290.790283 	 3.507071 	 99567.398438 	 575.632568 
254 	 41.678688 	 283.323761 	 296.648010 	 2.884754 	 99001.492188 	 614.798950 
255 	 41.678688 	 283.323761 	 295.623169 	 1.737641 	 98986.656250 	 587.410156 
256 	 41.678688 	 283.323761 	 294.034149 	 1.202538 	 99299.406250 	 579.863831 
257 	 41.678688 	 283.323761 	 292.467773 	 2.762687 	 99641.578125 	 503.439026 
258 	 41.678688 	 283.323761 	 295.315308 	 3.390904 	 99222.000000 	 588.411438 
259 	 41.678688 	 283.323761 	 295.547455 	 2.065184 	 99057.453125 	 528.540405 
260 	 41.678688 	 283.323761 	 294.791412 	 1.461139 	 99279.562500 	 562.494568 
261 	 41.678688 	 283.323761 	 293.780884 	 1.883785 	 99364.843750 	 490.240326 
262 	 41.678688 	 283.323761 	 291.738037 	 1.025800 	 99178.093750 	 461.564636 
263 	 41.678688 	 283.323761 	 293.071808 	 1.129710 	 98897.757812 	 530.278687 
264 	 41.678688 	 283.323761 	 292.357605 	 1.525037 	 98703.101562 	 513.940918 
265 	 41.678688 	 283.323761 	 292.298065 	 1.674197 	 98794.960938 	 503.834808 
266 	 41.678688 	 283.323761 	 289.961395 	 4.930027 	 98701.546875 	 437.650146 
267 	 41.678688 	 283.323761 	 288.329010 	 3.049428 	 98009.859375 	 539.306396 
268 	 41.678688 	 283.323761 	 289.489136 	 1.500230 	 98058.281250 	 537.244019 
269 	 41.678688 	 283.323761 	 289.908264 	 3.094042 	 97984.953125 	 501.755554 
270 	 41.678688 	 283.323761 	 284.913483 	 1.892747 	 98511.968750 	 481.223724 
271 	 41.678688 	 283.323761 	 285.322693 	 1.070774 	 99078.570312 	 492.108185 
272 	 41.678688 	 283.323761 	 289.469849 	 3.776740 	 98946.226562 	 519.712158 
273 	 41.678688 	 283.323761 	 286.854889 	 2.029412 	 98842.781250 	 478.445557 
274 	 41.678688 	 283.323761 	 283.914459 	 1.064123 	 99005.039062 	 502.198730 
275 	 41.678688 	 283.323761 	 283.027924 	 3.245614 	 98603.648438 	 449.313965 
276 	 41.678688 	 283.323761 	 281.153107 	 3.857518 	 98359.906250 	 504.276123 
277 	 41.678688 	 283.323761 	 283.056122 	 2.564337 	 98706.210938 	 509.603577 
278 	 41.678688 	 283.323761 	 282.362091 	 1.629512 	 98752.796875 	 390.694122 
279 	 41.678688 	 283.323761 	 277.674744 	 2.907622 	 99453.500000 	 435.585449 
280 	 41.678688 	 283.323761 	 274.479309 	 1.287748 	 99476.562500 	 431.883972 
281 	 41.678688 	 283.323761 	 277.090393 	 1.809728 	 99137.882812 	 444.457336 
282 	 41.678688 	 283.323761 	 285.998352 	 1.795864 	 98498.453125 	 481.304443 
283 	 41.678688 	 283.323761 	 285.712067 	 0.935252 	 98622.031250 	 417.996704 
284 	 41.678688 	 283.323761 	 286.982025 	 1.775118 	 98707.382812 	 440.163666 
285 	 41.678688 	 283.323761 	 285.931702 	 2.002684 	 99047.382812 	 403.527771 
286 	 41.678688 	 283.323761 	 285.765869 	 3.348757 	 98175.953125 	 460.067383 
287 	 41.678688 	 283.323761 	 281.335724 	 4.160817 	 98601.453125 	 458.254333 
288 	 41.678688 	 283.323761 	 278.879120 	 1.934603 	 99351.679688 	 418.224854 
289 	 41.678688 	 283.323761 	 287.844849 	 2.436029 	 98593.203125 	 424.880005 
290 	 41.678688 	 283.323761 	 286.429626 	 1.889847 	 98561.156250 	 466.683838 
291 	 41.678688 	 283.323761 	 282.006012 	 1.727090 	 98476.453125 	 432.674347 
292 	 41.678688 	 283.323761 	 281.352722 	 2.929482 	 99001.906250 	 446.541412 
293 	 41.678688 	 283.323761 	 288.387054 	 2.449745 	 98450.757812 	 453.019714 
294 	 41.678688 	 283.323761 	 282.290039 	 1.264463 	 99082.726562 	 442.955170 
295 	 41.678688 	 283.323761 	 286.234314 	 3.136691 	 99345.398438 	 463.471741 
296 	 41.678688 	 283.323761 	 290.291748 	 3.521809 	 98763.437500 	 441.462463 
297 	 41.678688 	 283.323761 	 279.722626 	 3.573598 	 99369.679688 	 438.973022 
298 	 41.678688 	 283.323761 	 277.292664 	 4.876418 	 99264.117188 	 324.183167 
299 	 41.678688 	 283.323761 	 278.691406 	 4.555749 	 97836.046875 	 450.512756 
300 	 41.678688 	 283.323761 	 274.137848 	 3.073088 	 98498.679688 	 352.829041 
301 	 41.678688 	 283.323761 	 278.465607 	 3.748728 	 98457.828125 	 396.627350 
302 	 41.678688 	 283.323761 	 279.628082 	 3.179020 	 98741.171875 	 417.306458 
303 	 41.678688 	 283.323761 	 273.732635 	 2.223996 	 99864.242188 	 399.613403 
304 	 41.678688 	 283.323761 	 282.204376 	 4.529959 	 99157.273438 	 368.935699 
305 	 41.678688 	 283.323761 	 275.038177 	 3.513395 	 99862.710938 	 404.272522 
306 	 41.678688 	 283.323761 	 272.508301 	 1.893107 	 100336.500000 	 376.753052 
307 	 41.678688 	 283.323761 	 281.934692 	 5.274772 	 99298.226562 	 375.781128 
308 	 41.678688 	 283.323761 	 280.757721 	 4.964022 	 98989.906250 	 414.004242 
309 	 41.678688 	 283.323761 	 278.615814 	 2.652866 	 99419.656250 	 380.257324 
310 	 41.678688 	 283.323761 	 277.049072 	 2.494335 	 99359.031250 	 386.290466 
311 	 41.678688 	 283.323761 	 285.028656 	 5.556544 	 97320.953125 	 390.646027 
312 	 41.678688 	 283.323761 	 279.479218 	 4.521560 	 96936.679688 	 387.738312 
313 	 41.678688 	 283.323761 	 270.068970 	 4.176195 	 98044.429688 	 336.587280 
314 	 41.678688 	 283.323761 	 271.730865 	 3.592305 	 99378.101562 	 363.491486 
315 	 41.678688 	 283.323761 	 272.899597 	 1.597769 	 99846.687500 	 350.660583 
316 	 41.678688 	 283.323761 	 279.258636 	 2.844252 	 99083.078125 	 359.743958 
317 	 41.678688 	 283.323761 	 278.029419 	 2.475680 	 98762.898438 	 380.767914 
318 	 41.678688 	 283.323761 	 274.590637 	 2.595765 	 98597.226562 	 349.790863 
319 	 41.678688 	 283.323761 	 271.551331 	 3.400604 	 98429.101562 	 359.997772 
320 	 41.678688 	 283.323761 	 270.211792 	 2.403089 	 99130.703125 	 333.685150 
321 	 41.678688 	 283.323761 	 270.300323 	 1.100911 	 99207.460938 	 345.618591 
322 	 41.678688 	 283.323761 	 272.250214 	 1.518515 	 99364.632812 	 341.773499 
323 	 41.678688 	 283.323761 	 273.671326 	 4.470399 	 99339.656250 	 307.568359 
324 	 41.678688 	 283.323761 	 277.705261 	 2.302173 	 98276.117188 	 349.699799 
325 	 41.678688 	 283.323761 	 276.843933 	 2.296821 	 97317.367188 	 337.048340 
326 	 41.678688 	 283.323761 	 276.792511 	 2.894858 	 97994.343750 	 394.833984 
327 	 41.678688 	 283.323761 	 278.256897 	 1.983036 	 99004.726562 	 373.230286 
328 	 41.678688 	 283.323761 	 277.907288 	 3.714419 	 98991.273438 	 375.812042 
329 	 41.678688 	 283.323761 	 271.389374 	 2.308044 	 100112.101562 	 336.337555 
330 	 41.678688 	 283.323761 	 276.659637 	 4.537649 	 99424.453125 	 338.954895 
331 	 41.678688 	 283.323761 	 283.225006 	 3.433452 	 98286.773438 	 363.612946 
332 	 41.678688 	 283.323761 	 277.921631 	 1.446584 	 98725.570312 	 395.053162 
333 	 41.678688 	 283.323761 	 272.587402 	 2.383014 	 98811.453125 	 339.704468 
334 	 41.678688 	 283.323761 	 271.594879 	 3.831283 	 99236.343750 	 309.994385 
335 	 41.678688 	 283.323761 	 277.412567 	 4.923417 	 98508.101562 	 336.975311 
336 	 41.678688 	 283.323761 	 271.572693 	 3.327991 	 98778.507812 	 323.639893 
337 	 41.678688 	 283.323761 	 268.308838 	 3.176895 	 99390.156250 	 316.014374 
338 	 41.678688 	 283.323761 	 270.193085 	 5.438656 	 98956.906250 	 292.296234 
339 	 41.678688 	 283.323761 	 268.180420 	 2.623485 	 99169.351562 	 307.575287 
340 	 41.678688 	 283.323761 	 267.351746 	 1.961194 	 98970.828125 	 279.967285 
341 	 41.678688 	 283.323761 	 265.681152 	 5.057084 	 98376.500000 	 295.878082 
342 	 41.678688 	 283.323761 	 267.837616 	 2.964149 	 99117.812500 	 301.146576 
343 	 41.678688 	 283.323761 	 272.616486 	 3.765810 	 99186.117188 	 362.741913 
344 	 41.678688 	 283.323761 	 272.038635 	 1.609146 	 99544.953125 	 329.654480 
345 	 41.678688 	 283.323761 	 278.184479 	 3.647958 	 98516.781250 	 355.223602 
346 	 41.678688 	 283.323761 	 275.884552 	 2.968233 	 97727.437500 	 358.314819 
347 	 41.678688 	 283.323761 	 275.829987 	 3.314872 	 98212.046875 	 350.445374 
348 	 41.678688 	 283.323761 	 271.707336 	 1.936435 	 99293.218750 	 313.834625 
349 	 41.678688 	 283.323761 	 277.130524 	 2.998587 	 98538.046875 	 342.353058 
350 	 41.678688 	 283.323761 	 273.777161 	 2.916841 	 98653.976562 	 316.770294 
351 	 41.678688 	 283.323761 	 278.230560 	 4.642630 	 97458.437500 	 364.189148 
352 	 41.678688 	 283.323761 	 272.196625 	 3.280430 	 98563.070312 	 323.642395 
353 	 41.678688 	 283.323761 	 270.035797 	 2.273302 	 100050.703125 	 308.556396 
354 	 41.678688 	 283.323761 	 269.978210 	 2.507578 	 100587.000000 	 278.830353 
355 	 41.678688 	 283.323761 	 275.419403 	 2.581713 	 99851.531250 	 344.557678 
356 	 41.678688 	 283.323761 	 283.776978 	 4.721706 	 98304.203125 	 379.905823 
357 	 41.678688 	 283.323761 	 280.685638 	 3.132687 	 97894.390625 	 358.727142 
358 	 41.678688 	 283.323761 	 277.017090 	 2.332544 	 99022.359375 	 377.428101 
359 	 41.678688 	 283.323761 	 277.975952 	 2.780742 	 99161.906250 	 342.115234 
360 	 41.678688 	 283.323761 	 273.344391 	 0.982879 	 99449.890625 	 334.040955 
361 	 41.678688 	 283.323761 	 278.267670 	 4.572971 	 98719.437500 	 346.305481 
362 	 41.678688 	 283.323761 	 280.619934 	 3.665494 	 98070.609375 	 363.797455 
363 	 41.678688 	 283.323761 	 275.794495 	 1.988704 	 99172.531250 	 340.831451 
364 	 41.678688 	 283.323761 	 282.426178 	 6.187901 	 97852.101562 	 348.043854 
