# 0: Day of Year [-] 	 1: lat [deg] 	 2: lon [deg] 	 3: tas [K] 	 4: sfcWind [m s-1] 	 5: ps [Pa] 	 6: Total Downwelling Rad Flux [W m-2] 
0 	 41.678688 	 283.323761 	 273.492126 	 2.361604 	 98967.726562 	 326.098602 
1 	 41.678688 	 283.323761 	 272.655426 	 4.131197 	 98488.578125 	 282.504395 
2 	 41.678688 	 283.323761 	 265.621216 	 3.513985 	 99095.539062 	 281.598297 
3 	 41.678688 	 283.323761 	 268.684296 	 4.130440 	 98590.343750 	 316.234985 
4 	 41.678688 	 283.323761 	 271.549255 	 2.909755 	 99358.859375 	 322.452454 
5 	 41.678688 	 283.323761 	 277.045410 	 4.818946 	 98716.507812 	 333.845612 
6 	 41.678688 	 283.323761 	 271.662598 	 2.299670 	 98497.617188 	 347.359619 
7 	 41.678688 	 283.323761 	 269.421814 	 5.194691 	 97859.156250 	 318.015442 
8 	 41.678688 	 283.323761 	 263.445618 	 3.928757 	 99007.546875 	 264.845245 
9 	 41.678688 	 283.323761 	 261.087677 	 2.717847 	 99718.093750 	 262.944824 
10 	 41.678688 	 283.323761 	 265.081207 	 2.289103 	 99756.250000 	 296.161835 
11 	 41.678688 	 283.323761 	 265.035461 	 2.038736 	 99554.882812 	 296.207489 
12 	 41.678688 	 283.323761 	 267.870728 	 3.561680 	 99408.953125 	 317.236053 
13 	 41.678688 	 283.323761 	 271.359253 	 4.604881 	 97393.078125 	 328.061493 
14 	 41.678688 	 283.323761 	 267.373535 	 4.638565 	 97622.000000 	 283.308777 
15 	 41.678688 	 283.323761 	 269.960052 	 5.892879 	 97423.757812 	 315.879272 
16 	 41.678688 	 283.323761 	 257.125824 	 3.954783 	 99728.601562 	 271.614594 
17 	 41.678688 	 283.323761 	 261.012207 	 2.376040 	 100231.796875 	 289.541016 
18 	 41.678688 	 283.323761 	 267.596649 	 4.179915 	 99630.656250 	 298.092224 
19 	 41.678688 	 283.323761 	 270.111206 	 3.027834 	 98580.226562 	 333.157196 
20 	 41.678688 	 283.323761 	 265.706268 	 3.833656 	 98660.796875 	 317.974792 
21 	 41.678688 	 283.323761 	 269.236176 	 3.088303 	 98620.953125 	 271.664551 
22 	 41.678688 	 283.323761 	 270.761780 	 2.214032 	 99887.117188 	 368.213898 
23 	 41.678688 	 283.323761 	 270.130768 	 0.701789 	 100753.203125 	 347.140259 
24 	 41.678688 	 283.323761 	 275.526367 	 2.508955 	 100202.898438 	 330.453918 
25 	 41.678688 	 283.323761 	 276.849335 	 2.202534 	 99389.007812 	 332.694000 
26 	 41.678688 	 283.323761 	 274.565948 	 3.544848 	 99624.531250 	 341.193573 
27 	 41.678688 	 283.323761 	 273.889069 	 2.906284 	 98731.406250 	 331.817780 
28 	 41.678688 	 283.323761 	 273.003845 	 2.632788 	 96544.359375 	 333.894440 
29 	 41.678688 	 283.323761 	 269.765137 	 4.799267 	 96487.023438 	 357.094360 
30 	 41.678688 	 283.323761 	 267.321625 	 2.727914 	 97367.476562 	 341.423157 
31 	 41.678688 	 283.323761 	 274.764313 	 4.124903 	 96808.828125 	 372.033630 
32 	 41.678688 	 283.323761 	 271.662018 	 2.820693 	 98630.703125 	 356.656677 
33 	 41.678688 	 283.323761 	 277.961548 	 4.242531 	 99276.703125 	 380.089355 
34 	 41.678688 	 283.323761 	 282.346008 	 4.825386 	 98750.671875 	 411.046509 
35 	 41.678688 	 283.323761 	 282.412323 	 3.109609 	 98807.882812 	 380.297546 
36 	 41.678688 	 283.323761 	 279.342590 	 3.030203 	 98916.953125 	 381.278595 
37 	 41.678688 	 283.323761 	 270.060791 	 2.390779 	 100269.500000 	 360.081116 
38 	 41.678688 	 283.323761 	 278.670380 	 4.691770 	 99171.218750 	 374.205292 
39 	 41.678688 	 283.323761 	 282.233704 	 4.449700 	 98114.046875 	 369.077911 
40 	 41.678688 	 283.323761 	 275.320221 	 3.681900 	 99039.007812 	 377.940735 
41 	 41.678688 	 283.323761 	 270.751953 	 3.512131 	 100125.203125 	 367.776428 
42 	 41.678688 	 283.323761 	 270.161957 	 3.151582 	 100860.203125 	 372.265320 
43 	 41.678688 	 283.323761 	 279.773499 	 6.932243 	 98851.906250 	 372.173462 
44 	 41.678688 	 283.323761 	 273.554626 	 5.051845 	 98406.023438 	 377.938354 
45 	 41.678688 	 283.323761 	 271.456573 	 4.391115 	 98567.062500 	 370.081360 
46 	 41.678688 	 283.323761 	 271.089233 	 2.885748 	 98702.820312 	 373.266907 
47 	 41.678688 	 283.323761 	 269.775848 	 1.254775 	 99091.242188 	 300.137756 
48 	 41.678688 	 283.323761 	 270.518005 	 3.017647 	 98915.546875 	 337.425568 
49 	 41.678688 	 283.323761 	 268.798187 	 4.767762 	 98193.906250 	 346.972076 
50 	 41.678688 	 283.323761 	 267.255829 	 1.760009 	 99649.929688 	 388.549683 
51 	 41.678688 	 283.323761 	 272.302521 	 3.037346 	 99904.687500 	 379.506592 
52 	 41.678688 	 283.323761 	 276.858795 	 2.176956 	 99613.828125 	 344.951660 
53 	 41.678688 	 283.323761 	 280.997284 	 3.116602 	 99390.593750 	 411.260925 
54 	 41.678688 	 283.323761 	 282.434814 	 2.814534 	 98859.687500 	 459.951721 
55 	 41.678688 	 283.323761 	 276.944458 	 2.877911 	 99128.843750 	 394.330688 
56 	 41.678688 	 283.323761 	 275.904907 	 1.874924 	 99353.156250 	 440.349365 
57 	 41.678688 	 283.323761 	 274.894104 	 1.872661 	 99469.250000 	 357.613312 
58 	 41.678688 	 283.323761 	 279.278961 	 3.218874 	 99286.453125 	 389.824738 
59 	 41.678688 	 283.323761 	 284.132080 	 2.057616 	 98912.148438 	 447.321136 
60 	 41.678688 	 283.323761 	 288.344238 	 4.432803 	 98191.656250 	 462.033905 
61 	 41.678688 	 283.323761 	 285.289307 	 2.444336 	 98505.117188 	 419.125122 
62 	 41.678688 	 283.323761 	 287.656067 	 5.899632 	 97874.648438 	 410.722748 
63 	 41.678688 	 283.323761 	 277.434265 	 3.660658 	 98435.468750 	 442.748962 
64 	 41.678688 	 283.323761 	 274.727478 	 2.135809 	 98903.421875 	 395.249695 
65 	 41.678688 	 283.323761 	 278.526825 	 1.111017 	 98203.437500 	 414.278564 
66 	 41.678688 	 283.323761 	 278.966309 	 2.218685 	 97771.648438 	 372.031128 
67 	 41.678688 	 283.323761 	 274.406189 	 3.688815 	 97906.406250 	 460.584869 
68 	 41.678688 	 283.323761 	 276.267639 	 3.207967 	 98739.156250 	 477.367615 
69 	 41.678688 	 283.323761 	 280.324127 	 4.160688 	 98693.843750 	 433.650879 
70 	 41.678688 	 283.323761 	 284.413605 	 4.840993 	 97456.992188 	 438.612091 
71 	 41.678688 	 283.323761 	 277.435516 	 2.446080 	 98067.148438 	 460.866943 
72 	 41.678688 	 283.323761 	 277.234070 	 3.583908 	 97792.312500 	 433.083710 
73 	 41.678688 	 283.323761 	 276.088165 	 3.960690 	 97624.648438 	 460.956085 
74 	 41.678688 	 283.323761 	 277.783997 	 2.373072 	 98802.132812 	 475.556335 
75 	 41.678688 	 283.323761 	 286.756287 	 3.344155 	 98827.843750 	 505.228546 
76 	 41.678688 	 283.323761 	 288.196869 	 4.532620 	 98618.039062 	 452.064575 
77 	 41.678688 	 283.323761 	 287.552795 	 3.998916 	 98426.773438 	 432.766907 
78 	 41.678688 	 283.323761 	 286.972015 	 2.573581 	 98645.328125 	 525.312744 
79 	 41.678688 	 283.323761 	 281.163177 	 2.596144 	 97741.531250 	 400.700531 
80 	 41.678688 	 283.323761 	 279.171844 	 2.519445 	 97896.437500 	 378.541290 
81 	 41.678688 	 283.323761 	 278.106537 	 3.779320 	 97816.726562 	 494.092804 
82 	 41.678688 	 283.323761 	 275.669006 	 2.938817 	 98518.773438 	 445.089233 
83 	 41.678688 	 283.323761 	 277.396484 	 2.884098 	 98745.906250 	 493.751099 
84 	 41.678688 	 283.323761 	 282.232513 	 4.064773 	 98632.101562 	 497.756592 
85 	 41.678688 	 283.323761 	 277.232513 	 3.181327 	 99697.156250 	 518.981873 
86 	 41.678688 	 283.323761 	 281.346466 	 4.307090 	 99521.500000 	 401.919067 
87 	 41.678688 	 283.323761 	 285.689941 	 5.979580 	 96906.468750 	 415.219757 
88 	 41.678688 	 283.323761 	 277.911499 	 4.104749 	 97805.453125 	 517.104492 
89 	 41.678688 	 283.323761 	 278.435242 	 2.129529 	 99133.242188 	 477.277435 
90 	 41.678688 	 283.323761 	 285.139740 	 4.030740 	 99422.031250 	 507.988037 
91 	 41.678688 	 283.323761 	 287.135529 	 5.116043 	 98881.781250 	 568.321167 
92 	 41.678688 	 283.323761 	 279.020569 	 4.924818 	 97147.382812 	 410.518616 
93 	 41.678688 	 283.323761 	 272.989014 	 4.597723 	 98091.656250 	 494.371582 
94 	 41.678688 	 283.323761 	 274.737793 	 4.159554 	 98995.976562 	 381.354950 
95 	 41.678688 	 283.323761 	 274.473572 	 4.509592 	 98827.906250 	 520.611267 
96 	 41.678688 	 283.323761 	 277.944031 	 2.287894 	 99250.507812 	 517.320618 
97 	 41.678688 	 283.323761 	 286.555756 	 3.059458 	 98754.562500 	 560.441895 
98 	 41.678688 	 283.323761 	 286.412506 	 3.150898 	 98707.828125 	 402.356506 
99 	 41.678688 	 283.323761 	 289.785767 	 4.547479 	 98598.171875 	 591.620789 
100 	 41.678688 	 283.323761 	 290.839874 	 5.679739 	 98481.476562 	 547.232727 
101 	 41.678688 	 283.323761 	 288.392639 	 5.940622 	 98103.429688 	 410.696991 
102 	 41.678688 	 283.323761 	 276.048645 	 5.537107 	 97017.000000 	 366.209656 
103 	 41.678688 	 283.323761 	 274.753845 	 5.099662 	 97154.531250 	 446.235474 
104 	 41.678688 	 283.323761 	 282.381622 	 2.376935 	 98512.812500 	 566.993164 
105 	 41.678688 	 283.323761 	 289.039185 	 3.430892 	 98729.773438 	 495.126526 
106 	 41.678688 	 283.323761 	 289.611969 	 4.853940 	 98463.601562 	 498.424133 
107 	 41.678688 	 283.323761 	 286.513580 	 3.095201 	 98048.617188 	 422.845184 
108 	 41.678688 	 283.323761 	 279.427856 	 4.175717 	 97402.578125 	 525.174316 
109 	 41.678688 	 283.323761 	 275.475983 	 3.020176 	 98103.093750 	 534.901917 
110 	 41.678688 	 283.323761 	 278.291382 	 5.348497 	 98011.289062 	 559.400146 
111 	 41.678688 	 283.323761 	 275.177063 	 3.147510 	 98660.406250 	 474.176483 
112 	 41.678688 	 283.323761 	 275.754517 	 1.870860 	 99764.632812 	 546.668457 
113 	 41.678688 	 283.323761 	 285.291901 	 5.541118 	 99441.718750 	 595.975769 
114 	 41.678688 	 283.323761 	 285.443512 	 3.693805 	 98708.703125 	 526.894775 
115 	 41.678688 	 283.323761 	 278.652710 	 3.262051 	 99145.796875 	 575.044495 
116 	 41.678688 	 283.323761 	 281.122253 	 2.313167 	 99683.476562 	 568.393433 
117 	 41.678688 	 283.323761 	 285.820038 	 2.802479 	 99131.039062 	 544.817078 
118 	 41.678688 	 283.323761 	 286.710327 	 2.500866 	 98070.718750 	 549.143127 
119 	 41.678688 	 283.323761 	 281.974030 	 3.232365 	 98468.710938 	 593.758545 
120 	 41.678688 	 283.323761 	 280.893677 	 1.726007 	 98983.117188 	 407.865845 
121 	 41.678688 	 283.323761 	 282.232666 	 2.257516 	 98783.273438 	 484.120148 
122 	 41.678688 	 283.323761 	 282.641388 	 3.436653 	 98735.726562 	 496.519653 
123 	 41.678688 	 283.323761 	 283.696686 	 1.425878 	 99107.773438 	 606.506531 
124 	 41.678688 	 283.323761 	 287.366333 	 1.585221 	 99028.773438 	 542.606812 
125 	 41.678688 	 283.323761 	 290.453217 	 2.308378 	 99062.960938 	 583.585754 
126 	 41.678688 	 283.323761 	 289.998169 	 2.901705 	 98705.671875 	 483.370056 
127 	 41.678688 	 283.323761 	 291.308044 	 1.954392 	 97936.953125 	 611.948364 
128 	 41.678688 	 283.323761 	 292.792755 	 1.202268 	 98404.929688 	 641.317749 
129 	 41.678688 	 283.323761 	 293.252930 	 4.018531 	 98582.773438 	 565.430664 
130 	 41.678688 	 283.323761 	 291.330627 	 3.131636 	 97385.421875 	 490.291687 
131 	 41.678688 	 283.323761 	 286.854584 	 2.024370 	 97099.882812 	 503.950989 
132 	 41.678688 	 283.323761 	 285.005676 	 2.155205 	 97372.781250 	 552.075989 
133 	 41.678688 	 283.323761 	 283.905396 	 2.666734 	 98038.476562 	 424.632294 
134 	 41.678688 	 283.323761 	 284.137787 	 2.474073 	 98737.460938 	 574.466248 
135 	 41.678688 	 283.323761 	 283.233704 	 1.714584 	 99181.882812 	 526.461121 
136 	 41.678688 	 283.323761 	 284.965332 	 2.455135 	 99298.773438 	 592.496704 
137 	 41.678688 	 283.323761 	 287.014526 	 2.745669 	 98887.578125 	 570.358032 
138 	 41.678688 	 283.323761 	 289.726990 	 3.684986 	 98367.937500 	 647.099487 
139 	 41.678688 	 283.323761 	 286.924408 	 1.300389 	 98747.851562 	 506.217285 
140 	 41.678688 	 283.323761 	 292.683899 	 2.549337 	 98402.406250 	 651.601318 
141 	 41.678688 	 283.323761 	 293.467743 	 3.871668 	 98033.398438 	 627.119873 
142 	 41.678688 	 283.323761 	 284.164551 	 3.006496 	 99044.351562 	 508.891327 
143 	 41.678688 	 283.323761 	 284.874603 	 1.406317 	 98888.156250 	 523.938599 
144 	 41.678688 	 283.323761 	 288.977631 	 1.118780 	 98591.156250 	 608.054688 
145 	 41.678688 	 283.323761 	 292.272308 	 3.648314 	 98109.421875 	 640.643311 
146 	 41.678688 	 283.323761 	 293.178894 	 3.931164 	 97584.671875 	 620.169556 
147 	 41.678688 	 283.323761 	 288.408081 	 3.308278 	 98640.203125 	 670.808777 
148 	 41.678688 	 283.323761 	 286.242645 	 1.472169 	 99134.750000 	 637.544678 
149 	 41.678688 	 283.323761 	 290.647339 	 2.055737 	 98958.882812 	 665.351562 
150 	 41.678688 	 283.323761 	 294.782715 	 2.690392 	 98598.593750 	 684.517334 
151 	 41.678688 	 283.323761 	 296.464752 	 2.104922 	 98434.750000 	 690.385620 
152 	 41.678688 	 283.323761 	 294.259064 	 1.199295 	 98916.257812 	 669.951782 
153 	 41.678688 	 283.323761 	 295.949341 	 2.414248 	 98808.507812 	 669.909546 
154 	 41.678688 	 283.323761 	 296.650635 	 2.915341 	 98358.140625 	 693.836243 
155 	 41.678688 	 283.323761 	 295.168274 	 2.315042 	 97726.859375 	 616.315308 
156 	 41.678688 	 283.323761 	 289.212769 	 4.605227 	 98074.773438 	 671.017761 
157 	 41.678688 	 283.323761 	 286.755890 	 1.420756 	 98551.453125 	 594.983398 
158 	 41.678688 	 283.323761 	 288.398773 	 3.214335 	 99442.812500 	 662.187073 
159 	 41.678688 	 283.323761 	 285.404083 	 2.166300 	 99120.726562 	 494.393372 
160 	 41.678688 	 283.323761 	 288.147430 	 1.788883 	 98746.710938 	 629.212646 
161 	 41.678688 	 283.323761 	 290.544861 	 2.175283 	 98851.632812 	 675.639282 
162 	 41.678688 	 283.323761 	 292.658478 	 1.597815 	 98768.023438 	 645.329590 
163 	 41.678688 	 283.323761 	 295.192261 	 2.983540 	 98760.421875 	 700.501160 
164 	 41.678688 	 283.323761 	 295.737457 	 4.740096 	 98338.882812 	 666.638916 
165 	 41.678688 	 283.323761 	 287.917328 	 2.722165 	 98883.890625 	 633.302551 
166 	 41.678688 	 283.323761 	 291.019989 	 3.104612 	 99174.546875 	 674.375488 
167 	 41.678688 	 283.323761 	 295.634705 	 5.117399 	 98793.187500 	 657.937500 
168 	 41.678688 	 283.323761 	 293.867676 	 3.241158 	 98528.617188 	 705.218445 
169 	 41.678688 	 283.323761 	 288.825714 	 3.065245 	 99262.062500 	 668.138733 
170 	 41.678688 	 283.323761 	 288.808655 	 1.734185 	 99481.406250 	 665.041992 
171 	 41.678688 	 283.323761 	 294.311890 	 3.028029 	 99117.031250 	 685.017883 
172 	 41.678688 	 283.323761 	 296.548004 	 2.094553 	 98813.468750 	 683.568237 
173 	 41.678688 	 283.323761 	 296.456787 	 2.249076 	 98552.203125 	 672.824646 
174 	 41.678688 	 283.323761 	 295.967743 	 1.548968 	 98887.773438 	 659.236694 
175 	 41.678688 	 283.323761 	 295.906708 	 2.363511 	 98911.171875 	 690.233704 
176 	 41.678688 	 283.323761 	 294.681580 	 3.396117 	 98725.382812 	 612.877319 
177 	 41.678688 	 283.323761 	 294.828949 	 1.538734 	 98455.843750 	 633.186951 
178 	 41.678688 	 283.323761 	 296.109283 	 2.405986 	 98146.218750 	 716.210693 
179 	 41.678688 	 283.323761 	 291.326416 	 3.500866 	 97824.843750 	 629.151672 
180 	 41.678688 	 283.323761 	 290.419739 	 3.938794 	 97774.523438 	 620.010620 
181 	 41.678688 	 283.323761 	 290.445099 	 2.642164 	 98098.898438 	 663.045105 
182 	 41.678688 	 283.323761 	 291.560181 	 3.207565 	 98121.929688 	 636.610596 
183 	 41.678688 	 283.323761 	 292.156921 	 3.232421 	 97807.179688 	 672.528931 
184 	 41.678688 	 283.323761 	 292.253510 	 2.197725 	 98132.796875 	 677.406921 
185 	 41.678688 	 283.323761 	 293.335724 	 1.214021 	 98620.257812 	 658.406799 
186 	 41.678688 	 283.323761 	 297.284302 	 1.968055 	 98775.382812 	 654.991394 
187 	 41.678688 	 283.323761 	 298.399597 	 1.251893 	 98960.039062 	 712.616333 
188 	 41.678688 	 283.323761 	 299.502197 	 1.612033 	 98968.039062 	 716.415405 
189 	 41.678688 	 283.323761 	 298.911926 	 2.673091 	 98655.429688 	 687.312744 
190 	 41.678688 	 283.323761 	 294.616150 	 1.976192 	 98932.906250 	 670.555359 
191 	 41.678688 	 283.323761 	 293.235626 	 3.137004 	 98820.570312 	 638.181763 
192 	 41.678688 	 283.323761 	 296.413452 	 4.382726 	 98296.687500 	 600.194702 
193 	 41.678688 	 283.323761 	 297.547424 	 3.757339 	 98075.039062 	 686.606995 
194 	 41.678688 	 283.323761 	 294.725983 	 3.718179 	 98018.476562 	 611.141052 
195 	 41.678688 	 283.323761 	 290.694366 	 2.573953 	 98664.226562 	 657.713074 
196 	 41.678688 	 283.323761 	 292.242371 	 2.199753 	 99147.210938 	 590.778442 
197 	 41.678688 	 283.323761 	 294.777557 	 3.158836 	 99385.960938 	 537.120239 
198 	 41.678688 	 283.323761 	 296.202728 	 3.489259 	 99029.906250 	 665.309998 
199 	 41.678688 	 283.323761 	 295.511993 	 2.773965 	 98428.882812 	 653.308960 
200 	 41.678688 	 283.323761 	 296.219635 	 3.320532 	 98119.148438 	 599.216431 
201 	 41.678688 	 283.323761 	 293.310272 	 1.303317 	 98453.453125 	 582.956482 
202 	 41.678688 	 283.323761 	 293.973206 	 1.354999 	 98288.273438 	 609.373962 
203 	 41.678688 	 283.323761 	 294.448914 	 1.909344 	 97984.921875 	 654.978455 
204 	 41.678688 	 283.323761 	 293.551910 	 2.007862 	 98357.546875 	 674.501038 
205 	 41.678688 	 283.323761 	 300.704529 	 3.228140 	 98145.273438 	 703.020630 
206 	 41.678688 	 283.323761 	 302.783661 	 3.506531 	 98008.757812 	 661.613037 
207 	 41.678688 	 283.323761 	 294.114471 	 2.934752 	 98800.906250 	 599.049316 
208 	 41.678688 	 283.323761 	 289.430206 	 3.345514 	 99142.328125 	 446.752045 
209 	 41.678688 	 283.323761 	 288.979492 	 3.498725 	 99091.593750 	 458.433594 
210 	 41.678688 	 283.323761 	 292.494202 	 2.105068 	 98882.882812 	 646.744263 
211 	 41.678688 	 283.323761 	 291.753265 	 2.361807 	 99372.890625 	 663.782715 
212 	 41.678688 	 283.323761 	 295.390015 	 4.297728 	 99012.507812 	 673.291504 
213 	 41.678688 	 283.323761 	 300.204071 	 4.090856 	 98353.890625 	 654.154663 
214 	 41.678688 	 283.323761 	 295.017426 	 1.354816 	 98452.750000 	 463.618317 
215 	 41.678688 	 283.323761 	 293.179352 	 1.414452 	 98568.367188 	 602.598816 
216 	 41.678688 	 283.323761 	 294.665863 	 2.853650 	 98571.210938 	 541.862183 
217 	 41.678688 	 283.323761 	 290.916962 	 5.547243 	 98260.460938 	 495.591248 
218 	 41.678688 	 283.323761 	 292.629486 	 3.519875 	 98470.867188 	 566.221436 
219 	 41.678688 	 283.323761 	 293.642914 	 1.752497 	 98449.039062 	 643.577881 
220 	 41.678688 	 283.323761 	 291.791901 	 2.169404 	 98436.437500 	 559.386475 
221 	 41.678688 	 283.323761 	 293.123688 	 1.722565 	 98402.703125 	 636.461975 
222 	 41.678688 	 283.323761 	 292.925201 	 2.152162 	 98201.328125 	 628.387329 
223 	 41.678688 	 283.323761 	 292.365448 	 1.227564 	 98507.039062 	 626.805176 
224 	 41.678688 	 283.323761 	 290.026398 	 3.935457 	 98240.437500 	 648.460327 
225 	 41.678688 	 283.323761 	 289.005188 	 2.298982 	 98163.289062 	 614.923523 
226 	 41.678688 	 283.323761 	 291.438354 	 2.036083 	 98173.656250 	 604.511719 
227 	 41.678688 	 283.323761 	 291.340210 	 2.748679 	 97640.773438 	 607.256531 
228 	 41.678688 	 283.323761 	 287.870300 	 3.945320 	 97907.773438 	 471.972412 
229 	 41.678688 	 283.323761 	 288.176178 	 3.187509 	 98432.726562 	 572.664062 
230 	 41.678688 	 283.323761 	 290.159027 	 2.316340 	 98842.343750 	 618.409790 
231 	 41.678688 	 283.323761 	 294.573792 	 4.723567 	 98591.390625 	 609.008911 
232 	 41.678688 	 283.323761 	 295.477295 	 3.237348 	 98518.718750 	 524.405090 
233 	 41.678688 	 283.323761 	 289.617798 	 2.425757 	 99125.609375 	 533.954285 
234 	 41.678688 	 283.323761 	 290.263367 	 1.893729 	 99275.820312 	 567.198120 
235 	 41.678688 	 283.323761 	 289.629547 	 3.678639 	 99025.968750 	 473.430847 
236 	 41.678688 	 283.323761 	 291.992889 	 4.096610 	 98203.750000 	 584.180847 
237 	 41.678688 	 283.323761 	 291.796539 	 3.676249 	 98479.757812 	 624.797974 
238 	 41.678688 	 283.323761 	 290.241028 	 1.322690 	 99258.117188 	 611.719971 
239 	 41.678688 	 283.323761 	 293.074585 	 3.760994 	 98606.218750 	 576.121338 
240 	 41.678688 	 283.323761 	 292.993347 	 2.240229 	 98311.140625 	 629.601440 
241 	 41.678688 	 283.323761 	 293.076721 	 1.202574 	 98718.179688 	 588.388184 
242 	 41.678688 	 283.323761 	 295.850647 	 1.562253 	 98592.109375 	 593.441162 
243 	 41.678688 	 283.323761 	 295.748352 	 2.531407 	 98512.507812 	 613.884399 
244 	 41.678688 	 283.323761 	 291.867828 	 2.299758 	 99234.109375 	 606.641479 
245 	 41.678688 	 283.323761 	 293.281708 	 2.472327 	 99573.820312 	 633.046570 
246 	 41.678688 	 283.323761 	 291.617676 	 2.747695 	 99248.007812 	 473.147766 
247 	 41.678688 	 283.323761 	 289.568695 	 3.832232 	 99662.562500 	 604.157227 
248 	 41.678688 	 283.323761 	 286.184448 	 1.554348 	 100238.000000 	 552.178040 
249 	 41.678688 	 283.323761 	 287.462860 	 4.004999 	 99984.203125 	 407.380859 
250 	 41.678688 	 283.323761 	 292.949341 	 4.309376 	 99217.523438 	 620.521973 
251 	 41.678688 	 283.323761 	 294.231415 	 2.602541 	 98891.296875 	 575.095215 
252 	 41.678688 	 283.323761 	 288.660400 	 1.528281 	 99223.960938 	 565.515198 
253 	 41.678688 	 283.323761 	 287.914459 	 1.151393 	 99351.492188 	 553.092407 
254 	 41.678688 	 283.323761 	 289.090088 	 1.777145 	 99439.710938 	 556.466431 
255 	 41.678688 	 283.323761 	 290.078064 	 3.920121 	 99108.929688 	 445.994598 
256 	 41.678688 	 283.323761 	 291.714539 	 2.620069 	 98512.953125 	 494.014496 
257 	 41.678688 	 283.323761 	 289.304108 	 3.113426 	 97741.171875 	 485.727173 
258 	 41.678688 	 283.323761 	 281.992615 	 4.351509 	 98127.710938 	 489.131042 
259 	 41.678688 	 283.323761 	 281.289856 	 2.693815 	 98727.796875 	 501.522675 
260 	 41.678688 	 283.323761 	 285.205811 	 3.775498 	 98355.109375 	 473.530914 
261 	 41.678688 	 283.323761 	 290.916412 	 2.152489 	 98163.617188 	 555.626526 
262 	 41.678688 	 283.323761 	 292.985199 	 2.508284 	 99099.906250 	 572.473572 
263 	 41.678688 	 283.323761 	 294.319183 	 3.134440 	 99458.242188 	 548.018555 
264 	 41.678688 	 283.323761 	 292.182922 	 3.337574 	 99366.781250 	 545.790405 
265 	 41.678688 	 283.323761 	 286.616333 	 1.641492 	 99887.648438 	 527.243408 
266 	 41.678688 	 283.323761 	 291.333282 	 3.401491 	 99437.671875 	 488.980591 
267 	 41.678688 	 283.323761 	 287.765472 	 2.890986 	 98605.406250 	 407.075897 
268 	 41.678688 	 283.323761 	 281.658783 	 2.989491 	 97876.523438 	 399.435547 
269 	 41.678688 	 283.323761 	 282.187103 	 3.432050 	 98141.273438 	 520.808533 
270 	 41.678688 	 283.323761 	 284.674744 	 3.472936 	 98071.882812 	 470.080750 
271 	 41.678688 	 283.323761 	 279.971222 	 2.037473 	 98605.382812 	 480.261963 
272 	 41.678688 	 283.323761 	 278.313538 	 2.383200 	 99199.312500 	 461.469635 
273 	 41.678688 	 283.323761 	 278.778748 	 1.414318 	 99943.656250 	 466.950317 
274 	 41.678688 	 283.323761 	 280.375793 	 2.594042 	 100137.203125 	 432.088318 
275 	 41.678688 	 283.323761 	 288.980774 	 5.235726 	 98616.359375 	 444.982300 
276 	 41.678688 	 283.323761 	 284.109497 	 3.346421 	 98361.226562 	 402.577179 
277 	 41.678688 	 283.323761 	 279.352661 	 3.971312 	 99356.609375 	 397.330200 
278 	 41.678688 	 283.323761 	 279.687988 	 3.236270 	 99762.281250 	 483.415070 
279 	 41.678688 	 283.323761 	 281.480957 	 1.916281 	 99141.476562 	 464.951050 
280 	 41.678688 	 283.323761 	 283.203857 	 3.000231 	 99023.421875 	 502.316101 
281 	 41.678688 	 283.323761 	 279.406647 	 0.939270 	 99633.492188 	 460.799500 
282 	 41.678688 	 283.323761 	 283.993439 	 2.350740 	 99729.257812 	 458.926697 
283 	 41.678688 	 283.323761 	 286.757965 	 1.912949 	 99430.867188 	 507.265747 
284 	 41.678688 	 283.323761 	 287.259216 	 3.846287 	 99226.343750 	 398.978241 
285 	 41.678688 	 283.323761 	 289.173309 	 3.468677 	 98744.070312 	 424.979431 
286 	 41.678688 	 283.323761 	 287.422638 	 2.613624 	 98282.992188 	 421.985535 
287 	 41.678688 	 283.323761 	 286.916046 	 2.904183 	 98355.406250 	 463.417694 
288 	 41.678688 	 283.323761 	 283.324127 	 2.893344 	 99055.359375 	 404.551208 
289 	 41.678688 	 283.323761 	 279.404236 	 3.420262 	 100110.500000 	 448.990021 
290 	 41.678688 	 283.323761 	 276.142151 	 2.513929 	 100830.398438 	 428.555176 
291 	 41.678688 	 283.323761 	 281.360992 	 3.511575 	 99928.359375 	 424.620758 
292 	 41.678688 	 283.323761 	 283.732452 	 1.538708 	 99446.156250 	 425.124756 
293 	 41.678688 	 283.323761 	 285.853424 	 1.842473 	 99703.750000 	 465.337372 
294 	 41.678688 	 283.323761 	 286.558899 	 3.435105 	 98996.796875 	 421.183533 
295 	 41.678688 	 283.323761 	 285.971710 	 1.421730 	 98186.953125 	 385.420624 
296 	 41.678688 	 283.323761 	 281.078735 	 3.636038 	 97434.468750 	 392.674194 
297 	 41.678688 	 283.323761 	 278.131012 	 4.561137 	 97615.828125 	 416.179565 
298 	 41.678688 	 283.323761 	 278.635620 	 3.322221 	 98379.593750 	 417.492065 
299 	 41.678688 	 283.323761 	 279.967957 	 3.519927 	 98134.882812 	 389.814575 
300 	 41.678688 	 283.323761 	 276.492462 	 2.747658 	 98071.976562 	 400.600525 
301 	 41.678688 	 283.323761 	 275.455933 	 2.204456 	 98434.273438 	 396.412140 
302 	 41.678688 	 283.323761 	 274.750519 	 1.374415 	 98747.242188 	 385.860748 
303 	 41.678688 	 283.323761 	 275.564514 	 1.472302 	 98803.390625 	 383.918091 
304 	 41.678688 	 283.323761 	 274.484985 	 2.397776 	 98335.679688 	 341.596191 
305 	 41.678688 	 283.323761 	 272.705200 	 3.682173 	 98386.539062 	 394.027679 
306 	 41.678688 	 283.323761 	 277.100769 	 2.829394 	 98771.679688 	 414.706024 
307 	 41.678688 	 283.323761 	 278.335571 	 1.953301 	 99017.093750 	 398.283691 
308 	 41.678688 	 283.323761 	 277.324219 	 1.059922 	 99730.960938 	 394.299255 
309 	 41.678688 	 283.323761 	 281.350220 	 1.048995 	 99875.921875 	 433.970123 
310 	 41.678688 	 283.323761 	 281.717896 	 2.820435 	 99841.890625 	 375.413574 
311 	 41.678688 	 283.323761 	 285.593292 	 3.498912 	 99538.773438 	 408.111176 
312 	 41.678688 	 283.323761 	 286.029419 	 2.488431 	 99367.820312 	 402.973938 
313 	 41.678688 	 283.323761 	 282.286041 	 3.008053 	 99396.343750 	 359.832123 
314 	 41.678688 	 283.323761 	 288.314240 	 5.160215 	 98169.359375 	 409.098938 
315 	 41.678688 	 283.323761 	 276.457764 	 4.147477 	 98220.226562 	 393.093903 
316 	 41.678688 	 283.323761 	 273.058624 	 1.891029 	 98894.117188 	 354.071991 
317 	 41.678688 	 283.323761 	 273.753998 	 3.161804 	 98266.203125 	 373.294983 
318 	 41.678688 	 283.323761 	 273.443604 	 2.951386 	 98400.156250 	 342.209991 
319 	 41.678688 	 283.323761 	 274.624664 	 3.308340 	 98039.101562 	 328.218079 
320 	 41.678688 	 283.323761 	 279.265137 	 3.305521 	 98030.843750 	 375.558655 
321 	 41.678688 	 283.323761 	 280.306244 	 5.100169 	 98121.601562 	 334.127289 
322 	 41.678688 	 283.323761 	 274.061829 	 4.077490 	 97718.851562 	 338.913605 
323 	 41.678688 	 283.323761 	 274.138855 	 3.850850 	 97654.117188 	 339.959656 
324 	 41.678688 	 283.323761 	 272.927643 	 3.332928 	 98564.601562 	 357.069794 
325 	 41.678688 	 283.323761 	 272.378021 	 2.001319 	 99514.273438 	 349.535065 
326 	 41.678688 	 283.323761 	 276.459229 	 5.897045 	 98669.203125 	 314.988922 
327 	 41.678688 	 283.323761 	 278.313354 	 4.282875 	 98101.687500 	 371.599976 
328 	 41.678688 	 283.323761 	 271.960266 	 2.287378 	 99452.078125 	 360.499878 
329 	 41.678688 	 283.323761 	 275.271942 	 4.195111 	 99067.742188 	 368.462402 
330 	 41.678688 	 283.323761 	 278.806763 	 1.332019 	 99073.203125 	 347.683685 
331 	 41.678688 	 283.323761 	 283.359009 	 3.131348 	 98906.093750 	 374.998322 
332 	 41.678688 	 283.323761 	 284.227295 	 5.332820 	 97312.820312 	 419.215302 
333 	 41.678688 	 283.323761 	 274.452820 	 5.313882 	 98345.921875 	 333.879883 
334 	 41.678688 	 283.323761 	 271.446533 	 1.598353 	 100147.796875 	 302.053070 
335 	 41.678688 	 283.323761 	 274.523590 	 2.497451 	 99550.648438 	 331.395752 
336 	 41.678688 	 283.323761 	 279.017609 	 4.666945 	 96763.359375 	 367.170074 
337 	 41.678688 	 283.323761 	 273.848358 	 4.401340 	 97582.546875 	 332.511292 
338 	 41.678688 	 283.323761 	 273.545898 	 2.380108 	 97798.617188 	 347.133728 
339 	 41.678688 	 283.323761 	 271.204132 	 1.668534 	 98023.640625 	 326.385590 
340 	 41.678688 	 283.323761 	 272.170013 	 2.755918 	 98125.187500 	 329.751282 
341 	 41.678688 	 283.323761 	 273.898315 	 3.655879 	 97715.726562 	 354.765961 
342 	 41.678688 	 283.323761 	 271.693787 	 3.496611 	 98544.242188 	 282.365662 
343 	 41.678688 	 283.323761 	 277.327209 	 4.663587 	 98157.968750 	 330.686798 
344 	 41.678688 	 283.323761 	 275.882416 	 5.869370 	 97540.203125 	 354.227905 
345 	 41.678688 	 283.323761 	 271.616272 	 3.951811 	 98646.453125 	 310.461639 
346 	 41.678688 	 283.323761 	 271.637177 	 3.122128 	 99067.906250 	 308.909424 
347 	 41.678688 	 283.323761 	 270.800476 	 1.207770 	 99257.460938 	 301.496704 
348 	 41.678688 	 283.323761 	 274.592560 	 2.374380 	 99266.367188 	 340.709808 
349 	 41.678688 	 283.323761 	 284.409302 	 3.625269 	 98356.773438 	 380.100281 
350 	 41.678688 	 283.323761 	 281.023895 	 2.225240 	 97736.156250 	 384.195587 
351 	 41.678688 	 283.323761 	 272.493774 	 1.859238 	 98345.601562 	 318.672424 
352 	 41.678688 	 283.323761 	 271.629364 	 2.187883 	 98356.093750 	 312.778687 
353 	 41.678688 	 283.323761 	 268.578339 	 3.049882 	 98186.976562 	 299.640350 
354 	 41.678688 	 283.323761 	 265.420105 	 3.474651 	 99146.359375 	 290.129822 
355 	 41.678688 	 283.323761 	 270.064453 	 3.384760 	 99605.562500 	 305.300232 
356 	 41.678688 	 283.323761 	 272.316925 	 2.475414 	 99327.109375 	 316.334930 
357 	 41.678688 	 283.323761 	 271.843658 	 2.150963 	 98689.953125 	 301.808289 
358 	 41.678688 	 283.323761 	 273.793945 	 1.734217 	 98025.476562 	 368.570526 
359 	 41.678688 	 283.323761 	 274.728180 	 3.590446 	 97745.773438 	 331.447601 
360 	 41.678688 	 283.323761 	 274.917999 	 1.379158 	 98059.351562 	 352.336823 
361 	 41.678688 	 283.323761 	 278.283325 	 4.287018 	 98401.906250 	 336.694489 
362 	 41.678688 	 283.323761 	 277.897369 	 2.804929 	 97823.921875 	 343.756927 
363 	 41.678688 	 283.323761 	 274.266541 	 1.908999 	 99084.953125 	 340.599182 
364 	 41.678688 	 283.323761 	 277.157867 	 4.260192 	 99545.656250 	 351.400177 
