# 0: Day of Year [-] 	 1: lat [deg] 	 2: lon [deg] 	 3: tas [K] 	 4: sfcWind [m s-1] 	 5: ps [Pa] 	 6: Total Downwelling Rad Flux [W m-2] 
0 	 41.678688 	 283.323761 	 277.438812 	 1.535248 	 99171.273438 	 363.313477 
1 	 41.678688 	 283.323761 	 278.454346 	 1.727168 	 99217.226562 	 376.538269 
2 	 41.678688 	 283.323761 	 282.627167 	 4.685620 	 98732.476562 	 366.986450 
3 	 41.678688 	 283.323761 	 274.686615 	 4.533579 	 97569.992188 	 357.511536 
4 	 41.678688 	 283.323761 	 274.983398 	 4.151871 	 98200.156250 	 311.555511 
5 	 41.678688 	 283.323761 	 276.506409 	 3.642124 	 98142.242188 	 318.602905 
6 	 41.678688 	 283.323761 	 269.343414 	 2.761134 	 99417.671875 	 311.393982 
7 	 41.678688 	 283.323761 	 269.998627 	 3.437570 	 100107.203125 	 313.939148 
8 	 41.678688 	 283.323761 	 277.699585 	 4.623152 	 98693.640625 	 330.203613 
9 	 41.678688 	 283.323761 	 269.434723 	 2.359361 	 99362.820312 	 337.701843 
10 	 41.678688 	 283.323761 	 267.750488 	 2.383431 	 99116.171875 	 320.438293 
11 	 41.678688 	 283.323761 	 265.063782 	 3.930686 	 99031.078125 	 296.151245 
12 	 41.678688 	 283.323761 	 267.286133 	 3.893250 	 98546.429688 	 272.057434 
13 	 41.678688 	 283.323761 	 267.869110 	 3.179707 	 98586.937500 	 348.302521 
14 	 41.678688 	 283.323761 	 271.450470 	 3.132033 	 98978.468750 	 328.586517 
15 	 41.678688 	 283.323761 	 270.693939 	 2.960599 	 99490.843750 	 312.833618 
16 	 41.678688 	 283.323761 	 272.727234 	 1.940543 	 98414.867188 	 372.536652 
17 	 41.678688 	 283.323761 	 270.506348 	 3.545954 	 97347.476562 	 348.240326 
18 	 41.678688 	 283.323761 	 271.562347 	 3.340366 	 96939.289062 	 346.393250 
19 	 41.678688 	 283.323761 	 272.111664 	 4.092739 	 97562.929688 	 341.539703 
20 	 41.678688 	 283.323761 	 268.399414 	 2.525105 	 98838.156250 	 320.721161 
21 	 41.678688 	 283.323761 	 271.656372 	 3.863589 	 99476.531250 	 316.522827 
22 	 41.678688 	 283.323761 	 279.621155 	 5.409032 	 98020.476562 	 351.958618 
23 	 41.678688 	 283.323761 	 272.869476 	 5.502097 	 96978.007812 	 368.657104 
24 	 41.678688 	 283.323761 	 265.873566 	 2.512006 	 98236.093750 	 316.978943 
25 	 41.678688 	 283.323761 	 264.991455 	 1.330895 	 98336.257812 	 277.818207 
26 	 41.678688 	 283.323761 	 269.397430 	 1.800210 	 97995.289062 	 354.609619 
27 	 41.678688 	 283.323761 	 272.385956 	 2.906820 	 97751.609375 	 356.171967 
28 	 41.678688 	 283.323761 	 271.239746 	 1.964364 	 98762.273438 	 351.683777 
29 	 41.678688 	 283.323761 	 278.319733 	 4.825571 	 98095.828125 	 330.517120 
30 	 41.678688 	 283.323761 	 271.324066 	 4.770622 	 97398.757812 	 351.757324 
31 	 41.678688 	 283.323761 	 268.496521 	 3.472861 	 98403.437500 	 348.290100 
32 	 41.678688 	 283.323761 	 268.573761 	 2.516026 	 98250.960938 	 338.976746 
33 	 41.678688 	 283.323761 	 269.477325 	 3.165312 	 96958.968750 	 351.714325 
34 	 41.678688 	 283.323761 	 267.593689 	 2.891819 	 97944.992188 	 294.761444 
35 	 41.678688 	 283.323761 	 267.860138 	 1.806878 	 98536.742188 	 368.508606 
36 	 41.678688 	 283.323761 	 264.374817 	 3.143290 	 98383.171875 	 340.380005 
37 	 41.678688 	 283.323761 	 262.186554 	 2.818228 	 99249.226562 	 327.914368 
38 	 41.678688 	 283.323761 	 270.390381 	 4.174824 	 98393.726562 	 344.340576 
39 	 41.678688 	 283.323761 	 266.009308 	 2.895356 	 97542.570312 	 348.122040 
40 	 41.678688 	 283.323761 	 259.857605 	 4.167646 	 98054.179688 	 312.930603 
41 	 41.678688 	 283.323761 	 258.675629 	 2.307823 	 98922.070312 	 317.227478 
42 	 41.678688 	 283.323761 	 262.854736 	 0.799788 	 98637.367188 	 354.054321 
43 	 41.678688 	 283.323761 	 265.867218 	 2.914652 	 98165.593750 	 294.342224 
44 	 41.678688 	 283.323761 	 267.943390 	 2.666972 	 98301.062500 	 389.609375 
45 	 41.678688 	 283.323761 	 267.667480 	 3.235990 	 99510.296875 	 375.496368 
46 	 41.678688 	 283.323761 	 274.540588 	 5.527287 	 97888.101562 	 422.539917 
47 	 41.678688 	 283.323761 	 265.758179 	 2.736413 	 98846.289062 	 363.184265 
48 	 41.678688 	 283.323761 	 268.590576 	 1.926886 	 98943.867188 	 380.671631 
49 	 41.678688 	 283.323761 	 275.847687 	 2.950490 	 97776.343750 	 347.085510 
50 	 41.678688 	 283.323761 	 266.209869 	 3.574604 	 98213.953125 	 391.452698 
51 	 41.678688 	 283.323761 	 265.115845 	 3.256582 	 98791.921875 	 365.102386 
52 	 41.678688 	 283.323761 	 267.186005 	 2.325432 	 99235.406250 	 363.595459 
53 	 41.678688 	 283.323761 	 265.173523 	 3.275383 	 99670.281250 	 334.070465 
54 	 41.678688 	 283.323761 	 270.714264 	 3.417476 	 98044.546875 	 325.067871 
55 	 41.678688 	 283.323761 	 268.940399 	 4.878458 	 97126.578125 	 417.663940 
56 	 41.678688 	 283.323761 	 264.858002 	 2.074856 	 99463.312500 	 359.187805 
57 	 41.678688 	 283.323761 	 271.281891 	 4.051656 	 99398.531250 	 387.768005 
58 	 41.678688 	 283.323761 	 272.049500 	 3.823025 	 98236.859375 	 408.013916 
59 	 41.678688 	 283.323761 	 262.796509 	 1.666743 	 98966.703125 	 385.697021 
60 	 41.678688 	 283.323761 	 264.250031 	 2.423925 	 99020.718750 	 395.474365 
61 	 41.678688 	 283.323761 	 271.582001 	 4.448142 	 98319.992188 	 344.878754 
62 	 41.678688 	 283.323761 	 260.742401 	 7.397624 	 96974.343750 	 347.645905 
63 	 41.678688 	 283.323761 	 256.340088 	 5.444361 	 97983.546875 	 373.872620 
64 	 41.678688 	 283.323761 	 262.311676 	 3.138426 	 99558.828125 	 292.273468 
65 	 41.678688 	 283.323761 	 279.958313 	 4.478213 	 98504.882812 	 495.793945 
66 	 41.678688 	 283.323761 	 275.643707 	 2.563096 	 99556.046875 	 449.012268 
67 	 41.678688 	 283.323761 	 280.236084 	 4.730151 	 99035.523438 	 386.296753 
68 	 41.678688 	 283.323761 	 282.210938 	 2.539831 	 99257.812500 	 515.887817 
69 	 41.678688 	 283.323761 	 280.025604 	 4.176157 	 99246.000000 	 433.146179 
70 	 41.678688 	 283.323761 	 278.425629 	 4.585808 	 98362.796875 	 516.044800 
71 	 41.678688 	 283.323761 	 271.032379 	 2.580544 	 99403.101562 	 437.744415 
72 	 41.678688 	 283.323761 	 277.510132 	 3.555622 	 98395.937500 	 405.177765 
73 	 41.678688 	 283.323761 	 276.861328 	 3.074606 	 97716.671875 	 405.678589 
74 	 41.678688 	 283.323761 	 274.130219 	 2.505533 	 98342.726562 	 464.678986 
75 	 41.678688 	 283.323761 	 276.520752 	 5.224742 	 98063.820312 	 360.854645 
76 	 41.678688 	 283.323761 	 264.207062 	 6.271134 	 96992.296875 	 419.874939 
77 	 41.678688 	 283.323761 	 258.652832 	 5.054357 	 98133.523438 	 414.527679 
78 	 41.678688 	 283.323761 	 259.126129 	 4.822560 	 98514.898438 	 430.216278 
79 	 41.678688 	 283.323761 	 264.066803 	 3.748902 	 98509.679688 	 426.574341 
80 	 41.678688 	 283.323761 	 268.318970 	 1.856778 	 98969.406250 	 385.809814 
81 	 41.678688 	 283.323761 	 269.734863 	 2.862001 	 99132.609375 	 316.454559 
82 	 41.678688 	 283.323761 	 271.511627 	 3.468524 	 98118.906250 	 491.260071 
83 	 41.678688 	 283.323761 	 268.359924 	 2.429893 	 98670.976562 	 399.142517 
84 	 41.678688 	 283.323761 	 277.811188 	 3.819395 	 97803.453125 	 539.776123 
85 	 41.678688 	 283.323761 	 274.775665 	 2.375734 	 98021.992188 	 418.537201 
86 	 41.678688 	 283.323761 	 271.898346 	 2.164792 	 98104.500000 	 428.223877 
87 	 41.678688 	 283.323761 	 273.078491 	 1.948596 	 99095.851562 	 454.372131 
88 	 41.678688 	 283.323761 	 274.864136 	 3.165246 	 99029.843750 	 362.155365 
89 	 41.678688 	 283.323761 	 273.687775 	 3.599850 	 97960.703125 	 470.746429 
90 	 41.678688 	 283.323761 	 271.109131 	 2.152094 	 98845.796875 	 493.674500 
91 	 41.678688 	 283.323761 	 274.536896 	 2.602592 	 99214.062500 	 501.015625 
92 	 41.678688 	 283.323761 	 278.548737 	 1.746104 	 99018.882812 	 449.909241 
93 	 41.678688 	 283.323761 	 278.453674 	 1.763158 	 99189.828125 	 524.181274 
94 	 41.678688 	 283.323761 	 281.762207 	 3.393303 	 98197.132812 	 394.663147 
95 	 41.678688 	 283.323761 	 279.318054 	 2.938075 	 97868.406250 	 548.346924 
96 	 41.678688 	 283.323761 	 279.351166 	 1.738374 	 98467.539062 	 529.832947 
97 	 41.678688 	 283.323761 	 284.286407 	 3.097875 	 98518.703125 	 557.953308 
98 	 41.678688 	 283.323761 	 291.246368 	 2.932356 	 98306.593750 	 605.300781 
99 	 41.678688 	 283.323761 	 292.073914 	 3.885974 	 98319.593750 	 556.631653 
100 	 41.678688 	 283.323761 	 287.938538 	 4.554930 	 97716.710938 	 443.352173 
101 	 41.678688 	 283.323761 	 277.462952 	 3.517178 	 97760.656250 	 454.200806 
102 	 41.678688 	 283.323761 	 274.206421 	 4.831878 	 98242.156250 	 549.631287 
103 	 41.678688 	 283.323761 	 272.898407 	 2.054175 	 98273.101562 	 380.366394 
104 	 41.678688 	 283.323761 	 276.178955 	 1.919146 	 97707.781250 	 374.782959 
105 	 41.678688 	 283.323761 	 277.163086 	 2.277381 	 98301.351562 	 494.682434 
106 	 41.678688 	 283.323761 	 276.739075 	 2.439275 	 98957.773438 	 539.085327 
107 	 41.678688 	 283.323761 	 278.967499 	 1.488039 	 99626.781250 	 544.886719 
108 	 41.678688 	 283.323761 	 280.940948 	 3.991114 	 99375.351562 	 500.948975 
109 	 41.678688 	 283.323761 	 283.984833 	 4.408573 	 98007.320312 	 477.575226 
110 	 41.678688 	 283.323761 	 277.729797 	 3.894170 	 97812.718750 	 490.964905 
111 	 41.678688 	 283.323761 	 275.848236 	 3.446801 	 98078.117188 	 456.244598 
112 	 41.678688 	 283.323761 	 276.921478 	 3.360245 	 98473.296875 	 426.709167 
113 	 41.678688 	 283.323761 	 279.700378 	 3.094588 	 98505.046875 	 568.343384 
114 	 41.678688 	 283.323761 	 280.919769 	 2.610662 	 98564.179688 	 576.116882 
115 	 41.678688 	 283.323761 	 281.118958 	 1.499812 	 98678.640625 	 579.837036 
116 	 41.678688 	 283.323761 	 284.206116 	 2.053542 	 98445.992188 	 593.707886 
117 	 41.678688 	 283.323761 	 286.779297 	 0.946115 	 98594.179688 	 611.541626 
118 	 41.678688 	 283.323761 	 290.992859 	 4.362058 	 98600.382812 	 603.647461 
119 	 41.678688 	 283.323761 	 292.335419 	 5.128639 	 97851.140625 	 494.977417 
120 	 41.678688 	 283.323761 	 281.139404 	 2.967107 	 97789.523438 	 545.294800 
121 	 41.678688 	 283.323761 	 279.264862 	 2.751061 	 98077.757812 	 562.797974 
122 	 41.678688 	 283.323761 	 280.678040 	 2.712231 	 98419.992188 	 570.490356 
123 	 41.678688 	 283.323761 	 282.153687 	 2.638035 	 98192.796875 	 453.984070 
124 	 41.678688 	 283.323761 	 282.653534 	 3.868301 	 98260.406250 	 614.859863 
125 	 41.678688 	 283.323761 	 283.486786 	 1.963554 	 98707.820312 	 596.333740 
126 	 41.678688 	 283.323761 	 283.757599 	 2.955441 	 97920.718750 	 578.130615 
127 	 41.678688 	 283.323761 	 279.138245 	 2.774289 	 98155.929688 	 569.031799 
128 	 41.678688 	 283.323761 	 279.011719 	 2.016470 	 98150.062500 	 568.892456 
129 	 41.678688 	 283.323761 	 280.618591 	 2.162312 	 98420.906250 	 593.162354 
130 	 41.678688 	 283.323761 	 283.209320 	 1.911731 	 98521.671875 	 609.811279 
131 	 41.678688 	 283.323761 	 286.326538 	 2.657868 	 98703.398438 	 633.573364 
132 	 41.678688 	 283.323761 	 286.531647 	 1.827072 	 99196.742188 	 622.720215 
133 	 41.678688 	 283.323761 	 289.215973 	 1.447406 	 98968.539062 	 539.821960 
134 	 41.678688 	 283.323761 	 292.454102 	 1.983057 	 98281.960938 	 626.354858 
135 	 41.678688 	 283.323761 	 295.234955 	 2.662935 	 97720.320312 	 663.134033 
136 	 41.678688 	 283.323761 	 293.730255 	 2.941752 	 97675.117188 	 566.377869 
137 	 41.678688 	 283.323761 	 283.217133 	 3.900126 	 98400.953125 	 609.196411 
138 	 41.678688 	 283.323761 	 280.742065 	 4.051430 	 98989.867188 	 602.712036 
139 	 41.678688 	 283.323761 	 282.233826 	 1.800580 	 99409.531250 	 613.958740 
140 	 41.678688 	 283.323761 	 283.366852 	 0.577364 	 99189.242188 	 617.776062 
141 	 41.678688 	 283.323761 	 284.487213 	 3.560830 	 98730.351562 	 433.007050 
142 	 41.678688 	 283.323761 	 288.027008 	 3.561115 	 97824.187500 	 665.423828 
143 	 41.678688 	 283.323761 	 287.700806 	 3.779734 	 97900.179688 	 604.479553 
144 	 41.678688 	 283.323761 	 279.501282 	 2.298597 	 98947.773438 	 605.665771 
145 	 41.678688 	 283.323761 	 284.938416 	 3.301319 	 98435.812500 	 519.247498 
146 	 41.678688 	 283.323761 	 288.889893 	 2.374371 	 97435.671875 	 658.058960 
147 	 41.678688 	 283.323761 	 284.943268 	 4.560234 	 98038.992188 	 634.128174 
148 	 41.678688 	 283.323761 	 285.747253 	 2.444448 	 98745.781250 	 614.079956 
149 	 41.678688 	 283.323761 	 293.542023 	 2.712391 	 98727.328125 	 670.350830 
150 	 41.678688 	 283.323761 	 293.962341 	 3.226936 	 98248.937500 	 696.897949 
151 	 41.678688 	 283.323761 	 296.585114 	 4.286054 	 97870.406250 	 677.010620 
152 	 41.678688 	 283.323761 	 294.551392 	 3.354036 	 97794.023438 	 556.449341 
153 	 41.678688 	 283.323761 	 288.977692 	 2.857683 	 98395.773438 	 518.819458 
154 	 41.678688 	 283.323761 	 289.976898 	 1.935009 	 98892.132812 	 526.875488 
155 	 41.678688 	 283.323761 	 293.103516 	 5.625912 	 98322.750000 	 570.159546 
156 	 41.678688 	 283.323761 	 285.269135 	 3.328782 	 98402.593750 	 648.100403 
157 	 41.678688 	 283.323761 	 285.467377 	 1.368984 	 98880.968750 	 643.872498 
158 	 41.678688 	 283.323761 	 289.118927 	 2.808727 	 98612.726562 	 614.447021 
159 	 41.678688 	 283.323761 	 285.997101 	 3.604446 	 99077.156250 	 660.664429 
160 	 41.678688 	 283.323761 	 286.462830 	 6.178565 	 98834.812500 	 540.955322 
161 	 41.678688 	 283.323761 	 289.476410 	 3.838299 	 97732.273438 	 686.474731 
162 	 41.678688 	 283.323761 	 291.783661 	 2.756639 	 98197.429688 	 647.997803 
163 	 41.678688 	 283.323761 	 291.188904 	 1.304696 	 98117.562500 	 630.582764 
164 	 41.678688 	 283.323761 	 291.132599 	 1.134347 	 98021.906250 	 663.437256 
165 	 41.678688 	 283.323761 	 287.200470 	 2.165580 	 98143.250000 	 642.083801 
166 	 41.678688 	 283.323761 	 283.010406 	 3.460639 	 98455.289062 	 489.706543 
167 	 41.678688 	 283.323761 	 284.241058 	 1.834293 	 99232.812500 	 644.961426 
168 	 41.678688 	 283.323761 	 288.922424 	 3.128919 	 99176.953125 	 660.161194 
169 	 41.678688 	 283.323761 	 294.251495 	 3.273491 	 98504.171875 	 680.349731 
170 	 41.678688 	 283.323761 	 295.156342 	 2.953126 	 97953.179688 	 644.117798 
171 	 41.678688 	 283.323761 	 293.955536 	 1.605036 	 98316.351562 	 622.632812 
172 	 41.678688 	 283.323761 	 293.741547 	 3.338589 	 98334.078125 	 614.887939 
173 	 41.678688 	 283.323761 	 289.120728 	 2.119562 	 99331.117188 	 661.597290 
174 	 41.678688 	 283.323761 	 289.811249 	 4.443678 	 99274.523438 	 645.164551 
175 	 41.678688 	 283.323761 	 295.093109 	 3.287601 	 98481.812500 	 705.565430 
176 	 41.678688 	 283.323761 	 296.550049 	 3.011813 	 98143.617188 	 707.285645 
177 	 41.678688 	 283.323761 	 296.888763 	 2.293619 	 98187.390625 	 649.980347 
178 	 41.678688 	 283.323761 	 294.674255 	 2.248369 	 98640.210938 	 676.545471 
179 	 41.678688 	 283.323761 	 294.546295 	 1.360213 	 98725.601562 	 562.504150 
180 	 41.678688 	 283.323761 	 295.259003 	 2.896873 	 98446.890625 	 537.688416 
181 	 41.678688 	 283.323761 	 298.597290 	 3.857149 	 97782.937500 	 654.311096 
182 	 41.678688 	 283.323761 	 299.383484 	 4.281616 	 97550.437500 	 708.982422 
183 	 41.678688 	 283.323761 	 294.735809 	 1.730188 	 97897.820312 	 592.958191 
184 	 41.678688 	 283.323761 	 294.496429 	 1.728077 	 98297.867188 	 640.680908 
185 	 41.678688 	 283.323761 	 294.118103 	 4.174702 	 98528.468750 	 532.117065 
186 	 41.678688 	 283.323761 	 294.041504 	 3.470924 	 98124.351562 	 600.022034 
187 	 41.678688 	 283.323761 	 289.246460 	 3.452531 	 98385.039062 	 619.292969 
188 	 41.678688 	 283.323761 	 286.247528 	 3.017776 	 98741.140625 	 640.294006 
189 	 41.678688 	 283.323761 	 287.412598 	 2.023799 	 99022.343750 	 648.072510 
190 	 41.678688 	 283.323761 	 291.685028 	 1.511102 	 98987.046875 	 674.448120 
191 	 41.678688 	 283.323761 	 294.218262 	 3.086112 	 98924.781250 	 680.171021 
192 	 41.678688 	 283.323761 	 294.006012 	 4.557323 	 98846.937500 	 672.524170 
193 	 41.678688 	 283.323761 	 293.242218 	 5.253480 	 98877.367188 	 526.410950 
194 	 41.678688 	 283.323761 	 292.694946 	 4.769320 	 98922.421875 	 484.358398 
195 	 41.678688 	 283.323761 	 293.525116 	 3.227183 	 98967.953125 	 580.217041 
196 	 41.678688 	 283.323761 	 296.045319 	 1.538192 	 98704.671875 	 703.007324 
197 	 41.678688 	 283.323761 	 294.551788 	 4.119349 	 98064.046875 	 453.049377 
198 	 41.678688 	 283.323761 	 294.852692 	 2.982012 	 98133.492188 	 625.153076 
199 	 41.678688 	 283.323761 	 296.729370 	 2.133767 	 98083.742188 	 704.826538 
200 	 41.678688 	 283.323761 	 293.812347 	 1.155551 	 98226.921875 	 676.796631 
201 	 41.678688 	 283.323761 	 294.648407 	 1.634233 	 98240.523438 	 659.961060 
202 	 41.678688 	 283.323761 	 290.965820 	 2.067932 	 98707.687500 	 543.999756 
203 	 41.678688 	 283.323761 	 292.110931 	 2.643668 	 98869.726562 	 612.305664 
204 	 41.678688 	 283.323761 	 293.089447 	 1.139994 	 99012.000000 	 672.665771 
205 	 41.678688 	 283.323761 	 293.727844 	 1.787107 	 98853.976562 	 657.203186 
206 	 41.678688 	 283.323761 	 295.425293 	 3.948811 	 98328.281250 	 646.845581 
207 	 41.678688 	 283.323761 	 291.746552 	 2.629543 	 98163.632812 	 667.619995 
208 	 41.678688 	 283.323761 	 289.742035 	 2.327132 	 98417.507812 	 576.290894 
209 	 41.678688 	 283.323761 	 292.708527 	 4.611393 	 97382.492188 	 528.494507 
210 	 41.678688 	 283.323761 	 288.945251 	 3.421209 	 97671.203125 	 557.374451 
211 	 41.678688 	 283.323761 	 290.238281 	 1.748260 	 98529.421875 	 578.100464 
212 	 41.678688 	 283.323761 	 291.684631 	 1.460973 	 99130.093750 	 654.176636 
213 	 41.678688 	 283.323761 	 292.376251 	 0.822621 	 99089.226562 	 605.912109 
214 	 41.678688 	 283.323761 	 292.566162 	 1.870216 	 99143.593750 	 638.069519 
215 	 41.678688 	 283.323761 	 292.193237 	 0.399403 	 99158.046875 	 661.645264 
216 	 41.678688 	 283.323761 	 295.523285 	 1.461572 	 99099.210938 	 662.365601 
217 	 41.678688 	 283.323761 	 296.696442 	 1.587994 	 98919.296875 	 662.407715 
218 	 41.678688 	 283.323761 	 296.775085 	 2.444112 	 98536.492188 	 667.959106 
219 	 41.678688 	 283.323761 	 298.192169 	 2.997554 	 97955.218750 	 679.706360 
220 	 41.678688 	 283.323761 	 302.194702 	 4.515971 	 97444.976562 	 661.760925 
221 	 41.678688 	 283.323761 	 302.363129 	 2.907792 	 98215.093750 	 689.810303 
222 	 41.678688 	 283.323761 	 300.312561 	 2.936262 	 98661.617188 	 674.123352 
223 	 41.678688 	 283.323761 	 298.714783 	 3.432543 	 98462.109375 	 664.384888 
224 	 41.678688 	 283.323761 	 293.495789 	 2.986512 	 98584.781250 	 652.359497 
225 	 41.678688 	 283.323761 	 290.034973 	 1.985413 	 99081.156250 	 625.184937 
226 	 41.678688 	 283.323761 	 289.074036 	 1.229660 	 99506.289062 	 584.073853 
227 	 41.678688 	 283.323761 	 291.294312 	 2.202137 	 99527.820312 	 621.552917 
228 	 41.678688 	 283.323761 	 290.544128 	 3.840230 	 98968.906250 	 456.298309 
229 	 41.678688 	 283.323761 	 288.962769 	 3.454761 	 98851.789062 	 635.143921 
230 	 41.678688 	 283.323761 	 286.368408 	 2.057254 	 99213.546875 	 586.067627 
231 	 41.678688 	 283.323761 	 291.640839 	 5.419353 	 99053.210938 	 461.662292 
232 	 41.678688 	 283.323761 	 295.073151 	 2.615365 	 98785.679688 	 576.439453 
233 	 41.678688 	 283.323761 	 297.301270 	 3.304765 	 98336.312500 	 664.252808 
234 	 41.678688 	 283.323761 	 293.325043 	 5.024914 	 98041.476562 	 613.895569 
235 	 41.678688 	 283.323761 	 288.973877 	 1.746951 	 98928.992188 	 606.720093 
236 	 41.678688 	 283.323761 	 291.228943 	 1.282831 	 99052.796875 	 613.720093 
237 	 41.678688 	 283.323761 	 294.190430 	 3.795720 	 98410.703125 	 517.189331 
238 	 41.678688 	 283.323761 	 290.013519 	 4.857203 	 98173.039062 	 626.949707 
239 	 41.678688 	 283.323761 	 287.567078 	 3.018055 	 98091.906250 	 533.891052 
240 	 41.678688 	 283.323761 	 289.260498 	 2.168964 	 97958.843750 	 602.386780 
241 	 41.678688 	 283.323761 	 288.360077 	 1.988824 	 98440.039062 	 576.055176 
242 	 41.678688 	 283.323761 	 291.919037 	 1.763479 	 98119.882812 	 452.303467 
243 	 41.678688 	 283.323761 	 291.244690 	 2.303281 	 97464.101562 	 452.637512 
244 	 41.678688 	 283.323761 	 286.849152 	 2.822950 	 97786.429688 	 577.373108 
245 	 41.678688 	 283.323761 	 282.774445 	 3.520869 	 98485.460938 	 484.036377 
246 	 41.678688 	 283.323761 	 283.617645 	 2.549650 	 98752.859375 	 467.629211 
247 	 41.678688 	 283.323761 	 283.866760 	 1.680024 	 98624.656250 	 564.617188 
248 	 41.678688 	 283.323761 	 285.606812 	 0.794198 	 98741.070312 	 539.400330 
249 	 41.678688 	 283.323761 	 287.541565 	 0.774430 	 98568.187500 	 563.050903 
250 	 41.678688 	 283.323761 	 288.871063 	 1.661136 	 98955.289062 	 543.629272 
251 	 41.678688 	 283.323761 	 290.848511 	 3.047011 	 99107.851562 	 470.025970 
252 	 41.678688 	 283.323761 	 295.551910 	 2.466660 	 98959.671875 	 569.965576 
253 	 41.678688 	 283.323761 	 297.336243 	 3.096825 	 98718.023438 	 592.074341 
254 	 41.678688 	 283.323761 	 294.015472 	 1.794088 	 98636.226562 	 474.718781 
255 	 41.678688 	 283.323761 	 288.802551 	 1.468690 	 98268.992188 	 510.829498 
256 	 41.678688 	 283.323761 	 285.977478 	 3.441145 	 97863.968750 	 456.091125 
257 	 41.678688 	 283.323761 	 286.055115 	 4.053018 	 97896.687500 	 460.614502 
258 	 41.678688 	 283.323761 	 285.438141 	 2.072183 	 98372.132812 	 491.684570 
259 	 41.678688 	 283.323761 	 286.004395 	 1.919667 	 98437.187500 	 403.686584 
260 	 41.678688 	 283.323761 	 284.788757 	 3.210784 	 98798.343750 	 521.122192 
261 	 41.678688 	 283.323761 	 283.077179 	 2.444286 	 98944.546875 	 494.141724 
262 	 41.678688 	 283.323761 	 281.098389 	 1.947948 	 99239.453125 	 486.705078 
263 	 41.678688 	 283.323761 	 281.605865 	 1.514445 	 99731.023438 	 523.750732 
264 	 41.678688 	 283.323761 	 279.851105 	 1.280830 	 100264.898438 	 481.885559 
265 	 41.678688 	 283.323761 	 281.625854 	 2.327401 	 100343.398438 	 491.840576 
266 	 41.678688 	 283.323761 	 287.967102 	 4.731018 	 99236.203125 	 419.645691 
267 	 41.678688 	 283.323761 	 287.964600 	 3.067161 	 98482.492188 	 478.698853 
268 	 41.678688 	 283.323761 	 283.328369 	 1.452636 	 99270.593750 	 473.189423 
269 	 41.678688 	 283.323761 	 283.001740 	 0.642528 	 99671.242188 	 506.461182 
270 	 41.678688 	 283.323761 	 284.293243 	 1.074185 	 100016.203125 	 504.888000 
271 	 41.678688 	 283.323761 	 286.033600 	 2.091385 	 99903.023438 	 511.219940 
272 	 41.678688 	 283.323761 	 288.879883 	 1.381934 	 99460.726562 	 527.037476 
273 	 41.678688 	 283.323761 	 289.347137 	 0.617486 	 99176.062500 	 531.718445 
274 	 41.678688 	 283.323761 	 288.934540 	 2.659222 	 99132.812500 	 455.343384 
275 	 41.678688 	 283.323761 	 287.045624 	 3.697489 	 98662.476562 	 518.186584 
276 	 41.678688 	 283.323761 	 280.955261 	 1.999461 	 98919.257812 	 452.936432 
277 	 41.678688 	 283.323761 	 278.923737 	 2.281471 	 99284.218750 	 440.738586 
278 	 41.678688 	 283.323761 	 277.681824 	 1.770437 	 99835.093750 	 459.929565 
279 	 41.678688 	 283.323761 	 282.445923 	 3.105425 	 99957.500000 	 455.991943 
280 	 41.678688 	 283.323761 	 285.193817 	 2.999350 	 99798.140625 	 380.292664 
281 	 41.678688 	 283.323761 	 289.565338 	 3.047924 	 98705.968750 	 459.113098 
282 	 41.678688 	 283.323761 	 288.150574 	 2.173949 	 98507.921875 	 486.791870 
283 	 41.678688 	 283.323761 	 286.198547 	 1.803492 	 98731.156250 	 494.188965 
284 	 41.678688 	 283.323761 	 282.900482 	 1.797520 	 99455.406250 	 464.192505 
285 	 41.678688 	 283.323761 	 289.088898 	 3.799694 	 98987.390625 	 510.916321 
286 	 41.678688 	 283.323761 	 289.098480 	 4.791684 	 98484.750000 	 465.774872 
287 	 41.678688 	 283.323761 	 284.370850 	 3.003942 	 98295.507812 	 476.610504 
288 	 41.678688 	 283.323761 	 280.070526 	 1.321940 	 99699.093750 	 443.069611 
289 	 41.678688 	 283.323761 	 282.016113 	 2.899875 	 99789.906250 	 422.860016 
290 	 41.678688 	 283.323761 	 277.606232 	 2.646142 	 100353.601562 	 408.882324 
291 	 41.678688 	 283.323761 	 276.793793 	 2.601125 	 99895.546875 	 381.959045 
292 	 41.678688 	 283.323761 	 285.281128 	 4.260558 	 99278.742188 	 412.154633 
293 	 41.678688 	 283.323761 	 288.705536 	 4.364981 	 98968.382812 	 418.369537 
294 	 41.678688 	 283.323761 	 289.858032 	 4.603063 	 98550.117188 	 446.848114 
295 	 41.678688 	 283.323761 	 282.508179 	 6.083928 	 97908.156250 	 471.282043 
296 	 41.678688 	 283.323761 	 277.259644 	 2.100628 	 99100.789062 	 413.629883 
297 	 41.678688 	 283.323761 	 280.128296 	 1.280646 	 99256.703125 	 449.659119 
298 	 41.678688 	 283.323761 	 276.893799 	 2.722389 	 99316.687500 	 371.756378 
299 	 41.678688 	 283.323761 	 273.898285 	 3.365480 	 98878.000000 	 379.348816 
300 	 41.678688 	 283.323761 	 276.366547 	 3.627242 	 98586.843750 	 389.287903 
301 	 41.678688 	 283.323761 	 277.660919 	 2.441844 	 98727.312500 	 390.359283 
302 	 41.678688 	 283.323761 	 278.876068 	 3.515454 	 97954.593750 	 399.333374 
303 	 41.678688 	 283.323761 	 275.378143 	 4.598275 	 98207.742188 	 414.544189 
304 	 41.678688 	 283.323761 	 269.445496 	 4.256266 	 99055.046875 	 340.158447 
305 	 41.678688 	 283.323761 	 269.358521 	 2.378129 	 99655.507812 	 328.232330 
306 	 41.678688 	 283.323761 	 276.966797 	 5.137514 	 98733.937500 	 353.221527 
307 	 41.678688 	 283.323761 	 283.320496 	 1.689304 	 98291.398438 	 408.325836 
308 	 41.678688 	 283.323761 	 280.723236 	 2.052474 	 98545.703125 	 390.779449 
309 	 41.678688 	 283.323761 	 278.443207 	 4.118567 	 98130.710938 	 401.628143 
310 	 41.678688 	 283.323761 	 275.921753 	 3.221931 	 98472.289062 	 330.305176 
311 	 41.678688 	 283.323761 	 275.784698 	 1.297766 	 98449.382812 	 344.576965 
312 	 41.678688 	 283.323761 	 272.351105 	 2.646470 	 98450.218750 	 368.678314 
313 	 41.678688 	 283.323761 	 270.430725 	 3.329288 	 99355.898438 	 371.657471 
314 	 41.678688 	 283.323761 	 269.654633 	 1.856377 	 100043.296875 	 333.088898 
315 	 41.678688 	 283.323761 	 271.569763 	 2.268692 	 100190.000000 	 356.104858 
316 	 41.678688 	 283.323761 	 278.620483 	 5.178043 	 99947.203125 	 355.900024 
317 	 41.678688 	 283.323761 	 284.600189 	 4.224917 	 99625.226562 	 389.508484 
318 	 41.678688 	 283.323761 	 285.124176 	 4.992086 	 97998.203125 	 384.579742 
319 	 41.678688 	 283.323761 	 277.241364 	 3.667660 	 98145.046875 	 381.665741 
320 	 41.678688 	 283.323761 	 278.470673 	 2.934959 	 99070.093750 	 390.836182 
321 	 41.678688 	 283.323761 	 276.645966 	 2.683919 	 100057.703125 	 372.849121 
322 	 41.678688 	 283.323761 	 282.162689 	 4.161582 	 99624.890625 	 365.274353 
323 	 41.678688 	 283.323761 	 282.741730 	 2.848583 	 97925.156250 	 387.304504 
324 	 41.678688 	 283.323761 	 281.476562 	 4.499576 	 97578.867188 	 345.511658 
325 	 41.678688 	 283.323761 	 275.016296 	 3.763741 	 98497.398438 	 349.438141 
326 	 41.678688 	 283.323761 	 276.959564 	 4.471839 	 98969.601562 	 319.880066 
327 	 41.678688 	 283.323761 	 271.194916 	 2.030296 	 99876.039062 	 328.011200 
328 	 41.678688 	 283.323761 	 274.353973 	 1.744485 	 99749.656250 	 335.999756 
329 	 41.678688 	 283.323761 	 277.557343 	 3.403718 	 99329.898438 	 335.006378 
330 	 41.678688 	 283.323761 	 282.451935 	 5.126642 	 97627.796875 	 387.118469 
331 	 41.678688 	 283.323761 	 269.597290 	 3.893024 	 98705.976562 	 319.550354 
332 	 41.678688 	 283.323761 	 270.540192 	 1.390631 	 99374.773438 	 324.599457 
333 	 41.678688 	 283.323761 	 273.456879 	 3.174476 	 99840.132812 	 313.292938 
334 	 41.678688 	 283.323761 	 278.294891 	 4.549370 	 99488.742188 	 361.856720 
335 	 41.678688 	 283.323761 	 282.548553 	 3.717315 	 98547.382812 	 375.730347 
336 	 41.678688 	 283.323761 	 279.585297 	 1.632759 	 98742.476562 	 380.214905 
337 	 41.678688 	 283.323761 	 277.814209 	 4.572078 	 98307.859375 	 391.852142 
338 	 41.678688 	 283.323761 	 274.835449 	 2.789986 	 99445.882812 	 331.796814 
339 	 41.678688 	 283.323761 	 279.265137 	 4.872125 	 99333.851562 	 357.041351 
340 	 41.678688 	 283.323761 	 286.905792 	 5.469919 	 98776.093750 	 382.747009 
341 	 41.678688 	 283.323761 	 278.949768 	 2.836921 	 98889.203125 	 347.266876 
342 	 41.678688 	 283.323761 	 270.733643 	 3.805776 	 99293.109375 	 311.803650 
343 	 41.678688 	 283.323761 	 269.158325 	 2.532567 	 99632.968750 	 313.803284 
344 	 41.678688 	 283.323761 	 273.956299 	 3.515547 	 99128.343750 	 329.236145 
345 	 41.678688 	 283.323761 	 271.476074 	 3.358160 	 99195.320312 	 353.282471 
346 	 41.678688 	 283.323761 	 268.857391 	 1.394324 	 100007.203125 	 309.794922 
347 	 41.678688 	 283.323761 	 271.859985 	 3.324286 	 99976.296875 	 312.987030 
348 	 41.678688 	 283.323761 	 275.195618 	 1.590461 	 99657.281250 	 356.296387 
349 	 41.678688 	 283.323761 	 276.534637 	 1.518312 	 99408.367188 	 342.873962 
350 	 41.678688 	 283.323761 	 276.342041 	 1.815593 	 98021.132812 	 357.172607 
351 	 41.678688 	 283.323761 	 275.523407 	 1.423104 	 97594.453125 	 335.698944 
352 	 41.678688 	 283.323761 	 270.599823 	 3.969654 	 96311.617188 	 338.002716 
353 	 41.678688 	 283.323761 	 263.161682 	 5.184971 	 97866.710938 	 285.914154 
354 	 41.678688 	 283.323761 	 265.118622 	 2.613421 	 99683.867188 	 261.735138 
355 	 41.678688 	 283.323761 	 276.402100 	 5.485908 	 98727.773438 	 315.037933 
356 	 41.678688 	 283.323761 	 274.260193 	 3.960966 	 98628.273438 	 361.689758 
357 	 41.678688 	 283.323761 	 266.342316 	 2.449245 	 100185.203125 	 265.758270 
358 	 41.678688 	 283.323761 	 274.861633 	 3.755184 	 98323.898438 	 332.739105 
359 	 41.678688 	 283.323761 	 267.309540 	 3.775760 	 97764.953125 	 328.268311 
360 	 41.678688 	 283.323761 	 264.078491 	 3.070600 	 98383.750000 	 291.139069 
361 	 41.678688 	 283.323761 	 264.914398 	 3.765641 	 98527.429688 	 325.241180 
362 	 41.678688 	 283.323761 	 265.577972 	 4.454420 	 99045.718750 	 311.967010 
363 	 41.678688 	 283.323761 	 273.451508 	 4.380633 	 98034.601562 	 344.806335 
364 	 41.678688 	 283.323761 	 270.928406 	 2.390075 	 99168.148438 	 311.917267 
