# 0: Day of Year [-] 	 1: lat [deg] 	 2: lon [deg] 	 3: tas [K] 	 4: sfcWind [m s-1] 	 5: ps [Pa] 	 6: Total Downwelling Rad Flux [W m-2] 
0 	 41.678688 	 283.323761 	 278.296722 	 2.173618 	 99725.492188 	 343.590637 
1 	 41.678688 	 283.323761 	 279.660675 	 4.661425 	 99632.218750 	 344.419189 
2 	 41.678688 	 283.323761 	 280.525513 	 5.100264 	 98592.890625 	 360.520752 
3 	 41.678688 	 283.323761 	 268.379059 	 3.028872 	 98108.312500 	 326.335358 
4 	 41.678688 	 283.323761 	 266.204224 	 0.747917 	 98515.250000 	 304.105286 
5 	 41.678688 	 283.323761 	 265.616150 	 2.691571 	 98577.656250 	 320.538330 
6 	 41.678688 	 283.323761 	 270.280029 	 2.392280 	 98804.718750 	 320.713470 
7 	 41.678688 	 283.323761 	 276.087036 	 3.592643 	 98778.851562 	 341.086731 
8 	 41.678688 	 283.323761 	 270.513458 	 2.351134 	 99653.546875 	 313.796448 
9 	 41.678688 	 283.323761 	 275.296967 	 2.309387 	 99268.101562 	 368.530731 
10 	 41.678688 	 283.323761 	 276.030304 	 3.344753 	 99564.132812 	 314.875854 
11 	 41.678688 	 283.323761 	 282.348969 	 3.263232 	 98439.718750 	 370.387817 
12 	 41.678688 	 283.323761 	 275.582550 	 2.968536 	 98255.429688 	 345.621338 
13 	 41.678688 	 283.323761 	 268.148071 	 5.761213 	 98552.382812 	 320.008087 
14 	 41.678688 	 283.323761 	 263.563782 	 4.799901 	 98341.750000 	 337.403259 
15 	 41.678688 	 283.323761 	 262.195526 	 3.390760 	 99300.593750 	 303.319763 
16 	 41.678688 	 283.323761 	 262.204651 	 1.807976 	 99809.257812 	 305.330139 
17 	 41.678688 	 283.323761 	 265.301666 	 2.089634 	 99102.156250 	 327.149567 
18 	 41.678688 	 283.323761 	 268.839081 	 3.495214 	 98582.039062 	 328.402802 
19 	 41.678688 	 283.323761 	 266.933289 	 1.614273 	 99402.039062 	 335.187561 
20 	 41.678688 	 283.323761 	 269.343079 	 1.497270 	 99744.421875 	 343.639954 
21 	 41.678688 	 283.323761 	 274.127350 	 3.987708 	 99256.679688 	 318.625641 
22 	 41.678688 	 283.323761 	 278.529449 	 3.164930 	 98515.593750 	 404.314331 
23 	 41.678688 	 283.323761 	 271.829041 	 2.265569 	 98404.773438 	 335.674347 
24 	 41.678688 	 283.323761 	 274.368744 	 3.305603 	 97901.992188 	 380.496948 
25 	 41.678688 	 283.323761 	 268.383057 	 2.580433 	 99278.507812 	 314.144653 
26 	 41.678688 	 283.323761 	 270.414490 	 2.661450 	 99720.218750 	 325.759888 
27 	 41.678688 	 283.323761 	 277.033142 	 2.109887 	 98409.148438 	 373.918121 
28 	 41.678688 	 283.323761 	 271.081207 	 3.791090 	 97517.937500 	 351.615540 
29 	 41.678688 	 283.323761 	 263.824005 	 4.067345 	 98147.953125 	 346.282257 
30 	 41.678688 	 283.323761 	 263.761597 	 2.880490 	 99737.820312 	 325.486572 
31 	 41.678688 	 283.323761 	 266.341400 	 1.323258 	 100239.898438 	 337.385529 
32 	 41.678688 	 283.323761 	 269.677948 	 1.366342 	 100180.203125 	 358.888428 
33 	 41.678688 	 283.323761 	 271.245056 	 2.470185 	 99211.460938 	 348.065613 
34 	 41.678688 	 283.323761 	 263.375092 	 2.807766 	 99723.289062 	 331.999664 
35 	 41.678688 	 283.323761 	 260.694366 	 0.796328 	 100611.500000 	 313.844360 
36 	 41.678688 	 283.323761 	 268.342865 	 2.119779 	 100183.500000 	 350.687500 
37 	 41.678688 	 283.323761 	 270.881653 	 1.012980 	 99479.437500 	 358.748291 
38 	 41.678688 	 283.323761 	 274.239258 	 2.464884 	 98417.578125 	 376.752258 
39 	 41.678688 	 283.323761 	 273.576813 	 1.698953 	 99217.593750 	 375.178864 
40 	 41.678688 	 283.323761 	 276.731537 	 3.669729 	 99441.000000 	 377.052185 
41 	 41.678688 	 283.323761 	 281.646027 	 4.740587 	 98180.539062 	 367.551971 
42 	 41.678688 	 283.323761 	 279.903778 	 4.113501 	 96924.179688 	 440.438538 
43 	 41.678688 	 283.323761 	 273.481232 	 4.831892 	 96427.468750 	 397.021057 
44 	 41.678688 	 283.323761 	 270.918976 	 4.366149 	 97480.929688 	 395.566315 
45 	 41.678688 	 283.323761 	 271.302582 	 2.464303 	 98757.460938 	 323.965515 
46 	 41.678688 	 283.323761 	 273.859131 	 1.722906 	 98892.312500 	 399.668091 
47 	 41.678688 	 283.323761 	 274.626373 	 2.061340 	 99042.273438 	 384.398499 
48 	 41.678688 	 283.323761 	 270.792480 	 3.309513 	 99110.343750 	 371.358185 
49 	 41.678688 	 283.323761 	 272.755707 	 1.925258 	 98114.523438 	 404.466797 
50 	 41.678688 	 283.323761 	 273.830109 	 2.323550 	 97300.343750 	 392.643158 
51 	 41.678688 	 283.323761 	 270.605865 	 3.663642 	 97309.859375 	 376.444733 
52 	 41.678688 	 283.323761 	 269.379425 	 2.872107 	 98096.859375 	 380.093811 
53 	 41.678688 	 283.323761 	 270.390076 	 2.438205 	 98845.296875 	 412.451172 
54 	 41.678688 	 283.323761 	 277.497589 	 4.392175 	 98140.656250 	 405.796570 
55 	 41.678688 	 283.323761 	 274.528320 	 5.657886 	 97358.078125 	 433.375916 
56 	 41.678688 	 283.323761 	 266.029572 	 4.675128 	 98554.281250 	 398.471527 
57 	 41.678688 	 283.323761 	 268.703278 	 2.792721 	 98976.406250 	 349.031677 
58 	 41.678688 	 283.323761 	 274.277435 	 1.942922 	 98603.382812 	 436.522400 
59 	 41.678688 	 283.323761 	 275.586395 	 2.930654 	 98635.898438 	 430.940857 
60 	 41.678688 	 283.323761 	 279.065674 	 4.925067 	 97700.328125 	 366.117981 
61 	 41.678688 	 283.323761 	 265.447388 	 2.129546 	 99358.523438 	 375.569397 
62 	 41.678688 	 283.323761 	 270.741272 	 2.361770 	 98968.296875 	 412.233704 
63 	 41.678688 	 283.323761 	 273.261658 	 4.076365 	 97495.976562 	 434.536560 
64 	 41.678688 	 283.323761 	 260.590424 	 5.546046 	 98536.593750 	 379.267700 
65 	 41.678688 	 283.323761 	 268.385925 	 3.741708 	 98440.890625 	 412.034058 
66 	 41.678688 	 283.323761 	 277.010162 	 4.439570 	 96969.351562 	 383.335144 
67 	 41.678688 	 283.323761 	 263.960907 	 5.453840 	 96984.093750 	 416.320984 
68 	 41.678688 	 283.323761 	 265.031494 	 3.034696 	 96922.921875 	 430.719910 
69 	 41.678688 	 283.323761 	 265.101868 	 3.064727 	 97182.453125 	 406.999084 
70 	 41.678688 	 283.323761 	 267.062775 	 3.463665 	 97363.953125 	 412.659973 
71 	 41.678688 	 283.323761 	 269.215607 	 4.253025 	 97686.406250 	 430.766296 
72 	 41.678688 	 283.323761 	 270.374207 	 2.994110 	 98048.726562 	 413.711731 
73 	 41.678688 	 283.323761 	 270.561798 	 2.169823 	 98487.406250 	 441.754883 
74 	 41.678688 	 283.323761 	 272.093292 	 1.496738 	 98769.867188 	 451.212952 
75 	 41.678688 	 283.323761 	 275.729706 	 1.543591 	 98953.671875 	 449.740173 
76 	 41.678688 	 283.323761 	 281.930023 	 2.719983 	 98891.789062 	 483.298218 
77 	 41.678688 	 283.323761 	 283.529236 	 2.275489 	 99000.843750 	 498.565063 
78 	 41.678688 	 283.323761 	 286.645355 	 4.750513 	 97912.867188 	 469.431305 
79 	 41.678688 	 283.323761 	 283.618835 	 2.427156 	 96974.742188 	 443.416687 
80 	 41.678688 	 283.323761 	 278.662292 	 2.298543 	 97215.843750 	 497.254639 
81 	 41.678688 	 283.323761 	 282.052460 	 3.849113 	 98010.640625 	 382.012665 
82 	 41.678688 	 283.323761 	 278.412415 	 4.597698 	 97121.406250 	 440.889618 
83 	 41.678688 	 283.323761 	 276.371765 	 1.695875 	 97396.359375 	 403.636993 
84 	 41.678688 	 283.323761 	 275.855225 	 2.412912 	 97403.007812 	 390.486938 
85 	 41.678688 	 283.323761 	 275.152985 	 3.927367 	 97757.718750 	 440.693420 
86 	 41.678688 	 283.323761 	 275.985229 	 2.448667 	 98293.203125 	 514.071899 
87 	 41.678688 	 283.323761 	 277.400940 	 2.479488 	 98566.750000 	 373.130707 
88 	 41.678688 	 283.323761 	 282.540100 	 3.306735 	 97630.242188 	 404.224518 
89 	 41.678688 	 283.323761 	 282.704651 	 2.098434 	 96647.226562 	 420.860840 
90 	 41.678688 	 283.323761 	 281.355530 	 1.636437 	 96973.070312 	 430.096283 
91 	 41.678688 	 283.323761 	 280.238800 	 2.683527 	 97853.140625 	 500.117035 
92 	 41.678688 	 283.323761 	 281.515961 	 4.047795 	 97322.742188 	 457.485748 
93 	 41.678688 	 283.323761 	 277.410828 	 5.587872 	 97243.179688 	 528.041992 
94 	 41.678688 	 283.323761 	 276.868042 	 2.493153 	 98409.210938 	 510.389099 
95 	 41.678688 	 283.323761 	 276.613342 	 2.316948 	 98539.453125 	 344.762512 
96 	 41.678688 	 283.323761 	 276.519745 	 3.719763 	 97093.843750 	 390.571442 
97 	 41.678688 	 283.323761 	 277.964203 	 2.517539 	 97271.898438 	 534.330566 
98 	 41.678688 	 283.323761 	 281.580658 	 1.995418 	 98184.796875 	 528.831848 
99 	 41.678688 	 283.323761 	 286.970764 	 4.873146 	 98079.406250 	 546.095581 
100 	 41.678688 	 283.323761 	 279.818329 	 5.050783 	 96605.679688 	 358.995361 
101 	 41.678688 	 283.323761 	 276.142700 	 4.955026 	 96177.609375 	 413.775665 
102 	 41.678688 	 283.323761 	 274.014526 	 3.514538 	 97344.601562 	 436.077972 
103 	 41.678688 	 283.323761 	 274.430176 	 2.954039 	 98127.906250 	 484.205414 
104 	 41.678688 	 283.323761 	 276.400421 	 2.611984 	 98842.812500 	 549.519409 
105 	 41.678688 	 283.323761 	 276.159088 	 1.248448 	 99214.382812 	 536.435059 
106 	 41.678688 	 283.323761 	 279.622253 	 2.774054 	 98698.132812 	 436.520142 
107 	 41.678688 	 283.323761 	 279.126831 	 4.880609 	 96945.476562 	 428.063110 
108 	 41.678688 	 283.323761 	 283.389954 	 3.918535 	 98011.179688 	 530.653748 
109 	 41.678688 	 283.323761 	 289.046204 	 4.444631 	 97789.062500 	 455.034180 
110 	 41.678688 	 283.323761 	 281.158295 	 3.407805 	 98827.828125 	 552.361084 
111 	 41.678688 	 283.323761 	 281.059753 	 1.421724 	 99795.343750 	 558.237366 
112 	 41.678688 	 283.323761 	 286.367004 	 3.706688 	 99525.867188 	 570.676636 
113 	 41.678688 	 283.323761 	 289.706665 	 3.760672 	 98809.359375 	 599.547974 
114 	 41.678688 	 283.323761 	 291.844879 	 3.489757 	 98151.132812 	 557.411987 
115 	 41.678688 	 283.323761 	 288.460449 	 1.683479 	 98450.742188 	 592.477112 
116 	 41.678688 	 283.323761 	 287.274323 	 3.749620 	 98629.140625 	 505.189087 
117 	 41.678688 	 283.323761 	 286.620667 	 4.864238 	 97803.117188 	 578.349976 
118 	 41.678688 	 283.323761 	 288.695221 	 3.093921 	 98369.929688 	 564.566406 
119 	 41.678688 	 283.323761 	 292.553589 	 3.924121 	 97352.523438 	 446.658508 
120 	 41.678688 	 283.323761 	 283.118011 	 1.884359 	 97414.210938 	 422.655060 
121 	 41.678688 	 283.323761 	 278.491333 	 3.813291 	 97595.593750 	 567.596008 
122 	 41.678688 	 283.323761 	 277.192810 	 2.306362 	 98768.679688 	 517.668640 
123 	 41.678688 	 283.323761 	 278.584595 	 1.894925 	 99716.406250 	 564.343445 
124 	 41.678688 	 283.323761 	 282.264679 	 1.910384 	 100193.601562 	 580.436096 
125 	 41.678688 	 283.323761 	 288.583649 	 4.261652 	 99819.117188 	 609.848083 
126 	 41.678688 	 283.323761 	 287.421814 	 3.219553 	 99072.531250 	 435.907043 
127 	 41.678688 	 283.323761 	 286.232483 	 1.997408 	 98496.851562 	 604.552002 
128 	 41.678688 	 283.323761 	 285.289093 	 1.514275 	 98725.156250 	 560.881470 
129 	 41.678688 	 283.323761 	 290.003662 	 3.368891 	 98658.078125 	 632.894165 
130 	 41.678688 	 283.323761 	 297.114746 	 4.300047 	 98044.320312 	 636.608643 
131 	 41.678688 	 283.323761 	 298.293152 	 2.771067 	 98335.976562 	 658.823730 
132 	 41.678688 	 283.323761 	 296.659058 	 2.118405 	 98440.773438 	 672.143494 
133 	 41.678688 	 283.323761 	 296.980682 	 2.505501 	 98040.859375 	 674.134888 
134 	 41.678688 	 283.323761 	 296.737122 	 1.903550 	 97857.906250 	 643.608154 
135 	 41.678688 	 283.323761 	 293.634949 	 2.724003 	 97702.468750 	 594.341125 
136 	 41.678688 	 283.323761 	 289.241150 	 3.752838 	 98012.976562 	 635.516113 
137 	 41.678688 	 283.323761 	 286.464203 	 2.091176 	 98465.796875 	 502.174622 
138 	 41.678688 	 283.323761 	 287.414703 	 1.658591 	 98889.296875 	 579.923706 
139 	 41.678688 	 283.323761 	 290.440826 	 4.733234 	 99170.382812 	 610.179260 
140 	 41.678688 	 283.323761 	 296.264557 	 3.769462 	 98511.218750 	 677.047485 
141 	 41.678688 	 283.323761 	 294.694489 	 3.441083 	 98305.617188 	 627.637939 
142 	 41.678688 	 283.323761 	 291.005829 	 3.625937 	 98438.906250 	 671.754395 
143 	 41.678688 	 283.323761 	 286.386505 	 2.572319 	 98983.203125 	 602.591919 
144 	 41.678688 	 283.323761 	 287.450073 	 1.451422 	 99447.648438 	 645.707947 
145 	 41.678688 	 283.323761 	 288.805786 	 2.284376 	 99118.179688 	 502.182312 
146 	 41.678688 	 283.323761 	 289.112976 	 3.969181 	 97947.046875 	 473.832397 
147 	 41.678688 	 283.323761 	 284.737244 	 3.475038 	 98531.218750 	 631.968384 
148 	 41.678688 	 283.323761 	 283.379608 	 1.317855 	 99393.937500 	 535.020630 
149 	 41.678688 	 283.323761 	 285.255432 	 1.617890 	 99930.718750 	 637.133667 
150 	 41.678688 	 283.323761 	 293.497986 	 3.831616 	 99351.148438 	 672.958252 
151 	 41.678688 	 283.323761 	 295.731476 	 2.197222 	 99152.718750 	 682.074158 
152 	 41.678688 	 283.323761 	 294.832458 	 1.057418 	 99334.679688 	 678.030518 
153 	 41.678688 	 283.323761 	 295.946167 	 1.540041 	 99134.773438 	 686.171204 
154 	 41.678688 	 283.323761 	 296.884125 	 2.158158 	 98742.226562 	 697.144287 
155 	 41.678688 	 283.323761 	 294.395325 	 1.352169 	 98726.828125 	 664.404663 
156 	 41.678688 	 283.323761 	 292.692505 	 1.383122 	 98759.406250 	 662.850830 
157 	 41.678688 	 283.323761 	 294.222961 	 2.787151 	 98279.000000 	 646.443176 
158 	 41.678688 	 283.323761 	 292.331909 	 1.370022 	 98334.726562 	 658.415100 
159 	 41.678688 	 283.323761 	 292.144043 	 2.265284 	 98380.632812 	 611.173340 
160 	 41.678688 	 283.323761 	 295.722748 	 2.634217 	 97877.250000 	 662.250122 
161 	 41.678688 	 283.323761 	 294.789581 	 3.311062 	 97206.156250 	 674.070801 
162 	 41.678688 	 283.323761 	 287.990845 	 4.804647 	 97047.773438 	 645.745911 
163 	 41.678688 	 283.323761 	 285.760223 	 2.116462 	 98152.968750 	 535.107361 
164 	 41.678688 	 283.323761 	 286.408844 	 2.984245 	 98314.578125 	 555.875793 
165 	 41.678688 	 283.323761 	 288.296234 	 2.216324 	 98145.671875 	 637.444336 
166 	 41.678688 	 283.323761 	 287.910400 	 1.109068 	 98427.359375 	 573.298035 
167 	 41.678688 	 283.323761 	 287.626617 	 1.888537 	 98180.773438 	 587.074585 
168 	 41.678688 	 283.323761 	 287.035309 	 1.937586 	 98852.156250 	 622.917236 
169 	 41.678688 	 283.323761 	 289.683228 	 2.739564 	 99483.828125 	 551.116150 
170 	 41.678688 	 283.323761 	 293.229980 	 5.012022 	 99427.500000 	 698.969727 
171 	 41.678688 	 283.323761 	 295.756592 	 3.428099 	 98859.906250 	 674.341064 
172 	 41.678688 	 283.323761 	 295.113068 	 2.137004 	 98666.953125 	 638.218140 
173 	 41.678688 	 283.323761 	 293.934753 	 1.690069 	 99068.031250 	 652.344055 
174 	 41.678688 	 283.323761 	 296.395172 	 2.657204 	 99146.656250 	 666.708618 
175 	 41.678688 	 283.323761 	 297.810425 	 2.710950 	 98874.953125 	 707.156555 
176 	 41.678688 	 283.323761 	 298.774475 	 3.506313 	 98518.320312 	 716.255127 
177 	 41.678688 	 283.323761 	 299.136841 	 3.440444 	 98285.343750 	 683.866882 
178 	 41.678688 	 283.323761 	 297.649078 	 1.606042 	 98623.640625 	 691.351807 
179 	 41.678688 	 283.323761 	 296.489166 	 2.013057 	 98646.117188 	 675.170288 
180 	 41.678688 	 283.323761 	 297.080505 	 1.661695 	 98865.757812 	 685.921021 
181 	 41.678688 	 283.323761 	 296.709137 	 1.566437 	 98974.367188 	 690.950745 
182 	 41.678688 	 283.323761 	 296.556641 	 2.864677 	 98433.351562 	 678.336548 
183 	 41.678688 	 283.323761 	 294.769012 	 2.328693 	 98301.437500 	 708.568970 
184 	 41.678688 	 283.323761 	 296.187012 	 2.925884 	 98323.257812 	 642.654663 
185 	 41.678688 	 283.323761 	 295.200256 	 1.190926 	 98364.453125 	 705.453003 
186 	 41.678688 	 283.323761 	 296.462646 	 2.181243 	 98363.312500 	 709.108643 
187 	 41.678688 	 283.323761 	 295.812622 	 2.033795 	 99197.843750 	 674.207153 
188 	 41.678688 	 283.323761 	 298.390289 	 3.081755 	 99278.539062 	 703.312866 
189 	 41.678688 	 283.323761 	 299.068756 	 2.173522 	 98843.992188 	 716.823120 
190 	 41.678688 	 283.323761 	 298.390930 	 2.547266 	 98589.968750 	 696.186829 
191 	 41.678688 	 283.323761 	 297.674805 	 3.898639 	 98157.117188 	 661.959167 
192 	 41.678688 	 283.323761 	 294.811920 	 3.880909 	 97997.218750 	 675.093506 
193 	 41.678688 	 283.323761 	 291.678406 	 1.974347 	 98891.250000 	 665.403687 
194 	 41.678688 	 283.323761 	 293.697662 	 1.016412 	 99411.000000 	 640.422913 
195 	 41.678688 	 283.323761 	 294.464203 	 1.812387 	 99418.867188 	 600.288818 
196 	 41.678688 	 283.323761 	 294.951874 	 1.082797 	 99433.976562 	 676.850342 
197 	 41.678688 	 283.323761 	 295.671478 	 1.751424 	 99261.593750 	 691.643799 
198 	 41.678688 	 283.323761 	 295.832489 	 2.500785 	 98726.476562 	 662.414429 
199 	 41.678688 	 283.323761 	 296.593719 	 2.901301 	 97840.226562 	 654.080444 
200 	 41.678688 	 283.323761 	 291.502014 	 4.130826 	 97933.390625 	 646.470703 
201 	 41.678688 	 283.323761 	 290.030548 	 4.561115 	 98201.937500 	 563.645752 
202 	 41.678688 	 283.323761 	 290.765259 	 2.967558 	 98476.593750 	 514.652405 
203 	 41.678688 	 283.323761 	 291.917267 	 1.786782 	 98595.726562 	 533.947754 
204 	 41.678688 	 283.323761 	 294.719299 	 3.616468 	 98810.156250 	 693.582947 
205 	 41.678688 	 283.323761 	 293.912079 	 3.204072 	 99248.507812 	 579.831177 
206 	 41.678688 	 283.323761 	 294.406464 	 3.292925 	 99102.117188 	 652.349487 
207 	 41.678688 	 283.323761 	 297.758759 	 3.463006 	 98504.359375 	 688.489502 
208 	 41.678688 	 283.323761 	 298.722809 	 2.892509 	 98234.773438 	 620.850586 
209 	 41.678688 	 283.323761 	 299.249359 	 2.907156 	 97919.351562 	 694.059692 
210 	 41.678688 	 283.323761 	 296.030518 	 3.040205 	 97698.507812 	 607.557190 
211 	 41.678688 	 283.323761 	 291.688263 	 3.878447 	 98291.210938 	 651.760010 
212 	 41.678688 	 283.323761 	 292.236542 	 2.149220 	 98513.203125 	 660.165894 
213 	 41.678688 	 283.323761 	 293.220032 	 1.196977 	 98577.078125 	 663.741699 
214 	 41.678688 	 283.323761 	 294.478424 	 3.279217 	 98693.687500 	 617.952515 
215 	 41.678688 	 283.323761 	 295.411011 	 3.731950 	 98551.890625 	 620.634949 
216 	 41.678688 	 283.323761 	 293.835297 	 3.628615 	 98283.257812 	 546.026978 
217 	 41.678688 	 283.323761 	 289.688904 	 5.106526 	 98678.328125 	 584.438110 
218 	 41.678688 	 283.323761 	 289.496552 	 1.379189 	 99297.257812 	 631.426636 
219 	 41.678688 	 283.323761 	 293.292084 	 2.142590 	 99556.570312 	 646.150635 
220 	 41.678688 	 283.323761 	 296.629791 	 3.101419 	 99001.617188 	 659.157593 
221 	 41.678688 	 283.323761 	 297.196869 	 3.769389 	 98277.640625 	 654.184814 
222 	 41.678688 	 283.323761 	 288.226959 	 3.244302 	 99231.640625 	 618.781616 
223 	 41.678688 	 283.323761 	 286.289886 	 0.963597 	 99657.023438 	 610.706970 
224 	 41.678688 	 283.323761 	 291.012573 	 1.827224 	 99725.468750 	 594.067261 
225 	 41.678688 	 283.323761 	 293.111816 	 1.782137 	 99770.156250 	 604.949646 
226 	 41.678688 	 283.323761 	 296.883728 	 1.790744 	 99064.648438 	 595.509338 
227 	 41.678688 	 283.323761 	 296.863678 	 1.183664 	 98456.273438 	 646.965210 
228 	 41.678688 	 283.323761 	 296.667725 	 2.651177 	 98605.890625 	 649.336182 
229 	 41.678688 	 283.323761 	 294.567017 	 2.397739 	 98793.187500 	 599.271179 
230 	 41.678688 	 283.323761 	 297.987854 	 4.401978 	 98635.953125 	 667.926819 
231 	 41.678688 	 283.323761 	 299.678467 	 3.566675 	 98497.382812 	 610.011230 
232 	 41.678688 	 283.323761 	 298.849701 	 3.623512 	 98348.289062 	 582.047913 
233 	 41.678688 	 283.323761 	 296.587830 	 1.694829 	 98283.546875 	 567.544556 
234 	 41.678688 	 283.323761 	 291.469147 	 3.340656 	 98433.773438 	 629.223145 
235 	 41.678688 	 283.323761 	 288.020294 	 1.467706 	 99375.796875 	 592.294189 
236 	 41.678688 	 283.323761 	 290.532745 	 2.569504 	 99280.976562 	 598.979187 
237 	 41.678688 	 283.323761 	 295.744110 	 3.898364 	 98535.898438 	 625.091492 
238 	 41.678688 	 283.323761 	 293.838440 	 4.243596 	 98986.718750 	 620.719482 
239 	 41.678688 	 283.323761 	 287.979614 	 2.149909 	 99892.929688 	 570.545532 
240 	 41.678688 	 283.323761 	 290.278259 	 3.119509 	 99703.656250 	 593.621094 
241 	 41.678688 	 283.323761 	 292.723694 	 3.729422 	 98963.851562 	 509.070435 
242 	 41.678688 	 283.323761 	 290.989929 	 2.440572 	 99459.203125 	 599.833191 
243 	 41.678688 	 283.323761 	 290.487274 	 3.423721 	 99095.210938 	 564.772095 
244 	 41.678688 	 283.323761 	 292.727753 	 2.901804 	 97993.710938 	 608.086426 
245 	 41.678688 	 283.323761 	 288.787140 	 1.858215 	 98410.257812 	 574.138367 
246 	 41.678688 	 283.323761 	 289.909088 	 1.808541 	 98720.046875 	 585.987183 
247 	 41.678688 	 283.323761 	 294.163147 	 2.172791 	 98620.570312 	 589.627747 
248 	 41.678688 	 283.323761 	 294.445953 	 1.834135 	 98700.343750 	 585.254028 
249 	 41.678688 	 283.323761 	 302.461578 	 3.471804 	 97974.671875 	 607.886169 
250 	 41.678688 	 283.323761 	 302.236542 	 3.682456 	 97743.742188 	 568.624146 
251 	 41.678688 	 283.323761 	 297.862457 	 2.484434 	 98304.523438 	 596.473572 
252 	 41.678688 	 283.323761 	 295.904358 	 2.401695 	 98778.179688 	 592.377808 
253 	 41.678688 	 283.323761 	 300.718536 	 3.373677 	 98409.218750 	 608.206909 
254 	 41.678688 	 283.323761 	 300.002594 	 2.971646 	 98479.117188 	 564.702209 
255 	 41.678688 	 283.323761 	 294.422699 	 2.309207 	 98745.226562 	 483.381287 
256 	 41.678688 	 283.323761 	 292.431671 	 0.998483 	 99352.437500 	 570.283813 
257 	 41.678688 	 283.323761 	 293.779907 	 2.117136 	 99534.296875 	 557.997559 
258 	 41.678688 	 283.323761 	 291.742615 	 2.714119 	 99955.820312 	 546.688232 
259 	 41.678688 	 283.323761 	 287.855988 	 1.836997 	 100509.203125 	 529.553650 
260 	 41.678688 	 283.323761 	 286.951721 	 3.101617 	 100236.703125 	 421.590332 
261 	 41.678688 	 283.323761 	 290.305389 	 2.996056 	 99555.539062 	 477.085480 
262 	 41.678688 	 283.323761 	 292.075653 	 1.784974 	 99374.679688 	 532.279236 
263 	 41.678688 	 283.323761 	 291.356476 	 2.314114 	 99542.671875 	 496.333344 
264 	 41.678688 	 283.323761 	 290.247925 	 2.840673 	 99751.429688 	 432.334167 
265 	 41.678688 	 283.323761 	 289.046204 	 2.110000 	 99679.476562 	 499.834290 
266 	 41.678688 	 283.323761 	 289.845795 	 1.956791 	 99325.570312 	 553.745972 
267 	 41.678688 	 283.323761 	 291.702850 	 1.091354 	 99044.390625 	 561.420349 
268 	 41.678688 	 283.323761 	 291.678345 	 1.604526 	 99031.000000 	 542.666321 
269 	 41.678688 	 283.323761 	 290.063843 	 2.435049 	 99126.117188 	 464.091125 
270 	 41.678688 	 283.323761 	 291.914429 	 3.284938 	 98983.500000 	 534.695557 
271 	 41.678688 	 283.323761 	 291.163330 	 4.699542 	 98316.343750 	 457.187408 
272 	 41.678688 	 283.323761 	 285.793701 	 4.904933 	 96997.929688 	 455.206024 
273 	 41.678688 	 283.323761 	 282.268219 	 4.001819 	 97239.468750 	 408.281891 
274 	 41.678688 	 283.323761 	 285.441406 	 2.406564 	 98280.406250 	 521.999573 
275 	 41.678688 	 283.323761 	 287.403259 	 1.979010 	 98868.343750 	 497.801086 
276 	 41.678688 	 283.323761 	 290.616272 	 1.862160 	 99274.039062 	 538.210754 
277 	 41.678688 	 283.323761 	 291.502167 	 2.913236 	 99083.718750 	 520.641174 
278 	 41.678688 	 283.323761 	 286.238434 	 2.571379 	 98733.593750 	 394.514496 
279 	 41.678688 	 283.323761 	 278.036133 	 2.603100 	 98465.796875 	 420.347839 
280 	 41.678688 	 283.323761 	 276.033051 	 3.380936 	 97550.851562 	 378.202789 
281 	 41.678688 	 283.323761 	 276.494812 	 4.453342 	 97699.390625 	 405.050964 
282 	 41.678688 	 283.323761 	 278.176392 	 3.972859 	 97778.476562 	 372.783936 
283 	 41.678688 	 283.323761 	 274.121094 	 3.796886 	 98600.179688 	 396.213440 
284 	 41.678688 	 283.323761 	 273.015472 	 1.896893 	 99480.460938 	 364.706238 
285 	 41.678688 	 283.323761 	 277.400146 	 2.782970 	 99442.156250 	 414.564514 
286 	 41.678688 	 283.323761 	 286.641174 	 2.823197 	 98989.359375 	 492.901184 
287 	 41.678688 	 283.323761 	 288.052429 	 2.731374 	 98750.101562 	 465.607849 
288 	 41.678688 	 283.323761 	 286.174896 	 2.088684 	 98443.398438 	 396.363708 
289 	 41.678688 	 283.323761 	 284.865173 	 3.624854 	 97100.578125 	 459.898651 
290 	 41.678688 	 283.323761 	 279.591919 	 4.438451 	 97440.203125 	 437.491821 
291 	 41.678688 	 283.323761 	 277.813660 	 2.291439 	 98818.632812 	 378.461548 
292 	 41.678688 	 283.323761 	 282.226135 	 3.726036 	 98745.109375 	 431.199249 
293 	 41.678688 	 283.323761 	 280.736511 	 3.235189 	 98869.179688 	 426.447784 
294 	 41.678688 	 283.323761 	 281.396912 	 3.529722 	 99186.273438 	 439.565918 
295 	 41.678688 	 283.323761 	 286.605408 	 4.049924 	 98314.343750 	 450.719604 
296 	 41.678688 	 283.323761 	 279.650879 	 4.452969 	 96394.007812 	 360.692535 
297 	 41.678688 	 283.323761 	 274.628906 	 4.662865 	 96641.953125 	 342.313202 
298 	 41.678688 	 283.323761 	 276.881470 	 3.695457 	 98424.156250 	 414.081879 
299 	 41.678688 	 283.323761 	 280.964355 	 3.764938 	 99252.320312 	 403.994995 
300 	 41.678688 	 283.323761 	 286.736481 	 3.599642 	 98760.390625 	 396.869202 
301 	 41.678688 	 283.323761 	 279.790100 	 0.696512 	 98570.453125 	 383.774323 
302 	 41.678688 	 283.323761 	 277.086060 	 1.920793 	 98189.773438 	 363.721405 
303 	 41.678688 	 283.323761 	 275.225403 	 2.532482 	 99066.578125 	 371.133789 
304 	 41.678688 	 283.323761 	 282.227081 	 4.148619 	 98965.781250 	 432.366913 
305 	 41.678688 	 283.323761 	 282.626923 	 3.776811 	 98926.007812 	 377.031342 
306 	 41.678688 	 283.323761 	 274.030731 	 3.107895 	 100451.101562 	 399.221008 
307 	 41.678688 	 283.323761 	 282.151794 	 3.866301 	 99829.039062 	 377.417267 
308 	 41.678688 	 283.323761 	 282.939758 	 1.276712 	 99688.882812 	 380.014221 
309 	 41.678688 	 283.323761 	 288.618774 	 4.001947 	 99009.679688 	 409.505096 
310 	 41.678688 	 283.323761 	 283.478241 	 5.553259 	 97773.671875 	 447.271820 
311 	 41.678688 	 283.323761 	 274.929657 	 4.618284 	 98291.109375 	 359.728333 
312 	 41.678688 	 283.323761 	 274.887451 	 3.583383 	 99180.882812 	 389.978638 
313 	 41.678688 	 283.323761 	 276.217987 	 2.603174 	 99861.179688 	 364.117859 
314 	 41.678688 	 283.323761 	 280.802429 	 2.679699 	 99607.406250 	 376.636353 
315 	 41.678688 	 283.323761 	 280.825195 	 3.700314 	 99080.648438 	 372.683167 
316 	 41.678688 	 283.323761 	 279.260651 	 3.695419 	 99122.476562 	 392.135468 
317 	 41.678688 	 283.323761 	 273.652771 	 1.764391 	 99874.101562 	 362.764343 
318 	 41.678688 	 283.323761 	 278.081238 	 2.114080 	 99297.367188 	 369.717896 
319 	 41.678688 	 283.323761 	 277.854736 	 2.096384 	 99885.882812 	 354.604004 
320 	 41.678688 	 283.323761 	 282.431641 	 3.271151 	 99464.890625 	 408.470123 
321 	 41.678688 	 283.323761 	 285.276154 	 2.907004 	 98865.710938 	 408.164001 
322 	 41.678688 	 283.323761 	 286.034637 	 3.011513 	 98155.453125 	 388.550415 
323 	 41.678688 	 283.323761 	 274.343933 	 2.084806 	 98617.867188 	 320.141388 
324 	 41.678688 	 283.323761 	 272.291748 	 2.059726 	 98132.117188 	 327.608887 
325 	 41.678688 	 283.323761 	 272.477509 	 3.812534 	 97893.976562 	 341.309021 
326 	 41.678688 	 283.323761 	 274.933502 	 3.398946 	 98385.468750 	 352.619690 
327 	 41.678688 	 283.323761 	 277.916199 	 2.220813 	 98724.906250 	 346.111267 
328 	 41.678688 	 283.323761 	 280.467896 	 1.811400 	 99204.898438 	 362.822571 
329 	 41.678688 	 283.323761 	 282.387268 	 3.245113 	 99368.312500 	 379.147949 
330 	 41.678688 	 283.323761 	 284.623779 	 4.193305 	 97963.937500 	 364.778625 
331 	 41.678688 	 283.323761 	 274.146149 	 3.819022 	 98632.187500 	 354.912262 
332 	 41.678688 	 283.323761 	 269.268036 	 2.107322 	 99659.640625 	 327.404144 
333 	 41.678688 	 283.323761 	 276.375122 	 2.566206 	 98307.953125 	 334.939545 
334 	 41.678688 	 283.323761 	 270.352264 	 3.586128 	 98504.546875 	 332.319153 
335 	 41.678688 	 283.323761 	 267.941071 	 3.408410 	 98826.656250 	 304.678253 
336 	 41.678688 	 283.323761 	 267.294678 	 2.755381 	 98789.406250 	 291.945831 
337 	 41.678688 	 283.323761 	 267.228851 	 2.923382 	 99014.203125 	 309.529053 
338 	 41.678688 	 283.323761 	 266.435760 	 1.554742 	 100735.796875 	 325.455261 
339 	 41.678688 	 283.323761 	 268.650909 	 2.852120 	 101662.703125 	 331.358459 
340 	 41.678688 	 283.323761 	 274.392670 	 3.340488 	 100740.601562 	 352.456146 
341 	 41.678688 	 283.323761 	 274.987488 	 2.182945 	 100196.898438 	 329.985962 
342 	 41.678688 	 283.323761 	 282.661072 	 5.276677 	 98642.031250 	 366.083313 
343 	 41.678688 	 283.323761 	 274.091736 	 3.164621 	 98276.820312 	 354.014252 
344 	 41.678688 	 283.323761 	 275.953613 	 2.836860 	 99471.468750 	 352.227661 
345 	 41.678688 	 283.323761 	 277.769684 	 3.905793 	 99063.046875 	 320.420868 
346 	 41.678688 	 283.323761 	 272.215820 	 3.401162 	 99947.406250 	 316.903992 
347 	 41.678688 	 283.323761 	 272.072662 	 1.475926 	 100577.101562 	 316.637238 
348 	 41.678688 	 283.323761 	 275.470459 	 3.411724 	 99643.203125 	 325.007019 
349 	 41.678688 	 283.323761 	 279.677887 	 3.352647 	 97881.750000 	 367.354950 
350 	 41.678688 	 283.323761 	 272.972351 	 2.990011 	 97179.476562 	 314.452423 
351 	 41.678688 	 283.323761 	 271.648468 	 4.026127 	 97339.703125 	 321.100250 
352 	 41.678688 	 283.323761 	 269.182190 	 4.252899 	 97398.156250 	 334.736725 
353 	 41.678688 	 283.323761 	 268.890411 	 2.953322 	 98805.109375 	 297.853455 
354 	 41.678688 	 283.323761 	 274.989929 	 3.948970 	 99174.531250 	 331.682983 
355 	 41.678688 	 283.323761 	 278.465790 	 2.370896 	 99130.617188 	 345.262421 
356 	 41.678688 	 283.323761 	 275.468811 	 3.052588 	 99412.726562 	 350.548309 
357 	 41.678688 	 283.323761 	 281.377533 	 4.582388 	 98599.773438 	 382.066498 
358 	 41.678688 	 283.323761 	 279.431732 	 5.096696 	 97798.710938 	 365.911377 
359 	 41.678688 	 283.323761 	 272.071503 	 2.315476 	 98857.492188 	 316.702515 
360 	 41.678688 	 283.323761 	 277.716339 	 2.531733 	 98796.960938 	 312.565430 
361 	 41.678688 	 283.323761 	 281.371643 	 1.693242 	 98993.632812 	 376.975769 
362 	 41.678688 	 283.323761 	 278.406525 	 2.360289 	 99663.382812 	 355.662201 
363 	 41.678688 	 283.323761 	 282.898682 	 3.821840 	 98591.828125 	 395.343658 
364 	 41.678688 	 283.323761 	 272.695679 	 3.101757 	 99485.101562 	 330.360809 
