# 0: Day of Year [-] 	 1: lat [deg] 	 2: lon [deg] 	 3: tas [K] 	 4: sfcWind [m s-1] 	 5: ps [Pa] 	 6: Total Downwelling Rad Flux [W m-2] 
0 	 41.678688 	 283.323761 	 279.533508 	 1.861535 	 99062.906250 	 389.548553 
1 	 41.678688 	 283.323761 	 282.242554 	 3.595741 	 99069.843750 	 377.035950 
2 	 41.678688 	 283.323761 	 276.546082 	 3.759132 	 99394.257812 	 388.730347 
3 	 41.678688 	 283.323761 	 270.817871 	 1.949211 	 100336.000000 	 314.362671 
4 	 41.678688 	 283.323761 	 277.354797 	 2.369248 	 99318.406250 	 378.062744 
5 	 41.678688 	 283.323761 	 277.751770 	 3.111742 	 99034.281250 	 365.104248 
6 	 41.678688 	 283.323761 	 280.851379 	 4.024683 	 98112.078125 	 370.697174 
7 	 41.678688 	 283.323761 	 273.993896 	 4.092885 	 98866.593750 	 350.613617 
8 	 41.678688 	 283.323761 	 268.705902 	 2.818641 	 100812.203125 	 349.236542 
9 	 41.678688 	 283.323761 	 273.010498 	 2.642158 	 100159.203125 	 356.948883 
10 	 41.678688 	 283.323761 	 271.866791 	 2.334983 	 99861.117188 	 348.245941 
11 	 41.678688 	 283.323761 	 272.546631 	 2.599265 	 99478.218750 	 316.558716 
12 	 41.678688 	 283.323761 	 277.603912 	 3.265009 	 98554.093750 	 347.163361 
13 	 41.678688 	 283.323761 	 283.339935 	 2.753811 	 98394.781250 	 408.120514 
14 	 41.678688 	 283.323761 	 285.648956 	 3.132657 	 98454.382812 	 430.045654 
15 	 41.678688 	 283.323761 	 285.330811 	 3.008732 	 99199.390625 	 381.082458 
16 	 41.678688 	 283.323761 	 284.842194 	 2.501385 	 99541.593750 	 391.232819 
17 	 41.678688 	 283.323761 	 285.276825 	 3.229948 	 99445.531250 	 397.897675 
18 	 41.678688 	 283.323761 	 279.539551 	 3.537403 	 99929.687500 	 364.042145 
19 	 41.678688 	 283.323761 	 285.537384 	 4.877246 	 99305.406250 	 404.550079 
20 	 41.678688 	 283.323761 	 286.729919 	 6.082419 	 98386.328125 	 430.166840 
21 	 41.678688 	 283.323761 	 271.067810 	 3.379551 	 98980.023438 	 360.076782 
22 	 41.678688 	 283.323761 	 262.919067 	 2.735845 	 100393.203125 	 302.841431 
23 	 41.678688 	 283.323761 	 264.735870 	 1.007516 	 100971.203125 	 310.469543 
24 	 41.678688 	 283.323761 	 265.963013 	 2.191411 	 100511.296875 	 321.941650 
25 	 41.678688 	 283.323761 	 265.483643 	 1.809602 	 99757.578125 	 328.902618 
26 	 41.678688 	 283.323761 	 266.200623 	 1.989668 	 99451.632812 	 315.859039 
27 	 41.678688 	 283.323761 	 269.789276 	 2.934850 	 98696.296875 	 310.543213 
28 	 41.678688 	 283.323761 	 266.171875 	 2.271299 	 99108.789062 	 293.771057 
29 	 41.678688 	 283.323761 	 273.407410 	 3.883598 	 97761.156250 	 398.066925 
30 	 41.678688 	 283.323761 	 268.343658 	 2.978823 	 98205.226562 	 336.957947 
31 	 41.678688 	 283.323761 	 268.831268 	 4.153509 	 98423.929688 	 336.106812 
32 	 41.678688 	 283.323761 	 268.444733 	 3.444076 	 98063.929688 	 315.761139 
33 	 41.678688 	 283.323761 	 269.274628 	 3.655175 	 97670.546875 	 377.040833 
34 	 41.678688 	 283.323761 	 273.327728 	 4.252740 	 98363.453125 	 367.342377 
35 	 41.678688 	 283.323761 	 277.846436 	 3.058051 	 98696.523438 	 336.606445 
36 	 41.678688 	 283.323761 	 269.643616 	 2.701071 	 99834.343750 	 370.527557 
37 	 41.678688 	 283.323761 	 268.049896 	 3.793367 	 100281.796875 	 333.315338 
38 	 41.678688 	 283.323761 	 280.419525 	 3.311614 	 98411.578125 	 398.551636 
39 	 41.678688 	 283.323761 	 269.829407 	 2.134636 	 98295.078125 	 306.245850 
40 	 41.678688 	 283.323761 	 264.162079 	 2.236120 	 99856.640625 	 344.925171 
41 	 41.678688 	 283.323761 	 269.589600 	 4.319223 	 99371.492188 	 368.016876 
42 	 41.678688 	 283.323761 	 259.847626 	 4.518116 	 99602.367188 	 329.123718 
43 	 41.678688 	 283.323761 	 258.455963 	 1.858679 	 100725.500000 	 335.235748 
44 	 41.678688 	 283.323761 	 270.225830 	 2.950617 	 99158.468750 	 350.846313 
45 	 41.678688 	 283.323761 	 275.603729 	 2.746996 	 98243.617188 	 348.979858 
46 	 41.678688 	 283.323761 	 273.147949 	 5.828920 	 97272.953125 	 413.273499 
47 	 41.678688 	 283.323761 	 265.461182 	 2.461076 	 99704.437500 	 343.004517 
48 	 41.678688 	 283.323761 	 274.934631 	 3.392078 	 98699.023438 	 375.913116 
49 	 41.678688 	 283.323761 	 269.679077 	 2.283972 	 98859.750000 	 408.741760 
50 	 41.678688 	 283.323761 	 272.309326 	 2.666359 	 99137.148438 	 402.348694 
51 	 41.678688 	 283.323761 	 280.098938 	 4.241148 	 98711.367188 	 422.034058 
52 	 41.678688 	 283.323761 	 280.852386 	 4.236258 	 98030.617188 	 359.529205 
53 	 41.678688 	 283.323761 	 274.677460 	 1.785616 	 99088.546875 	 433.345764 
54 	 41.678688 	 283.323761 	 278.018738 	 3.944221 	 99022.976562 	 370.978638 
55 	 41.678688 	 283.323761 	 280.100891 	 1.617207 	 98783.117188 	 378.028290 
56 	 41.678688 	 283.323761 	 281.652344 	 4.107562 	 98357.156250 	 400.085449 
57 	 41.678688 	 283.323761 	 272.936890 	 2.969629 	 99378.507812 	 417.261597 
58 	 41.678688 	 283.323761 	 273.585632 	 2.763365 	 100490.398438 	 416.900055 
59 	 41.678688 	 283.323761 	 278.488037 	 3.809026 	 99725.296875 	 396.168335 
60 	 41.678688 	 283.323761 	 282.391846 	 2.824624 	 98321.406250 	 409.287537 
61 	 41.678688 	 283.323761 	 275.487762 	 2.759832 	 97853.976562 	 336.952881 
62 	 41.678688 	 283.323761 	 270.819580 	 4.251599 	 97739.453125 	 366.019531 
63 	 41.678688 	 283.323761 	 268.923615 	 5.798439 	 97622.296875 	 438.848969 
64 	 41.678688 	 283.323761 	 273.076721 	 2.748774 	 98015.242188 	 399.777527 
65 	 41.678688 	 283.323761 	 276.629913 	 2.840096 	 97916.476562 	 337.774048 
66 	 41.678688 	 283.323761 	 264.400238 	 2.688704 	 99157.882812 	 424.728119 
67 	 41.678688 	 283.323761 	 268.405243 	 1.293620 	 99308.578125 	 423.026672 
68 	 41.678688 	 283.323761 	 270.867554 	 2.914119 	 99174.476562 	 355.135895 
69 	 41.678688 	 283.323761 	 272.596466 	 3.158674 	 98661.796875 	 376.751038 
70 	 41.678688 	 283.323761 	 273.967529 	 2.744502 	 97419.398438 	 467.145691 
71 	 41.678688 	 283.323761 	 272.746796 	 3.016683 	 97978.726562 	 453.095764 
72 	 41.678688 	 283.323761 	 271.331635 	 0.921495 	 98771.453125 	 453.409241 
73 	 41.678688 	 283.323761 	 272.157715 	 2.230990 	 99104.757812 	 449.624573 
74 	 41.678688 	 283.323761 	 271.513763 	 2.827391 	 99658.453125 	 441.760986 
75 	 41.678688 	 283.323761 	 283.032257 	 5.029451 	 97553.546875 	 480.490845 
76 	 41.678688 	 283.323761 	 278.427734 	 5.029950 	 95532.679688 	 500.495361 
77 	 41.678688 	 283.323761 	 268.145966 	 3.259898 	 97684.468750 	 392.975891 
78 	 41.678688 	 283.323761 	 266.982056 	 3.567076 	 98279.039062 	 472.845428 
79 	 41.678688 	 283.323761 	 268.493774 	 2.989940 	 98877.742188 	 440.380310 
80 	 41.678688 	 283.323761 	 272.994904 	 2.184703 	 98938.843750 	 467.516541 
81 	 41.678688 	 283.323761 	 274.052246 	 1.485618 	 98528.851562 	 412.118713 
82 	 41.678688 	 283.323761 	 270.643616 	 3.136243 	 98633.500000 	 484.534241 
83 	 41.678688 	 283.323761 	 273.287781 	 1.912767 	 99522.226562 	 478.860901 
84 	 41.678688 	 283.323761 	 277.858185 	 2.581214 	 98898.179688 	 333.083954 
85 	 41.678688 	 283.323761 	 286.903229 	 4.217623 	 97183.023438 	 491.851257 
86 	 41.678688 	 283.323761 	 280.687988 	 3.540308 	 98014.578125 	 509.390564 
87 	 41.678688 	 283.323761 	 278.867859 	 2.613123 	 98631.843750 	 376.867554 
88 	 41.678688 	 283.323761 	 275.399963 	 2.957461 	 99054.781250 	 493.197083 
89 	 41.678688 	 283.323761 	 283.991730 	 4.827443 	 97665.039062 	 477.826141 
90 	 41.678688 	 283.323761 	 278.671234 	 3.621672 	 97775.007812 	 541.942261 
91 	 41.678688 	 283.323761 	 273.961700 	 2.122028 	 99084.718750 	 500.547058 
92 	 41.678688 	 283.323761 	 275.149933 	 2.830326 	 99090.179688 	 358.285522 
93 	 41.678688 	 283.323761 	 273.754028 	 3.930749 	 98069.976562 	 530.613037 
94 	 41.678688 	 283.323761 	 271.189056 	 2.695789 	 98866.859375 	 487.440704 
95 	 41.678688 	 283.323761 	 272.709717 	 3.038707 	 98902.093750 	 525.036560 
96 	 41.678688 	 283.323761 	 269.611053 	 2.600235 	 99734.367188 	 504.499512 
97 	 41.678688 	 283.323761 	 271.562897 	 1.210376 	 99874.453125 	 497.075165 
98 	 41.678688 	 283.323761 	 275.921082 	 3.689128 	 99251.867188 	 363.410431 
99 	 41.678688 	 283.323761 	 278.774963 	 1.548111 	 98793.343750 	 433.710632 
100 	 41.678688 	 283.323761 	 277.281189 	 1.488612 	 99255.781250 	 534.152832 
101 	 41.678688 	 283.323761 	 283.931793 	 4.658924 	 98630.976562 	 445.164673 
102 	 41.678688 	 283.323761 	 276.760376 	 2.383114 	 98852.039062 	 372.318878 
103 	 41.678688 	 283.323761 	 274.902710 	 2.892530 	 98816.343750 	 512.416443 
104 	 41.678688 	 283.323761 	 275.722351 	 1.931987 	 99431.007812 	 521.589722 
105 	 41.678688 	 283.323761 	 275.067902 	 1.927655 	 99832.523438 	 428.095337 
106 	 41.678688 	 283.323761 	 274.960205 	 1.539081 	 99713.296875 	 498.251038 
107 	 41.678688 	 283.323761 	 277.984467 	 1.594905 	 98617.343750 	 371.000336 
108 	 41.678688 	 283.323761 	 279.150055 	 1.569477 	 98068.718750 	 545.432373 
109 	 41.678688 	 283.323761 	 280.604492 	 2.050615 	 98118.140625 	 493.470642 
110 	 41.678688 	 283.323761 	 278.760651 	 2.825993 	 98688.921875 	 561.625854 
111 	 41.678688 	 283.323761 	 278.913605 	 2.575200 	 98489.312500 	 468.650269 
112 	 41.678688 	 283.323761 	 284.977844 	 4.344289 	 97461.453125 	 480.138733 
113 	 41.678688 	 283.323761 	 281.704803 	 3.349383 	 96750.656250 	 466.908417 
114 	 41.678688 	 283.323761 	 281.532562 	 3.051259 	 97510.726562 	 616.634521 
115 	 41.678688 	 283.323761 	 288.730377 	 3.505579 	 97993.539062 	 639.737793 
116 	 41.678688 	 283.323761 	 290.597168 	 3.508762 	 97938.226562 	 485.631805 
117 	 41.678688 	 283.323761 	 282.057861 	 2.974173 	 98890.929688 	 577.087219 
118 	 41.678688 	 283.323761 	 276.114868 	 2.456437 	 99855.906250 	 554.530151 
119 	 41.678688 	 283.323761 	 277.290283 	 1.120053 	 100185.000000 	 532.110229 
120 	 41.678688 	 283.323761 	 281.944916 	 2.103985 	 99931.070312 	 578.318054 
121 	 41.678688 	 283.323761 	 287.966980 	 4.745035 	 98923.351562 	 577.483887 
122 	 41.678688 	 283.323761 	 292.654938 	 4.363507 	 98150.546875 	 556.394470 
123 	 41.678688 	 283.323761 	 284.721344 	 3.218719 	 98912.726562 	 593.098694 
124 	 41.678688 	 283.323761 	 284.758179 	 1.861665 	 99256.296875 	 534.085205 
125 	 41.678688 	 283.323761 	 285.975922 	 2.241037 	 99031.117188 	 634.027710 
126 	 41.678688 	 283.323761 	 288.789429 	 2.690220 	 98706.500000 	 621.988770 
127 	 41.678688 	 283.323761 	 292.884064 	 3.857919 	 98108.578125 	 616.340820 
128 	 41.678688 	 283.323761 	 292.202484 	 2.032467 	 98000.570312 	 632.933716 
129 	 41.678688 	 283.323761 	 284.433350 	 5.090085 	 97161.093750 	 385.942932 
130 	 41.678688 	 283.323761 	 281.159821 	 4.669158 	 97969.539062 	 623.707886 
131 	 41.678688 	 283.323761 	 283.792664 	 1.979436 	 98298.757812 	 537.984375 
132 	 41.678688 	 283.323761 	 284.921753 	 2.647311 	 97425.890625 	 561.848755 
133 	 41.678688 	 283.323761 	 284.506409 	 3.234054 	 96934.046875 	 487.559387 
134 	 41.678688 	 283.323761 	 282.815094 	 2.436495 	 97371.570312 	 412.651031 
135 	 41.678688 	 283.323761 	 284.660767 	 2.289701 	 98302.539062 	 560.962708 
136 	 41.678688 	 283.323761 	 284.733521 	 1.658097 	 98969.351562 	 515.665039 
137 	 41.678688 	 283.323761 	 284.889648 	 2.964431 	 98819.273438 	 503.080048 
138 	 41.678688 	 283.323761 	 288.408783 	 1.310177 	 98620.578125 	 587.727661 
139 	 41.678688 	 283.323761 	 291.892456 	 2.877635 	 98394.132812 	 646.529846 
140 	 41.678688 	 283.323761 	 292.012146 	 2.335617 	 98191.781250 	 592.940002 
141 	 41.678688 	 283.323761 	 294.263092 	 3.200031 	 98479.828125 	 682.705322 
142 	 41.678688 	 283.323761 	 300.900238 	 4.624504 	 97674.882812 	 685.928223 
143 	 41.678688 	 283.323761 	 294.425232 	 2.390846 	 98198.882812 	 637.420776 
144 	 41.678688 	 283.323761 	 298.832672 	 2.872922 	 98353.218750 	 708.165894 
145 	 41.678688 	 283.323761 	 297.681152 	 3.200883 	 98184.031250 	 668.622070 
146 	 41.678688 	 283.323761 	 286.975647 	 4.529994 	 98851.109375 	 623.963623 
147 	 41.678688 	 283.323761 	 285.149139 	 2.455112 	 99527.632812 	 625.487854 
148 	 41.678688 	 283.323761 	 289.907837 	 5.416796 	 99040.492188 	 498.428894 
149 	 41.678688 	 283.323761 	 300.292358 	 4.861973 	 98277.796875 	 711.227417 
150 	 41.678688 	 283.323761 	 296.884491 	 1.714267 	 98836.117188 	 691.240356 
151 	 41.678688 	 283.323761 	 296.723785 	 2.777026 	 98863.593750 	 697.500244 
152 	 41.678688 	 283.323761 	 297.013855 	 2.973737 	 98548.023438 	 703.654663 
153 	 41.678688 	 283.323761 	 298.592377 	 3.171719 	 98476.351562 	 705.684326 
154 	 41.678688 	 283.323761 	 298.662750 	 3.879054 	 98453.109375 	 700.263306 
155 	 41.678688 	 283.323761 	 292.744904 	 1.221411 	 98766.039062 	 638.991089 
156 	 41.678688 	 283.323761 	 292.607758 	 3.809199 	 98631.437500 	 672.261230 
157 	 41.678688 	 283.323761 	 291.301605 	 2.511096 	 98681.796875 	 661.743408 
158 	 41.678688 	 283.323761 	 294.458130 	 4.141399 	 97910.820312 	 532.897339 
159 	 41.678688 	 283.323761 	 289.642731 	 3.083098 	 98732.460938 	 519.327271 
160 	 41.678688 	 283.323761 	 292.821472 	 4.260472 	 98511.679688 	 622.167908 
161 	 41.678688 	 283.323761 	 292.883392 	 1.757647 	 98783.882812 	 677.563843 
162 	 41.678688 	 283.323761 	 299.302948 	 4.400981 	 98375.273438 	 722.356567 
163 	 41.678688 	 283.323761 	 295.707886 	 3.762743 	 98382.343750 	 558.187988 
164 	 41.678688 	 283.323761 	 290.618835 	 2.445460 	 98988.742188 	 637.753784 
165 	 41.678688 	 283.323761 	 296.714447 	 4.292424 	 98150.843750 	 688.862793 
166 	 41.678688 	 283.323761 	 293.856598 	 2.992790 	 97785.351562 	 628.212280 
167 	 41.678688 	 283.323761 	 290.017914 	 2.300615 	 98376.953125 	 671.148315 
168 	 41.678688 	 283.323761 	 288.592987 	 2.389028 	 99090.226562 	 664.688110 
169 	 41.678688 	 283.323761 	 289.687012 	 1.387857 	 99436.039062 	 668.610718 
170 	 41.678688 	 283.323761 	 292.197937 	 2.606126 	 99032.210938 	 649.542664 
171 	 41.678688 	 283.323761 	 296.565582 	 3.364301 	 98257.507812 	 677.397949 
172 	 41.678688 	 283.323761 	 293.399902 	 2.689946 	 98081.296875 	 617.829712 
173 	 41.678688 	 283.323761 	 292.491455 	 2.655914 	 98629.953125 	 696.238647 
174 	 41.678688 	 283.323761 	 291.616333 	 2.789297 	 99164.078125 	 660.585693 
175 	 41.678688 	 283.323761 	 295.006653 	 3.602225 	 98088.773438 	 608.580627 
176 	 41.678688 	 283.323761 	 292.968842 	 3.304186 	 97661.117188 	 634.941162 
177 	 41.678688 	 283.323761 	 291.411285 	 3.320884 	 98697.203125 	 652.330322 
178 	 41.678688 	 283.323761 	 293.356873 	 1.297460 	 99023.382812 	 688.240234 
179 	 41.678688 	 283.323761 	 297.827972 	 3.688024 	 98334.093750 	 707.193237 
180 	 41.678688 	 283.323761 	 290.299622 	 2.823553 	 98752.726562 	 673.299683 
181 	 41.678688 	 283.323761 	 288.442780 	 1.079376 	 98942.140625 	 654.181396 
182 	 41.678688 	 283.323761 	 295.259277 	 2.165389 	 98621.703125 	 693.379028 
183 	 41.678688 	 283.323761 	 299.896301 	 3.078388 	 98192.789062 	 712.275635 
184 	 41.678688 	 283.323761 	 300.207886 	 2.457180 	 98233.242188 	 733.135071 
185 	 41.678688 	 283.323761 	 296.803925 	 1.859035 	 98714.437500 	 682.122314 
186 	 41.678688 	 283.323761 	 295.648285 	 1.312586 	 99050.179688 	 669.939636 
187 	 41.678688 	 283.323761 	 297.141357 	 4.361338 	 98571.140625 	 704.126648 
188 	 41.678688 	 283.323761 	 294.933411 	 1.311815 	 98854.453125 	 699.939331 
189 	 41.678688 	 283.323761 	 296.898621 	 3.428883 	 98282.429688 	 677.181396 
190 	 41.678688 	 283.323761 	 295.355896 	 3.227777 	 98308.476562 	 687.690918 
191 	 41.678688 	 283.323761 	 288.209503 	 2.523486 	 99026.578125 	 649.336853 
192 	 41.678688 	 283.323761 	 288.944244 	 0.879265 	 99302.796875 	 660.451477 
193 	 41.678688 	 283.323761 	 293.111938 	 2.451596 	 99058.976562 	 625.741394 
194 	 41.678688 	 283.323761 	 297.050964 	 2.896879 	 99041.890625 	 676.227051 
195 	 41.678688 	 283.323761 	 300.397400 	 2.489341 	 99033.023438 	 705.454468 
196 	 41.678688 	 283.323761 	 300.158936 	 2.882432 	 98648.500000 	 690.829346 
197 	 41.678688 	 283.323761 	 297.745148 	 3.711782 	 98009.546875 	 607.506775 
198 	 41.678688 	 283.323761 	 289.928772 	 3.244480 	 98474.203125 	 655.233704 
199 	 41.678688 	 283.323761 	 288.648499 	 1.084340 	 98729.148438 	 632.476074 
200 	 41.678688 	 283.323761 	 293.453979 	 1.882855 	 98940.156250 	 666.125854 
201 	 41.678688 	 283.323761 	 294.835724 	 4.663070 	 98956.593750 	 607.015869 
202 	 41.678688 	 283.323761 	 294.025970 	 3.977789 	 98880.429688 	 624.410034 
203 	 41.678688 	 283.323761 	 298.490997 	 4.003040 	 97795.523438 	 714.383789 
204 	 41.678688 	 283.323761 	 295.677643 	 3.429697 	 97595.117188 	 663.457886 
205 	 41.678688 	 283.323761 	 293.971497 	 1.824792 	 97400.226562 	 581.679443 
206 	 41.678688 	 283.323761 	 289.644409 	 4.154509 	 97402.109375 	 556.789246 
207 	 41.678688 	 283.323761 	 289.986389 	 2.252102 	 98053.843750 	 591.841431 
208 	 41.678688 	 283.323761 	 294.281128 	 4.051451 	 97635.093750 	 547.612610 
209 	 41.678688 	 283.323761 	 292.407135 	 4.131009 	 97765.546875 	 630.169556 
210 	 41.678688 	 283.323761 	 289.120758 	 1.380842 	 98920.406250 	 634.172180 
211 	 41.678688 	 283.323761 	 289.394562 	 1.225795 	 99348.679688 	 462.483429 
212 	 41.678688 	 283.323761 	 292.107941 	 1.228221 	 99057.757812 	 605.307983 
213 	 41.678688 	 283.323761 	 293.982574 	 3.811032 	 99079.562500 	 479.682648 
214 	 41.678688 	 283.323761 	 293.744812 	 3.804013 	 99200.367188 	 541.405273 
215 	 41.678688 	 283.323761 	 295.185333 	 1.511481 	 99184.273438 	 681.633301 
216 	 41.678688 	 283.323761 	 294.631073 	 1.179506 	 99042.929688 	 673.079163 
217 	 41.678688 	 283.323761 	 295.050110 	 1.420959 	 98746.679688 	 665.335693 
218 	 41.678688 	 283.323761 	 296.034119 	 2.257560 	 98295.078125 	 633.026672 
219 	 41.678688 	 283.323761 	 296.361816 	 2.398341 	 98140.320312 	 671.549316 
220 	 41.678688 	 283.323761 	 293.657318 	 4.361062 	 97494.656250 	 675.274902 
221 	 41.678688 	 283.323761 	 287.680054 	 3.170675 	 98042.539062 	 530.610779 
222 	 41.678688 	 283.323761 	 287.945587 	 3.031818 	 98699.867188 	 633.165344 
223 	 41.678688 	 283.323761 	 287.893066 	 0.883002 	 98910.750000 	 540.650024 
224 	 41.678688 	 283.323761 	 288.125671 	 4.820366 	 98249.906250 	 611.735168 
225 	 41.678688 	 283.323761 	 287.864960 	 3.921086 	 98317.562500 	 487.680176 
226 	 41.678688 	 283.323761 	 287.648804 	 1.988825 	 99005.937500 	 575.553345 
227 	 41.678688 	 283.323761 	 292.565887 	 2.213891 	 99021.562500 	 626.022888 
228 	 41.678688 	 283.323761 	 295.637238 	 4.052333 	 98401.382812 	 635.311768 
229 	 41.678688 	 283.323761 	 295.962494 	 3.149513 	 97927.710938 	 591.688904 
230 	 41.678688 	 283.323761 	 293.074219 	 1.931042 	 97902.640625 	 583.797974 
231 	 41.678688 	 283.323761 	 291.594940 	 2.455757 	 97965.890625 	 532.010742 
232 	 41.678688 	 283.323761 	 290.607300 	 3.042844 	 97696.546875 	 570.244507 
233 	 41.678688 	 283.323761 	 291.270508 	 2.641282 	 97687.710938 	 534.697754 
234 	 41.678688 	 283.323761 	 290.834595 	 1.961720 	 98132.578125 	 584.453003 
235 	 41.678688 	 283.323761 	 290.129425 	 2.198554 	 98052.187500 	 494.142029 
236 	 41.678688 	 283.323761 	 289.949310 	 3.365737 	 97824.828125 	 610.774353 
237 	 41.678688 	 283.323761 	 288.773285 	 3.501108 	 97978.429688 	 609.553833 
238 	 41.678688 	 283.323761 	 286.973083 	 2.910764 	 98101.046875 	 509.673645 
239 	 41.678688 	 283.323761 	 286.411377 	 2.262889 	 98466.312500 	 491.316620 
240 	 41.678688 	 283.323761 	 289.598877 	 2.269121 	 98972.921875 	 590.558838 
241 	 41.678688 	 283.323761 	 288.346283 	 1.092305 	 99227.000000 	 538.893860 
242 	 41.678688 	 283.323761 	 292.793671 	 2.469755 	 99083.328125 	 610.235474 
243 	 41.678688 	 283.323761 	 297.231445 	 4.199126 	 98386.593750 	 551.790222 
244 	 41.678688 	 283.323761 	 288.218353 	 2.326738 	 98766.390625 	 580.541138 
245 	 41.678688 	 283.323761 	 286.723267 	 1.827383 	 99312.976562 	 572.637085 
246 	 41.678688 	 283.323761 	 286.260437 	 1.213820 	 99788.882812 	 563.597473 
247 	 41.678688 	 283.323761 	 287.612335 	 1.499600 	 99557.101562 	 458.638824 
248 	 41.678688 	 283.323761 	 289.703400 	 2.972586 	 99135.828125 	 455.894165 
249 	 41.678688 	 283.323761 	 289.166107 	 1.351065 	 99373.742188 	 574.318359 
250 	 41.678688 	 283.323761 	 289.565521 	 1.714109 	 99208.812500 	 572.581848 
251 	 41.678688 	 283.323761 	 291.670807 	 3.122474 	 98715.976562 	 541.694458 
252 	 41.678688 	 283.323761 	 292.107422 	 2.634078 	 98262.742188 	 546.692627 
253 	 41.678688 	 283.323761 	 290.234955 	 2.664554 	 98499.476562 	 560.964355 
254 	 41.678688 	 283.323761 	 286.351929 	 1.617982 	 99341.312500 	 517.776978 
255 	 41.678688 	 283.323761 	 295.404419 	 4.178230 	 98272.890625 	 574.924377 
256 	 41.678688 	 283.323761 	 298.433899 	 4.060169 	 97757.390625 	 505.911987 
257 	 41.678688 	 283.323761 	 287.235077 	 2.360936 	 98507.656250 	 538.959351 
258 	 41.678688 	 283.323761 	 283.449799 	 1.076320 	 99189.632812 	 507.339600 
259 	 41.678688 	 283.323761 	 283.913055 	 1.406937 	 99351.750000 	 482.878265 
260 	 41.678688 	 283.323761 	 287.365387 	 3.866098 	 98440.617188 	 564.387939 
261 	 41.678688 	 283.323761 	 282.086273 	 2.598341 	 98793.320312 	 507.352753 
262 	 41.678688 	 283.323761 	 282.951355 	 2.282907 	 98470.242188 	 492.691406 
263 	 41.678688 	 283.323761 	 285.913910 	 2.533968 	 98080.617188 	 521.820312 
264 	 41.678688 	 283.323761 	 283.058929 	 1.952476 	 98486.617188 	 516.443604 
265 	 41.678688 	 283.323761 	 291.190887 	 3.314249 	 98279.351562 	 548.765930 
266 	 41.678688 	 283.323761 	 289.203430 	 2.056336 	 98936.617188 	 544.827576 
267 	 41.678688 	 283.323761 	 282.453949 	 2.209231 	 99745.460938 	 496.482269 
268 	 41.678688 	 283.323761 	 282.808014 	 2.334697 	 99421.898438 	 508.278381 
269 	 41.678688 	 283.323761 	 286.722870 	 3.533037 	 98060.093750 	 458.163910 
270 	 41.678688 	 283.323761 	 278.704590 	 3.466252 	 98971.273438 	 467.572205 
271 	 41.678688 	 283.323761 	 277.511536 	 0.785950 	 99834.023438 	 472.133362 
272 	 41.678688 	 283.323761 	 281.339691 	 3.442812 	 99467.687500 	 483.914307 
273 	 41.678688 	 283.323761 	 286.603058 	 2.564409 	 98631.851562 	 427.094391 
274 	 41.678688 	 283.323761 	 284.058868 	 1.956193 	 98597.671875 	 436.393646 
275 	 41.678688 	 283.323761 	 277.586761 	 3.911422 	 99416.140625 	 445.520660 
276 	 41.678688 	 283.323761 	 275.327423 	 2.043303 	 99825.937500 	 457.229126 
277 	 41.678688 	 283.323761 	 282.220093 	 3.038707 	 98641.671875 	 435.247437 
278 	 41.678688 	 283.323761 	 283.923737 	 2.334088 	 98717.320312 	 494.734192 
279 	 41.678688 	 283.323761 	 283.203796 	 0.932626 	 99769.687500 	 500.507477 
280 	 41.678688 	 283.323761 	 285.138885 	 2.747725 	 99582.968750 	 484.295837 
281 	 41.678688 	 283.323761 	 288.566315 	 2.149634 	 99240.718750 	 475.461609 
282 	 41.678688 	 283.323761 	 289.926575 	 1.511555 	 99144.156250 	 502.204956 
283 	 41.678688 	 283.323761 	 289.848175 	 2.529160 	 99070.218750 	 500.493591 
284 	 41.678688 	 283.323761 	 282.526489 	 2.053446 	 100306.601562 	 459.338593 
285 	 41.678688 	 283.323761 	 282.162109 	 2.909419 	 100394.500000 	 461.583832 
286 	 41.678688 	 283.323761 	 285.426910 	 3.859872 	 99244.382812 	 466.082642 
287 	 41.678688 	 283.323761 	 279.417358 	 1.461958 	 100002.398438 	 442.647217 
288 	 41.678688 	 283.323761 	 281.782806 	 1.870891 	 99518.328125 	 447.754761 
289 	 41.678688 	 283.323761 	 284.577667 	 1.644839 	 98916.843750 	 451.957581 
290 	 41.678688 	 283.323761 	 281.581268 	 2.895212 	 99564.046875 	 457.719177 
291 	 41.678688 	 283.323761 	 276.746979 	 1.832678 	 100415.101562 	 409.818024 
292 	 41.678688 	 283.323761 	 280.613617 	 1.854193 	 99972.671875 	 391.538574 
293 	 41.678688 	 283.323761 	 284.272827 	 1.643379 	 99150.468750 	 413.250244 
294 	 41.678688 	 283.323761 	 284.064087 	 1.751816 	 99189.921875 	 436.361847 
295 	 41.678688 	 283.323761 	 282.476166 	 1.099303 	 99486.421875 	 409.807861 
296 	 41.678688 	 283.323761 	 281.517303 	 1.200942 	 99264.648438 	 406.458710 
297 	 41.678688 	 283.323761 	 282.259186 	 1.506328 	 99024.382812 	 356.380798 
298 	 41.678688 	 283.323761 	 285.094391 	 1.687216 	 99180.929688 	 405.431549 
299 	 41.678688 	 283.323761 	 285.211609 	 0.633527 	 99528.851562 	 439.886261 
300 	 41.678688 	 283.323761 	 279.743439 	 1.335909 	 99840.796875 	 420.588806 
301 	 41.678688 	 283.323761 	 281.225739 	 2.354893 	 99851.093750 	 403.783234 
302 	 41.678688 	 283.323761 	 281.994568 	 2.894921 	 99573.609375 	 451.962616 
303 	 41.678688 	 283.323761 	 284.440186 	 3.623064 	 99123.203125 	 402.233276 
304 	 41.678688 	 283.323761 	 288.299713 	 3.504969 	 98001.273438 	 429.069336 
305 	 41.678688 	 283.323761 	 280.989929 	 2.736114 	 97147.640625 	 368.224152 
306 	 41.678688 	 283.323761 	 275.583618 	 4.693820 	 97465.359375 	 363.705322 
307 	 41.678688 	 283.323761 	 280.634399 	 3.745625 	 98346.773438 	 419.883148 
308 	 41.678688 	 283.323761 	 278.790253 	 4.843374 	 97545.312500 	 412.554688 
309 	 41.678688 	 283.323761 	 272.956238 	 4.006240 	 97848.460938 	 378.087280 
310 	 41.678688 	 283.323761 	 273.441132 	 1.973083 	 98075.257812 	 352.580963 
311 	 41.678688 	 283.323761 	 274.476990 	 2.436404 	 97826.398438 	 360.830963 
312 	 41.678688 	 283.323761 	 273.808105 	 2.154030 	 98141.296875 	 397.416168 
313 	 41.678688 	 283.323761 	 274.347656 	 2.041824 	 98741.281250 	 414.020172 
314 	 41.678688 	 283.323761 	 273.329376 	 1.873809 	 99160.132812 	 366.603241 
315 	 41.678688 	 283.323761 	 272.461182 	 2.385952 	 99732.398438 	 339.783600 
316 	 41.678688 	 283.323761 	 275.603729 	 2.782807 	 98502.953125 	 345.128418 
317 	 41.678688 	 283.323761 	 275.379761 	 4.505511 	 97916.257812 	 392.842590 
318 	 41.678688 	 283.323761 	 274.258972 	 1.641287 	 99413.953125 	 338.946655 
319 	 41.678688 	 283.323761 	 276.286896 	 3.692826 	 99737.382812 	 352.716125 
320 	 41.678688 	 283.323761 	 286.704285 	 5.624432 	 98243.992188 	 390.988525 
321 	 41.678688 	 283.323761 	 282.569489 	 5.251370 	 96928.703125 	 398.804443 
322 	 41.678688 	 283.323761 	 274.487610 	 4.064289 	 97690.992188 	 338.367493 
323 	 41.678688 	 283.323761 	 272.496033 	 3.744769 	 98602.117188 	 358.078186 
324 	 41.678688 	 283.323761 	 271.267273 	 4.185906 	 98935.390625 	 314.462799 
325 	 41.678688 	 283.323761 	 271.938049 	 3.900998 	 98277.890625 	 376.696777 
326 	 41.678688 	 283.323761 	 267.065399 	 1.627147 	 99463.703125 	 325.385254 
327 	 41.678688 	 283.323761 	 269.288910 	 3.076236 	 99494.140625 	 322.793640 
328 	 41.678688 	 283.323761 	 271.959473 	 3.732577 	 99344.117188 	 330.165100 
329 	 41.678688 	 283.323761 	 272.013611 	 1.086485 	 99673.359375 	 341.986267 
330 	 41.678688 	 283.323761 	 271.571045 	 1.090725 	 99683.382812 	 327.535278 
331 	 41.678688 	 283.323761 	 273.816345 	 2.946277 	 99636.539062 	 340.656281 
332 	 41.678688 	 283.323761 	 278.047119 	 1.723567 	 99634.117188 	 340.945099 
333 	 41.678688 	 283.323761 	 274.440582 	 1.529409 	 99646.109375 	 357.864746 
334 	 41.678688 	 283.323761 	 272.860138 	 2.642643 	 98912.460938 	 335.383209 
335 	 41.678688 	 283.323761 	 279.625092 	 3.235889 	 97127.046875 	 370.867401 
336 	 41.678688 	 283.323761 	 274.133942 	 3.911792 	 96709.250000 	 320.406006 
337 	 41.678688 	 283.323761 	 269.423950 	 4.138691 	 97842.398438 	 313.229431 
338 	 41.678688 	 283.323761 	 268.537598 	 4.590537 	 98762.656250 	 313.358856 
339 	 41.678688 	 283.323761 	 269.047363 	 2.769084 	 99662.476562 	 306.581970 
340 	 41.678688 	 283.323761 	 268.785217 	 2.555912 	 100061.796875 	 317.396606 
341 	 41.678688 	 283.323761 	 268.359558 	 2.865311 	 100301.203125 	 306.688110 
342 	 41.678688 	 283.323761 	 268.333588 	 1.423935 	 99984.929688 	 280.784637 
343 	 41.678688 	 283.323761 	 272.645172 	 2.780677 	 99444.453125 	 333.190125 
344 	 41.678688 	 283.323761 	 271.271271 	 1.234918 	 99902.570312 	 321.560699 
345 	 41.678688 	 283.323761 	 272.287933 	 1.666390 	 99278.867188 	 313.271149 
346 	 41.678688 	 283.323761 	 272.726562 	 2.402105 	 98472.281250 	 335.185699 
347 	 41.678688 	 283.323761 	 272.453979 	 2.248964 	 98546.046875 	 325.727051 
348 	 41.678688 	 283.323761 	 271.444458 	 2.306413 	 98781.601562 	 290.521423 
349 	 41.678688 	 283.323761 	 275.082581 	 3.081144 	 97322.546875 	 359.278503 
350 	 41.678688 	 283.323761 	 271.944733 	 2.915486 	 97013.250000 	 305.889313 
351 	 41.678688 	 283.323761 	 267.334656 	 4.171972 	 97695.992188 	 318.129730 
352 	 41.678688 	 283.323761 	 270.097443 	 3.747558 	 97926.117188 	 298.902405 
353 	 41.678688 	 283.323761 	 274.065399 	 3.451847 	 98162.453125 	 328.035522 
354 	 41.678688 	 283.323761 	 271.579193 	 2.008388 	 99210.007812 	 323.020844 
355 	 41.678688 	 283.323761 	 275.813324 	 3.617824 	 98970.140625 	 303.873627 
356 	 41.678688 	 283.323761 	 276.294586 	 2.426486 	 97065.796875 	 377.575531 
357 	 41.678688 	 283.323761 	 272.566162 	 4.228125 	 96452.156250 	 302.371948 
358 	 41.678688 	 283.323761 	 270.610321 	 3.238032 	 97545.046875 	 302.989868 
359 	 41.678688 	 283.323761 	 270.387878 	 1.908991 	 98362.929688 	 295.265900 
360 	 41.678688 	 283.323761 	 272.159424 	 2.099962 	 98642.460938 	 351.264862 
361 	 41.678688 	 283.323761 	 274.338684 	 3.400277 	 98551.773438 	 310.780762 
362 	 41.678688 	 283.323761 	 280.177795 	 3.317160 	 98138.203125 	 359.836182 
363 	 41.678688 	 283.323761 	 271.479248 	 2.397817 	 99134.078125 	 316.995758 
364 	 41.678688 	 283.323761 	 277.525635 	 1.891130 	 97760.703125 	 349.291382 
