# 0: Day of Year [-] 	 1: lat [deg] 	 2: lon [deg] 	 3: tas [K] 	 4: sfcWind [m s-1] 	 5: ps [Pa] 	 6: Total Downwelling Rad Flux [W m-2] 
0 	 41.678688 	 283.323761 	 274.986572 	 5.348281 	 99386.226562 	 327.924500 
1 	 41.678688 	 283.323761 	 282.084991 	 3.537687 	 98256.929688 	 363.267303 
2 	 41.678688 	 283.323761 	 279.007690 	 3.786634 	 96644.312500 	 371.489136 
3 	 41.678688 	 283.323761 	 274.019562 	 2.249204 	 98492.031250 	 310.156647 
4 	 41.678688 	 283.323761 	 276.576294 	 4.733788 	 98475.617188 	 335.366028 
5 	 41.678688 	 283.323761 	 271.387848 	 4.156916 	 98742.617188 	 315.841003 
6 	 41.678688 	 283.323761 	 273.955139 	 4.350309 	 98776.117188 	 325.049927 
7 	 41.678688 	 283.323761 	 270.037079 	 3.773525 	 99119.320312 	 291.475586 
8 	 41.678688 	 283.323761 	 261.640503 	 4.294383 	 99603.046875 	 293.211884 
9 	 41.678688 	 283.323761 	 262.174438 	 1.887797 	 100653.000000 	 278.526886 
10 	 41.678688 	 283.323761 	 269.704254 	 4.686941 	 100580.203125 	 338.066528 
11 	 41.678688 	 283.323761 	 280.172668 	 5.680578 	 99591.226562 	 350.911865 
12 	 41.678688 	 283.323761 	 286.262329 	 5.831043 	 97478.953125 	 380.106384 
13 	 41.678688 	 283.323761 	 271.661133 	 5.816123 	 97566.789062 	 326.809967 
14 	 41.678688 	 283.323761 	 272.867188 	 4.984267 	 98424.453125 	 331.591919 
15 	 41.678688 	 283.323761 	 270.950165 	 3.203081 	 98597.976562 	 328.045898 
16 	 41.678688 	 283.323761 	 264.934052 	 4.005411 	 98831.710938 	 301.409271 
17 	 41.678688 	 283.323761 	 265.587250 	 2.084106 	 99527.593750 	 309.676270 
18 	 41.678688 	 283.323761 	 271.452209 	 3.629290 	 99321.101562 	 341.496674 
19 	 41.678688 	 283.323761 	 277.964691 	 4.507938 	 97256.890625 	 345.334625 
20 	 41.678688 	 283.323761 	 265.690186 	 4.799410 	 96964.921875 	 348.055969 
21 	 41.678688 	 283.323761 	 268.969452 	 2.163228 	 99169.726562 	 333.804565 
22 	 41.678688 	 283.323761 	 272.864655 	 3.255226 	 99673.953125 	 344.117615 
23 	 41.678688 	 283.323761 	 275.347443 	 2.810787 	 99345.007812 	 363.941559 
24 	 41.678688 	 283.323761 	 273.580475 	 3.211647 	 100072.898438 	 317.698761 
25 	 41.678688 	 283.323761 	 281.830017 	 4.184974 	 98215.117188 	 371.219269 
26 	 41.678688 	 283.323761 	 273.326599 	 4.457878 	 97135.703125 	 355.893677 
27 	 41.678688 	 283.323761 	 271.547546 	 2.992424 	 97143.453125 	 340.916718 
28 	 41.678688 	 283.323761 	 263.370209 	 5.343776 	 97667.539062 	 352.532471 
29 	 41.678688 	 283.323761 	 266.171295 	 3.613665 	 98923.773438 	 324.551819 
30 	 41.678688 	 283.323761 	 274.418610 	 2.568069 	 99195.742188 	 378.459869 
31 	 41.678688 	 283.323761 	 275.434418 	 2.245696 	 99019.429688 	 373.150970 
32 	 41.678688 	 283.323761 	 277.328461 	 3.728068 	 98536.117188 	 356.738098 
33 	 41.678688 	 283.323761 	 274.045959 	 1.728636 	 99119.593750 	 368.520264 
34 	 41.678688 	 283.323761 	 275.206573 	 2.661745 	 99641.359375 	 368.033386 
35 	 41.678688 	 283.323761 	 279.579010 	 2.952567 	 99791.523438 	 406.370361 
36 	 41.678688 	 283.323761 	 280.340332 	 1.213120 	 99879.023438 	 407.347565 
37 	 41.678688 	 283.323761 	 277.436584 	 1.293311 	 100285.601562 	 384.639343 
38 	 41.678688 	 283.323761 	 282.866638 	 3.308628 	 100275.203125 	 413.754059 
39 	 41.678688 	 283.323761 	 284.162140 	 4.517151 	 98986.851562 	 397.175781 
40 	 41.678688 	 283.323761 	 284.629639 	 3.321228 	 98189.617188 	 415.627472 
41 	 41.678688 	 283.323761 	 276.954895 	 1.823554 	 98363.617188 	 347.605530 
42 	 41.678688 	 283.323761 	 278.480194 	 2.714767 	 97276.210938 	 372.383484 
43 	 41.678688 	 283.323761 	 269.715302 	 5.230648 	 96075.039062 	 346.537781 
44 	 41.678688 	 283.323761 	 267.768860 	 3.595317 	 98060.953125 	 389.637024 
45 	 41.678688 	 283.323761 	 273.469513 	 3.944384 	 97991.382812 	 359.642212 
46 	 41.678688 	 283.323761 	 273.293304 	 3.806784 	 97647.750000 	 383.057739 
47 	 41.678688 	 283.323761 	 265.093109 	 4.067943 	 98480.390625 	 357.585205 
48 	 41.678688 	 283.323761 	 262.733887 	 3.720430 	 99537.156250 	 363.315979 
49 	 41.678688 	 283.323761 	 270.046356 	 2.517238 	 99205.437500 	 378.070068 
50 	 41.678688 	 283.323761 	 275.192139 	 3.894494 	 97946.960938 	 352.119720 
51 	 41.678688 	 283.323761 	 266.406921 	 3.212404 	 97611.171875 	 345.267609 
52 	 41.678688 	 283.323761 	 269.544098 	 3.983997 	 98215.968750 	 380.296631 
53 	 41.678688 	 283.323761 	 272.626038 	 3.917074 	 98045.703125 	 343.960663 
54 	 41.678688 	 283.323761 	 267.497681 	 4.964527 	 98237.726562 	 387.423096 
55 	 41.678688 	 283.323761 	 269.899292 	 1.946959 	 99730.703125 	 399.159637 
56 	 41.678688 	 283.323761 	 275.277710 	 3.950810 	 99116.101562 	 385.279846 
57 	 41.678688 	 283.323761 	 273.620178 	 4.163794 	 97922.867188 	 411.945587 
58 	 41.678688 	 283.323761 	 268.072968 	 3.171291 	 98680.156250 	 400.056213 
59 	 41.678688 	 283.323761 	 265.906860 	 2.462886 	 98988.710938 	 316.192352 
60 	 41.678688 	 283.323761 	 270.922546 	 3.198050 	 98827.046875 	 446.558197 
61 	 41.678688 	 283.323761 	 268.446747 	 1.725783 	 99889.281250 	 395.581787 
62 	 41.678688 	 283.323761 	 275.782684 	 1.993761 	 99714.523438 	 453.984924 
63 	 41.678688 	 283.323761 	 280.311829 	 2.547491 	 99221.820312 	 458.599609 
64 	 41.678688 	 283.323761 	 281.981049 	 3.453302 	 98454.382812 	 474.844116 
65 	 41.678688 	 283.323761 	 279.886566 	 4.892029 	 97532.101562 	 414.784058 
66 	 41.678688 	 283.323761 	 278.089905 	 4.160180 	 97198.390625 	 354.982422 
67 	 41.678688 	 283.323761 	 272.640472 	 3.618804 	 96865.890625 	 372.575500 
68 	 41.678688 	 283.323761 	 271.395569 	 3.941559 	 97604.898438 	 433.934387 
69 	 41.678688 	 283.323761 	 272.211395 	 3.713534 	 97963.257812 	 440.934814 
70 	 41.678688 	 283.323761 	 272.006683 	 1.724438 	 98729.289062 	 414.071991 
71 	 41.678688 	 283.323761 	 274.431946 	 2.964764 	 99630.226562 	 367.235809 
72 	 41.678688 	 283.323761 	 275.446655 	 1.791847 	 100104.000000 	 370.745911 
73 	 41.678688 	 283.323761 	 275.736115 	 1.320812 	 100096.101562 	 479.012299 
74 	 41.678688 	 283.323761 	 279.074524 	 2.752762 	 99169.023438 	 367.047607 
75 	 41.678688 	 283.323761 	 281.618866 	 0.874069 	 98481.679688 	 410.798035 
76 	 41.678688 	 283.323761 	 277.485382 	 3.019429 	 98295.179688 	 419.084656 
77 	 41.678688 	 283.323761 	 270.681122 	 3.527874 	 98529.367188 	 383.210052 
78 	 41.678688 	 283.323761 	 272.988861 	 1.956758 	 98525.718750 	 475.347534 
79 	 41.678688 	 283.323761 	 272.616608 	 3.950012 	 98004.062500 	 454.071472 
80 	 41.678688 	 283.323761 	 270.299194 	 2.972713 	 98892.101562 	 445.813721 
81 	 41.678688 	 283.323761 	 275.463409 	 3.856399 	 98251.976562 	 393.316010 
82 	 41.678688 	 283.323761 	 268.750031 	 3.074294 	 99690.023438 	 459.846527 
83 	 41.678688 	 283.323761 	 271.368042 	 3.117961 	 99849.226562 	 382.651123 
84 	 41.678688 	 283.323761 	 278.755676 	 1.765526 	 99092.117188 	 512.964844 
85 	 41.678688 	 283.323761 	 284.986664 	 4.424373 	 98287.976562 	 419.854431 
86 	 41.678688 	 283.323761 	 276.892517 	 4.027084 	 98899.218750 	 499.536285 
87 	 41.678688 	 283.323761 	 276.641937 	 2.116052 	 100119.703125 	 491.500397 
88 	 41.678688 	 283.323761 	 282.366089 	 5.340506 	 100061.601562 	 538.309448 
89 	 41.678688 	 283.323761 	 286.929596 	 4.968380 	 99192.257812 	 512.720520 
90 	 41.678688 	 283.323761 	 281.835175 	 2.914729 	 98929.882812 	 370.275269 
91 	 41.678688 	 283.323761 	 277.544556 	 4.392107 	 98055.617188 	 390.789062 
92 	 41.678688 	 283.323761 	 274.590027 	 4.613302 	 98383.343750 	 435.508789 
93 	 41.678688 	 283.323761 	 276.188416 	 3.230002 	 98200.429688 	 418.553467 
94 	 41.678688 	 283.323761 	 272.303192 	 3.664974 	 98348.531250 	 501.245667 
95 	 41.678688 	 283.323761 	 275.502197 	 4.252985 	 98744.101562 	 506.110382 
96 	 41.678688 	 283.323761 	 278.647736 	 3.238043 	 99330.476562 	 520.773132 
97 	 41.678688 	 283.323761 	 281.539490 	 2.491672 	 99382.070312 	 540.875488 
98 	 41.678688 	 283.323761 	 283.555267 	 2.002513 	 99154.617188 	 546.656006 
99 	 41.678688 	 283.323761 	 284.943604 	 1.437699 	 98903.593750 	 530.808105 
100 	 41.678688 	 283.323761 	 287.318695 	 2.170877 	 98394.109375 	 575.031555 
101 	 41.678688 	 283.323761 	 287.045837 	 3.961393 	 98072.421875 	 474.450073 
102 	 41.678688 	 283.323761 	 283.986725 	 3.245843 	 97139.343750 	 448.756958 
103 	 41.678688 	 283.323761 	 280.305878 	 5.948678 	 97194.976562 	 553.269531 
104 	 41.678688 	 283.323761 	 279.122803 	 3.208268 	 98059.671875 	 416.715088 
105 	 41.678688 	 283.323761 	 282.667938 	 4.645915 	 97480.242188 	 571.601501 
106 	 41.678688 	 283.323761 	 280.590485 	 3.440155 	 98188.187500 	 553.645630 
107 	 41.678688 	 283.323761 	 282.486664 	 0.953139 	 98840.398438 	 567.506897 
108 	 41.678688 	 283.323761 	 290.807678 	 2.741283 	 98829.718750 	 587.993225 
109 	 41.678688 	 283.323761 	 295.273895 	 2.995428 	 98310.843750 	 638.229919 
110 	 41.678688 	 283.323761 	 291.719177 	 2.707802 	 98385.507812 	 606.729004 
111 	 41.678688 	 283.323761 	 286.876770 	 1.887267 	 98888.656250 	 501.733948 
112 	 41.678688 	 283.323761 	 290.906464 	 2.354787 	 98822.593750 	 614.194702 
113 	 41.678688 	 283.323761 	 295.963928 	 3.951343 	 98227.718750 	 611.176270 
114 	 41.678688 	 283.323761 	 288.137360 	 2.389456 	 98600.460938 	 595.611084 
115 	 41.678688 	 283.323761 	 287.780792 	 2.875720 	 99055.226562 	 577.666870 
116 	 41.678688 	 283.323761 	 294.635345 	 3.022746 	 98153.890625 	 629.281128 
117 	 41.678688 	 283.323761 	 293.228027 	 2.412440 	 98267.398438 	 615.572815 
118 	 41.678688 	 283.323761 	 291.020660 	 1.719637 	 99170.773438 	 637.328247 
119 	 41.678688 	 283.323761 	 296.378143 	 3.440165 	 98717.312500 	 622.384277 
120 	 41.678688 	 283.323761 	 296.755646 	 3.261369 	 98364.359375 	 622.561829 
121 	 41.678688 	 283.323761 	 291.241150 	 3.430377 	 98468.578125 	 634.700928 
122 	 41.678688 	 283.323761 	 286.974152 	 2.057965 	 98915.468750 	 602.219543 
123 	 41.678688 	 283.323761 	 286.254181 	 1.222102 	 99194.617188 	 571.247925 
124 	 41.678688 	 283.323761 	 290.330902 	 3.597845 	 99239.023438 	 515.745972 
125 	 41.678688 	 283.323761 	 292.897400 	 3.294484 	 98773.117188 	 603.866760 
126 	 41.678688 	 283.323761 	 294.087891 	 3.886461 	 98421.968750 	 591.017395 
127 	 41.678688 	 283.323761 	 292.364105 	 2.867925 	 98193.703125 	 561.875854 
128 	 41.678688 	 283.323761 	 294.944885 	 4.487074 	 97740.609375 	 567.723755 
129 	 41.678688 	 283.323761 	 289.248688 	 1.473944 	 98446.039062 	 626.782349 
130 	 41.678688 	 283.323761 	 290.482635 	 1.264205 	 98807.882812 	 616.229858 
131 	 41.678688 	 283.323761 	 292.018188 	 2.293726 	 98452.421875 	 561.820557 
132 	 41.678688 	 283.323761 	 294.751526 	 3.526474 	 98162.593750 	 651.551270 
133 	 41.678688 	 283.323761 	 292.871643 	 3.341706 	 98319.273438 	 673.420715 
134 	 41.678688 	 283.323761 	 285.487244 	 3.427553 	 98569.390625 	 452.890015 
135 	 41.678688 	 283.323761 	 284.802216 	 2.252348 	 99442.546875 	 621.312744 
136 	 41.678688 	 283.323761 	 286.018005 	 2.684145 	 99481.906250 	 614.448792 
137 	 41.678688 	 283.323761 	 290.329254 	 3.566993 	 99067.726562 	 653.047607 
138 	 41.678688 	 283.323761 	 293.297821 	 4.210597 	 98529.132812 	 611.563660 
139 	 41.678688 	 283.323761 	 290.443481 	 1.773528 	 98630.343750 	 647.559448 
140 	 41.678688 	 283.323761 	 292.164032 	 4.425576 	 97791.890625 	 498.257721 
141 	 41.678688 	 283.323761 	 286.652832 	 1.684434 	 97972.812500 	 629.346191 
142 	 41.678688 	 283.323761 	 290.283508 	 2.519633 	 98183.406250 	 654.199097 
143 	 41.678688 	 283.323761 	 293.197388 	 4.888343 	 97923.789062 	 486.140961 
144 	 41.678688 	 283.323761 	 287.431610 	 2.077467 	 98183.046875 	 427.191040 
145 	 41.678688 	 283.323761 	 286.394775 	 2.613960 	 98424.656250 	 653.270264 
146 	 41.678688 	 283.323761 	 288.100433 	 1.432588 	 98984.078125 	 593.663696 
147 	 41.678688 	 283.323761 	 290.585571 	 3.725908 	 99058.359375 	 661.326660 
148 	 41.678688 	 283.323761 	 293.125671 	 5.988991 	 98227.273438 	 526.218018 
149 	 41.678688 	 283.323761 	 290.548035 	 4.325254 	 97650.468750 	 568.960571 
150 	 41.678688 	 283.323761 	 286.589996 	 3.355741 	 98562.617188 	 575.752563 
151 	 41.678688 	 283.323761 	 286.865845 	 2.170989 	 99350.476562 	 644.113342 
152 	 41.678688 	 283.323761 	 295.060425 	 4.256049 	 98844.546875 	 681.240784 
153 	 41.678688 	 283.323761 	 298.660767 	 4.371716 	 98127.296875 	 630.877014 
154 	 41.678688 	 283.323761 	 292.577881 	 1.891834 	 98191.609375 	 588.883484 
155 	 41.678688 	 283.323761 	 290.997498 	 2.916275 	 98378.859375 	 579.655640 
156 	 41.678688 	 283.323761 	 291.738007 	 5.428456 	 97913.492188 	 620.901855 
157 	 41.678688 	 283.323761 	 286.243866 	 5.040134 	 98464.328125 	 645.464722 
158 	 41.678688 	 283.323761 	 283.575836 	 3.307058 	 98721.523438 	 627.650085 
159 	 41.678688 	 283.323761 	 284.467590 	 2.292928 	 98706.796875 	 498.899353 
160 	 41.678688 	 283.323761 	 295.047302 	 3.662082 	 97654.531250 	 621.734558 
161 	 41.678688 	 283.323761 	 294.031860 	 2.276416 	 97587.789062 	 647.155396 
162 	 41.678688 	 283.323761 	 288.753967 	 2.726495 	 98062.992188 	 556.811096 
163 	 41.678688 	 283.323761 	 284.564789 	 2.636899 	 98546.148438 	 595.617920 
164 	 41.678688 	 283.323761 	 284.978760 	 2.105340 	 99139.320312 	 642.633667 
165 	 41.678688 	 283.323761 	 285.424286 	 1.361769 	 99425.109375 	 634.309143 
166 	 41.678688 	 283.323761 	 290.931244 	 5.261021 	 98810.671875 	 540.175049 
167 	 41.678688 	 283.323761 	 291.946289 	 2.696932 	 98519.617188 	 674.660400 
168 	 41.678688 	 283.323761 	 292.462433 	 2.065358 	 98766.421875 	 624.943481 
169 	 41.678688 	 283.323761 	 296.324615 	 3.673097 	 98025.750000 	 628.955505 
170 	 41.678688 	 283.323761 	 294.637512 	 2.952701 	 98082.648438 	 576.067505 
171 	 41.678688 	 283.323761 	 294.566132 	 1.191107 	 98524.789062 	 675.148071 
172 	 41.678688 	 283.323761 	 294.429138 	 2.694611 	 97996.132812 	 614.308655 
173 	 41.678688 	 283.323761 	 289.027893 	 2.985636 	 97953.187500 	 657.689941 
174 	 41.678688 	 283.323761 	 287.600616 	 1.987294 	 98750.156250 	 664.383057 
175 	 41.678688 	 283.323761 	 293.068054 	 5.790547 	 98728.882812 	 675.997192 
176 	 41.678688 	 283.323761 	 296.070160 	 2.617252 	 98176.257812 	 630.316650 
177 	 41.678688 	 283.323761 	 296.842377 	 2.925005 	 98108.906250 	 641.986938 
178 	 41.678688 	 283.323761 	 293.144318 	 3.925785 	 98278.328125 	 703.181396 
179 	 41.678688 	 283.323761 	 286.808960 	 2.433594 	 99292.578125 	 638.922363 
180 	 41.678688 	 283.323761 	 289.545105 	 3.339443 	 99266.421875 	 655.547424 
181 	 41.678688 	 283.323761 	 296.286285 	 4.390926 	 98168.570312 	 603.617188 
182 	 41.678688 	 283.323761 	 292.829376 	 1.922471 	 98536.398438 	 610.481567 
183 	 41.678688 	 283.323761 	 293.038116 	 2.796635 	 98465.796875 	 528.720764 
184 	 41.678688 	 283.323761 	 292.645294 	 1.474686 	 98468.398438 	 679.980896 
185 	 41.678688 	 283.323761 	 293.745575 	 3.937867 	 98159.781250 	 688.120300 
186 	 41.678688 	 283.323761 	 289.797424 	 1.948360 	 98661.367188 	 661.573242 
187 	 41.678688 	 283.323761 	 292.069977 	 2.160524 	 98715.781250 	 652.749512 
188 	 41.678688 	 283.323761 	 293.146088 	 2.072820 	 98460.078125 	 636.160889 
189 	 41.678688 	 283.323761 	 292.740082 	 1.809868 	 98734.750000 	 657.408691 
190 	 41.678688 	 283.323761 	 294.323761 	 3.793105 	 98077.328125 	 617.241699 
191 	 41.678688 	 283.323761 	 297.395081 	 3.323880 	 97510.382812 	 675.631409 
192 	 41.678688 	 283.323761 	 295.945953 	 2.793012 	 98107.328125 	 695.219604 
193 	 41.678688 	 283.323761 	 292.470184 	 2.029740 	 98732.828125 	 542.340698 
194 	 41.678688 	 283.323761 	 296.883423 	 2.455051 	 98480.312500 	 665.244202 
195 	 41.678688 	 283.323761 	 299.114960 	 4.119806 	 98026.773438 	 682.763306 
196 	 41.678688 	 283.323761 	 296.867279 	 2.455257 	 97951.632812 	 620.368042 
197 	 41.678688 	 283.323761 	 294.228088 	 1.160244 	 98274.570312 	 551.865356 
198 	 41.678688 	 283.323761 	 290.265778 	 4.052909 	 98275.382812 	 671.790955 
199 	 41.678688 	 283.323761 	 289.205322 	 1.426619 	 98942.367188 	 654.395386 
200 	 41.678688 	 283.323761 	 295.067719 	 2.344409 	 98575.703125 	 693.876831 
201 	 41.678688 	 283.323761 	 299.108276 	 3.095340 	 98148.742188 	 679.390503 
202 	 41.678688 	 283.323761 	 300.436188 	 3.483101 	 97930.382812 	 705.074097 
203 	 41.678688 	 283.323761 	 298.027771 	 2.632982 	 98109.023438 	 672.204590 
204 	 41.678688 	 283.323761 	 297.255737 	 2.804159 	 98305.093750 	 653.919312 
205 	 41.678688 	 283.323761 	 297.443573 	 3.513441 	 98241.757812 	 699.634399 
206 	 41.678688 	 283.323761 	 291.336334 	 1.485266 	 98745.507812 	 596.758789 
207 	 41.678688 	 283.323761 	 292.022888 	 0.702743 	 98878.023438 	 661.947144 
208 	 41.678688 	 283.323761 	 294.998108 	 2.075735 	 98836.851562 	 632.230103 
209 	 41.678688 	 283.323761 	 296.203156 	 3.079826 	 98612.578125 	 456.166504 
210 	 41.678688 	 283.323761 	 295.095154 	 2.216083 	 98557.382812 	 701.362305 
211 	 41.678688 	 283.323761 	 294.707245 	 2.347379 	 98109.281250 	 577.589111 
212 	 41.678688 	 283.323761 	 288.100220 	 3.941406 	 98699.101562 	 631.616028 
213 	 41.678688 	 283.323761 	 286.886902 	 1.349202 	 99533.257812 	 624.752869 
214 	 41.678688 	 283.323761 	 292.276764 	 2.710498 	 99585.476562 	 651.915710 
215 	 41.678688 	 283.323761 	 294.944794 	 2.950920 	 99400.203125 	 630.172180 
216 	 41.678688 	 283.323761 	 295.812775 	 2.973044 	 98976.437500 	 638.830200 
217 	 41.678688 	 283.323761 	 294.990204 	 3.347127 	 98403.453125 	 574.173706 
218 	 41.678688 	 283.323761 	 293.466431 	 3.114053 	 98351.078125 	 686.697876 
219 	 41.678688 	 283.323761 	 294.377350 	 1.401528 	 99095.273438 	 663.129700 
220 	 41.678688 	 283.323761 	 297.759399 	 2.818954 	 99047.882812 	 652.815552 
221 	 41.678688 	 283.323761 	 298.438690 	 2.549336 	 98677.273438 	 662.563477 
222 	 41.678688 	 283.323761 	 297.148163 	 2.177642 	 98443.421875 	 608.273865 
223 	 41.678688 	 283.323761 	 297.989441 	 3.289777 	 98407.773438 	 675.614990 
224 	 41.678688 	 283.323761 	 296.411896 	 3.585763 	 98786.218750 	 568.306702 
225 	 41.678688 	 283.323761 	 296.291412 	 1.345919 	 98805.007812 	 598.781250 
226 	 41.678688 	 283.323761 	 296.069183 	 1.167035 	 98605.351562 	 596.107788 
227 	 41.678688 	 283.323761 	 297.114655 	 0.626748 	 98731.742188 	 610.441528 
228 	 41.678688 	 283.323761 	 296.932404 	 2.892589 	 98648.437500 	 661.322327 
229 	 41.678688 	 283.323761 	 295.596985 	 2.194617 	 98504.726562 	 608.910828 
230 	 41.678688 	 283.323761 	 297.546814 	 1.890254 	 98728.273438 	 652.558350 
231 	 41.678688 	 283.323761 	 298.276764 	 3.130548 	 98378.718750 	 665.753967 
232 	 41.678688 	 283.323761 	 296.769012 	 1.391699 	 98772.726562 	 583.970520 
233 	 41.678688 	 283.323761 	 299.069672 	 3.752778 	 98419.351562 	 675.108215 
234 	 41.678688 	 283.323761 	 296.746582 	 1.237570 	 98644.367188 	 648.788269 
235 	 41.678688 	 283.323761 	 295.560150 	 2.308076 	 98962.382812 	 567.573914 
236 	 41.678688 	 283.323761 	 292.515015 	 2.929120 	 99322.078125 	 599.053345 
237 	 41.678688 	 283.323761 	 290.655548 	 1.874097 	 99942.796875 	 601.733154 
238 	 41.678688 	 283.323761 	 292.204010 	 3.585655 	 99760.117188 	 604.548096 
239 	 41.678688 	 283.323761 	 292.990265 	 3.510099 	 99188.351562 	 557.525330 
240 	 41.678688 	 283.323761 	 297.292603 	 3.795953 	 98272.000000 	 546.289978 
241 	 41.678688 	 283.323761 	 296.371124 	 2.158251 	 98317.226562 	 615.258057 
242 	 41.678688 	 283.323761 	 297.252899 	 2.918444 	 98042.812500 	 644.563599 
243 	 41.678688 	 283.323761 	 291.516571 	 3.752355 	 98265.671875 	 599.967346 
244 	 41.678688 	 283.323761 	 291.078979 	 3.185316 	 98253.953125 	 590.988281 
245 	 41.678688 	 283.323761 	 293.315918 	 1.208193 	 98089.523438 	 579.552917 
246 	 41.678688 	 283.323761 	 295.972534 	 1.030560 	 98193.070312 	 584.555298 
247 	 41.678688 	 283.323761 	 302.364899 	 2.301732 	 98353.726562 	 618.568970 
248 	 41.678688 	 283.323761 	 299.578156 	 1.892144 	 98762.656250 	 623.237915 
249 	 41.678688 	 283.323761 	 299.526123 	 2.735820 	 98668.351562 	 593.880310 
250 	 41.678688 	 283.323761 	 290.824768 	 3.008367 	 99254.742188 	 553.320679 
251 	 41.678688 	 283.323761 	 285.605499 	 1.973598 	 99689.703125 	 385.213348 
252 	 41.678688 	 283.323761 	 285.899841 	 2.247173 	 99458.796875 	 436.063507 
253 	 41.678688 	 283.323761 	 286.188507 	 2.323709 	 99099.117188 	 554.972412 
254 	 41.678688 	 283.323761 	 287.191010 	 1.373642 	 99082.750000 	 556.883911 
255 	 41.678688 	 283.323761 	 289.286713 	 1.619376 	 98953.718750 	 563.817627 
256 	 41.678688 	 283.323761 	 292.305756 	 2.008467 	 98623.609375 	 566.559692 
257 	 41.678688 	 283.323761 	 291.052429 	 0.813300 	 99030.171875 	 566.642822 
258 	 41.678688 	 283.323761 	 294.168030 	 3.176801 	 98906.781250 	 578.550110 
259 	 41.678688 	 283.323761 	 291.306824 	 3.243250 	 98671.546875 	 562.490967 
260 	 41.678688 	 283.323761 	 283.404236 	 1.381102 	 99449.179688 	 509.914856 
261 	 41.678688 	 283.323761 	 285.466858 	 2.723257 	 99510.406250 	 468.617828 
262 	 41.678688 	 283.323761 	 291.442963 	 3.950636 	 99107.828125 	 553.872559 
263 	 41.678688 	 283.323761 	 291.786469 	 2.981462 	 99334.531250 	 494.880951 
264 	 41.678688 	 283.323761 	 292.161530 	 3.183778 	 99335.437500 	 509.217621 
265 	 41.678688 	 283.323761 	 291.870728 	 1.947295 	 99622.750000 	 521.541870 
266 	 41.678688 	 283.323761 	 292.397888 	 2.094625 	 99721.859375 	 515.462158 
267 	 41.678688 	 283.323761 	 292.204712 	 1.650819 	 99561.312500 	 527.180481 
268 	 41.678688 	 283.323761 	 288.649994 	 2.304654 	 99987.593750 	 474.562378 
269 	 41.678688 	 283.323761 	 289.085419 	 1.733516 	 100094.203125 	 514.058960 
270 	 41.678688 	 283.323761 	 287.382568 	 1.494757 	 99953.500000 	 455.241943 
271 	 41.678688 	 283.323761 	 289.696533 	 2.135176 	 99875.500000 	 439.170654 
272 	 41.678688 	 283.323761 	 289.822113 	 2.652712 	 99524.062500 	 435.170593 
273 	 41.678688 	 283.323761 	 289.619232 	 2.112734 	 99365.046875 	 499.676056 
274 	 41.678688 	 283.323761 	 288.688721 	 1.000755 	 99350.820312 	 525.356628 
275 	 41.678688 	 283.323761 	 288.981689 	 0.548551 	 99177.359375 	 532.471069 
276 	 41.678688 	 283.323761 	 288.603302 	 0.924055 	 99130.898438 	 518.621521 
277 	 41.678688 	 283.323761 	 288.836578 	 2.756218 	 98782.617188 	 479.422180 
278 	 41.678688 	 283.323761 	 282.525940 	 3.631594 	 99091.289062 	 430.227875 
279 	 41.678688 	 283.323761 	 280.394318 	 1.531880 	 99679.531250 	 466.616821 
280 	 41.678688 	 283.323761 	 283.448395 	 2.322677 	 99092.328125 	 473.841705 
281 	 41.678688 	 283.323761 	 280.450684 	 3.982774 	 99567.203125 	 469.485260 
282 	 41.678688 	 283.323761 	 274.311523 	 1.407202 	 100445.296875 	 429.076996 
283 	 41.678688 	 283.323761 	 276.815918 	 1.559973 	 99595.578125 	 429.560944 
284 	 41.678688 	 283.323761 	 282.789276 	 2.487247 	 98267.296875 	 465.864990 
285 	 41.678688 	 283.323761 	 285.062836 	 3.221974 	 97916.343750 	 459.831726 
286 	 41.678688 	 283.323761 	 282.217316 	 3.998364 	 98075.796875 	 464.423401 
287 	 41.678688 	 283.323761 	 275.105743 	 1.287900 	 99271.226562 	 417.678101 
288 	 41.678688 	 283.323761 	 279.956085 	 4.178809 	 98606.320312 	 352.980469 
289 	 41.678688 	 283.323761 	 277.114563 	 4.038857 	 98330.890625 	 384.798676 
290 	 41.678688 	 283.323761 	 277.374298 	 3.579467 	 98838.203125 	 436.484528 
291 	 41.678688 	 283.323761 	 280.661377 	 2.999821 	 98834.296875 	 448.665588 
292 	 41.678688 	 283.323761 	 280.559143 	 2.412055 	 99011.703125 	 425.625824 
293 	 41.678688 	 283.323761 	 281.706299 	 1.237318 	 99399.867188 	 428.273590 
294 	 41.678688 	 283.323761 	 283.573273 	 1.382989 	 99519.710938 	 451.046936 
295 	 41.678688 	 283.323761 	 285.266571 	 2.501242 	 99309.296875 	 382.497345 
296 	 41.678688 	 283.323761 	 285.666779 	 3.240557 	 99381.039062 	 393.107971 
297 	 41.678688 	 283.323761 	 284.214752 	 2.247165 	 99607.203125 	 414.651184 
298 	 41.678688 	 283.323761 	 279.590454 	 0.875919 	 99396.523438 	 410.530518 
299 	 41.678688 	 283.323761 	 279.978088 	 0.838529 	 99020.710938 	 422.774780 
300 	 41.678688 	 283.323761 	 280.472778 	 2.977829 	 98872.390625 	 380.290741 
301 	 41.678688 	 283.323761 	 280.427704 	 2.632335 	 98323.093750 	 392.214417 
302 	 41.678688 	 283.323761 	 278.755188 	 3.616613 	 97936.062500 	 398.023193 
303 	 41.678688 	 283.323761 	 273.451843 	 3.558847 	 98809.992188 	 393.113586 
304 	 41.678688 	 283.323761 	 274.288452 	 1.476193 	 98998.328125 	 394.968231 
305 	 41.678688 	 283.323761 	 277.458862 	 1.698108 	 98695.242188 	 334.638428 
306 	 41.678688 	 283.323761 	 273.673523 	 4.032301 	 97674.710938 	 406.208893 
307 	 41.678688 	 283.323761 	 271.453461 	 2.666549 	 98568.843750 	 367.275208 
308 	 41.678688 	 283.323761 	 276.457733 	 2.842330 	 98349.789062 	 378.018555 
309 	 41.678688 	 283.323761 	 273.775726 	 3.315578 	 98906.546875 	 384.943909 
310 	 41.678688 	 283.323761 	 272.026672 	 1.448636 	 99686.320312 	 343.454285 
311 	 41.678688 	 283.323761 	 276.809784 	 3.809146 	 99196.296875 	 345.230011 
312 	 41.678688 	 283.323761 	 280.304932 	 1.768903 	 99214.382812 	 418.000000 
313 	 41.678688 	 283.323761 	 278.581696 	 2.051262 	 99673.367188 	 388.846039 
314 	 41.678688 	 283.323761 	 280.742554 	 2.329827 	 99625.156250 	 364.460480 
315 	 41.678688 	 283.323761 	 284.478699 	 1.938139 	 99125.632812 	 395.354065 
316 	 41.678688 	 283.323761 	 282.931396 	 1.989856 	 98995.046875 	 374.512909 
317 	 41.678688 	 283.323761 	 276.730682 	 2.539012 	 99128.023438 	 385.382263 
318 	 41.678688 	 283.323761 	 274.813263 	 1.862609 	 98705.968750 	 364.995148 
319 	 41.678688 	 283.323761 	 275.717377 	 2.452616 	 98446.132812 	 366.391357 
320 	 41.678688 	 283.323761 	 273.614655 	 1.253515 	 98322.781250 	 288.098083 
321 	 41.678688 	 283.323761 	 275.411621 	 2.322051 	 97931.257812 	 353.896515 
322 	 41.678688 	 283.323761 	 276.711884 	 3.014452 	 98017.773438 	 362.330627 
323 	 41.678688 	 283.323761 	 275.225739 	 2.028233 	 98811.421875 	 343.312347 
324 	 41.678688 	 283.323761 	 275.812195 	 1.487800 	 99268.226562 	 327.815857 
325 	 41.678688 	 283.323761 	 280.467957 	 3.979155 	 98896.609375 	 365.933746 
326 	 41.678688 	 283.323761 	 281.981171 	 2.076662 	 97259.421875 	 395.057312 
327 	 41.678688 	 283.323761 	 275.636444 	 3.327744 	 96681.679688 	 353.417511 
328 	 41.678688 	 283.323761 	 272.045563 	 3.445080 	 97954.132812 	 331.979279 
329 	 41.678688 	 283.323761 	 271.550568 	 3.333859 	 98794.773438 	 346.283325 
330 	 41.678688 	 283.323761 	 271.046844 	 3.643351 	 98183.296875 	 348.045349 
331 	 41.678688 	 283.323761 	 269.466248 	 2.343552 	 97987.382812 	 319.554504 
332 	 41.678688 	 283.323761 	 270.229706 	 2.591055 	 97767.093750 	 354.998291 
333 	 41.678688 	 283.323761 	 267.759888 	 0.719039 	 98209.328125 	 286.995514 
334 	 41.678688 	 283.323761 	 268.524292 	 2.399403 	 99482.156250 	 311.875000 
335 	 41.678688 	 283.323761 	 269.981415 	 1.982286 	 100353.203125 	 326.611542 
336 	 41.678688 	 283.323761 	 272.071686 	 3.409728 	 100197.203125 	 314.269775 
337 	 41.678688 	 283.323761 	 273.313416 	 3.320329 	 99490.750000 	 313.741241 
338 	 41.678688 	 283.323761 	 264.907379 	 4.988787 	 99445.312500 	 292.478394 
339 	 41.678688 	 283.323761 	 264.165314 	 3.719576 	 98972.796875 	 285.956299 
340 	 41.678688 	 283.323761 	 271.614319 	 2.962107 	 98013.796875 	 327.112122 
341 	 41.678688 	 283.323761 	 274.649719 	 1.888054 	 98656.156250 	 341.257599 
342 	 41.678688 	 283.323761 	 277.801239 	 2.400547 	 98607.203125 	 367.104858 
343 	 41.678688 	 283.323761 	 273.450897 	 0.986179 	 98996.406250 	 344.501282 
344 	 41.678688 	 283.323761 	 276.528015 	 3.253459 	 98486.929688 	 329.389587 
345 	 41.678688 	 283.323761 	 276.955139 	 2.151592 	 98508.390625 	 346.065765 
346 	 41.678688 	 283.323761 	 278.343140 	 3.317579 	 97745.781250 	 396.137299 
347 	 41.678688 	 283.323761 	 272.028595 	 2.496367 	 96945.328125 	 329.999023 
348 	 41.678688 	 283.323761 	 274.556061 	 4.014437 	 97255.210938 	 318.082550 
349 	 41.678688 	 283.323761 	 279.805481 	 2.595892 	 98186.617188 	 325.045715 
350 	 41.678688 	 283.323761 	 279.963226 	 6.020978 	 97856.796875 	 368.661530 
351 	 41.678688 	 283.323761 	 269.857513 	 3.965721 	 98778.453125 	 312.012939 
352 	 41.678688 	 283.323761 	 266.777344 	 3.265541 	 99839.656250 	 320.877960 
353 	 41.678688 	 283.323761 	 268.670959 	 1.918877 	 100743.398438 	 307.444336 
354 	 41.678688 	 283.323761 	 273.271912 	 4.510604 	 100595.101562 	 332.901398 
355 	 41.678688 	 283.323761 	 277.719971 	 4.199834 	 100215.398438 	 330.692566 
356 	 41.678688 	 283.323761 	 277.383850 	 4.335901 	 99436.890625 	 387.437927 
357 	 41.678688 	 283.323761 	 270.317352 	 1.570176 	 100330.203125 	 318.261597 
358 	 41.678688 	 283.323761 	 273.234863 	 1.654937 	 99695.343750 	 350.480438 
359 	 41.678688 	 283.323761 	 273.221436 	 1.829359 	 98810.507812 	 337.734558 
360 	 41.678688 	 283.323761 	 266.605743 	 3.616649 	 98940.718750 	 291.701355 
361 	 41.678688 	 283.323761 	 261.268738 	 2.758914 	 99093.093750 	 273.002563 
362 	 41.678688 	 283.323761 	 265.483368 	 1.080460 	 98440.523438 	 313.692200 
363 	 41.678688 	 283.323761 	 270.523926 	 1.807465 	 98407.906250 	 332.514526 
364 	 41.678688 	 283.323761 	 277.318146 	 2.361586 	 98640.296875 	 338.071777 
