# 0: Day of Year [-] 	 1: lat [deg] 	 2: lon [deg] 	 3: tas [K] 	 4: sfcWind [m s-1] 	 5: ps [Pa] 	 6: Total Downwelling Rad Flux [W m-2] 
0 	 41.678688 	 283.323761 	 267.024689 	 3.326427 	 99458.296875 	 294.177063 
1 	 41.678688 	 283.323761 	 270.441040 	 1.548332 	 99846.000000 	 317.477600 
2 	 41.678688 	 283.323761 	 272.412476 	 2.661485 	 100046.601562 	 322.472321 
3 	 41.678688 	 283.323761 	 273.179230 	 1.236365 	 99692.898438 	 338.489441 
4 	 41.678688 	 283.323761 	 274.507477 	 2.484915 	 99268.843750 	 332.951477 
5 	 41.678688 	 283.323761 	 276.026642 	 2.169598 	 99078.992188 	 348.963104 
6 	 41.678688 	 283.323761 	 273.139282 	 2.825783 	 99209.156250 	 354.304718 
7 	 41.678688 	 283.323761 	 278.913208 	 2.985003 	 97546.960938 	 348.714081 
8 	 41.678688 	 283.323761 	 273.246368 	 4.425011 	 97286.398438 	 339.330872 
9 	 41.678688 	 283.323761 	 272.669250 	 2.371032 	 99256.343750 	 326.801941 
10 	 41.678688 	 283.323761 	 276.121765 	 3.646927 	 99746.507812 	 331.237579 
11 	 41.678688 	 283.323761 	 273.034424 	 2.697956 	 100021.000000 	 328.975281 
12 	 41.678688 	 283.323761 	 279.072632 	 3.282895 	 98863.929688 	 379.059631 
13 	 41.678688 	 283.323761 	 269.776367 	 3.068185 	 98983.796875 	 345.401672 
14 	 41.678688 	 283.323761 	 268.710144 	 3.172465 	 98878.703125 	 338.003723 
15 	 41.678688 	 283.323761 	 273.256500 	 3.779208 	 99045.343750 	 328.192932 
16 	 41.678688 	 283.323761 	 280.977417 	 2.870783 	 97921.960938 	 366.838074 
17 	 41.678688 	 283.323761 	 276.536285 	 2.437469 	 97440.796875 	 361.915588 
18 	 41.678688 	 283.323761 	 272.315308 	 1.779777 	 98075.523438 	 332.711945 
19 	 41.678688 	 283.323761 	 273.477020 	 3.982413 	 97810.843750 	 383.649445 
20 	 41.678688 	 283.323761 	 268.714569 	 2.377424 	 98185.742188 	 296.341217 
21 	 41.678688 	 283.323761 	 266.543457 	 3.894300 	 97743.757812 	 333.797424 
22 	 41.678688 	 283.323761 	 265.348969 	 1.536764 	 98957.906250 	 307.278992 
23 	 41.678688 	 283.323761 	 268.468384 	 1.992030 	 99774.703125 	 325.506897 
24 	 41.678688 	 283.323761 	 276.184662 	 2.125096 	 98987.726562 	 354.839539 
25 	 41.678688 	 283.323761 	 269.482941 	 3.171723 	 98745.531250 	 337.209381 
26 	 41.678688 	 283.323761 	 275.614258 	 4.054020 	 97011.968750 	 396.601349 
27 	 41.678688 	 283.323761 	 269.667084 	 4.403034 	 95993.398438 	 312.931885 
28 	 41.678688 	 283.323761 	 269.000641 	 3.701453 	 97685.359375 	 336.761688 
29 	 41.678688 	 283.323761 	 267.564911 	 1.608985 	 98833.843750 	 345.522552 
30 	 41.678688 	 283.323761 	 273.970306 	 5.203393 	 97573.320312 	 332.686035 
31 	 41.678688 	 283.323761 	 271.377502 	 4.806150 	 96135.500000 	 386.528625 
32 	 41.678688 	 283.323761 	 267.336914 	 2.918880 	 96925.187500 	 309.730347 
33 	 41.678688 	 283.323761 	 266.876312 	 3.242096 	 96996.789062 	 351.645050 
34 	 41.678688 	 283.323761 	 264.286102 	 3.098191 	 97871.703125 	 337.303711 
35 	 41.678688 	 283.323761 	 268.786621 	 3.414630 	 97938.601562 	 348.200317 
36 	 41.678688 	 283.323761 	 270.437378 	 2.899889 	 98330.976562 	 335.772278 
37 	 41.678688 	 283.323761 	 274.968445 	 2.104381 	 98523.507812 	 346.342407 
38 	 41.678688 	 283.323761 	 278.046356 	 3.670358 	 98250.656250 	 424.765594 
39 	 41.678688 	 283.323761 	 276.225372 	 1.788904 	 98357.406250 	 398.064209 
40 	 41.678688 	 283.323761 	 280.061798 	 1.935293 	 97086.750000 	 437.671204 
41 	 41.678688 	 283.323761 	 270.987244 	 3.880757 	 96671.546875 	 388.403290 
42 	 41.678688 	 283.323761 	 264.506592 	 3.412845 	 98895.609375 	 361.902740 
43 	 41.678688 	 283.323761 	 270.094849 	 0.953039 	 99219.828125 	 374.563843 
44 	 41.678688 	 283.323761 	 273.185608 	 0.808785 	 99042.968750 	 383.872437 
45 	 41.678688 	 283.323761 	 276.202118 	 1.596785 	 98703.523438 	 366.658264 
46 	 41.678688 	 283.323761 	 276.852631 	 1.857572 	 98129.179688 	 427.512756 
47 	 41.678688 	 283.323761 	 274.154541 	 1.841974 	 98515.679688 	 385.012604 
48 	 41.678688 	 283.323761 	 274.574799 	 1.902098 	 98704.429688 	 379.837402 
49 	 41.678688 	 283.323761 	 276.220703 	 2.588710 	 98712.093750 	 408.012634 
50 	 41.678688 	 283.323761 	 271.301331 	 2.126766 	 99744.023438 	 390.865021 
51 	 41.678688 	 283.323761 	 270.753723 	 2.162404 	 100811.203125 	 382.310181 
52 	 41.678688 	 283.323761 	 276.842255 	 4.257627 	 100908.500000 	 373.034576 
53 	 41.678688 	 283.323761 	 284.438232 	 3.574075 	 99874.898438 	 450.376068 
54 	 41.678688 	 283.323761 	 283.572083 	 1.567311 	 100074.203125 	 437.308441 
55 	 41.678688 	 283.323761 	 285.821838 	 2.910809 	 99926.476562 	 439.910431 
56 	 41.678688 	 283.323761 	 285.757446 	 3.599967 	 99209.679688 	 389.438446 
57 	 41.678688 	 283.323761 	 286.708008 	 4.075910 	 97498.398438 	 460.552917 
58 	 41.678688 	 283.323761 	 282.993744 	 2.187706 	 97704.343750 	 422.799164 
59 	 41.678688 	 283.323761 	 286.574188 	 2.564976 	 97861.507812 	 411.315247 
60 	 41.678688 	 283.323761 	 276.951965 	 4.357608 	 97581.281250 	 362.728668 
61 	 41.678688 	 283.323761 	 270.902039 	 3.533092 	 99169.523438 	 400.539795 
62 	 41.678688 	 283.323761 	 274.739136 	 1.434451 	 99371.796875 	 405.807556 
63 	 41.678688 	 283.323761 	 276.273102 	 0.771569 	 99374.492188 	 443.193176 
64 	 41.678688 	 283.323761 	 280.142426 	 3.373050 	 99405.773438 	 368.095367 
65 	 41.678688 	 283.323761 	 281.711365 	 4.149806 	 97862.789062 	 491.533875 
66 	 41.678688 	 283.323761 	 275.121399 	 3.380197 	 97058.750000 	 367.054077 
67 	 41.678688 	 283.323761 	 275.194366 	 4.287899 	 97588.070312 	 417.832642 
68 	 41.678688 	 283.323761 	 276.486481 	 3.733529 	 97725.109375 	 460.682556 
69 	 41.678688 	 283.323761 	 275.644196 	 3.629843 	 97992.492188 	 340.843353 
70 	 41.678688 	 283.323761 	 273.767395 	 5.175407 	 96290.078125 	 440.850677 
71 	 41.678688 	 283.323761 	 271.343658 	 5.606434 	 96509.281250 	 470.883423 
72 	 41.678688 	 283.323761 	 273.321106 	 2.613528 	 97715.703125 	 466.307861 
73 	 41.678688 	 283.323761 	 272.500397 	 2.843504 	 98696.703125 	 443.487122 
74 	 41.678688 	 283.323761 	 273.134430 	 2.621311 	 99115.359375 	 338.545532 
75 	 41.678688 	 283.323761 	 282.231140 	 3.575218 	 98087.882812 	 445.441040 
76 	 41.678688 	 283.323761 	 280.248566 	 3.501010 	 97933.273438 	 444.632751 
77 	 41.678688 	 283.323761 	 273.805115 	 3.151104 	 98472.117188 	 351.077637 
78 	 41.678688 	 283.323761 	 272.670074 	 3.549335 	 98378.750000 	 358.839386 
79 	 41.678688 	 283.323761 	 272.919342 	 1.239195 	 99764.578125 	 473.301208 
80 	 41.678688 	 283.323761 	 275.059692 	 3.807895 	 99495.617188 	 403.096619 
81 	 41.678688 	 283.323761 	 281.822632 	 5.381694 	 97737.242188 	 406.564819 
82 	 41.678688 	 283.323761 	 284.366577 	 6.433520 	 96621.859375 	 427.548126 
83 	 41.678688 	 283.323761 	 274.942749 	 5.142752 	 97170.960938 	 492.803528 
84 	 41.678688 	 283.323761 	 273.215088 	 1.355582 	 98837.343750 	 474.910248 
85 	 41.678688 	 283.323761 	 274.672028 	 2.101338 	 98479.132812 	 367.810913 
86 	 41.678688 	 283.323761 	 274.167236 	 3.987669 	 98350.687500 	 457.868408 
87 	 41.678688 	 283.323761 	 274.013397 	 3.340623 	 99164.257812 	 500.460815 
88 	 41.678688 	 283.323761 	 274.472565 	 1.666672 	 99292.187500 	 405.043274 
89 	 41.678688 	 283.323761 	 278.829102 	 3.435765 	 98480.406250 	 452.461914 
90 	 41.678688 	 283.323761 	 274.812073 	 3.188296 	 98888.500000 	 493.605713 
91 	 41.678688 	 283.323761 	 281.579468 	 3.682135 	 98321.617188 	 520.553284 
92 	 41.678688 	 283.323761 	 281.815643 	 2.987632 	 98404.601562 	 506.679077 
93 	 41.678688 	 283.323761 	 274.324280 	 1.811750 	 99477.976562 	 331.993439 
94 	 41.678688 	 283.323761 	 281.456390 	 3.441692 	 99402.593750 	 460.916138 
95 	 41.678688 	 283.323761 	 289.792114 	 3.622482 	 98845.140625 	 576.705383 
96 	 41.678688 	 283.323761 	 283.011292 	 2.398999 	 99193.992188 	 384.128448 
97 	 41.678688 	 283.323761 	 278.931305 	 2.839820 	 99400.546875 	 461.138214 
98 	 41.678688 	 283.323761 	 277.570648 	 1.979347 	 99477.523438 	 530.023315 
99 	 41.678688 	 283.323761 	 282.805664 	 2.101118 	 98782.632812 	 546.205811 
100 	 41.678688 	 283.323761 	 281.313202 	 1.998615 	 98880.406250 	 542.668579 
101 	 41.678688 	 283.323761 	 281.924225 	 2.591776 	 99342.179688 	 551.238647 
102 	 41.678688 	 283.323761 	 281.616028 	 2.603846 	 99538.992188 	 550.859558 
103 	 41.678688 	 283.323761 	 283.210083 	 2.539932 	 99442.742188 	 555.592651 
104 	 41.678688 	 283.323761 	 287.397614 	 1.981942 	 99758.007812 	 578.753540 
105 	 41.678688 	 283.323761 	 287.435211 	 2.274105 	 99896.843750 	 576.630981 
106 	 41.678688 	 283.323761 	 289.633148 	 1.909795 	 99273.382812 	 546.299194 
107 	 41.678688 	 283.323761 	 288.301025 	 1.054076 	 99195.882812 	 560.889282 
108 	 41.678688 	 283.323761 	 287.088806 	 1.106153 	 99163.343750 	 511.040222 
109 	 41.678688 	 283.323761 	 289.387360 	 2.487664 	 99083.023438 	 595.125732 
110 	 41.678688 	 283.323761 	 290.440643 	 1.709034 	 98775.593750 	 587.647644 
111 	 41.678688 	 283.323761 	 290.033081 	 0.976394 	 98690.757812 	 596.602417 
112 	 41.678688 	 283.323761 	 291.057526 	 2.357625 	 98646.289062 	 617.058716 
113 	 41.678688 	 283.323761 	 287.770233 	 4.272385 	 98079.546875 	 436.274170 
114 	 41.678688 	 283.323761 	 283.760895 	 3.035596 	 98607.757812 	 572.702026 
115 	 41.678688 	 283.323761 	 286.801514 	 3.311900 	 98203.546875 	 504.953979 
116 	 41.678688 	 283.323761 	 280.611023 	 3.268312 	 98442.289062 	 557.698975 
117 	 41.678688 	 283.323761 	 277.994446 	 4.129733 	 98929.703125 	 562.143433 
118 	 41.678688 	 283.323761 	 278.538391 	 2.425662 	 99484.148438 	 560.760925 
119 	 41.678688 	 283.323761 	 284.429321 	 3.178448 	 99274.593750 	 558.141602 
120 	 41.678688 	 283.323761 	 292.826355 	 3.651419 	 98021.046875 	 548.020020 
121 	 41.678688 	 283.323761 	 290.525513 	 2.031013 	 98223.453125 	 490.086243 
122 	 41.678688 	 283.323761 	 288.764984 	 1.740275 	 98773.273438 	 606.011230 
123 	 41.678688 	 283.323761 	 292.048218 	 3.760363 	 98674.367188 	 622.706665 
124 	 41.678688 	 283.323761 	 288.731445 	 4.078353 	 98077.132812 	 588.352417 
125 	 41.678688 	 283.323761 	 283.879059 	 2.502717 	 98442.703125 	 517.784790 
126 	 41.678688 	 283.323761 	 285.766113 	 4.088962 	 97653.703125 	 612.042480 
127 	 41.678688 	 283.323761 	 283.268005 	 1.858528 	 98662.867188 	 597.086365 
128 	 41.678688 	 283.323761 	 290.475830 	 3.961263 	 98777.117188 	 574.935364 
129 	 41.678688 	 283.323761 	 296.553589 	 4.025639 	 97955.843750 	 632.673462 
130 	 41.678688 	 283.323761 	 298.474304 	 5.038697 	 97735.226562 	 635.140076 
131 	 41.678688 	 283.323761 	 291.758209 	 3.572748 	 98284.656250 	 463.480164 
132 	 41.678688 	 283.323761 	 284.277008 	 1.698260 	 99132.203125 	 507.482269 
133 	 41.678688 	 283.323761 	 284.497528 	 2.643308 	 98984.570312 	 550.337524 
134 	 41.678688 	 283.323761 	 280.169464 	 2.358316 	 99131.156250 	 569.204773 
135 	 41.678688 	 283.323761 	 280.750641 	 2.681276 	 99032.617188 	 591.058777 
136 	 41.678688 	 283.323761 	 284.431152 	 2.027150 	 99362.023438 	 584.501892 
137 	 41.678688 	 283.323761 	 288.088074 	 1.815992 	 99598.023438 	 628.666870 
138 	 41.678688 	 283.323761 	 290.515045 	 3.529409 	 99142.117188 	 619.383545 
139 	 41.678688 	 283.323761 	 289.328827 	 3.671749 	 98612.867188 	 470.710754 
140 	 41.678688 	 283.323761 	 294.488190 	 3.625092 	 98157.468750 	 686.562378 
141 	 41.678688 	 283.323761 	 295.430328 	 3.388582 	 98154.101562 	 579.634888 
142 	 41.678688 	 283.323761 	 291.547882 	 3.301948 	 97888.203125 	 612.720032 
143 	 41.678688 	 283.323761 	 284.231293 	 3.554426 	 98020.929688 	 564.036255 
144 	 41.678688 	 283.323761 	 282.447235 	 3.106482 	 98284.187500 	 619.757812 
145 	 41.678688 	 283.323761 	 288.637756 	 3.552921 	 97991.531250 	 639.606567 
146 	 41.678688 	 283.323761 	 292.068878 	 4.575995 	 98030.507812 	 645.665161 
147 	 41.678688 	 283.323761 	 287.567139 	 3.407222 	 98342.296875 	 614.591187 
148 	 41.678688 	 283.323761 	 287.898865 	 2.953671 	 99030.398438 	 633.419800 
149 	 41.678688 	 283.323761 	 295.416077 	 5.895106 	 98009.046875 	 664.291138 
150 	 41.678688 	 283.323761 	 283.207214 	 4.381114 	 98282.953125 	 408.462952 
151 	 41.678688 	 283.323761 	 283.281952 	 3.004914 	 98394.953125 	 623.680664 
152 	 41.678688 	 283.323761 	 287.206482 	 2.972038 	 98312.687500 	 521.404236 
153 	 41.678688 	 283.323761 	 286.362335 	 5.789242 	 97823.562500 	 588.314209 
154 	 41.678688 	 283.323761 	 281.898773 	 3.246222 	 98564.617188 	 620.186646 
155 	 41.678688 	 283.323761 	 286.660095 	 4.345151 	 98153.546875 	 517.617798 
156 	 41.678688 	 283.323761 	 288.956451 	 2.192823 	 98244.273438 	 660.177063 
157 	 41.678688 	 283.323761 	 291.457031 	 3.484361 	 98298.093750 	 670.381775 
158 	 41.678688 	 283.323761 	 291.550079 	 4.867290 	 97661.343750 	 537.075073 
159 	 41.678688 	 283.323761 	 284.394287 	 3.750255 	 98668.679688 	 620.028442 
160 	 41.678688 	 283.323761 	 284.472168 	 1.894670 	 99262.320312 	 618.718750 
161 	 41.678688 	 283.323761 	 287.238251 	 2.764014 	 99081.382812 	 622.176086 
162 	 41.678688 	 283.323761 	 291.306183 	 3.548594 	 98174.046875 	 641.084351 
163 	 41.678688 	 283.323761 	 290.825562 	 1.820512 	 98141.273438 	 628.196411 
164 	 41.678688 	 283.323761 	 286.892975 	 3.048208 	 98386.398438 	 595.551025 
165 	 41.678688 	 283.323761 	 285.410736 	 2.347300 	 98896.992188 	 629.333008 
166 	 41.678688 	 283.323761 	 290.386078 	 2.940724 	 99187.429688 	 670.978760 
167 	 41.678688 	 283.323761 	 293.570374 	 6.125080 	 98687.726562 	 584.117188 
168 	 41.678688 	 283.323761 	 295.116974 	 3.762915 	 98446.523438 	 627.047974 
169 	 41.678688 	 283.323761 	 297.584564 	 4.215792 	 98202.226562 	 718.702637 
170 	 41.678688 	 283.323761 	 293.842499 	 3.228358 	 98152.437500 	 667.954956 
171 	 41.678688 	 283.323761 	 288.888611 	 2.012688 	 98830.382812 	 656.948792 
172 	 41.678688 	 283.323761 	 291.015961 	 2.664168 	 98956.953125 	 568.142944 
173 	 41.678688 	 283.323761 	 293.893982 	 2.489161 	 98569.710938 	 682.239868 
174 	 41.678688 	 283.323761 	 299.057129 	 2.791624 	 98322.421875 	 697.647766 
175 	 41.678688 	 283.323761 	 298.308594 	 3.881740 	 98118.437500 	 641.727661 
176 	 41.678688 	 283.323761 	 295.965332 	 3.645606 	 97804.031250 	 589.953735 
177 	 41.678688 	 283.323761 	 293.157990 	 2.841094 	 97782.906250 	 552.546021 
178 	 41.678688 	 283.323761 	 295.282104 	 2.501512 	 97913.296875 	 683.432129 
179 	 41.678688 	 283.323761 	 297.415802 	 2.986244 	 97481.156250 	 630.146362 
180 	 41.678688 	 283.323761 	 295.513458 	 3.439500 	 97872.421875 	 688.018677 
181 	 41.678688 	 283.323761 	 294.884735 	 2.265898 	 98444.937500 	 583.071899 
182 	 41.678688 	 283.323761 	 295.536163 	 2.421051 	 98593.882812 	 704.172119 
183 	 41.678688 	 283.323761 	 298.168671 	 3.134224 	 98797.750000 	 692.105957 
184 	 41.678688 	 283.323761 	 300.259338 	 4.119681 	 98356.687500 	 717.717773 
185 	 41.678688 	 283.323761 	 299.855591 	 3.251524 	 97840.132812 	 684.205200 
186 	 41.678688 	 283.323761 	 293.117737 	 4.070156 	 98073.867188 	 675.707825 
187 	 41.678688 	 283.323761 	 292.967194 	 2.487576 	 98702.703125 	 687.702881 
188 	 41.678688 	 283.323761 	 294.218994 	 1.414369 	 98703.156250 	 691.061584 
189 	 41.678688 	 283.323761 	 296.996033 	 1.061776 	 98731.750000 	 668.967529 
190 	 41.678688 	 283.323761 	 298.759613 	 1.584405 	 98738.382812 	 697.432739 
191 	 41.678688 	 283.323761 	 298.468719 	 2.657739 	 98691.390625 	 652.381653 
192 	 41.678688 	 283.323761 	 297.261017 	 1.638353 	 98830.601562 	 648.347046 
193 	 41.678688 	 283.323761 	 298.039886 	 2.557005 	 98295.742188 	 650.310120 
194 	 41.678688 	 283.323761 	 296.644043 	 2.127688 	 98108.562500 	 624.341675 
195 	 41.678688 	 283.323761 	 293.241425 	 1.707210 	 98775.250000 	 648.973755 
196 	 41.678688 	 283.323761 	 297.161499 	 4.107927 	 98144.562500 	 685.348877 
197 	 41.678688 	 283.323761 	 293.546143 	 4.751550 	 97592.351562 	 679.972290 
198 	 41.678688 	 283.323761 	 292.662231 	 3.381858 	 97992.992188 	 653.366211 
199 	 41.678688 	 283.323761 	 293.191772 	 1.306257 	 98461.929688 	 677.533447 
200 	 41.678688 	 283.323761 	 295.300140 	 3.702862 	 98185.023438 	 589.207947 
201 	 41.678688 	 283.323761 	 293.747406 	 2.280137 	 98658.062500 	 657.584961 
202 	 41.678688 	 283.323761 	 296.288940 	 2.304736 	 98840.570312 	 685.107056 
203 	 41.678688 	 283.323761 	 300.441040 	 2.379049 	 98427.726562 	 704.938599 
204 	 41.678688 	 283.323761 	 295.626373 	 2.021030 	 98351.968750 	 582.289978 
205 	 41.678688 	 283.323761 	 293.345245 	 1.846311 	 98109.359375 	 599.063110 
206 	 41.678688 	 283.323761 	 292.100525 	 2.547827 	 98194.960938 	 655.915283 
207 	 41.678688 	 283.323761 	 290.236115 	 1.415765 	 98607.062500 	 617.451050 
208 	 41.678688 	 283.323761 	 291.629700 	 1.674039 	 98808.296875 	 631.443176 
209 	 41.678688 	 283.323761 	 296.607269 	 2.531102 	 98725.453125 	 680.211365 
210 	 41.678688 	 283.323761 	 296.832794 	 3.335638 	 98376.250000 	 634.329773 
211 	 41.678688 	 283.323761 	 292.944092 	 4.093530 	 97895.148438 	 542.886658 
212 	 41.678688 	 283.323761 	 290.594482 	 2.702689 	 98574.296875 	 636.135742 
213 	 41.678688 	 283.323761 	 293.239746 	 2.020342 	 98754.976562 	 648.575073 
214 	 41.678688 	 283.323761 	 295.600800 	 1.622453 	 98356.703125 	 656.373535 
215 	 41.678688 	 283.323761 	 296.953094 	 2.778152 	 97884.593750 	 618.847839 
216 	 41.678688 	 283.323761 	 292.701782 	 2.970585 	 97982.343750 	 637.117432 
217 	 41.678688 	 283.323761 	 291.281555 	 2.164898 	 98637.023438 	 631.240479 
218 	 41.678688 	 283.323761 	 290.391785 	 1.142904 	 98766.000000 	 436.474060 
219 	 41.678688 	 283.323761 	 292.160583 	 1.237548 	 98472.507812 	 535.360474 
220 	 41.678688 	 283.323761 	 289.792358 	 1.975122 	 98636.929688 	 601.368164 
221 	 41.678688 	 283.323761 	 288.184814 	 2.031038 	 98939.070312 	 517.129761 
222 	 41.678688 	 283.323761 	 288.157867 	 3.807683 	 99000.523438 	 616.091675 
223 	 41.678688 	 283.323761 	 289.334686 	 1.572722 	 99049.828125 	 624.766235 
224 	 41.678688 	 283.323761 	 289.694458 	 0.884215 	 98936.523438 	 605.966797 
225 	 41.678688 	 283.323761 	 294.341400 	 3.070512 	 98651.578125 	 640.801086 
226 	 41.678688 	 283.323761 	 297.016541 	 3.581415 	 98180.273438 	 633.900269 
227 	 41.678688 	 283.323761 	 295.559479 	 1.484219 	 98277.718750 	 618.244873 
228 	 41.678688 	 283.323761 	 293.166260 	 1.587744 	 98634.726562 	 644.177185 
229 	 41.678688 	 283.323761 	 293.071655 	 1.940558 	 99144.968750 	 529.280701 
230 	 41.678688 	 283.323761 	 293.031311 	 1.243481 	 99345.851562 	 548.223572 
231 	 41.678688 	 283.323761 	 293.965759 	 1.536358 	 99094.781250 	 610.656616 
232 	 41.678688 	 283.323761 	 296.848755 	 2.116905 	 99037.929688 	 651.173706 
233 	 41.678688 	 283.323761 	 297.864960 	 1.534087 	 99069.203125 	 658.337646 
234 	 41.678688 	 283.323761 	 297.096741 	 2.490934 	 98594.156250 	 603.923401 
235 	 41.678688 	 283.323761 	 290.443481 	 4.097491 	 98740.929688 	 545.881592 
236 	 41.678688 	 283.323761 	 287.881989 	 3.077418 	 98877.000000 	 598.889160 
237 	 41.678688 	 283.323761 	 287.521729 	 2.226542 	 98987.656250 	 583.629395 
238 	 41.678688 	 283.323761 	 287.950134 	 1.971955 	 99021.789062 	 595.590820 
239 	 41.678688 	 283.323761 	 289.856476 	 1.389333 	 99115.742188 	 597.833862 
240 	 41.678688 	 283.323761 	 294.939453 	 4.225609 	 98931.953125 	 613.297363 
241 	 41.678688 	 283.323761 	 298.070709 	 2.587651 	 98628.562500 	 622.444214 
242 	 41.678688 	 283.323761 	 297.384247 	 2.474572 	 98532.773438 	 578.986694 
243 	 41.678688 	 283.323761 	 293.339417 	 1.847958 	 98467.390625 	 528.768250 
244 	 41.678688 	 283.323761 	 291.061462 	 2.534955 	 98309.046875 	 617.130249 
245 	 41.678688 	 283.323761 	 288.964142 	 1.994679 	 99005.726562 	 589.161682 
246 	 41.678688 	 283.323761 	 286.498077 	 0.611291 	 99754.789062 	 557.900879 
247 	 41.678688 	 283.323761 	 289.851898 	 2.035439 	 99942.132812 	 587.898315 
248 	 41.678688 	 283.323761 	 291.257538 	 2.307658 	 99706.273438 	 575.231323 
249 	 41.678688 	 283.323761 	 292.587372 	 3.282594 	 99205.156250 	 538.491882 
250 	 41.678688 	 283.323761 	 294.053314 	 2.676472 	 98663.429688 	 583.583862 
251 	 41.678688 	 283.323761 	 294.509674 	 2.433303 	 98520.937500 	 593.781738 
252 	 41.678688 	 283.323761 	 293.886383 	 0.590116 	 99075.617188 	 564.001953 
253 	 41.678688 	 283.323761 	 294.340546 	 1.522051 	 99568.523438 	 529.224731 
254 	 41.678688 	 283.323761 	 291.795685 	 2.735567 	 99433.078125 	 554.396790 
255 	 41.678688 	 283.323761 	 292.130157 	 3.384142 	 98826.937500 	 558.712646 
256 	 41.678688 	 283.323761 	 287.945862 	 3.740741 	 98665.312500 	 490.836761 
257 	 41.678688 	 283.323761 	 284.433014 	 2.039218 	 99303.929688 	 539.226135 
258 	 41.678688 	 283.323761 	 284.676422 	 1.266587 	 99167.007812 	 533.929810 
259 	 41.678688 	 283.323761 	 288.657166 	 3.089991 	 98857.742188 	 537.080444 
260 	 41.678688 	 283.323761 	 292.235260 	 2.999607 	 98840.078125 	 504.248047 
261 	 41.678688 	 283.323761 	 292.892883 	 3.090603 	 98782.382812 	 507.882385 
262 	 41.678688 	 283.323761 	 289.614227 	 2.354695 	 98678.976562 	 421.031097 
263 	 41.678688 	 283.323761 	 279.414856 	 4.395239 	 99552.187500 	 500.901001 
264 	 41.678688 	 283.323761 	 277.172913 	 1.574307 	 100057.898438 	 486.685791 
265 	 41.678688 	 283.323761 	 281.838135 	 2.026803 	 99488.023438 	 509.471130 
266 	 41.678688 	 283.323761 	 282.000092 	 1.019264 	 99021.101562 	 491.854614 
267 	 41.678688 	 283.323761 	 285.742981 	 2.479407 	 98978.031250 	 498.945740 
268 	 41.678688 	 283.323761 	 292.503632 	 3.791222 	 98606.117188 	 549.862671 
269 	 41.678688 	 283.323761 	 293.693787 	 3.665384 	 98093.031250 	 547.762634 
270 	 41.678688 	 283.323761 	 295.308502 	 4.167918 	 97660.898438 	 554.013672 
271 	 41.678688 	 283.323761 	 286.779816 	 2.553328 	 97561.882812 	 408.172974 
272 	 41.678688 	 283.323761 	 279.031799 	 3.812249 	 97583.726562 	 437.436523 
273 	 41.678688 	 283.323761 	 276.476501 	 2.727062 	 98939.093750 	 442.276917 
274 	 41.678688 	 283.323761 	 279.173462 	 3.661977 	 99729.531250 	 472.015717 
275 	 41.678688 	 283.323761 	 287.029480 	 4.202693 	 99346.617188 	 511.211517 
276 	 41.678688 	 283.323761 	 287.325378 	 1.709084 	 99640.382812 	 491.040344 
277 	 41.678688 	 283.323761 	 286.580566 	 1.109624 	 99713.882812 	 490.654388 
278 	 41.678688 	 283.323761 	 289.144470 	 1.756761 	 99488.773438 	 508.496155 
279 	 41.678688 	 283.323761 	 291.549469 	 2.264856 	 98915.046875 	 520.103699 
280 	 41.678688 	 283.323761 	 291.609863 	 2.448245 	 98703.859375 	 518.209900 
281 	 41.678688 	 283.323761 	 292.161682 	 2.549746 	 98562.601562 	 517.719177 
282 	 41.678688 	 283.323761 	 289.529175 	 3.219434 	 98062.203125 	 408.802612 
283 	 41.678688 	 283.323761 	 278.567902 	 4.325573 	 97911.812500 	 380.239410 
284 	 41.678688 	 283.323761 	 273.026428 	 4.557749 	 98609.250000 	 440.080200 
285 	 41.678688 	 283.323761 	 274.478455 	 3.042526 	 99023.062500 	 403.778534 
286 	 41.678688 	 283.323761 	 280.137726 	 2.147088 	 99101.101562 	 451.813354 
287 	 41.678688 	 283.323761 	 287.322906 	 2.964157 	 99032.492188 	 473.520844 
288 	 41.678688 	 283.323761 	 290.801849 	 2.763660 	 99237.023438 	 474.827576 
289 	 41.678688 	 283.323761 	 290.412964 	 3.756500 	 98891.773438 	 459.647919 
290 	 41.678688 	 283.323761 	 283.032440 	 3.772101 	 98321.851562 	 426.959930 
291 	 41.678688 	 283.323761 	 276.573639 	 3.252124 	 98771.250000 	 431.829559 
292 	 41.678688 	 283.323761 	 282.087189 	 3.982441 	 98372.843750 	 404.614685 
293 	 41.678688 	 283.323761 	 283.740448 	 2.542953 	 98522.531250 	 427.313873 
294 	 41.678688 	 283.323761 	 277.392456 	 1.960674 	 99570.343750 	 402.012634 
295 	 41.678688 	 283.323761 	 286.430328 	 4.318012 	 98805.632812 	 400.883209 
296 	 41.678688 	 283.323761 	 288.313843 	 3.699805 	 98648.203125 	 473.912354 
297 	 41.678688 	 283.323761 	 279.578400 	 2.097536 	 100029.398438 	 416.189087 
298 	 41.678688 	 283.323761 	 282.898926 	 5.051244 	 99874.140625 	 366.072540 
299 	 41.678688 	 283.323761 	 286.548920 	 5.901944 	 98105.750000 	 392.306732 
300 	 41.678688 	 283.323761 	 278.637207 	 2.839793 	 99013.921875 	 427.085632 
301 	 41.678688 	 283.323761 	 279.120911 	 3.448283 	 98562.109375 	 371.587067 
302 	 41.678688 	 283.323761 	 285.598541 	 3.028219 	 98397.382812 	 445.000549 
303 	 41.678688 	 283.323761 	 290.075256 	 2.994794 	 98730.906250 	 453.336060 
304 	 41.678688 	 283.323761 	 292.247375 	 2.305205 	 99040.203125 	 464.237488 
305 	 41.678688 	 283.323761 	 287.749084 	 2.299325 	 99833.453125 	 435.354614 
306 	 41.678688 	 283.323761 	 286.959137 	 3.546524 	 99299.093750 	 444.180908 
307 	 41.678688 	 283.323761 	 285.958649 	 4.071498 	 98179.171875 	 448.869049 
308 	 41.678688 	 283.323761 	 277.447266 	 4.014279 	 98666.703125 	 385.759644 
309 	 41.678688 	 283.323761 	 276.246582 	 1.955158 	 99497.140625 	 373.620361 
310 	 41.678688 	 283.323761 	 276.838470 	 2.341384 	 99767.093750 	 335.593201 
311 	 41.678688 	 283.323761 	 281.376617 	 3.125228 	 98919.156250 	 409.086975 
312 	 41.678688 	 283.323761 	 285.963989 	 2.119640 	 98249.828125 	 388.594940 
313 	 41.678688 	 283.323761 	 283.405640 	 2.875126 	 97432.468750 	 381.105713 
314 	 41.678688 	 283.323761 	 273.880707 	 6.786187 	 96856.921875 	 367.791138 
315 	 41.678688 	 283.323761 	 272.405273 	 5.105887 	 98276.953125 	 381.666870 
316 	 41.678688 	 283.323761 	 274.426025 	 2.384740 	 99652.968750 	 356.337952 
317 	 41.678688 	 283.323761 	 278.068573 	 4.138474 	 99994.859375 	 332.728333 
318 	 41.678688 	 283.323761 	 280.933350 	 2.844690 	 99386.156250 	 361.566498 
319 	 41.678688 	 283.323761 	 276.894104 	 1.916981 	 99362.570312 	 365.469208 
320 	 41.678688 	 283.323761 	 284.423706 	 4.951479 	 98696.757812 	 357.782715 
321 	 41.678688 	 283.323761 	 277.469971 	 4.491786 	 97868.773438 	 395.925323 
322 	 41.678688 	 283.323761 	 273.698700 	 3.269377 	 98478.359375 	 351.304321 
323 	 41.678688 	 283.323761 	 276.464966 	 3.528740 	 97902.406250 	 301.954041 
324 	 41.678688 	 283.323761 	 271.185425 	 2.906931 	 98011.156250 	 347.417786 
325 	 41.678688 	 283.323761 	 270.885834 	 4.196892 	 98228.476562 	 307.486023 
326 	 41.678688 	 283.323761 	 275.132538 	 4.088251 	 97883.609375 	 328.035309 
327 	 41.678688 	 283.323761 	 270.791779 	 3.119408 	 98974.843750 	 316.600037 
328 	 41.678688 	 283.323761 	 271.296661 	 1.565670 	 99782.687500 	 329.792664 
329 	 41.678688 	 283.323761 	 272.007172 	 2.534266 	 99966.593750 	 308.645966 
330 	 41.678688 	 283.323761 	 275.403534 	 3.876306 	 99230.906250 	 313.386963 
331 	 41.678688 	 283.323761 	 279.349274 	 2.164832 	 98640.960938 	 384.727325 
332 	 41.678688 	 283.323761 	 278.985626 	 2.341454 	 98573.203125 	 348.511200 
333 	 41.678688 	 283.323761 	 281.520294 	 4.154565 	 97577.242188 	 389.556030 
334 	 41.678688 	 283.323761 	 272.183411 	 4.783258 	 98600.039062 	 312.095703 
335 	 41.678688 	 283.323761 	 269.261230 	 1.804002 	 99746.898438 	 300.946136 
336 	 41.678688 	 283.323761 	 273.996338 	 3.296285 	 99006.531250 	 329.883728 
337 	 41.678688 	 283.323761 	 272.160675 	 4.877810 	 97091.390625 	 325.350830 
338 	 41.678688 	 283.323761 	 267.487701 	 4.056837 	 97729.453125 	 304.902954 
339 	 41.678688 	 283.323761 	 265.345154 	 3.802246 	 98374.906250 	 315.114105 
340 	 41.678688 	 283.323761 	 273.243561 	 4.257947 	 99279.976562 	 348.920013 
341 	 41.678688 	 283.323761 	 279.792328 	 4.108539 	 99272.007812 	 355.553986 
342 	 41.678688 	 283.323761 	 281.031128 	 4.112977 	 98733.523438 	 344.956238 
343 	 41.678688 	 283.323761 	 272.459839 	 3.793422 	 98429.656250 	 297.826965 
344 	 41.678688 	 283.323761 	 272.915497 	 3.858484 	 97866.421875 	 333.265259 
345 	 41.678688 	 283.323761 	 275.107819 	 3.739775 	 98187.203125 	 334.801300 
346 	 41.678688 	 283.323761 	 279.508698 	 4.581918 	 97881.828125 	 312.478729 
347 	 41.678688 	 283.323761 	 269.593231 	 1.908325 	 99485.171875 	 289.238037 
348 	 41.678688 	 283.323761 	 272.969116 	 2.876875 	 98545.578125 	 347.304688 
349 	 41.678688 	 283.323761 	 272.183716 	 3.563226 	 99010.718750 	 315.032715 
350 	 41.678688 	 283.323761 	 273.901764 	 3.800663 	 99467.023438 	 314.149994 
351 	 41.678688 	 283.323761 	 276.305115 	 1.562049 	 99206.968750 	 327.792633 
352 	 41.678688 	 283.323761 	 280.591370 	 4.580522 	 98065.546875 	 353.657867 
353 	 41.678688 	 283.323761 	 272.681427 	 3.916865 	 98226.453125 	 340.610229 
354 	 41.678688 	 283.323761 	 270.638062 	 2.607988 	 99451.851562 	 319.237091 
355 	 41.678688 	 283.323761 	 277.444427 	 4.050889 	 98530.617188 	 326.266876 
356 	 41.678688 	 283.323761 	 271.723785 	 5.131626 	 98265.179688 	 339.074036 
357 	 41.678688 	 283.323761 	 264.563629 	 3.712116 	 100270.398438 	 289.066833 
358 	 41.678688 	 283.323761 	 271.759796 	 4.740655 	 99753.757812 	 326.253632 
359 	 41.678688 	 283.323761 	 272.140472 	 2.218979 	 99927.046875 	 309.489441 
360 	 41.678688 	 283.323761 	 270.561859 	 1.833744 	 99689.968750 	 345.737976 
361 	 41.678688 	 283.323761 	 272.349182 	 2.938419 	 99489.070312 	 328.869446 
362 	 41.678688 	 283.323761 	 279.327698 	 3.618950 	 98578.250000 	 331.956024 
363 	 41.678688 	 283.323761 	 275.695190 	 1.861406 	 99470.468750 	 376.559265 
364 	 41.678688 	 283.323761 	 275.217987 	 2.965700 	 99372.890625 	 323.883087 
