# 0: Day of Year [-] 	 1: lat [deg] 	 2: lon [deg] 	 3: tas [K] 	 4: sfcWind [m s-1] 	 5: ps [Pa] 	 6: Total Downwelling Rad Flux [W m-2] 
0 	 41.678688 	 283.323761 	 278.490570 	 3.022696 	 99342.070312 	 385.375641 
1 	 41.678688 	 283.323761 	 279.034760 	 1.886818 	 98771.242188 	 341.844177 
2 	 41.678688 	 283.323761 	 274.893494 	 2.524469 	 98842.226562 	 330.191376 
3 	 41.678688 	 283.323761 	 271.113647 	 3.810024 	 99262.992188 	 329.986206 
4 	 41.678688 	 283.323761 	 270.185791 	 1.659348 	 99517.710938 	 349.756836 
5 	 41.678688 	 283.323761 	 273.264771 	 2.456852 	 98453.773438 	 343.147278 
6 	 41.678688 	 283.323761 	 272.229004 	 3.588736 	 97484.609375 	 354.623108 
7 	 41.678688 	 283.323761 	 271.593048 	 3.500105 	 97928.976562 	 331.141663 
8 	 41.678688 	 283.323761 	 268.726044 	 3.810223 	 97926.640625 	 303.069031 
9 	 41.678688 	 283.323761 	 264.121216 	 3.965174 	 98655.343750 	 297.710327 
10 	 41.678688 	 283.323761 	 264.320038 	 2.579661 	 99867.429688 	 295.811981 
11 	 41.678688 	 283.323761 	 270.180603 	 3.517989 	 99822.031250 	 323.919189 
12 	 41.678688 	 283.323761 	 268.649902 	 3.346201 	 99528.140625 	 337.779907 
13 	 41.678688 	 283.323761 	 259.757355 	 1.347713 	 99672.929688 	 271.156128 
14 	 41.678688 	 283.323761 	 259.087982 	 1.434408 	 99964.273438 	 309.225800 
15 	 41.678688 	 283.323761 	 270.341187 	 4.164033 	 99406.343750 	 330.828186 
16 	 41.678688 	 283.323761 	 282.657257 	 4.202803 	 97996.046875 	 371.443237 
17 	 41.678688 	 283.323761 	 282.996887 	 2.889367 	 96408.296875 	 364.575439 
18 	 41.678688 	 283.323761 	 268.027649 	 2.938464 	 97211.203125 	 366.085022 
19 	 41.678688 	 283.323761 	 269.589783 	 2.869131 	 97939.156250 	 342.746704 
20 	 41.678688 	 283.323761 	 273.973816 	 3.589683 	 97281.828125 	 318.673157 
21 	 41.678688 	 283.323761 	 260.407440 	 4.999827 	 96927.468750 	 305.606567 
22 	 41.678688 	 283.323761 	 253.985855 	 2.300658 	 98353.390625 	 275.752075 
23 	 41.678688 	 283.323761 	 262.251343 	 3.428607 	 98811.328125 	 281.776276 
24 	 41.678688 	 283.323761 	 272.214050 	 3.447686 	 98333.671875 	 362.420868 
25 	 41.678688 	 283.323761 	 266.818268 	 3.423437 	 98512.476562 	 319.326416 
26 	 41.678688 	 283.323761 	 257.994019 	 4.316892 	 99248.882812 	 296.960510 
27 	 41.678688 	 283.323761 	 260.450745 	 2.624162 	 100054.296875 	 307.165283 
28 	 41.678688 	 283.323761 	 272.837036 	 4.345187 	 98789.140625 	 369.902130 
29 	 41.678688 	 283.323761 	 271.377380 	 2.159678 	 98645.453125 	 371.853699 
30 	 41.678688 	 283.323761 	 270.666229 	 2.478642 	 98432.593750 	 380.344666 
31 	 41.678688 	 283.323761 	 261.845917 	 3.419709 	 99549.570312 	 356.313843 
32 	 41.678688 	 283.323761 	 268.154663 	 2.577217 	 99192.671875 	 351.020355 
33 	 41.678688 	 283.323761 	 276.338867 	 2.397553 	 98763.320312 	 387.583435 
34 	 41.678688 	 283.323761 	 279.545532 	 3.118821 	 98885.562500 	 396.961670 
35 	 41.678688 	 283.323761 	 279.126831 	 1.439555 	 99045.773438 	 391.322083 
36 	 41.678688 	 283.323761 	 276.032196 	 1.355503 	 99322.046875 	 371.760559 
37 	 41.678688 	 283.323761 	 276.509277 	 1.565693 	 98171.078125 	 411.474365 
38 	 41.678688 	 283.323761 	 268.947205 	 3.978011 	 98315.726562 	 411.493347 
39 	 41.678688 	 283.323761 	 266.509766 	 2.202346 	 99084.593750 	 361.480469 
40 	 41.678688 	 283.323761 	 275.383484 	 3.644602 	 98568.109375 	 395.207916 
41 	 41.678688 	 283.323761 	 274.946655 	 0.916790 	 99194.609375 	 407.469116 
42 	 41.678688 	 283.323761 	 280.049011 	 3.583332 	 99335.296875 	 403.618744 
43 	 41.678688 	 283.323761 	 275.656555 	 2.204769 	 99577.828125 	 401.270813 
44 	 41.678688 	 283.323761 	 274.427460 	 1.440358 	 99606.531250 	 394.765015 
45 	 41.678688 	 283.323761 	 277.661804 	 2.968894 	 99426.382812 	 369.328979 
46 	 41.678688 	 283.323761 	 284.199249 	 4.717523 	 98266.867188 	 394.644073 
47 	 41.678688 	 283.323761 	 278.409790 	 3.294878 	 97831.343750 	 380.018341 
48 	 41.678688 	 283.323761 	 269.535156 	 1.287469 	 98620.039062 	 363.335968 
49 	 41.678688 	 283.323761 	 270.523224 	 4.007755 	 97625.429688 	 404.163391 
50 	 41.678688 	 283.323761 	 265.948975 	 3.679843 	 98392.890625 	 411.876953 
51 	 41.678688 	 283.323761 	 270.667023 	 3.193605 	 98604.171875 	 392.436523 
52 	 41.678688 	 283.323761 	 280.697937 	 5.577283 	 97621.796875 	 384.916382 
53 	 41.678688 	 283.323761 	 269.093201 	 4.919609 	 98192.281250 	 393.197754 
54 	 41.678688 	 283.323761 	 265.226013 	 3.328006 	 99522.226562 	 378.005157 
55 	 41.678688 	 283.323761 	 274.631287 	 3.762077 	 99245.000000 	 417.940125 
56 	 41.678688 	 283.323761 	 278.447754 	 3.209323 	 98970.742188 	 430.384216 
57 	 41.678688 	 283.323761 	 274.915405 	 2.816710 	 98464.507812 	 383.174927 
58 	 41.678688 	 283.323761 	 272.146118 	 2.365273 	 99679.429688 	 434.816162 
59 	 41.678688 	 283.323761 	 274.871124 	 4.291756 	 100050.398438 	 353.269073 
60 	 41.678688 	 283.323761 	 283.100098 	 4.171400 	 98463.453125 	 431.921844 
61 	 41.678688 	 283.323761 	 282.835602 	 3.995197 	 97905.093750 	 478.022827 
62 	 41.678688 	 283.323761 	 273.797180 	 2.016291 	 99528.992188 	 402.268036 
63 	 41.678688 	 283.323761 	 277.162048 	 3.580756 	 99731.343750 	 357.653076 
64 	 41.678688 	 283.323761 	 277.169403 	 3.861234 	 98755.859375 	 412.023071 
65 	 41.678688 	 283.323761 	 272.688110 	 1.112861 	 99598.093750 	 391.888000 
66 	 41.678688 	 283.323761 	 273.792389 	 0.688113 	 99302.679688 	 432.490601 
67 	 41.678688 	 283.323761 	 278.251587 	 2.997130 	 98940.531250 	 412.685364 
68 	 41.678688 	 283.323761 	 279.953278 	 3.974332 	 96565.796875 	 390.842834 
69 	 41.678688 	 283.323761 	 271.047791 	 4.829871 	 96596.421875 	 416.287354 
70 	 41.678688 	 283.323761 	 267.805603 	 3.065182 	 98249.312500 	 414.306580 
71 	 41.678688 	 283.323761 	 273.907959 	 4.552057 	 97177.523438 	 364.971191 
72 	 41.678688 	 283.323761 	 269.572845 	 4.866353 	 96922.117188 	 438.050232 
73 	 41.678688 	 283.323761 	 275.114105 	 3.873331 	 98089.601562 	 394.532013 
74 	 41.678688 	 283.323761 	 271.615143 	 3.424801 	 97511.992188 	 478.464783 
75 	 41.678688 	 283.323761 	 267.692352 	 2.913443 	 98142.382812 	 392.401428 
76 	 41.678688 	 283.323761 	 267.814697 	 2.730528 	 99148.492188 	 440.844177 
77 	 41.678688 	 283.323761 	 271.673676 	 4.540363 	 99901.882812 	 396.429871 
78 	 41.678688 	 283.323761 	 278.769012 	 3.417331 	 99242.109375 	 371.467987 
79 	 41.678688 	 283.323761 	 279.835419 	 1.345461 	 99689.773438 	 353.426361 
80 	 41.678688 	 283.323761 	 284.933533 	 4.596723 	 99792.343750 	 455.761414 
81 	 41.678688 	 283.323761 	 287.119232 	 4.501207 	 98319.226562 	 410.447662 
82 	 41.678688 	 283.323761 	 281.598663 	 3.837505 	 97904.507812 	 541.428650 
83 	 41.678688 	 283.323761 	 278.518707 	 1.995887 	 98573.117188 	 496.953613 
84 	 41.678688 	 283.323761 	 283.524506 	 4.153140 	 97552.578125 	 447.176392 
85 	 41.678688 	 283.323761 	 276.254791 	 3.049855 	 97026.562500 	 406.507202 
86 	 41.678688 	 283.323761 	 275.402191 	 4.084179 	 97365.453125 	 501.357971 
87 	 41.678688 	 283.323761 	 274.415802 	 3.132028 	 98133.132812 	 492.847992 
88 	 41.678688 	 283.323761 	 284.313263 	 2.703695 	 98399.570312 	 507.221436 
89 	 41.678688 	 283.323761 	 287.376648 	 2.303496 	 98446.070312 	 544.428467 
90 	 41.678688 	 283.323761 	 286.980164 	 2.997935 	 98419.593750 	 544.682495 
91 	 41.678688 	 283.323761 	 286.825714 	 2.017961 	 98647.976562 	 546.283691 
92 	 41.678688 	 283.323761 	 289.001251 	 4.166260 	 97635.742188 	 458.130280 
93 	 41.678688 	 283.323761 	 283.492981 	 2.752073 	 98274.968750 	 513.306519 
94 	 41.678688 	 283.323761 	 287.526550 	 1.729322 	 99145.539062 	 565.101929 
95 	 41.678688 	 283.323761 	 292.104340 	 1.402348 	 99668.750000 	 592.885681 
96 	 41.678688 	 283.323761 	 293.711395 	 1.972662 	 99408.773438 	 610.549927 
97 	 41.678688 	 283.323761 	 293.669525 	 1.261363 	 99290.976562 	 609.827393 
98 	 41.678688 	 283.323761 	 292.041351 	 2.263590 	 98992.382812 	 608.114380 
99 	 41.678688 	 283.323761 	 288.493927 	 3.197022 	 98145.382812 	 567.865601 
100 	 41.678688 	 283.323761 	 285.221558 	 3.248510 	 97861.507812 	 445.138672 
101 	 41.678688 	 283.323761 	 280.158875 	 4.225514 	 97896.906250 	 457.175323 
102 	 41.678688 	 283.323761 	 282.867706 	 1.708570 	 98778.390625 	 559.488281 
103 	 41.678688 	 283.323761 	 289.541290 	 3.220591 	 98351.023438 	 593.344116 
104 	 41.678688 	 283.323761 	 286.832092 	 3.460127 	 97820.906250 	 510.214874 
105 	 41.678688 	 283.323761 	 279.778107 	 4.195899 	 98051.578125 	 534.351013 
106 	 41.678688 	 283.323761 	 277.416229 	 3.624298 	 98673.507812 	 513.521362 
107 	 41.678688 	 283.323761 	 277.047729 	 3.359749 	 99178.953125 	 546.955383 
108 	 41.678688 	 283.323761 	 278.611603 	 2.410387 	 99382.320312 	 553.814697 
109 	 41.678688 	 283.323761 	 282.105347 	 1.240578 	 99222.656250 	 567.804321 
110 	 41.678688 	 283.323761 	 285.142365 	 2.326492 	 98685.062500 	 455.936157 
111 	 41.678688 	 283.323761 	 286.781677 	 2.915462 	 98191.359375 	 608.159851 
112 	 41.678688 	 283.323761 	 288.388702 	 1.566958 	 98549.796875 	 598.431519 
113 	 41.678688 	 283.323761 	 293.262970 	 3.898911 	 97945.882812 	 522.641235 
114 	 41.678688 	 283.323761 	 292.553650 	 4.575849 	 97154.093750 	 469.006378 
115 	 41.678688 	 283.323761 	 282.723541 	 4.050397 	 97574.898438 	 529.103638 
116 	 41.678688 	 283.323761 	 277.873871 	 3.918993 	 98451.132812 	 564.448486 
117 	 41.678688 	 283.323761 	 279.305756 	 2.503730 	 99593.351562 	 563.566101 
118 	 41.678688 	 283.323761 	 282.644165 	 1.748756 	 99814.507812 	 581.334717 
119 	 41.678688 	 283.323761 	 290.642151 	 3.793580 	 98757.796875 	 586.836731 
120 	 41.678688 	 283.323761 	 290.880280 	 3.103686 	 98499.242188 	 533.216431 
121 	 41.678688 	 283.323761 	 286.144592 	 2.534284 	 99583.492188 	 556.712524 
122 	 41.678688 	 283.323761 	 284.576691 	 2.012759 	 100091.000000 	 595.717041 
123 	 41.678688 	 283.323761 	 285.160492 	 2.318959 	 99873.906250 	 602.723511 
124 	 41.678688 	 283.323761 	 286.018127 	 3.589377 	 98890.523438 	 453.908569 
125 	 41.678688 	 283.323761 	 283.823547 	 3.667830 	 97751.937500 	 529.528748 
126 	 41.678688 	 283.323761 	 276.504272 	 5.176393 	 97435.882812 	 567.679565 
127 	 41.678688 	 283.323761 	 276.302277 	 3.643735 	 97298.648438 	 422.816895 
128 	 41.678688 	 283.323761 	 278.332275 	 2.644361 	 97507.726562 	 398.492981 
129 	 41.678688 	 283.323761 	 281.352600 	 3.436628 	 97881.468750 	 517.806335 
130 	 41.678688 	 283.323761 	 282.785889 	 2.198717 	 97824.156250 	 527.405396 
131 	 41.678688 	 283.323761 	 281.033997 	 3.198277 	 97839.007812 	 596.493896 
132 	 41.678688 	 283.323761 	 278.214386 	 3.504320 	 98229.726562 	 613.026367 
133 	 41.678688 	 283.323761 	 282.709412 	 2.141449 	 98214.726562 	 589.872314 
134 	 41.678688 	 283.323761 	 283.331360 	 1.733890 	 97594.382812 	 379.568817 
135 	 41.678688 	 283.323761 	 281.618439 	 2.795774 	 96908.898438 	 436.595001 
136 	 41.678688 	 283.323761 	 280.296204 	 2.864845 	 97964.218750 	 585.846436 
137 	 41.678688 	 283.323761 	 282.843475 	 1.164425 	 98770.781250 	 632.376465 
138 	 41.678688 	 283.323761 	 287.002045 	 3.169530 	 99044.843750 	 522.071960 
139 	 41.678688 	 283.323761 	 289.438629 	 2.017626 	 99290.929688 	 553.252808 
140 	 41.678688 	 283.323761 	 291.443634 	 2.583270 	 99380.070312 	 519.437622 
141 	 41.678688 	 283.323761 	 292.780548 	 3.555799 	 98315.507812 	 582.860718 
142 	 41.678688 	 283.323761 	 290.521088 	 2.991329 	 97905.226562 	 578.519592 
143 	 41.678688 	 283.323761 	 289.429413 	 3.240348 	 97783.132812 	 574.613281 
144 	 41.678688 	 283.323761 	 285.326202 	 3.447046 	 98210.226562 	 626.983643 
145 	 41.678688 	 283.323761 	 285.157471 	 1.459763 	 98885.867188 	 632.308472 
146 	 41.678688 	 283.323761 	 288.806305 	 1.275190 	 98646.406250 	 532.563232 
147 	 41.678688 	 283.323761 	 292.878937 	 2.276056 	 97802.406250 	 606.677124 
148 	 41.678688 	 283.323761 	 293.473389 	 3.123526 	 97627.390625 	 585.380066 
149 	 41.678688 	 283.323761 	 289.144257 	 2.135792 	 97769.843750 	 538.172546 
150 	 41.678688 	 283.323761 	 288.537323 	 1.702909 	 97996.117188 	 546.392273 
151 	 41.678688 	 283.323761 	 289.816406 	 2.456734 	 98164.281250 	 587.863403 
152 	 41.678688 	 283.323761 	 287.602142 	 2.755591 	 97761.523438 	 618.317139 
153 	 41.678688 	 283.323761 	 290.591431 	 3.315682 	 97553.757812 	 617.039551 
154 	 41.678688 	 283.323761 	 292.071747 	 2.277487 	 97968.710938 	 618.130981 
155 	 41.678688 	 283.323761 	 292.248657 	 1.430893 	 98567.453125 	 623.971680 
156 	 41.678688 	 283.323761 	 291.805878 	 2.881764 	 98886.671875 	 590.041870 
157 	 41.678688 	 283.323761 	 291.267883 	 3.677022 	 98762.289062 	 516.901367 
158 	 41.678688 	 283.323761 	 291.793640 	 2.781822 	 98574.773438 	 504.448181 
159 	 41.678688 	 283.323761 	 292.264404 	 1.126651 	 98574.007812 	 610.257202 
160 	 41.678688 	 283.323761 	 293.569397 	 1.070907 	 98572.187500 	 689.588989 
161 	 41.678688 	 283.323761 	 295.039215 	 1.477051 	 98567.789062 	 698.011047 
162 	 41.678688 	 283.323761 	 293.723511 	 1.479232 	 98580.320312 	 666.002441 
163 	 41.678688 	 283.323761 	 295.829193 	 2.153063 	 98736.476562 	 673.819214 
164 	 41.678688 	 283.323761 	 296.703156 	 4.358005 	 98170.117188 	 680.785889 
165 	 41.678688 	 283.323761 	 295.304871 	 2.805642 	 98155.523438 	 677.907532 
166 	 41.678688 	 283.323761 	 291.824677 	 2.041373 	 98876.132812 	 573.291321 
167 	 41.678688 	 283.323761 	 291.225281 	 4.253632 	 99454.562500 	 534.573303 
168 	 41.678688 	 283.323761 	 292.596344 	 5.137911 	 99564.953125 	 545.471985 
169 	 41.678688 	 283.323761 	 294.712524 	 3.685957 	 99332.351562 	 576.962402 
170 	 41.678688 	 283.323761 	 294.925354 	 2.403621 	 99083.656250 	 599.027161 
171 	 41.678688 	 283.323761 	 295.300537 	 1.923236 	 99014.203125 	 642.587769 
172 	 41.678688 	 283.323761 	 294.797699 	 3.007316 	 99158.242188 	 692.371765 
173 	 41.678688 	 283.323761 	 295.093719 	 4.064344 	 98700.101562 	 646.725891 
174 	 41.678688 	 283.323761 	 295.383301 	 3.974429 	 97753.296875 	 688.341797 
175 	 41.678688 	 283.323761 	 293.361938 	 3.133296 	 98161.289062 	 678.515564 
176 	 41.678688 	 283.323761 	 293.563324 	 2.890068 	 98318.773438 	 587.427734 
177 	 41.678688 	 283.323761 	 291.994965 	 1.775541 	 98782.328125 	 488.193756 
178 	 41.678688 	 283.323761 	 291.472626 	 1.128686 	 99216.882812 	 678.664185 
179 	 41.678688 	 283.323761 	 292.936676 	 2.737351 	 99075.507812 	 663.833740 
180 	 41.678688 	 283.323761 	 293.523041 	 4.123797 	 98619.593750 	 526.029602 
181 	 41.678688 	 283.323761 	 298.066162 	 2.645084 	 98147.796875 	 709.887817 
182 	 41.678688 	 283.323761 	 294.982788 	 3.292042 	 98134.578125 	 566.376404 
183 	 41.678688 	 283.323761 	 291.451660 	 4.095610 	 98345.007812 	 683.480469 
184 	 41.678688 	 283.323761 	 292.182526 	 1.892835 	 98582.703125 	 673.857056 
185 	 41.678688 	 283.323761 	 293.258087 	 2.212308 	 98370.000000 	 528.239563 
186 	 41.678688 	 283.323761 	 295.838867 	 2.793142 	 97810.976562 	 677.977051 
187 	 41.678688 	 283.323761 	 299.433929 	 1.827452 	 97829.976562 	 714.898499 
188 	 41.678688 	 283.323761 	 298.242523 	 2.275379 	 97873.703125 	 657.366699 
189 	 41.678688 	 283.323761 	 295.023163 	 2.003528 	 98141.843750 	 644.181641 
190 	 41.678688 	 283.323761 	 295.360718 	 1.444998 	 98677.242188 	 695.716919 
191 	 41.678688 	 283.323761 	 296.510773 	 1.042862 	 98658.617188 	 666.345581 
192 	 41.678688 	 283.323761 	 297.336029 	 1.617687 	 98364.593750 	 675.407532 
193 	 41.678688 	 283.323761 	 298.691284 	 3.252774 	 98199.726562 	 657.336060 
194 	 41.678688 	 283.323761 	 299.187225 	 4.842048 	 97901.718750 	 625.364807 
195 	 41.678688 	 283.323761 	 293.635834 	 2.195795 	 97977.617188 	 662.137390 
196 	 41.678688 	 283.323761 	 292.427094 	 2.542120 	 98449.476562 	 638.041321 
197 	 41.678688 	 283.323761 	 293.831726 	 2.122433 	 99021.929688 	 681.428101 
198 	 41.678688 	 283.323761 	 295.545135 	 1.794152 	 99376.617188 	 638.943848 
199 	 41.678688 	 283.323761 	 297.125519 	 1.787102 	 98986.882812 	 671.149597 
200 	 41.678688 	 283.323761 	 296.504852 	 1.652758 	 98780.851562 	 681.463928 
201 	 41.678688 	 283.323761 	 296.960999 	 1.291405 	 98563.507812 	 677.067139 
202 	 41.678688 	 283.323761 	 296.063446 	 2.681079 	 98763.640625 	 640.214355 
203 	 41.678688 	 283.323761 	 293.439911 	 2.627630 	 99422.109375 	 656.525574 
204 	 41.678688 	 283.323761 	 296.640808 	 4.340261 	 99263.203125 	 693.603638 
205 	 41.678688 	 283.323761 	 297.685059 	 2.007403 	 98973.593750 	 686.847168 
206 	 41.678688 	 283.323761 	 296.716461 	 1.057396 	 98992.726562 	 649.467590 
207 	 41.678688 	 283.323761 	 296.605164 	 1.629034 	 98837.210938 	 688.436707 
208 	 41.678688 	 283.323761 	 297.269348 	 1.835993 	 98684.859375 	 681.494995 
209 	 41.678688 	 283.323761 	 297.611237 	 1.507970 	 98647.031250 	 663.743530 
210 	 41.678688 	 283.323761 	 297.647156 	 2.788990 	 98363.710938 	 605.084717 
211 	 41.678688 	 283.323761 	 293.755005 	 3.311094 	 97773.562500 	 560.575378 
212 	 41.678688 	 283.323761 	 294.968048 	 3.109710 	 97861.539062 	 679.563232 
213 	 41.678688 	 283.323761 	 293.252045 	 1.538509 	 98703.156250 	 641.820740 
214 	 41.678688 	 283.323761 	 291.133118 	 1.890027 	 99389.273438 	 658.540955 
215 	 41.678688 	 283.323761 	 293.676086 	 1.458016 	 99585.687500 	 620.091309 
216 	 41.678688 	 283.323761 	 294.687927 	 2.623812 	 99233.031250 	 648.932800 
217 	 41.678688 	 283.323761 	 296.573181 	 2.914877 	 98454.343750 	 656.743774 
218 	 41.678688 	 283.323761 	 300.064392 	 3.986113 	 97909.460938 	 645.126831 
219 	 41.678688 	 283.323761 	 298.118744 	 3.242241 	 98119.476562 	 674.631165 
220 	 41.678688 	 283.323761 	 292.951141 	 2.338952 	 98896.812500 	 644.837769 
221 	 41.678688 	 283.323761 	 296.922150 	 3.781273 	 98498.289062 	 621.624695 
222 	 41.678688 	 283.323761 	 294.821960 	 4.087224 	 97731.750000 	 616.658630 
223 	 41.678688 	 283.323761 	 288.804565 	 3.639953 	 98176.023438 	 566.649658 
224 	 41.678688 	 283.323761 	 287.835571 	 2.205319 	 98537.468750 	 610.475586 
225 	 41.678688 	 283.323761 	 295.136780 	 2.997488 	 98096.593750 	 535.430847 
226 	 41.678688 	 283.323761 	 292.467957 	 1.572421 	 98162.093750 	 599.076538 
227 	 41.678688 	 283.323761 	 292.545441 	 1.762617 	 98880.867188 	 615.198120 
228 	 41.678688 	 283.323761 	 295.064941 	 2.511041 	 99174.453125 	 649.754028 
229 	 41.678688 	 283.323761 	 296.136200 	 3.623368 	 99146.460938 	 667.141113 
230 	 41.678688 	 283.323761 	 298.429871 	 3.129978 	 98856.960938 	 576.702576 
231 	 41.678688 	 283.323761 	 298.596924 	 3.049702 	 98721.296875 	 653.588013 
232 	 41.678688 	 283.323761 	 297.604950 	 1.899578 	 98875.343750 	 613.422119 
233 	 41.678688 	 283.323761 	 297.898438 	 2.509590 	 98846.406250 	 574.806030 
234 	 41.678688 	 283.323761 	 297.780731 	 4.036803 	 98409.382812 	 570.150208 
235 	 41.678688 	 283.323761 	 298.237793 	 3.513561 	 98372.273438 	 604.201782 
236 	 41.678688 	 283.323761 	 294.296448 	 4.977659 	 98195.492188 	 639.435669 
237 	 41.678688 	 283.323761 	 287.537476 	 2.081362 	 99190.453125 	 557.079407 
238 	 41.678688 	 283.323761 	 288.076080 	 1.362119 	 99629.476562 	 591.883850 
239 	 41.678688 	 283.323761 	 289.585632 	 1.119092 	 99787.156250 	 596.949951 
240 	 41.678688 	 283.323761 	 291.238708 	 1.561397 	 99340.093750 	 602.230774 
241 	 41.678688 	 283.323761 	 294.270782 	 1.609174 	 98869.093750 	 621.201172 
242 	 41.678688 	 283.323761 	 299.166595 	 3.814424 	 97919.007812 	 632.248291 
243 	 41.678688 	 283.323761 	 292.212311 	 2.961765 	 97949.851562 	 607.173462 
244 	 41.678688 	 283.323761 	 289.558685 	 1.417185 	 98791.609375 	 584.661377 
245 	 41.678688 	 283.323761 	 294.440308 	 2.924680 	 98697.093750 	 597.571655 
246 	 41.678688 	 283.323761 	 296.077789 	 2.793375 	 98915.046875 	 606.155823 
247 	 41.678688 	 283.323761 	 291.469543 	 1.988398 	 99614.882812 	 543.598267 
248 	 41.678688 	 283.323761 	 296.072388 	 3.218094 	 98811.437500 	 603.115540 
249 	 41.678688 	 283.323761 	 294.811462 	 2.698188 	 98672.226562 	 506.031311 
250 	 41.678688 	 283.323761 	 289.576233 	 2.761780 	 99296.601562 	 434.845795 
251 	 41.678688 	 283.323761 	 290.684875 	 4.144939 	 99062.148438 	 495.610199 
252 	 41.678688 	 283.323761 	 293.384552 	 2.964585 	 98406.132812 	 486.978333 
253 	 41.678688 	 283.323761 	 289.209137 	 2.319296 	 99076.507812 	 537.090210 
254 	 41.678688 	 283.323761 	 288.792511 	 1.862179 	 99138.710938 	 533.446045 
255 	 41.678688 	 283.323761 	 290.040131 	 2.760841 	 98890.203125 	 533.505981 
256 	 41.678688 	 283.323761 	 283.361481 	 2.135504 	 100021.898438 	 522.496704 
257 	 41.678688 	 283.323761 	 284.537415 	 2.138185 	 99786.773438 	 429.426880 
258 	 41.678688 	 283.323761 	 288.190186 	 0.841718 	 99574.476562 	 550.124023 
259 	 41.678688 	 283.323761 	 290.551758 	 0.704296 	 99448.976562 	 563.453796 
260 	 41.678688 	 283.323761 	 291.488098 	 0.851088 	 99242.242188 	 566.833252 
261 	 41.678688 	 283.323761 	 292.342285 	 1.135241 	 99165.453125 	 559.202087 
262 	 41.678688 	 283.323761 	 291.948212 	 0.722052 	 99374.781250 	 564.171753 
263 	 41.678688 	 283.323761 	 291.719757 	 1.830816 	 99805.812500 	 524.799194 
264 	 41.678688 	 283.323761 	 289.557678 	 2.821467 	 99815.117188 	 507.466858 
265 	 41.678688 	 283.323761 	 291.342743 	 2.410522 	 99341.492188 	 565.676453 
266 	 41.678688 	 283.323761 	 290.683960 	 2.130833 	 99149.812500 	 554.171021 
267 	 41.678688 	 283.323761 	 288.493988 	 3.739419 	 98447.953125 	 515.170776 
268 	 41.678688 	 283.323761 	 281.620270 	 2.145011 	 99727.617188 	 495.433838 
269 	 41.678688 	 283.323761 	 282.386566 	 1.702498 	 99740.476562 	 482.252686 
270 	 41.678688 	 283.323761 	 283.598846 	 1.341417 	 99637.906250 	 493.708069 
271 	 41.678688 	 283.323761 	 289.190399 	 2.643774 	 99156.523438 	 514.301086 
272 	 41.678688 	 283.323761 	 291.568573 	 1.849021 	 99143.093750 	 524.816284 
273 	 41.678688 	 283.323761 	 289.934570 	 0.952800 	 99220.343750 	 488.677002 
274 	 41.678688 	 283.323761 	 290.133820 	 0.729218 	 99436.203125 	 534.458496 
275 	 41.678688 	 283.323761 	 289.560730 	 2.619849 	 99564.828125 	 422.888184 
276 	 41.678688 	 283.323761 	 290.530945 	 2.837620 	 99344.929688 	 532.328308 
277 	 41.678688 	 283.323761 	 286.789459 	 2.041004 	 99649.226562 	 455.954803 
278 	 41.678688 	 283.323761 	 283.323578 	 1.041727 	 99844.437500 	 475.009979 
279 	 41.678688 	 283.323761 	 284.226624 	 2.263686 	 99749.929688 	 461.070679 
280 	 41.678688 	 283.323761 	 287.596649 	 3.147704 	 99387.500000 	 443.013641 
281 	 41.678688 	 283.323761 	 290.314758 	 1.771376 	 99105.203125 	 518.405151 
282 	 41.678688 	 283.323761 	 290.906464 	 2.268399 	 98847.062500 	 512.421021 
283 	 41.678688 	 283.323761 	 289.570129 	 3.034107 	 98737.023438 	 481.443054 
284 	 41.678688 	 283.323761 	 289.954193 	 3.973292 	 98246.187500 	 458.751434 
285 	 41.678688 	 283.323761 	 279.876404 	 3.764678 	 98578.203125 	 405.981201 
286 	 41.678688 	 283.323761 	 277.510254 	 2.455034 	 99199.539062 	 419.580597 
287 	 41.678688 	 283.323761 	 277.665710 	 3.675972 	 98939.351562 	 399.712219 
288 	 41.678688 	 283.323761 	 271.913757 	 3.276208 	 99614.062500 	 400.158875 
289 	 41.678688 	 283.323761 	 271.296295 	 2.194207 	 100160.398438 	 396.368652 
290 	 41.678688 	 283.323761 	 273.116333 	 2.541360 	 100215.898438 	 344.000793 
291 	 41.678688 	 283.323761 	 278.095093 	 2.868153 	 99527.023438 	 419.695435 
292 	 41.678688 	 283.323761 	 282.533386 	 3.589450 	 98486.343750 	 430.739624 
293 	 41.678688 	 283.323761 	 280.414215 	 3.710140 	 98550.570312 	 459.960815 
294 	 41.678688 	 283.323761 	 278.381348 	 2.055130 	 99034.117188 	 419.230316 
295 	 41.678688 	 283.323761 	 282.955231 	 3.678631 	 98695.828125 	 435.855530 
296 	 41.678688 	 283.323761 	 283.452118 	 4.048589 	 97523.570312 	 381.708160 
297 	 41.678688 	 283.323761 	 276.587433 	 3.071135 	 97382.492188 	 373.540833 
298 	 41.678688 	 283.323761 	 274.766602 	 3.084083 	 98099.203125 	 337.293915 
299 	 41.678688 	 283.323761 	 277.439728 	 2.818397 	 98168.421875 	 405.706177 
300 	 41.678688 	 283.323761 	 278.673828 	 2.714687 	 98894.117188 	 427.982788 
301 	 41.678688 	 283.323761 	 278.582947 	 2.084271 	 99465.023438 	 414.630798 
302 	 41.678688 	 283.323761 	 283.157288 	 4.757137 	 98381.679688 	 393.678894 
303 	 41.678688 	 283.323761 	 280.682739 	 2.857696 	 98476.093750 	 426.019043 
304 	 41.678688 	 283.323761 	 278.562500 	 2.981866 	 98339.703125 	 383.886475 
305 	 41.678688 	 283.323761 	 276.409668 	 1.329805 	 99250.843750 	 380.364990 
306 	 41.678688 	 283.323761 	 279.811279 	 1.931724 	 99765.468750 	 405.962280 
307 	 41.678688 	 283.323761 	 282.773590 	 2.425969 	 99671.257812 	 411.482117 
308 	 41.678688 	 283.323761 	 282.898926 	 1.486324 	 99414.617188 	 383.011230 
309 	 41.678688 	 283.323761 	 279.529999 	 0.790593 	 99504.867188 	 346.792328 
310 	 41.678688 	 283.323761 	 283.036011 	 1.798748 	 99242.937500 	 392.025574 
311 	 41.678688 	 283.323761 	 281.362396 	 1.666157 	 98549.593750 	 357.510925 
312 	 41.678688 	 283.323761 	 279.649231 	 2.666730 	 97705.867188 	 382.694489 
313 	 41.678688 	 283.323761 	 270.472107 	 4.092954 	 98658.351562 	 380.149475 
314 	 41.678688 	 283.323761 	 270.425446 	 3.232863 	 99775.421875 	 323.228729 
315 	 41.678688 	 283.323761 	 277.922943 	 4.896586 	 99307.968750 	 378.380066 
316 	 41.678688 	 283.323761 	 280.362396 	 3.862269 	 98446.546875 	 408.951172 
317 	 41.678688 	 283.323761 	 276.421295 	 3.672176 	 98866.226562 	 368.452179 
318 	 41.678688 	 283.323761 	 272.087311 	 1.580960 	 99615.328125 	 302.556610 
319 	 41.678688 	 283.323761 	 276.053101 	 2.543732 	 99799.226562 	 343.830200 
320 	 41.678688 	 283.323761 	 280.760834 	 2.181405 	 99231.023438 	 385.297729 
321 	 41.678688 	 283.323761 	 281.747589 	 2.998084 	 98954.367188 	 372.643066 
322 	 41.678688 	 283.323761 	 278.444061 	 3.538327 	 98588.710938 	 340.681641 
323 	 41.678688 	 283.323761 	 270.291992 	 2.884869 	 99610.351562 	 325.625885 
324 	 41.678688 	 283.323761 	 269.673065 	 2.634913 	 100230.500000 	 321.504181 
325 	 41.678688 	 283.323761 	 277.605835 	 5.260962 	 98882.210938 	 327.430328 
326 	 41.678688 	 283.323761 	 277.636993 	 2.150637 	 98777.070312 	 370.599091 
327 	 41.678688 	 283.323761 	 277.715515 	 2.830655 	 98615.570312 	 337.022644 
328 	 41.678688 	 283.323761 	 277.027985 	 3.280260 	 98528.242188 	 357.611816 
329 	 41.678688 	 283.323761 	 268.456604 	 3.453524 	 99583.406250 	 311.410858 
330 	 41.678688 	 283.323761 	 269.218628 	 1.943293 	 100216.703125 	 298.512634 
331 	 41.678688 	 283.323761 	 273.279449 	 4.053813 	 100633.101562 	 310.197540 
332 	 41.678688 	 283.323761 	 281.491882 	 4.855212 	 100164.203125 	 365.331238 
333 	 41.678688 	 283.323761 	 284.459747 	 2.573912 	 99496.273438 	 373.250610 
334 	 41.678688 	 283.323761 	 286.025146 	 2.180727 	 99679.468750 	 408.208466 
335 	 41.678688 	 283.323761 	 286.711304 	 4.927424 	 99256.976562 	 410.289398 
336 	 41.678688 	 283.323761 	 279.419800 	 3.543620 	 100023.703125 	 378.526062 
337 	 41.678688 	 283.323761 	 274.924194 	 2.656896 	 100602.398438 	 340.684296 
338 	 41.678688 	 283.323761 	 279.852234 	 2.733611 	 99936.421875 	 357.184265 
339 	 41.678688 	 283.323761 	 284.548004 	 4.521763 	 98825.078125 	 388.298035 
340 	 41.678688 	 283.323761 	 271.894897 	 3.575349 	 98582.773438 	 320.526672 
341 	 41.678688 	 283.323761 	 269.628998 	 1.824494 	 100046.601562 	 304.683868 
342 	 41.678688 	 283.323761 	 272.515747 	 3.391157 	 100125.500000 	 316.032257 
343 	 41.678688 	 283.323761 	 276.606384 	 1.421358 	 99163.070312 	 341.339203 
344 	 41.678688 	 283.323761 	 274.376282 	 2.730134 	 99809.773438 	 351.011841 
345 	 41.678688 	 283.323761 	 271.113068 	 2.007095 	 100253.000000 	 321.193939 
346 	 41.678688 	 283.323761 	 271.124695 	 0.994675 	 99786.171875 	 323.208221 
347 	 41.678688 	 283.323761 	 272.599945 	 1.930566 	 99073.921875 	 313.224701 
348 	 41.678688 	 283.323761 	 283.522583 	 5.749133 	 97204.367188 	 365.101074 
349 	 41.678688 	 283.323761 	 274.308472 	 2.075685 	 98573.023438 	 308.100342 
350 	 41.678688 	 283.323761 	 270.926392 	 2.392706 	 99250.101562 	 340.068024 
351 	 41.678688 	 283.323761 	 267.626862 	 1.809662 	 100097.898438 	 324.941772 
352 	 41.678688 	 283.323761 	 267.558289 	 1.669844 	 100051.898438 	 293.152588 
353 	 41.678688 	 283.323761 	 265.728180 	 2.587009 	 100212.796875 	 287.894836 
354 	 41.678688 	 283.323761 	 264.111420 	 2.923164 	 100321.796875 	 275.155731 
355 	 41.678688 	 283.323761 	 263.512817 	 3.772007 	 99355.289062 	 325.083344 
356 	 41.678688 	 283.323761 	 259.278412 	 2.906109 	 99433.398438 	 267.337341 
357 	 41.678688 	 283.323761 	 264.058502 	 3.586628 	 99206.882812 	 291.563904 
358 	 41.678688 	 283.323761 	 273.462952 	 5.316429 	 97300.312500 	 356.934631 
359 	 41.678688 	 283.323761 	 271.524048 	 3.417019 	 98613.960938 	 307.345337 
360 	 41.678688 	 283.323761 	 273.093506 	 2.680280 	 98855.820312 	 303.636719 
361 	 41.678688 	 283.323761 	 267.449707 	 2.590712 	 99669.617188 	 279.242584 
362 	 41.678688 	 283.323761 	 267.708099 	 1.410912 	 99930.398438 	 325.048431 
363 	 41.678688 	 283.323761 	 268.543915 	 3.056758 	 99587.226562 	 296.783661 
364 	 41.678688 	 283.323761 	 277.442230 	 3.300824 	 98664.070312 	 335.620056 
