# 0: Day of Year [-] 	 1: lat [deg] 	 2: lon [deg] 	 3: tas [K] 	 4: sfcWind [m s-1] 	 5: ps [Pa] 	 6: Total Downwelling Rad Flux [W m-2] 
0 	 41.678688 	 283.323761 	 272.899872 	 4.846261 	 94737.992188 	 342.239075 
1 	 41.678688 	 283.323761 	 269.292542 	 3.551544 	 96889.437500 	 301.014038 
2 	 41.678688 	 283.323761 	 268.725159 	 2.925419 	 97123.062500 	 350.645264 
3 	 41.678688 	 283.323761 	 264.930481 	 2.894147 	 98255.570312 	 310.256592 
4 	 41.678688 	 283.323761 	 259.352753 	 1.671527 	 99570.882812 	 274.908722 
5 	 41.678688 	 283.323761 	 260.639404 	 1.844046 	 99578.718750 	 284.599731 
6 	 41.678688 	 283.323761 	 268.824615 	 5.206486 	 98491.773438 	 312.537964 
7 	 41.678688 	 283.323761 	 271.452942 	 4.612113 	 97421.046875 	 344.948364 
8 	 41.678688 	 283.323761 	 274.179626 	 4.231748 	 98371.992188 	 314.426544 
9 	 41.678688 	 283.323761 	 274.781708 	 2.311535 	 98834.789062 	 332.176819 
10 	 41.678688 	 283.323761 	 271.154510 	 2.400677 	 99034.406250 	 332.528229 
11 	 41.678688 	 283.323761 	 277.598236 	 2.028395 	 97601.687500 	 358.376434 
12 	 41.678688 	 283.323761 	 271.660217 	 4.478724 	 96295.390625 	 352.597107 
13 	 41.678688 	 283.323761 	 262.004822 	 4.404607 	 98281.968750 	 291.756866 
14 	 41.678688 	 283.323761 	 270.912781 	 3.789924 	 98740.976562 	 309.834259 
15 	 41.678688 	 283.323761 	 277.238281 	 3.646952 	 98585.046875 	 330.241241 
16 	 41.678688 	 283.323761 	 276.965057 	 3.114688 	 99052.796875 	 386.410980 
17 	 41.678688 	 283.323761 	 279.637177 	 2.011718 	 97994.406250 	 372.987793 
18 	 41.678688 	 283.323761 	 272.543701 	 2.407747 	 97119.656250 	 334.997894 
19 	 41.678688 	 283.323761 	 266.198730 	 3.625557 	 97595.187500 	 328.642487 
20 	 41.678688 	 283.323761 	 266.037659 	 2.732701 	 98182.460938 	 295.542023 
21 	 41.678688 	 283.323761 	 261.782227 	 3.702394 	 99094.320312 	 311.968842 
22 	 41.678688 	 283.323761 	 271.546295 	 3.773956 	 98900.828125 	 333.039276 
23 	 41.678688 	 283.323761 	 266.344604 	 3.248438 	 99331.898438 	 327.643127 
24 	 41.678688 	 283.323761 	 267.152557 	 2.162357 	 99774.851562 	 330.911041 
25 	 41.678688 	 283.323761 	 267.305756 	 0.951203 	 99629.750000 	 334.897156 
26 	 41.678688 	 283.323761 	 270.458923 	 1.690511 	 99308.898438 	 358.420776 
27 	 41.678688 	 283.323761 	 271.870575 	 3.376897 	 98183.242188 	 330.230682 
28 	 41.678688 	 283.323761 	 271.653595 	 3.992844 	 97477.906250 	 373.524292 
29 	 41.678688 	 283.323761 	 273.808868 	 2.910152 	 98061.992188 	 362.121460 
30 	 41.678688 	 283.323761 	 275.318237 	 3.240047 	 98265.320312 	 344.424683 
31 	 41.678688 	 283.323761 	 270.736389 	 4.373338 	 97695.023438 	 374.826996 
32 	 41.678688 	 283.323761 	 264.890930 	 3.954953 	 98196.546875 	 339.351532 
33 	 41.678688 	 283.323761 	 271.734039 	 2.401074 	 98494.773438 	 383.363953 
34 	 41.678688 	 283.323761 	 269.690338 	 1.993587 	 98922.500000 	 313.652039 
35 	 41.678688 	 283.323761 	 277.024536 	 2.926790 	 97791.718750 	 386.957886 
36 	 41.678688 	 283.323761 	 269.712738 	 3.502272 	 98284.820312 	 399.463043 
37 	 41.678688 	 283.323761 	 264.835693 	 2.010423 	 99579.828125 	 344.585022 
38 	 41.678688 	 283.323761 	 268.032013 	 2.527452 	 99343.906250 	 391.773621 
39 	 41.678688 	 283.323761 	 264.449158 	 1.566458 	 98935.539062 	 348.910614 
40 	 41.678688 	 283.323761 	 266.697327 	 1.475366 	 98580.546875 	 360.197723 
41 	 41.678688 	 283.323761 	 268.226929 	 0.933817 	 97834.453125 	 369.511444 
42 	 41.678688 	 283.323761 	 270.893066 	 1.961782 	 97224.937500 	 380.006714 
43 	 41.678688 	 283.323761 	 270.655426 	 1.509864 	 97318.296875 	 410.644775 
44 	 41.678688 	 283.323761 	 268.942230 	 2.242275 	 97706.460938 	 381.328949 
45 	 41.678688 	 283.323761 	 265.649567 	 3.349273 	 98301.101562 	 365.006531 
46 	 41.678688 	 283.323761 	 260.909607 	 1.269007 	 99179.429688 	 359.094910 
47 	 41.678688 	 283.323761 	 263.392517 	 1.162262 	 99520.742188 	 370.767334 
48 	 41.678688 	 283.323761 	 271.432739 	 2.901492 	 98988.492188 	 355.633942 
49 	 41.678688 	 283.323761 	 276.692535 	 1.509764 	 98696.648438 	 378.306335 
50 	 41.678688 	 283.323761 	 275.688660 	 2.844549 	 99055.562500 	 359.957062 
51 	 41.678688 	 283.323761 	 278.607086 	 4.340649 	 97951.460938 	 470.175995 
52 	 41.678688 	 283.323761 	 270.850159 	 2.374995 	 99176.726562 	 408.800232 
53 	 41.678688 	 283.323761 	 278.026978 	 4.379614 	 98473.703125 	 393.173340 
54 	 41.678688 	 283.323761 	 273.518250 	 3.855405 	 97219.382812 	 377.892914 
55 	 41.678688 	 283.323761 	 266.314728 	 4.360398 	 98503.007812 	 388.652649 
56 	 41.678688 	 283.323761 	 261.830353 	 4.072338 	 99948.890625 	 366.334351 
57 	 41.678688 	 283.323761 	 263.598663 	 1.680525 	 100840.203125 	 377.390015 
58 	 41.678688 	 283.323761 	 273.002869 	 2.861782 	 99730.578125 	 413.765564 
59 	 41.678688 	 283.323761 	 276.666290 	 2.502488 	 99203.710938 	 395.623810 
60 	 41.678688 	 283.323761 	 273.127991 	 2.012293 	 99821.609375 	 429.265991 
61 	 41.678688 	 283.323761 	 273.792755 	 2.551378 	 99821.609375 	 414.149109 
62 	 41.678688 	 283.323761 	 279.596313 	 2.245936 	 98656.382812 	 346.220032 
63 	 41.678688 	 283.323761 	 282.759949 	 2.972603 	 97901.117188 	 417.528168 
64 	 41.678688 	 283.323761 	 274.694672 	 3.265699 	 97254.007812 	 337.623352 
65 	 41.678688 	 283.323761 	 260.020935 	 4.236963 	 98953.523438 	 397.503357 
66 	 41.678688 	 283.323761 	 264.343781 	 1.365966 	 100436.500000 	 409.568726 
67 	 41.678688 	 283.323761 	 270.025635 	 2.103766 	 99375.937500 	 439.672455 
68 	 41.678688 	 283.323761 	 273.524475 	 2.997172 	 97989.210938 	 459.417297 
69 	 41.678688 	 283.323761 	 276.422760 	 2.360936 	 98549.773438 	 456.357849 
70 	 41.678688 	 283.323761 	 279.827026 	 3.221892 	 99189.156250 	 478.097504 
71 	 41.678688 	 283.323761 	 282.727722 	 4.108350 	 98915.210938 	 440.683105 
72 	 41.678688 	 283.323761 	 283.642944 	 4.394588 	 97557.523438 	 431.323181 
73 	 41.678688 	 283.323761 	 274.891846 	 3.780557 	 96992.546875 	 438.328003 
74 	 41.678688 	 283.323761 	 270.956512 	 5.049757 	 97006.453125 	 457.098267 
75 	 41.678688 	 283.323761 	 274.462982 	 4.684906 	 97731.273438 	 456.285278 
76 	 41.678688 	 283.323761 	 275.952515 	 2.405968 	 98506.773438 	 467.810394 
77 	 41.678688 	 283.323761 	 275.650024 	 2.138306 	 99312.132812 	 423.416565 
78 	 41.678688 	 283.323761 	 276.786133 	 2.554864 	 99970.796875 	 486.434906 
79 	 41.678688 	 283.323761 	 279.387665 	 3.796857 	 100149.703125 	 425.048798 
80 	 41.678688 	 283.323761 	 283.128693 	 5.093733 	 99654.140625 	 436.827179 
81 	 41.678688 	 283.323761 	 283.759460 	 3.479981 	 98711.906250 	 517.502930 
82 	 41.678688 	 283.323761 	 281.494324 	 2.601037 	 98820.679688 	 503.905701 
83 	 41.678688 	 283.323761 	 281.437775 	 1.957416 	 98851.703125 	 508.121552 
84 	 41.678688 	 283.323761 	 280.635803 	 1.580191 	 98796.039062 	 506.502441 
85 	 41.678688 	 283.323761 	 276.987396 	 2.591925 	 98802.117188 	 396.662384 
86 	 41.678688 	 283.323761 	 277.237335 	 1.416944 	 98004.710938 	 383.926727 
87 	 41.678688 	 283.323761 	 278.633026 	 1.644162 	 97766.507812 	 469.405029 
88 	 41.678688 	 283.323761 	 281.632538 	 2.934345 	 97188.406250 	 436.575012 
89 	 41.678688 	 283.323761 	 279.292999 	 3.662724 	 95822.359375 	 369.013184 
90 	 41.678688 	 283.323761 	 277.641083 	 2.788433 	 96808.289062 	 464.198059 
91 	 41.678688 	 283.323761 	 274.455322 	 2.490797 	 97471.453125 	 521.950562 
92 	 41.678688 	 283.323761 	 273.166412 	 2.831622 	 98183.828125 	 460.602722 
93 	 41.678688 	 283.323761 	 272.916016 	 2.036410 	 98976.609375 	 516.644165 
94 	 41.678688 	 283.323761 	 275.578430 	 2.208930 	 99206.507812 	 530.989746 
95 	 41.678688 	 283.323761 	 277.252350 	 1.295088 	 99550.367188 	 517.537964 
96 	 41.678688 	 283.323761 	 282.068481 	 5.579561 	 98950.460938 	 431.951508 
97 	 41.678688 	 283.323761 	 283.021637 	 4.747723 	 97560.218750 	 483.740570 
98 	 41.678688 	 283.323761 	 274.755951 	 3.756388 	 98354.000000 	 554.808472 
99 	 41.678688 	 283.323761 	 269.783478 	 3.343069 	 99142.617188 	 490.975433 
100 	 41.678688 	 283.323761 	 269.390320 	 5.018500 	 98957.679688 	 496.397034 
101 	 41.678688 	 283.323761 	 271.616425 	 6.255917 	 97931.617188 	 405.565491 
102 	 41.678688 	 283.323761 	 275.141083 	 4.701003 	 97584.890625 	 532.062988 
103 	 41.678688 	 283.323761 	 277.966400 	 3.908138 	 98066.000000 	 474.099792 
104 	 41.678688 	 283.323761 	 277.428436 	 4.074689 	 97745.679688 	 381.873718 
105 	 41.678688 	 283.323761 	 278.767487 	 5.062522 	 96833.382812 	 581.516541 
106 	 41.678688 	 283.323761 	 273.987671 	 4.303741 	 96965.296875 	 528.038513 
107 	 41.678688 	 283.323761 	 273.414307 	 3.813245 	 97170.007812 	 531.407471 
108 	 41.678688 	 283.323761 	 275.886841 	 3.219200 	 97688.226562 	 541.106689 
109 	 41.678688 	 283.323761 	 283.465027 	 3.951387 	 97685.726562 	 511.693390 
110 	 41.678688 	 283.323761 	 284.154480 	 4.322227 	 96850.703125 	 529.345947 
111 	 41.678688 	 283.323761 	 277.457336 	 2.962385 	 97878.843750 	 520.506958 
112 	 41.678688 	 283.323761 	 277.775909 	 2.444646 	 98911.007812 	 462.869537 
113 	 41.678688 	 283.323761 	 286.676849 	 2.480047 	 99055.773438 	 507.768158 
114 	 41.678688 	 283.323761 	 282.063721 	 2.789745 	 99078.656250 	 565.734863 
115 	 41.678688 	 283.323761 	 279.538330 	 1.600231 	 99353.289062 	 404.106995 
116 	 41.678688 	 283.323761 	 281.039032 	 0.943165 	 99390.812500 	 581.648254 
117 	 41.678688 	 283.323761 	 284.580200 	 3.727546 	 99106.906250 	 582.213928 
118 	 41.678688 	 283.323761 	 287.350708 	 4.588822 	 98129.132812 	 486.644531 
119 	 41.678688 	 283.323761 	 288.486816 	 1.717861 	 97615.468750 	 507.304626 
120 	 41.678688 	 283.323761 	 286.754791 	 2.139810 	 97901.992188 	 515.119263 
121 	 41.678688 	 283.323761 	 285.480255 	 1.895117 	 98232.843750 	 544.079956 
122 	 41.678688 	 283.323761 	 281.285614 	 2.367934 	 98841.406250 	 582.928467 
123 	 41.678688 	 283.323761 	 279.807800 	 1.468082 	 99041.812500 	 574.480347 
124 	 41.678688 	 283.323761 	 279.036255 	 3.171787 	 99351.273438 	 578.900391 
125 	 41.678688 	 283.323761 	 280.843323 	 1.531989 	 99476.851562 	 584.192200 
126 	 41.678688 	 283.323761 	 286.395355 	 2.223457 	 98697.140625 	 546.832886 
127 	 41.678688 	 283.323761 	 292.255463 	 3.524425 	 97596.703125 	 577.652954 
128 	 41.678688 	 283.323761 	 289.731232 	 2.571272 	 97991.656250 	 451.194153 
129 	 41.678688 	 283.323761 	 285.490417 	 3.190387 	 97893.500000 	 468.143005 
130 	 41.678688 	 283.323761 	 287.318726 	 2.771764 	 97189.882812 	 432.352844 
131 	 41.678688 	 283.323761 	 283.937408 	 2.608665 	 97087.867188 	 380.702576 
132 	 41.678688 	 283.323761 	 282.696625 	 2.705498 	 97403.976562 	 601.588867 
133 	 41.678688 	 283.323761 	 282.061066 	 1.186961 	 97683.617188 	 445.606567 
134 	 41.678688 	 283.323761 	 281.727081 	 2.727015 	 97860.976562 	 583.773438 
135 	 41.678688 	 283.323761 	 282.856049 	 2.016122 	 98191.460938 	 571.371155 
136 	 41.678688 	 283.323761 	 287.165436 	 2.352430 	 97835.757812 	 602.969727 
137 	 41.678688 	 283.323761 	 285.466217 	 3.968429 	 97071.593750 	 577.914978 
138 	 41.678688 	 283.323761 	 281.296051 	 3.854970 	 97418.906250 	 587.125916 
139 	 41.678688 	 283.323761 	 281.981903 	 3.207838 	 97832.437500 	 579.632141 
140 	 41.678688 	 283.323761 	 285.675507 	 1.471249 	 98424.468750 	 626.388672 
141 	 41.678688 	 283.323761 	 289.531372 	 1.632486 	 98777.453125 	 656.986328 
142 	 41.678688 	 283.323761 	 292.659424 	 1.790550 	 98349.023438 	 615.006958 
143 	 41.678688 	 283.323761 	 293.053497 	 2.085016 	 97997.976562 	 702.223511 
144 	 41.678688 	 283.323761 	 294.965790 	 0.954817 	 98300.726562 	 660.064941 
145 	 41.678688 	 283.323761 	 294.818024 	 0.804596 	 98196.953125 	 685.622314 
146 	 41.678688 	 283.323761 	 296.829071 	 1.894450 	 98582.343750 	 687.400757 
147 	 41.678688 	 283.323761 	 295.216125 	 2.517186 	 99213.710938 	 678.446960 
148 	 41.678688 	 283.323761 	 297.248322 	 2.975976 	 98905.203125 	 690.083862 
149 	 41.678688 	 283.323761 	 300.175232 	 3.367458 	 98295.976562 	 698.571045 
150 	 41.678688 	 283.323761 	 300.829071 	 3.199578 	 98267.093750 	 696.478760 
151 	 41.678688 	 283.323761 	 297.757416 	 2.914111 	 98584.570312 	 688.843201 
152 	 41.678688 	 283.323761 	 296.759277 	 1.920301 	 98372.171875 	 614.279053 
153 	 41.678688 	 283.323761 	 296.191284 	 2.025926 	 98149.867188 	 686.141052 
154 	 41.678688 	 283.323761 	 296.324707 	 2.237991 	 98429.148438 	 658.644531 
155 	 41.678688 	 283.323761 	 296.325073 	 3.858903 	 98741.632812 	 634.720825 
156 	 41.678688 	 283.323761 	 295.266205 	 3.412985 	 98832.828125 	 602.504944 
157 	 41.678688 	 283.323761 	 290.145416 	 2.282225 	 99068.789062 	 495.416077 
158 	 41.678688 	 283.323761 	 291.616089 	 2.849986 	 99191.312500 	 681.003174 
159 	 41.678688 	 283.323761 	 293.060425 	 3.451379 	 99141.367188 	 603.195557 
160 	 41.678688 	 283.323761 	 293.710022 	 4.564116 	 98665.703125 	 557.008057 
161 	 41.678688 	 283.323761 	 293.584808 	 3.560830 	 98040.351562 	 521.177734 
162 	 41.678688 	 283.323761 	 290.807770 	 3.105336 	 98275.500000 	 692.950806 
163 	 41.678688 	 283.323761 	 290.166931 	 1.814289 	 98509.070312 	 655.146973 
164 	 41.678688 	 283.323761 	 293.633453 	 1.663662 	 98720.289062 	 670.082275 
165 	 41.678688 	 283.323761 	 295.962189 	 3.199176 	 98333.906250 	 646.454468 
166 	 41.678688 	 283.323761 	 296.032074 	 3.844646 	 97704.750000 	 674.105774 
167 	 41.678688 	 283.323761 	 292.480316 	 3.855299 	 97501.843750 	 513.796082 
168 	 41.678688 	 283.323761 	 290.118774 	 4.282668 	 97937.453125 	 696.155334 
169 	 41.678688 	 283.323761 	 289.535492 	 1.274455 	 98580.281250 	 671.293030 
170 	 41.678688 	 283.323761 	 292.361481 	 2.096034 	 98224.828125 	 678.579224 
171 	 41.678688 	 283.323761 	 288.824677 	 3.886197 	 98488.953125 	 674.169800 
172 	 41.678688 	 283.323761 	 284.247284 	 1.823459 	 98959.882812 	 641.020386 
173 	 41.678688 	 283.323761 	 287.059052 	 1.674892 	 99082.296875 	 649.684631 
174 	 41.678688 	 283.323761 	 293.467957 	 2.212715 	 98867.078125 	 679.090332 
175 	 41.678688 	 283.323761 	 294.730133 	 0.634195 	 98645.203125 	 701.174805 
176 	 41.678688 	 283.323761 	 296.706970 	 2.374449 	 98543.453125 	 661.363281 
177 	 41.678688 	 283.323761 	 295.452728 	 3.510479 	 98244.937500 	 678.435181 
178 	 41.678688 	 283.323761 	 295.657959 	 3.064263 	 97504.453125 	 672.897705 
179 	 41.678688 	 283.323761 	 292.490479 	 3.642220 	 97645.687500 	 695.017212 
180 	 41.678688 	 283.323761 	 293.280884 	 0.828570 	 98406.789062 	 691.153137 
181 	 41.678688 	 283.323761 	 298.866943 	 1.917763 	 98488.570312 	 707.849976 
182 	 41.678688 	 283.323761 	 302.712250 	 3.692781 	 98049.781250 	 727.376099 
183 	 41.678688 	 283.323761 	 298.295898 	 1.769196 	 98279.781250 	 700.031982 
184 	 41.678688 	 283.323761 	 299.677887 	 2.642668 	 97946.867188 	 729.909546 
185 	 41.678688 	 283.323761 	 298.085876 	 1.061105 	 98277.921875 	 692.840332 
186 	 41.678688 	 283.323761 	 297.229187 	 2.639978 	 98149.648438 	 661.292969 
187 	 41.678688 	 283.323761 	 290.952789 	 2.181361 	 98681.601562 	 665.312012 
188 	 41.678688 	 283.323761 	 289.996155 	 0.949625 	 98552.257812 	 664.829102 
189 	 41.678688 	 283.323761 	 293.505127 	 1.934172 	 98389.906250 	 670.581543 
190 	 41.678688 	 283.323761 	 295.331390 	 3.580351 	 98423.882812 	 585.855408 
191 	 41.678688 	 283.323761 	 297.713257 	 4.108049 	 98407.578125 	 705.378296 
192 	 41.678688 	 283.323761 	 297.962555 	 4.877395 	 98214.156250 	 551.950562 
193 	 41.678688 	 283.323761 	 295.125305 	 3.835325 	 97999.890625 	 715.700439 
194 	 41.678688 	 283.323761 	 294.186035 	 3.012340 	 98328.726562 	 692.809021 
195 	 41.678688 	 283.323761 	 298.286530 	 3.625394 	 98305.148438 	 707.088379 
196 	 41.678688 	 283.323761 	 298.628693 	 4.316501 	 97801.156250 	 615.932373 
197 	 41.678688 	 283.323761 	 294.486938 	 1.754589 	 97730.382812 	 569.345154 
198 	 41.678688 	 283.323761 	 294.657288 	 1.810298 	 98005.703125 	 697.486450 
199 	 41.678688 	 283.323761 	 291.145447 	 2.198889 	 98489.898438 	 600.067627 
200 	 41.678688 	 283.323761 	 292.347626 	 1.157479 	 98930.617188 	 669.448792 
201 	 41.678688 	 283.323761 	 294.056885 	 1.470507 	 98918.882812 	 685.455872 
202 	 41.678688 	 283.323761 	 298.632050 	 2.811368 	 98529.273438 	 681.708252 
203 	 41.678688 	 283.323761 	 296.328491 	 1.503858 	 98568.882812 	 692.242432 
204 	 41.678688 	 283.323761 	 295.786896 	 1.391935 	 98663.898438 	 686.477051 
205 	 41.678688 	 283.323761 	 297.153625 	 3.542475 	 97896.156250 	 691.382568 
206 	 41.678688 	 283.323761 	 292.450317 	 3.245178 	 98039.257812 	 599.586670 
207 	 41.678688 	 283.323761 	 291.367706 	 1.664722 	 98452.992188 	 660.355957 
208 	 41.678688 	 283.323761 	 293.890106 	 1.214201 	 98671.078125 	 672.206787 
209 	 41.678688 	 283.323761 	 296.644501 	 1.216142 	 98670.796875 	 678.968384 
210 	 41.678688 	 283.323761 	 296.809937 	 2.749484 	 98457.992188 	 656.520996 
211 	 41.678688 	 283.323761 	 296.564850 	 2.154976 	 98193.148438 	 628.142151 
212 	 41.678688 	 283.323761 	 290.637360 	 3.427418 	 98645.078125 	 651.741699 
213 	 41.678688 	 283.323761 	 291.427765 	 1.333314 	 98929.453125 	 649.971924 
214 	 41.678688 	 283.323761 	 294.400787 	 4.343162 	 97933.132812 	 620.993774 
215 	 41.678688 	 283.323761 	 287.115234 	 4.036169 	 98450.257812 	 620.952881 
216 	 41.678688 	 283.323761 	 285.918915 	 1.771824 	 98712.773438 	 589.614746 
217 	 41.678688 	 283.323761 	 288.550262 	 2.254250 	 98612.773438 	 471.046753 
218 	 41.678688 	 283.323761 	 288.608856 	 1.940969 	 98433.000000 	 463.887360 
219 	 41.678688 	 283.323761 	 288.783203 	 2.079051 	 98418.468750 	 429.576477 
220 	 41.678688 	 283.323761 	 287.838287 	 3.278896 	 98476.718750 	 637.070374 
221 	 41.678688 	 283.323761 	 288.299286 	 1.385660 	 98463.023438 	 583.953613 
222 	 41.678688 	 283.323761 	 291.565155 	 2.609038 	 98018.781250 	 518.206299 
223 	 41.678688 	 283.323761 	 289.218018 	 3.743090 	 98664.578125 	 643.364563 
224 	 41.678688 	 283.323761 	 289.609039 	 1.226102 	 99433.632812 	 629.075317 
225 	 41.678688 	 283.323761 	 292.125397 	 2.611667 	 99374.617188 	 637.561646 
226 	 41.678688 	 283.323761 	 294.929230 	 5.015251 	 98838.726562 	 620.237610 
227 	 41.678688 	 283.323761 	 298.092957 	 4.521566 	 98230.382812 	 652.330505 
228 	 41.678688 	 283.323761 	 297.622803 	 2.855337 	 97945.859375 	 672.806946 
229 	 41.678688 	 283.323761 	 296.160583 	 0.556795 	 98406.343750 	 658.196289 
230 	 41.678688 	 283.323761 	 298.907776 	 2.186313 	 98477.382812 	 659.041382 
231 	 41.678688 	 283.323761 	 301.493378 	 2.745509 	 98356.531250 	 669.825989 
232 	 41.678688 	 283.323761 	 298.348083 	 1.528647 	 98662.460938 	 590.480469 
233 	 41.678688 	 283.323761 	 295.401825 	 2.607120 	 98950.703125 	 647.484619 
234 	 41.678688 	 283.323761 	 292.768036 	 1.963242 	 99373.593750 	 628.288208 
235 	 41.678688 	 283.323761 	 296.663635 	 5.066988 	 99274.109375 	 655.267212 
236 	 41.678688 	 283.323761 	 297.988098 	 3.230872 	 98854.117188 	 666.188110 
237 	 41.678688 	 283.323761 	 291.820923 	 1.144239 	 99022.773438 	 613.177917 
238 	 41.678688 	 283.323761 	 294.416168 	 1.782357 	 98808.906250 	 613.279419 
239 	 41.678688 	 283.323761 	 296.837646 	 2.376947 	 98467.031250 	 549.641418 
240 	 41.678688 	 283.323761 	 293.521271 	 1.925885 	 98619.406250 	 630.149780 
241 	 41.678688 	 283.323761 	 290.066284 	 2.911783 	 99256.203125 	 451.555359 
242 	 41.678688 	 283.323761 	 287.551025 	 2.946018 	 99756.453125 	 465.244385 
243 	 41.678688 	 283.323761 	 289.852814 	 2.085543 	 99657.656250 	 587.430359 
244 	 41.678688 	 283.323761 	 290.465515 	 1.076038 	 99360.343750 	 605.626465 
245 	 41.678688 	 283.323761 	 292.437714 	 0.691129 	 99253.546875 	 576.722595 
246 	 41.678688 	 283.323761 	 293.159973 	 1.898262 	 99097.429688 	 540.486023 
247 	 41.678688 	 283.323761 	 296.371063 	 1.497722 	 98806.296875 	 597.108521 
248 	 41.678688 	 283.323761 	 295.673981 	 1.552998 	 98544.687500 	 606.492188 
249 	 41.678688 	 283.323761 	 296.618378 	 1.213522 	 99128.437500 	 612.974976 
250 	 41.678688 	 283.323761 	 296.320221 	 4.349079 	 99397.929688 	 601.683411 
251 	 41.678688 	 283.323761 	 296.411377 	 2.298687 	 99151.406250 	 605.550049 
252 	 41.678688 	 283.323761 	 295.369049 	 0.844733 	 99479.062500 	 546.298218 
253 	 41.678688 	 283.323761 	 296.047119 	 1.630020 	 99409.828125 	 569.187134 
254 	 41.678688 	 283.323761 	 296.222076 	 2.004654 	 99107.921875 	 611.678589 
255 	 41.678688 	 283.323761 	 297.667053 	 1.582607 	 99121.796875 	 604.609497 
256 	 41.678688 	 283.323761 	 296.878052 	 1.644167 	 99029.328125 	 538.288391 
257 	 41.678688 	 283.323761 	 298.071899 	 2.147379 	 98996.781250 	 597.367859 
258 	 41.678688 	 283.323761 	 294.944824 	 1.571374 	 99130.953125 	 568.679321 
259 	 41.678688 	 283.323761 	 295.856812 	 3.494184 	 98975.937500 	 543.368896 
260 	 41.678688 	 283.323761 	 294.613617 	 3.362120 	 98504.953125 	 572.003723 
261 	 41.678688 	 283.323761 	 282.047180 	 4.750081 	 99020.773438 	 509.840973 
262 	 41.678688 	 283.323761 	 279.437988 	 4.320914 	 99020.906250 	 456.535828 
263 	 41.678688 	 283.323761 	 279.854218 	 3.412682 	 98503.453125 	 484.063171 
264 	 41.678688 	 283.323761 	 280.851044 	 1.287189 	 98784.726562 	 499.804810 
265 	 41.678688 	 283.323761 	 283.651154 	 1.412745 	 98900.296875 	 516.517944 
266 	 41.678688 	 283.323761 	 284.100739 	 1.371659 	 98866.617188 	 522.488647 
267 	 41.678688 	 283.323761 	 283.812103 	 1.092317 	 98725.679688 	 518.398254 
268 	 41.678688 	 283.323761 	 286.286469 	 1.523716 	 98974.921875 	 485.080200 
269 	 41.678688 	 283.323761 	 285.178162 	 1.993116 	 99565.218750 	 439.612640 
270 	 41.678688 	 283.323761 	 286.886383 	 3.902035 	 99427.453125 	 423.563599 
271 	 41.678688 	 283.323761 	 287.630798 	 4.092642 	 98489.742188 	 468.849518 
272 	 41.678688 	 283.323761 	 284.262451 	 3.237285 	 98126.968750 	 439.838257 
273 	 41.678688 	 283.323761 	 284.220001 	 2.002313 	 97986.453125 	 521.358276 
274 	 41.678688 	 283.323761 	 282.504974 	 3.417071 	 97653.023438 	 468.704590 
275 	 41.678688 	 283.323761 	 277.551636 	 3.434302 	 97881.882812 	 428.421814 
276 	 41.678688 	 283.323761 	 277.336914 	 2.483861 	 98071.796875 	 389.106506 
277 	 41.678688 	 283.323761 	 279.400879 	 4.152920 	 97856.656250 	 431.744568 
278 	 41.678688 	 283.323761 	 278.477356 	 2.926845 	 98804.617188 	 462.348816 
279 	 41.678688 	 283.323761 	 275.930481 	 2.063353 	 99435.218750 	 337.998138 
280 	 41.678688 	 283.323761 	 282.457306 	 2.918937 	 98762.976562 	 388.091766 
281 	 41.678688 	 283.323761 	 282.955780 	 1.798198 	 98441.679688 	 419.789948 
282 	 41.678688 	 283.323761 	 281.755707 	 3.963945 	 98126.710938 	 418.991882 
283 	 41.678688 	 283.323761 	 281.370544 	 3.035355 	 98581.273438 	 443.738007 
284 	 41.678688 	 283.323761 	 284.346771 	 2.993935 	 98497.390625 	 476.581787 
285 	 41.678688 	 283.323761 	 282.133148 	 2.087459 	 99029.359375 	 457.914215 
286 	 41.678688 	 283.323761 	 283.750122 	 2.496108 	 98963.273438 	 456.156342 
287 	 41.678688 	 283.323761 	 289.550568 	 2.150243 	 98991.476562 	 498.210205 
288 	 41.678688 	 283.323761 	 289.228485 	 3.460012 	 99069.789062 	 433.955933 
289 	 41.678688 	 283.323761 	 285.677063 	 3.892450 	 98829.218750 	 489.341797 
290 	 41.678688 	 283.323761 	 278.922729 	 3.156767 	 98978.953125 	 423.134460 
291 	 41.678688 	 283.323761 	 277.636658 	 3.996930 	 98115.757812 	 409.209869 
292 	 41.678688 	 283.323761 	 274.869232 	 3.212120 	 98464.781250 	 376.340149 
293 	 41.678688 	 283.323761 	 275.378845 	 3.116280 	 99120.171875 	 409.502747 
294 	 41.678688 	 283.323761 	 280.291779 	 4.498643 	 98192.812500 	 394.068878 
295 	 41.678688 	 283.323761 	 280.542053 	 4.573844 	 97759.609375 	 394.415710 
296 	 41.678688 	 283.323761 	 278.919922 	 3.107291 	 98493.156250 	 421.412720 
297 	 41.678688 	 283.323761 	 282.213562 	 4.712519 	 97442.570312 	 428.317169 
298 	 41.678688 	 283.323761 	 274.667572 	 4.167309 	 98016.007812 	 396.389923 
299 	 41.678688 	 283.323761 	 272.108002 	 2.829300 	 98454.117188 	 387.742523 
300 	 41.678688 	 283.323761 	 271.032806 	 1.674853 	 98627.328125 	 378.061737 
301 	 41.678688 	 283.323761 	 273.150269 	 2.358538 	 98777.156250 	 362.023438 
302 	 41.678688 	 283.323761 	 274.092834 	 1.679354 	 99194.992188 	 400.392456 
303 	 41.678688 	 283.323761 	 275.945892 	 1.291607 	 99330.781250 	 408.086487 
304 	 41.678688 	 283.323761 	 278.504944 	 1.238373 	 99521.328125 	 402.474060 
305 	 41.678688 	 283.323761 	 280.264587 	 1.609088 	 99548.312500 	 430.499939 
306 	 41.678688 	 283.323761 	 278.851288 	 1.945113 	 99316.851562 	 369.375061 
307 	 41.678688 	 283.323761 	 276.492126 	 2.582402 	 99292.593750 	 392.714661 
308 	 41.678688 	 283.323761 	 283.001343 	 3.506892 	 98440.468750 	 374.169373 
309 	 41.678688 	 283.323761 	 282.143494 	 1.799932 	 98472.093750 	 412.561462 
310 	 41.678688 	 283.323761 	 280.225769 	 3.253983 	 98465.718750 	 369.755432 
311 	 41.678688 	 283.323761 	 272.213470 	 3.014891 	 99005.703125 	 357.656189 
312 	 41.678688 	 283.323761 	 269.302673 	 2.510680 	 99505.703125 	 335.036804 
313 	 41.678688 	 283.323761 	 267.905487 	 2.164146 	 100275.601562 	 342.339111 
314 	 41.678688 	 283.323761 	 279.015839 	 5.820286 	 99832.437500 	 360.868408 
315 	 41.678688 	 283.323761 	 282.973419 	 5.678392 	 97911.648438 	 434.461334 
316 	 41.678688 	 283.323761 	 275.332458 	 3.083540 	 98518.359375 	 381.077637 
317 	 41.678688 	 283.323761 	 275.984924 	 3.854268 	 98598.226562 	 338.790100 
318 	 41.678688 	 283.323761 	 278.353271 	 3.934977 	 98626.687500 	 383.945557 
319 	 41.678688 	 283.323761 	 276.361603 	 2.511523 	 99625.406250 	 372.558258 
320 	 41.678688 	 283.323761 	 278.052856 	 3.473557 	 99468.328125 	 323.494385 
321 	 41.678688 	 283.323761 	 279.858154 	 2.414372 	 99083.968750 	 386.609924 
322 	 41.678688 	 283.323761 	 275.377228 	 0.772587 	 99461.023438 	 359.211548 
323 	 41.678688 	 283.323761 	 278.008057 	 1.784811 	 99183.023438 	 330.555817 
324 	 41.678688 	 283.323761 	 278.195282 	 1.922511 	 98173.890625 	 348.811432 
325 	 41.678688 	 283.323761 	 279.156464 	 2.342904 	 97809.882812 	 377.639893 
326 	 41.678688 	 283.323761 	 277.325134 	 3.559348 	 98530.171875 	 363.109772 
327 	 41.678688 	 283.323761 	 273.088470 	 1.941199 	 100000.601562 	 332.499390 
328 	 41.678688 	 283.323761 	 276.858002 	 4.846354 	 100032.703125 	 347.766815 
329 	 41.678688 	 283.323761 	 279.075195 	 5.398436 	 97797.640625 	 379.250427 
330 	 41.678688 	 283.323761 	 269.679565 	 4.733881 	 98553.203125 	 329.504547 
331 	 41.678688 	 283.323761 	 274.211365 	 2.892602 	 99418.367188 	 329.442474 
332 	 41.678688 	 283.323761 	 275.317230 	 2.091294 	 99251.906250 	 341.351746 
333 	 41.678688 	 283.323761 	 270.968170 	 0.991578 	 99742.390625 	 319.453979 
334 	 41.678688 	 283.323761 	 272.236969 	 1.957317 	 99744.937500 	 333.487915 
335 	 41.678688 	 283.323761 	 274.795349 	 2.531700 	 99129.257812 	 329.715607 
336 	 41.678688 	 283.323761 	 275.404938 	 1.453951 	 98523.398438 	 344.875580 
337 	 41.678688 	 283.323761 	 273.660400 	 2.372307 	 98571.398438 	 348.451447 
338 	 41.678688 	 283.323761 	 276.050812 	 4.139307 	 98246.789062 	 352.508850 
339 	 41.678688 	 283.323761 	 272.873535 	 2.763696 	 99325.242188 	 323.250458 
340 	 41.678688 	 283.323761 	 271.657928 	 2.771219 	 100202.296875 	 320.928955 
341 	 41.678688 	 283.323761 	 279.125671 	 5.225532 	 99476.039062 	 358.531799 
342 	 41.678688 	 283.323761 	 278.126465 	 5.264195 	 97972.921875 	 347.041016 
343 	 41.678688 	 283.323761 	 269.530151 	 3.131489 	 98484.796875 	 287.133209 
344 	 41.678688 	 283.323761 	 271.306091 	 2.316364 	 98174.789062 	 356.762634 
345 	 41.678688 	 283.323761 	 273.336853 	 3.332192 	 98337.070312 	 286.655304 
346 	 41.678688 	 283.323761 	 272.295288 	 5.351768 	 96558.031250 	 350.269806 
347 	 41.678688 	 283.323761 	 272.350128 	 3.464466 	 98396.187500 	 320.768250 
348 	 41.678688 	 283.323761 	 278.588623 	 3.187941 	 98598.476562 	 320.916351 
349 	 41.678688 	 283.323761 	 275.275604 	 2.248888 	 99456.726562 	 346.174072 
350 	 41.678688 	 283.323761 	 276.351685 	 1.674578 	 98556.476562 	 335.547852 
351 	 41.678688 	 283.323761 	 279.230774 	 4.402802 	 95458.906250 	 367.417847 
352 	 41.678688 	 283.323761 	 267.866364 	 5.587099 	 97228.921875 	 315.313660 
353 	 41.678688 	 283.323761 	 267.535339 	 3.621007 	 99549.781250 	 292.598145 
354 	 41.678688 	 283.323761 	 272.658905 	 2.953562 	 99216.453125 	 304.020844 
355 	 41.678688 	 283.323761 	 271.676544 	 2.278337 	 99242.031250 	 333.091492 
356 	 41.678688 	 283.323761 	 274.430206 	 3.267729 	 98848.468750 	 320.789856 
357 	 41.678688 	 283.323761 	 275.713043 	 2.339121 	 98819.046875 	 327.695526 
358 	 41.678688 	 283.323761 	 271.701599 	 2.433226 	 99138.929688 	 311.948273 
359 	 41.678688 	 283.323761 	 271.016937 	 2.778839 	 99129.226562 	 321.119873 
360 	 41.678688 	 283.323761 	 270.630707 	 3.083920 	 98252.343750 	 313.320862 
361 	 41.678688 	 283.323761 	 267.973358 	 3.210352 	 98832.273438 	 298.233551 
362 	 41.678688 	 283.323761 	 264.115601 	 3.772114 	 99917.492188 	 303.121552 
363 	 41.678688 	 283.323761 	 261.357025 	 2.665467 	 101111.203125 	 250.162933 
364 	 41.678688 	 283.323761 	 272.319275 	 3.978417 	 99774.257812 	 357.726776 
