# 0: Day of Year [-] 	 1: lat [deg] 	 2: lon [deg] 	 3: tas [K] 	 4: sfcWind [m s-1] 	 5: ps [Pa] 	 6: Total Downwelling Rad Flux [W m-2] 
0 	 41.678688 	 283.323761 	 274.182251 	 4.565776 	 99344.632812 	 311.123352 
1 	 41.678688 	 283.323761 	 278.736023 	 4.643407 	 97715.562500 	 384.305084 
2 	 41.678688 	 283.323761 	 270.427368 	 2.961057 	 98585.226562 	 318.027832 
3 	 41.678688 	 283.323761 	 272.049469 	 2.737064 	 98675.179688 	 301.435028 
4 	 41.678688 	 283.323761 	 274.734100 	 1.810782 	 97269.070312 	 345.188416 
5 	 41.678688 	 283.323761 	 266.259552 	 5.764895 	 97360.390625 	 302.795593 
6 	 41.678688 	 283.323761 	 265.073578 	 3.420037 	 98766.500000 	 295.639404 
7 	 41.678688 	 283.323761 	 269.290833 	 2.777625 	 98338.687500 	 289.376404 
8 	 41.678688 	 283.323761 	 266.168762 	 4.481821 	 97924.523438 	 343.246765 
9 	 41.678688 	 283.323761 	 267.175354 	 3.099563 	 98779.398438 	 306.207947 
10 	 41.678688 	 283.323761 	 272.190155 	 1.845672 	 99097.609375 	 347.954468 
11 	 41.678688 	 283.323761 	 275.639343 	 3.595546 	 98911.398438 	 307.930084 
12 	 41.678688 	 283.323761 	 278.582153 	 2.158486 	 98705.312500 	 370.366943 
13 	 41.678688 	 283.323761 	 280.277100 	 3.867149 	 98064.882812 	 374.342468 
14 	 41.678688 	 283.323761 	 273.010468 	 2.550711 	 98997.921875 	 335.384338 
15 	 41.678688 	 283.323761 	 275.329163 	 4.169782 	 99154.679688 	 321.472412 
16 	 41.678688 	 283.323761 	 275.471802 	 3.673547 	 98305.359375 	 358.150879 
17 	 41.678688 	 283.323761 	 276.341003 	 3.245648 	 99182.406250 	 347.068970 
18 	 41.678688 	 283.323761 	 274.443573 	 0.923985 	 99936.476562 	 347.924866 
19 	 41.678688 	 283.323761 	 276.391205 	 2.592137 	 100331.296875 	 324.788483 
20 	 41.678688 	 283.323761 	 282.027313 	 3.935315 	 99156.000000 	 391.107422 
21 	 41.678688 	 283.323761 	 283.543762 	 2.699094 	 98217.546875 	 369.717896 
22 	 41.678688 	 283.323761 	 281.342438 	 2.560602 	 97723.351562 	 364.446259 
23 	 41.678688 	 283.323761 	 270.029419 	 5.423504 	 97487.851562 	 367.862244 
24 	 41.678688 	 283.323761 	 267.973877 	 4.126689 	 98310.156250 	 319.226746 
25 	 41.678688 	 283.323761 	 268.895325 	 1.931398 	 99129.437500 	 323.102966 
26 	 41.678688 	 283.323761 	 271.750214 	 1.379332 	 99190.492188 	 348.276917 
27 	 41.678688 	 283.323761 	 268.980469 	 3.983037 	 99732.218750 	 330.654114 
28 	 41.678688 	 283.323761 	 268.908630 	 2.431959 	 99991.312500 	 330.650818 
29 	 41.678688 	 283.323761 	 272.161469 	 1.146079 	 99776.492188 	 336.673737 
30 	 41.678688 	 283.323761 	 273.912750 	 1.375428 	 99632.546875 	 351.406067 
31 	 41.678688 	 283.323761 	 276.760925 	 2.777290 	 98975.570312 	 319.874969 
32 	 41.678688 	 283.323761 	 278.508881 	 2.419040 	 98019.601562 	 362.703796 
33 	 41.678688 	 283.323761 	 270.198090 	 4.193352 	 97863.976562 	 355.038452 
34 	 41.678688 	 283.323761 	 267.845001 	 3.678601 	 99406.078125 	 347.075195 
35 	 41.678688 	 283.323761 	 266.886505 	 2.646105 	 100310.296875 	 281.290680 
36 	 41.678688 	 283.323761 	 276.990875 	 5.027175 	 97331.562500 	 337.164246 
37 	 41.678688 	 283.323761 	 268.515350 	 4.532617 	 97177.406250 	 346.663025 
38 	 41.678688 	 283.323761 	 272.708649 	 3.364429 	 98160.593750 	 309.636810 
39 	 41.678688 	 283.323761 	 274.061890 	 2.502437 	 98031.523438 	 330.359711 
40 	 41.678688 	 283.323761 	 269.194611 	 1.137980 	 97832.500000 	 373.104950 
41 	 41.678688 	 283.323761 	 271.388428 	 4.054640 	 97441.117188 	 358.481354 
42 	 41.678688 	 283.323761 	 272.464661 	 3.841267 	 97908.867188 	 336.287354 
43 	 41.678688 	 283.323761 	 264.413116 	 6.337483 	 96183.320312 	 297.521057 
44 	 41.678688 	 283.323761 	 266.933533 	 5.801459 	 96684.906250 	 375.747375 
45 	 41.678688 	 283.323761 	 267.792053 	 4.010322 	 97679.468750 	 360.956848 
46 	 41.678688 	 283.323761 	 273.688843 	 3.314416 	 97978.867188 	 393.237671 
47 	 41.678688 	 283.323761 	 274.676636 	 2.859754 	 98244.148438 	 386.155457 
48 	 41.678688 	 283.323761 	 268.855011 	 3.050334 	 98889.742188 	 397.704224 
49 	 41.678688 	 283.323761 	 265.973663 	 2.876344 	 99414.406250 	 371.172363 
50 	 41.678688 	 283.323761 	 271.536011 	 2.567625 	 99172.281250 	 392.072968 
51 	 41.678688 	 283.323761 	 274.610077 	 2.843749 	 98694.382812 	 396.099701 
52 	 41.678688 	 283.323761 	 273.474640 	 1.596381 	 98737.046875 	 398.306427 
53 	 41.678688 	 283.323761 	 275.706970 	 2.691512 	 98157.476562 	 344.518005 
54 	 41.678688 	 283.323761 	 273.064087 	 3.576384 	 97094.570312 	 426.955597 
55 	 41.678688 	 283.323761 	 268.693024 	 3.597906 	 97637.273438 	 422.652588 
56 	 41.678688 	 283.323761 	 272.250763 	 2.035922 	 97597.820312 	 420.392395 
57 	 41.678688 	 283.323761 	 275.975189 	 2.832816 	 97262.507812 	 402.217804 
58 	 41.678688 	 283.323761 	 271.843201 	 2.503512 	 97806.101562 	 405.841095 
59 	 41.678688 	 283.323761 	 269.368256 	 2.924741 	 98606.921875 	 416.747070 
60 	 41.678688 	 283.323761 	 271.431061 	 1.696646 	 99325.406250 	 418.151794 
61 	 41.678688 	 283.323761 	 277.919006 	 2.281178 	 99128.562500 	 472.784790 
62 	 41.678688 	 283.323761 	 277.658783 	 1.948556 	 99376.859375 	 386.843994 
63 	 41.678688 	 283.323761 	 283.178558 	 1.746889 	 99111.687500 	 467.388916 
64 	 41.678688 	 283.323761 	 285.143768 	 2.523522 	 99027.078125 	 478.515137 
65 	 41.678688 	 283.323761 	 287.016815 	 4.594415 	 98204.289062 	 409.112244 
66 	 41.678688 	 283.323761 	 282.863190 	 3.792694 	 97315.367188 	 447.582428 
67 	 41.678688 	 283.323761 	 277.303528 	 3.742157 	 97487.429688 	 374.505463 
68 	 41.678688 	 283.323761 	 273.496307 	 3.354178 	 98503.890625 	 448.736938 
69 	 41.678688 	 283.323761 	 275.941803 	 1.291020 	 99138.531250 	 399.685852 
70 	 41.678688 	 283.323761 	 283.966614 	 3.310891 	 98812.226562 	 465.637939 
71 	 41.678688 	 283.323761 	 285.733887 	 3.766017 	 98418.703125 	 505.286530 
72 	 41.678688 	 283.323761 	 283.454529 	 2.064461 	 99176.648438 	 499.987366 
73 	 41.678688 	 283.323761 	 288.772034 	 3.175923 	 99277.617188 	 524.678955 
74 	 41.678688 	 283.323761 	 288.893982 	 1.271770 	 99670.281250 	 519.965271 
75 	 41.678688 	 283.323761 	 287.502472 	 1.381353 	 100024.796875 	 509.190735 
76 	 41.678688 	 283.323761 	 286.996307 	 1.743114 	 99737.429688 	 482.377625 
77 	 41.678688 	 283.323761 	 286.732666 	 4.088938 	 98414.976562 	 447.277344 
78 	 41.678688 	 283.323761 	 275.979950 	 4.586995 	 98690.976562 	 482.770325 
79 	 41.678688 	 283.323761 	 275.239014 	 1.707628 	 99321.867188 	 466.291626 
80 	 41.678688 	 283.323761 	 284.410156 	 2.645517 	 99120.632812 	 517.658142 
81 	 41.678688 	 283.323761 	 289.984131 	 2.635223 	 98953.062500 	 524.277588 
82 	 41.678688 	 283.323761 	 289.317322 	 2.151346 	 98737.609375 	 460.413971 
83 	 41.678688 	 283.323761 	 290.061523 	 4.388597 	 98337.132812 	 499.843567 
84 	 41.678688 	 283.323761 	 285.320435 	 4.762395 	 97479.312500 	 448.328339 
85 	 41.678688 	 283.323761 	 285.598053 	 3.031112 	 98554.289062 	 527.700806 
86 	 41.678688 	 283.323761 	 290.993042 	 3.124228 	 98776.101562 	 558.470276 
87 	 41.678688 	 283.323761 	 292.135864 	 3.181492 	 98727.179688 	 524.639099 
88 	 41.678688 	 283.323761 	 290.881927 	 2.764663 	 98457.687500 	 442.427246 
89 	 41.678688 	 283.323761 	 288.532257 	 3.331956 	 98561.421875 	 571.614624 
90 	 41.678688 	 283.323761 	 284.286041 	 1.744801 	 98927.609375 	 448.013611 
91 	 41.678688 	 283.323761 	 282.530731 	 1.900187 	 99225.437500 	 533.444092 
92 	 41.678688 	 283.323761 	 282.530548 	 3.018992 	 99834.109375 	 499.262329 
93 	 41.678688 	 283.323761 	 285.684296 	 4.280275 	 98842.398438 	 409.559784 
94 	 41.678688 	 283.323761 	 285.196869 	 3.180461 	 97640.921875 	 496.367310 
95 	 41.678688 	 283.323761 	 284.994934 	 2.762199 	 97983.453125 	 467.353424 
96 	 41.678688 	 283.323761 	 289.214325 	 4.860784 	 97482.203125 	 503.259613 
97 	 41.678688 	 283.323761 	 286.125824 	 5.186485 	 97551.718750 	 523.893066 
98 	 41.678688 	 283.323761 	 284.952850 	 3.108464 	 98343.226562 	 568.342041 
99 	 41.678688 	 283.323761 	 289.784332 	 2.782690 	 98640.351562 	 594.254028 
100 	 41.678688 	 283.323761 	 290.167267 	 4.369482 	 98578.046875 	 496.915283 
101 	 41.678688 	 283.323761 	 289.791290 	 5.989305 	 97920.242188 	 433.202881 
102 	 41.678688 	 283.323761 	 279.534760 	 3.090919 	 98205.671875 	 518.651001 
103 	 41.678688 	 283.323761 	 274.489746 	 2.190718 	 98490.781250 	 387.394867 
104 	 41.678688 	 283.323761 	 277.015778 	 4.310607 	 98438.828125 	 395.622498 
105 	 41.678688 	 283.323761 	 276.519226 	 4.408108 	 98482.601562 	 539.053467 
106 	 41.678688 	 283.323761 	 275.866821 	 2.009285 	 99456.476562 	 457.353058 
107 	 41.678688 	 283.323761 	 285.005157 	 3.079442 	 99218.929688 	 580.922058 
108 	 41.678688 	 283.323761 	 293.250183 	 3.053171 	 98899.359375 	 603.945557 
109 	 41.678688 	 283.323761 	 291.858002 	 2.551926 	 98712.882812 	 575.303284 
110 	 41.678688 	 283.323761 	 292.123352 	 3.736661 	 98268.539062 	 595.380371 
111 	 41.678688 	 283.323761 	 284.217346 	 3.046676 	 98938.656250 	 563.998779 
112 	 41.678688 	 283.323761 	 283.610870 	 1.499512 	 99382.187500 	 572.212097 
113 	 41.678688 	 283.323761 	 287.372559 	 3.931328 	 98859.281250 	 453.908295 
114 	 41.678688 	 283.323761 	 292.100677 	 3.276758 	 98206.953125 	 647.029053 
115 	 41.678688 	 283.323761 	 288.494141 	 2.463784 	 99225.843750 	 519.430969 
116 	 41.678688 	 283.323761 	 286.674255 	 4.740847 	 99772.507812 	 614.509888 
117 	 41.678688 	 283.323761 	 287.314728 	 3.977695 	 99179.898438 	 522.289917 
118 	 41.678688 	 283.323761 	 291.425598 	 2.326023 	 98771.718750 	 625.662964 
119 	 41.678688 	 283.323761 	 296.503296 	 2.423600 	 98655.851562 	 640.898132 
120 	 41.678688 	 283.323761 	 296.348175 	 4.262438 	 98112.492188 	 583.166443 
121 	 41.678688 	 283.323761 	 288.371552 	 2.479465 	 98834.953125 	 611.997070 
122 	 41.678688 	 283.323761 	 293.926483 	 4.657543 	 98038.226562 	 618.710938 
123 	 41.678688 	 283.323761 	 288.532013 	 1.739871 	 98084.226562 	 622.280273 
124 	 41.678688 	 283.323761 	 281.500397 	 3.571661 	 98146.070312 	 454.668915 
125 	 41.678688 	 283.323761 	 280.107758 	 2.754115 	 99373.906250 	 573.994385 
126 	 41.678688 	 283.323761 	 282.685150 	 4.769199 	 99046.476562 	 374.199524 
127 	 41.678688 	 283.323761 	 285.214813 	 4.323607 	 97439.531250 	 527.309448 
128 	 41.678688 	 283.323761 	 281.192780 	 5.335830 	 97360.898438 	 464.748901 
129 	 41.678688 	 283.323761 	 284.097473 	 2.516475 	 98462.656250 	 570.002319 
130 	 41.678688 	 283.323761 	 290.698730 	 2.566040 	 98194.601562 	 544.335876 
131 	 41.678688 	 283.323761 	 292.014313 	 3.262179 	 97926.093750 	 649.067261 
132 	 41.678688 	 283.323761 	 285.318207 	 2.993880 	 97823.140625 	 423.208282 
133 	 41.678688 	 283.323761 	 280.582550 	 2.168993 	 98517.578125 	 520.603027 
134 	 41.678688 	 283.323761 	 283.109070 	 2.437503 	 99173.203125 	 565.077087 
135 	 41.678688 	 283.323761 	 288.636719 	 2.908895 	 98665.609375 	 623.020752 
136 	 41.678688 	 283.323761 	 290.008667 	 3.705756 	 98103.906250 	 567.469116 
137 	 41.678688 	 283.323761 	 287.503815 	 1.889206 	 98656.156250 	 634.204529 
138 	 41.678688 	 283.323761 	 289.709717 	 1.739801 	 98913.617188 	 655.513306 
139 	 41.678688 	 283.323761 	 293.618317 	 3.849641 	 97957.937500 	 564.335571 
140 	 41.678688 	 283.323761 	 283.945007 	 5.150198 	 98128.289062 	 650.237122 
141 	 41.678688 	 283.323761 	 285.282898 	 1.992847 	 98656.906250 	 626.873657 
142 	 41.678688 	 283.323761 	 288.737122 	 1.202514 	 98695.382812 	 641.303772 
143 	 41.678688 	 283.323761 	 289.602875 	 1.432808 	 98839.031250 	 657.538635 
144 	 41.678688 	 283.323761 	 291.679260 	 4.053369 	 98174.921875 	 540.558044 
145 	 41.678688 	 283.323761 	 289.619568 	 1.787674 	 98356.320312 	 653.397583 
146 	 41.678688 	 283.323761 	 292.764404 	 1.582456 	 98850.257812 	 667.801270 
147 	 41.678688 	 283.323761 	 295.539490 	 1.646450 	 99307.179688 	 685.521912 
148 	 41.678688 	 283.323761 	 296.040771 	 1.973514 	 99208.117188 	 692.417725 
149 	 41.678688 	 283.323761 	 295.573792 	 4.496526 	 98554.781250 	 685.487488 
150 	 41.678688 	 283.323761 	 289.877533 	 2.032760 	 99179.140625 	 662.624756 
151 	 41.678688 	 283.323761 	 293.924835 	 2.118924 	 98788.992188 	 658.589661 
152 	 41.678688 	 283.323761 	 295.769409 	 2.133195 	 98538.593750 	 701.344666 
153 	 41.678688 	 283.323761 	 292.549530 	 1.741683 	 98511.773438 	 676.202209 
154 	 41.678688 	 283.323761 	 291.949738 	 1.350974 	 98835.226562 	 678.121582 
155 	 41.678688 	 283.323761 	 295.471283 	 2.577423 	 98477.023438 	 653.197144 
156 	 41.678688 	 283.323761 	 294.669952 	 2.539058 	 97927.382812 	 651.698242 
157 	 41.678688 	 283.323761 	 291.945282 	 3.533470 	 97690.250000 	 616.019043 
158 	 41.678688 	 283.323761 	 290.396179 	 2.106577 	 98120.890625 	 579.705017 
159 	 41.678688 	 283.323761 	 293.218414 	 4.563507 	 97274.898438 	 500.789520 
160 	 41.678688 	 283.323761 	 287.595795 	 3.901213 	 97107.953125 	 578.346924 
161 	 41.678688 	 283.323761 	 286.269501 	 3.738694 	 97734.546875 	 653.537842 
162 	 41.678688 	 283.323761 	 287.554474 	 2.327539 	 98287.882812 	 634.076599 
163 	 41.678688 	 283.323761 	 290.816071 	 1.545419 	 97794.117188 	 584.736816 
164 	 41.678688 	 283.323761 	 289.620270 	 3.953896 	 98033.007812 	 558.035767 
165 	 41.678688 	 283.323761 	 287.063110 	 1.098610 	 98839.390625 	 620.569824 
166 	 41.678688 	 283.323761 	 288.547363 	 1.508624 	 98924.890625 	 587.715698 
167 	 41.678688 	 283.323761 	 288.615448 	 1.897481 	 99384.156250 	 647.727051 
168 	 41.678688 	 283.323761 	 290.536835 	 1.100393 	 99613.882812 	 669.897461 
169 	 41.678688 	 283.323761 	 293.730438 	 2.549176 	 99198.953125 	 677.701294 
170 	 41.678688 	 283.323761 	 294.949646 	 2.151131 	 98465.906250 	 692.559326 
171 	 41.678688 	 283.323761 	 296.860321 	 1.509855 	 98126.312500 	 701.945496 
172 	 41.678688 	 283.323761 	 297.800751 	 1.424302 	 98306.976562 	 654.306519 
173 	 41.678688 	 283.323761 	 298.684235 	 2.393471 	 98127.953125 	 696.296021 
174 	 41.678688 	 283.323761 	 297.644592 	 2.757927 	 97927.187500 	 704.700256 
175 	 41.678688 	 283.323761 	 293.320282 	 3.652925 	 98289.750000 	 695.787476 
176 	 41.678688 	 283.323761 	 292.707825 	 2.260669 	 98891.320312 	 655.489563 
177 	 41.678688 	 283.323761 	 295.053253 	 1.772142 	 99332.218750 	 681.312866 
178 	 41.678688 	 283.323761 	 295.919281 	 0.908082 	 99609.156250 	 715.100220 
179 	 41.678688 	 283.323761 	 296.035278 	 1.828453 	 99626.859375 	 692.679443 
180 	 41.678688 	 283.323761 	 296.393341 	 2.274179 	 99187.929688 	 685.869507 
181 	 41.678688 	 283.323761 	 297.732819 	 1.964175 	 98715.117188 	 692.108276 
182 	 41.678688 	 283.323761 	 296.067993 	 2.124894 	 98377.828125 	 683.036865 
183 	 41.678688 	 283.323761 	 294.070709 	 2.697926 	 98033.976562 	 673.803650 
184 	 41.678688 	 283.323761 	 292.021118 	 1.988660 	 98448.773438 	 678.047485 
185 	 41.678688 	 283.323761 	 294.789612 	 1.676582 	 98773.960938 	 669.216980 
186 	 41.678688 	 283.323761 	 294.498138 	 3.353030 	 98470.648438 	 637.410461 
187 	 41.678688 	 283.323761 	 297.669464 	 4.037521 	 98123.523438 	 678.845825 
188 	 41.678688 	 283.323761 	 298.958496 	 4.077824 	 97755.703125 	 697.443604 
189 	 41.678688 	 283.323761 	 295.525269 	 2.965464 	 97461.343750 	 665.887573 
190 	 41.678688 	 283.323761 	 292.695160 	 4.603763 	 97269.343750 	 636.923950 
191 	 41.678688 	 283.323761 	 285.935455 	 4.858329 	 98107.070312 	 635.094482 
192 	 41.678688 	 283.323761 	 286.607056 	 3.744374 	 98803.953125 	 599.011292 
193 	 41.678688 	 283.323761 	 288.816132 	 1.473405 	 99375.710938 	 660.131958 
194 	 41.678688 	 283.323761 	 291.579407 	 3.053376 	 99441.546875 	 676.494629 
195 	 41.678688 	 283.323761 	 292.054565 	 5.639136 	 98867.117188 	 479.218414 
196 	 41.678688 	 283.323761 	 293.516205 	 3.544012 	 98589.609375 	 580.318481 
197 	 41.678688 	 283.323761 	 293.947479 	 2.897062 	 98507.226562 	 608.447754 
198 	 41.678688 	 283.323761 	 292.543152 	 2.217015 	 98964.710938 	 669.138550 
199 	 41.678688 	 283.323761 	 293.128723 	 1.807217 	 99185.976562 	 655.618103 
200 	 41.678688 	 283.323761 	 296.896729 	 4.461099 	 98546.593750 	 672.192566 
201 	 41.678688 	 283.323761 	 290.320496 	 4.049270 	 98562.093750 	 663.114990 
202 	 41.678688 	 283.323761 	 287.705078 	 2.638835 	 98958.289062 	 635.516235 
203 	 41.678688 	 283.323761 	 288.785736 	 1.188921 	 99266.171875 	 648.153870 
204 	 41.678688 	 283.323761 	 291.941956 	 1.840390 	 99228.343750 	 636.940186 
205 	 41.678688 	 283.323761 	 294.841400 	 3.696468 	 98825.968750 	 597.362183 
206 	 41.678688 	 283.323761 	 294.650177 	 3.979181 	 98231.117188 	 498.434326 
207 	 41.678688 	 283.323761 	 290.884094 	 1.876117 	 98488.062500 	 638.045044 
208 	 41.678688 	 283.323761 	 290.379822 	 1.618513 	 99371.296875 	 618.545349 
209 	 41.678688 	 283.323761 	 291.277222 	 1.180830 	 99329.671875 	 662.459106 
210 	 41.678688 	 283.323761 	 294.050476 	 2.447131 	 99165.632812 	 670.453979 
211 	 41.678688 	 283.323761 	 296.205627 	 2.979750 	 98596.273438 	 640.269836 
212 	 41.678688 	 283.323761 	 300.020203 	 3.029360 	 98384.390625 	 707.368713 
213 	 41.678688 	 283.323761 	 296.827179 	 3.752262 	 98223.632812 	 538.993164 
214 	 41.678688 	 283.323761 	 292.121796 	 1.509772 	 98666.843750 	 628.142700 
215 	 41.678688 	 283.323761 	 291.293304 	 2.834861 	 98413.507812 	 507.082397 
216 	 41.678688 	 283.323761 	 291.416107 	 2.797201 	 98682.882812 	 650.854370 
217 	 41.678688 	 283.323761 	 291.297058 	 1.326584 	 99098.593750 	 638.755005 
218 	 41.678688 	 283.323761 	 291.925751 	 1.690966 	 99434.109375 	 605.928528 
219 	 41.678688 	 283.323761 	 291.618744 	 1.518341 	 99609.289062 	 574.251404 
220 	 41.678688 	 283.323761 	 291.407684 	 2.198630 	 99683.851562 	 526.662903 
221 	 41.678688 	 283.323761 	 293.190308 	 2.779049 	 99067.671875 	 616.980286 
222 	 41.678688 	 283.323761 	 294.547119 	 1.051206 	 98918.382812 	 665.731812 
223 	 41.678688 	 283.323761 	 294.961853 	 3.239574 	 98390.273438 	 565.702515 
224 	 41.678688 	 283.323761 	 292.985809 	 2.913972 	 98215.273438 	 536.073914 
225 	 41.678688 	 283.323761 	 291.100494 	 2.617442 	 98782.593750 	 656.378235 
226 	 41.678688 	 283.323761 	 292.014282 	 1.388068 	 99011.812500 	 635.229736 
227 	 41.678688 	 283.323761 	 295.406403 	 3.313698 	 98694.851562 	 653.914001 
228 	 41.678688 	 283.323761 	 297.730042 	 2.200849 	 98587.593750 	 650.390991 
229 	 41.678688 	 283.323761 	 297.385620 	 1.003091 	 98856.976562 	 576.514587 
230 	 41.678688 	 283.323761 	 296.103210 	 0.947512 	 98729.257812 	 561.506714 
231 	 41.678688 	 283.323761 	 297.087555 	 2.855228 	 98616.726562 	 570.206909 
232 	 41.678688 	 283.323761 	 296.248138 	 1.687209 	 98623.539062 	 606.598633 
233 	 41.678688 	 283.323761 	 295.377106 	 0.951820 	 98985.906250 	 653.267639 
234 	 41.678688 	 283.323761 	 296.193054 	 2.895470 	 99283.546875 	 630.279236 
235 	 41.678688 	 283.323761 	 295.016541 	 2.661493 	 99024.539062 	 580.779114 
236 	 41.678688 	 283.323761 	 293.559204 	 1.793393 	 98880.523438 	 547.598572 
237 	 41.678688 	 283.323761 	 293.120148 	 1.579452 	 98915.429688 	 506.427246 
238 	 41.678688 	 283.323761 	 293.302063 	 2.254932 	 98934.000000 	 497.059265 
239 	 41.678688 	 283.323761 	 293.098877 	 2.740516 	 98735.898438 	 484.878906 
240 	 41.678688 	 283.323761 	 292.848602 	 3.561570 	 98739.460938 	 598.190430 
241 	 41.678688 	 283.323761 	 294.464691 	 2.229601 	 98394.031250 	 565.950684 
242 	 41.678688 	 283.323761 	 293.636688 	 2.679235 	 98365.640625 	 619.657104 
243 	 41.678688 	 283.323761 	 291.052032 	 1.899139 	 98973.226562 	 601.489136 
244 	 41.678688 	 283.323761 	 288.727478 	 2.175412 	 99489.820312 	 455.880005 
245 	 41.678688 	 283.323761 	 291.895447 	 3.945337 	 99380.593750 	 531.166626 
246 	 41.678688 	 283.323761 	 294.944336 	 2.153894 	 99139.671875 	 557.670654 
247 	 41.678688 	 283.323761 	 293.681824 	 2.431098 	 99675.546875 	 604.688599 
248 	 41.678688 	 283.323761 	 289.836884 	 2.970899 	 99922.781250 	 476.723450 
249 	 41.678688 	 283.323761 	 294.655487 	 4.122775 	 99229.882812 	 597.660400 
250 	 41.678688 	 283.323761 	 293.910126 	 3.464578 	 98643.328125 	 542.484436 
251 	 41.678688 	 283.323761 	 285.108551 	 3.078168 	 99230.929688 	 544.434570 
252 	 41.678688 	 283.323761 	 283.244629 	 1.883738 	 100123.296875 	 542.172485 
253 	 41.678688 	 283.323761 	 284.677856 	 0.452290 	 100234.203125 	 555.099060 
254 	 41.678688 	 283.323761 	 287.748474 	 1.232713 	 99678.882812 	 565.107544 
255 	 41.678688 	 283.323761 	 290.643585 	 2.229131 	 98947.781250 	 572.532227 
256 	 41.678688 	 283.323761 	 288.942596 	 2.726111 	 98530.343750 	 554.076904 
257 	 41.678688 	 283.323761 	 283.738159 	 1.622452 	 98731.382812 	 528.194275 
258 	 41.678688 	 283.323761 	 285.287048 	 1.106442 	 98712.546875 	 544.445190 
259 	 41.678688 	 283.323761 	 287.640778 	 1.474595 	 98769.828125 	 542.714600 
260 	 41.678688 	 283.323761 	 290.488678 	 2.420838 	 98969.421875 	 546.779541 
261 	 41.678688 	 283.323761 	 292.115234 	 4.210670 	 99133.882812 	 487.108459 
262 	 41.678688 	 283.323761 	 292.414551 	 3.776070 	 98743.718750 	 482.125916 
263 	 41.678688 	 283.323761 	 286.246277 	 1.492518 	 98823.851562 	 408.833984 
264 	 41.678688 	 283.323761 	 284.513367 	 2.198557 	 98553.171875 	 435.499084 
265 	 41.678688 	 283.323761 	 282.514435 	 3.160035 	 98960.257812 	 472.780457 
266 	 41.678688 	 283.323761 	 281.798706 	 1.845634 	 99667.382812 	 472.619751 
267 	 41.678688 	 283.323761 	 280.263458 	 0.696962 	 99832.710938 	 506.225555 
268 	 41.678688 	 283.323761 	 283.993683 	 3.218683 	 99543.953125 	 505.972900 
269 	 41.678688 	 283.323761 	 287.087250 	 4.239660 	 98672.328125 	 416.166107 
270 	 41.678688 	 283.323761 	 287.181458 	 3.014376 	 97907.593750 	 399.067841 
271 	 41.678688 	 283.323761 	 284.456177 	 3.495702 	 97686.460938 	 513.962585 
272 	 41.678688 	 283.323761 	 281.455292 	 2.570428 	 98809.531250 	 492.696350 
273 	 41.678688 	 283.323761 	 281.705627 	 2.062538 	 99533.632812 	 493.056274 
274 	 41.678688 	 283.323761 	 286.404785 	 2.604547 	 99036.367188 	 505.771667 
275 	 41.678688 	 283.323761 	 284.998474 	 2.472855 	 99441.953125 	 462.291290 
276 	 41.678688 	 283.323761 	 279.237701 	 2.823285 	 99955.726562 	 366.124329 
277 	 41.678688 	 283.323761 	 285.738373 	 4.203481 	 99142.156250 	 427.761200 
278 	 41.678688 	 283.323761 	 289.107788 	 2.468110 	 98562.429688 	 469.405518 
279 	 41.678688 	 283.323761 	 290.750702 	 3.127147 	 98710.023438 	 520.384399 
280 	 41.678688 	 283.323761 	 291.983643 	 5.282768 	 98752.359375 	 447.659973 
281 	 41.678688 	 283.323761 	 284.776276 	 3.454302 	 98239.687500 	 512.669800 
282 	 41.678688 	 283.323761 	 281.752106 	 1.446145 	 99183.507812 	 465.246460 
283 	 41.678688 	 283.323761 	 283.013519 	 1.230518 	 99675.101562 	 467.864746 
284 	 41.678688 	 283.323761 	 280.791107 	 0.886295 	 99549.429688 	 461.105072 
285 	 41.678688 	 283.323761 	 280.964874 	 0.462883 	 99489.281250 	 462.533325 
286 	 41.678688 	 283.323761 	 283.257080 	 1.008458 	 99384.906250 	 477.756897 
287 	 41.678688 	 283.323761 	 287.004700 	 2.342973 	 98555.406250 	 423.250061 
288 	 41.678688 	 283.323761 	 280.155396 	 4.176774 	 98056.812500 	 461.639038 
289 	 41.678688 	 283.323761 	 281.191101 	 3.150421 	 98729.640625 	 449.623627 
290 	 41.678688 	 283.323761 	 282.319794 	 1.995462 	 99004.843750 	 443.081482 
291 	 41.678688 	 283.323761 	 281.668304 	 4.546194 	 98156.062500 	 418.475586 
292 	 41.678688 	 283.323761 	 276.699097 	 1.968543 	 99170.343750 	 454.630127 
293 	 41.678688 	 283.323761 	 279.623016 	 2.584031 	 99056.070312 	 435.022430 
294 	 41.678688 	 283.323761 	 285.494659 	 2.409558 	 98796.843750 	 438.680664 
295 	 41.678688 	 283.323761 	 283.958527 	 1.191796 	 99173.781250 	 451.074280 
296 	 41.678688 	 283.323761 	 284.763977 	 0.967559 	 99238.789062 	 391.039917 
297 	 41.678688 	 283.323761 	 283.555817 	 1.481523 	 99688.156250 	 446.893951 
298 	 41.678688 	 283.323761 	 284.544891 	 1.001673 	 99605.343750 	 426.363708 
299 	 41.678688 	 283.323761 	 281.995483 	 0.690304 	 99527.609375 	 411.418274 
300 	 41.678688 	 283.323761 	 284.324524 	 1.447611 	 99408.609375 	 403.128448 
301 	 41.678688 	 283.323761 	 287.044525 	 1.424037 	 99147.093750 	 469.040527 
302 	 41.678688 	 283.323761 	 286.369385 	 2.374037 	 98826.281250 	 450.544861 
303 	 41.678688 	 283.323761 	 280.049255 	 2.710761 	 99127.976562 	 429.427948 
304 	 41.678688 	 283.323761 	 276.247833 	 1.384820 	 99212.843750 	 389.133087 
305 	 41.678688 	 283.323761 	 279.711151 	 1.496079 	 99035.398438 	 408.087891 
306 	 41.678688 	 283.323761 	 283.762726 	 2.021482 	 99191.093750 	 427.739380 
307 	 41.678688 	 283.323761 	 285.210907 	 1.932814 	 99165.046875 	 417.902893 
308 	 41.678688 	 283.323761 	 286.087646 	 1.189853 	 99288.687500 	 433.449890 
309 	 41.678688 	 283.323761 	 284.186371 	 0.817114 	 99569.929688 	 410.208618 
310 	 41.678688 	 283.323761 	 285.278290 	 2.994262 	 99613.171875 	 393.277161 
311 	 41.678688 	 283.323761 	 280.592316 	 4.832068 	 98672.000000 	 443.305634 
312 	 41.678688 	 283.323761 	 274.595947 	 2.572034 	 99649.132812 	 334.917908 
313 	 41.678688 	 283.323761 	 277.720367 	 1.598835 	 99198.093750 	 349.141388 
314 	 41.678688 	 283.323761 	 277.975311 	 1.666948 	 98464.437500 	 352.884247 
315 	 41.678688 	 283.323761 	 275.762512 	 2.420392 	 98458.156250 	 387.172882 
316 	 41.678688 	 283.323761 	 277.209198 	 4.957176 	 98245.976562 	 394.441010 
317 	 41.678688 	 283.323761 	 270.306213 	 3.555822 	 99536.023438 	 336.181976 
318 	 41.678688 	 283.323761 	 270.529510 	 1.953937 	 100344.398438 	 354.253571 
319 	 41.678688 	 283.323761 	 277.574005 	 5.585047 	 99300.992188 	 360.423828 
320 	 41.678688 	 283.323761 	 277.202667 	 5.036130 	 97373.062500 	 368.230713 
321 	 41.678688 	 283.323761 	 271.511169 	 3.063858 	 99012.570312 	 357.766510 
322 	 41.678688 	 283.323761 	 277.063049 	 3.366885 	 99143.906250 	 366.356873 
323 	 41.678688 	 283.323761 	 278.618469 	 2.955685 	 99459.562500 	 359.343811 
324 	 41.678688 	 283.323761 	 276.649475 	 2.439861 	 99801.968750 	 362.655731 
325 	 41.678688 	 283.323761 	 274.770630 	 2.420230 	 99981.960938 	 351.425415 
326 	 41.678688 	 283.323761 	 281.816895 	 3.120786 	 98843.773438 	 360.653381 
327 	 41.678688 	 283.323761 	 284.750366 	 2.101943 	 97918.289062 	 392.168274 
328 	 41.678688 	 283.323761 	 278.140900 	 3.522201 	 98144.632812 	 391.071198 
329 	 41.678688 	 283.323761 	 274.577881 	 1.805541 	 98930.203125 	 346.555481 
330 	 41.678688 	 283.323761 	 274.968292 	 1.462947 	 99478.687500 	 355.592590 
331 	 41.678688 	 283.323761 	 272.790680 	 1.659896 	 99117.703125 	 308.136841 
332 	 41.678688 	 283.323761 	 275.017578 	 1.105136 	 98819.250000 	 381.596497 
333 	 41.678688 	 283.323761 	 273.761627 	 1.474125 	 98567.117188 	 357.201172 
334 	 41.678688 	 283.323761 	 274.914948 	 2.153896 	 99138.773438 	 378.493591 
335 	 41.678688 	 283.323761 	 275.964630 	 4.411361 	 99445.968750 	 335.355469 
336 	 41.678688 	 283.323761 	 281.273743 	 4.717875 	 97876.500000 	 357.830872 
337 	 41.678688 	 283.323761 	 274.977295 	 3.886088 	 97918.023438 	 358.612793 
338 	 41.678688 	 283.323761 	 274.484894 	 2.258859 	 98882.101562 	 336.898071 
339 	 41.678688 	 283.323761 	 277.781006 	 3.213661 	 99138.523438 	 321.562958 
340 	 41.678688 	 283.323761 	 282.339630 	 4.327562 	 99195.179688 	 353.709869 
341 	 41.678688 	 283.323761 	 280.499207 	 1.087065 	 99438.023438 	 369.433655 
342 	 41.678688 	 283.323761 	 278.110016 	 4.025030 	 98380.507812 	 386.484741 
343 	 41.678688 	 283.323761 	 271.136658 	 2.868216 	 99462.859375 	 335.313171 
344 	 41.678688 	 283.323761 	 273.162140 	 4.545694 	 99882.046875 	 336.697083 
345 	 41.678688 	 283.323761 	 280.581665 	 4.009280 	 98685.203125 	 387.584534 
346 	 41.678688 	 283.323761 	 270.932892 	 2.809637 	 99420.632812 	 315.300598 
347 	 41.678688 	 283.323761 	 269.024170 	 2.247714 	 100514.203125 	 305.546997 
348 	 41.678688 	 283.323761 	 273.896637 	 4.447571 	 99812.343750 	 335.581024 
349 	 41.678688 	 283.323761 	 282.900818 	 4.496755 	 96880.273438 	 398.871735 
350 	 41.678688 	 283.323761 	 274.082611 	 4.231215 	 97712.578125 	 318.227539 
351 	 41.678688 	 283.323761 	 271.520355 	 4.405501 	 97643.703125 	 331.776703 
352 	 41.678688 	 283.323761 	 268.123932 	 3.220385 	 98700.359375 	 310.035431 
353 	 41.678688 	 283.323761 	 274.723938 	 4.066571 	 99195.710938 	 344.848999 
354 	 41.678688 	 283.323761 	 276.250519 	 4.091775 	 99174.429688 	 309.120117 
355 	 41.678688 	 283.323761 	 275.669312 	 1.951347 	 98956.101562 	 363.019653 
356 	 41.678688 	 283.323761 	 274.909454 	 4.382053 	 98428.773438 	 355.462067 
357 	 41.678688 	 283.323761 	 270.992737 	 3.505307 	 99651.843750 	 317.338104 
358 	 41.678688 	 283.323761 	 270.441498 	 2.462186 	 100377.101562 	 303.515076 
359 	 41.678688 	 283.323761 	 273.041412 	 4.038837 	 99632.039062 	 290.276794 
360 	 41.678688 	 283.323761 	 276.665741 	 2.866230 	 98075.531250 	 340.900604 
361 	 41.678688 	 283.323761 	 272.164429 	 2.957877 	 98195.218750 	 360.895508 
362 	 41.678688 	 283.323761 	 273.577087 	 3.286052 	 99420.218750 	 335.593140 
363 	 41.678688 	 283.323761 	 275.340424 	 2.689522 	 99301.546875 	 331.464752 
364 	 41.678688 	 283.323761 	 270.187134 	 2.209889 	 99318.812500 	 304.784882 
