# 0: Day of Year [-] 	 1: lat [deg] 	 2: lon [deg] 	 3: tas [K] 	 4: sfcWind [m s-1] 	 5: ps [Pa] 	 6: Total Downwelling Rad Flux [W m-2] 
0 	 41.678688 	 283.323761 	 265.603729 	 2.334936 	 98599.953125 	 277.086670 
1 	 41.678688 	 283.323761 	 267.726898 	 1.530065 	 98223.648438 	 301.935883 
2 	 41.678688 	 283.323761 	 263.530579 	 1.622525 	 98564.757812 	 291.135010 
3 	 41.678688 	 283.323761 	 264.215393 	 3.314878 	 98840.726562 	 292.283752 
4 	 41.678688 	 283.323761 	 268.024506 	 3.666362 	 98211.281250 	 267.137665 
5 	 41.678688 	 283.323761 	 269.779297 	 2.717463 	 98287.382812 	 329.165802 
6 	 41.678688 	 283.323761 	 269.485840 	 3.294388 	 98961.789062 	 316.976715 
7 	 41.678688 	 283.323761 	 273.638702 	 3.644484 	 97784.117188 	 327.076141 
8 	 41.678688 	 283.323761 	 269.173767 	 3.298692 	 97612.367188 	 320.779358 
9 	 41.678688 	 283.323761 	 267.303467 	 1.008937 	 98373.937500 	 332.905609 
10 	 41.678688 	 283.323761 	 266.397766 	 2.838897 	 97643.507812 	 309.248169 
11 	 41.678688 	 283.323761 	 266.259705 	 2.227329 	 98018.867188 	 303.426697 
12 	 41.678688 	 283.323761 	 266.338562 	 2.727415 	 98188.703125 	 310.890930 
13 	 41.678688 	 283.323761 	 272.611359 	 3.507879 	 97524.843750 	 348.119446 
14 	 41.678688 	 283.323761 	 275.696289 	 3.650167 	 97997.882812 	 344.462524 
15 	 41.678688 	 283.323761 	 274.263458 	 3.509357 	 98146.546875 	 335.140839 
16 	 41.678688 	 283.323761 	 267.859406 	 1.656245 	 99121.296875 	 315.395355 
17 	 41.678688 	 283.323761 	 264.390259 	 2.509894 	 99339.203125 	 305.681641 
18 	 41.678688 	 283.323761 	 260.478790 	 0.876055 	 99841.750000 	 270.990051 
19 	 41.678688 	 283.323761 	 263.832764 	 1.333121 	 99527.289062 	 323.078735 
20 	 41.678688 	 283.323761 	 265.327728 	 3.003254 	 98439.257812 	 348.213196 
21 	 41.678688 	 283.323761 	 268.072479 	 3.990010 	 98074.703125 	 320.060730 
22 	 41.678688 	 283.323761 	 267.575623 	 2.236231 	 98940.343750 	 317.824219 
23 	 41.678688 	 283.323761 	 264.589020 	 2.029861 	 99626.328125 	 304.341827 
24 	 41.678688 	 283.323761 	 265.248383 	 1.312599 	 99151.546875 	 326.273804 
25 	 41.678688 	 283.323761 	 269.251556 	 1.520611 	 98643.093750 	 343.842194 
26 	 41.678688 	 283.323761 	 275.689331 	 4.211002 	 98304.656250 	 386.422302 
27 	 41.678688 	 283.323761 	 273.497101 	 2.912002 	 98733.429688 	 324.272247 
28 	 41.678688 	 283.323761 	 274.056244 	 3.848153 	 97680.601562 	 379.748413 
29 	 41.678688 	 283.323761 	 268.178436 	 2.574960 	 98679.132812 	 283.058502 
30 	 41.678688 	 283.323761 	 270.607422 	 1.868741 	 99113.140625 	 354.527710 
31 	 41.678688 	 283.323761 	 268.755737 	 5.635886 	 98158.617188 	 329.757385 
32 	 41.678688 	 283.323761 	 265.168060 	 4.995958 	 97696.429688 	 356.708923 
33 	 41.678688 	 283.323761 	 262.129974 	 1.355507 	 99018.531250 	 322.011475 
34 	 41.678688 	 283.323761 	 264.056396 	 1.219405 	 99076.906250 	 348.220184 
35 	 41.678688 	 283.323761 	 272.937805 	 2.290945 	 98721.039062 	 374.214355 
36 	 41.678688 	 283.323761 	 275.150452 	 1.818559 	 98722.656250 	 384.690186 
37 	 41.678688 	 283.323761 	 276.126556 	 3.219269 	 98122.968750 	 372.153015 
38 	 41.678688 	 283.323761 	 263.536835 	 4.029643 	 97889.328125 	 362.884094 
39 	 41.678688 	 283.323761 	 259.989380 	 3.111708 	 99014.578125 	 315.813904 
40 	 41.678688 	 283.323761 	 270.473633 	 4.839414 	 98934.390625 	 333.727112 
41 	 41.678688 	 283.323761 	 276.935333 	 2.677044 	 97973.593750 	 386.424927 
42 	 41.678688 	 283.323761 	 264.818634 	 2.898249 	 98789.898438 	 350.634033 
43 	 41.678688 	 283.323761 	 262.033020 	 2.311177 	 99440.671875 	 338.021606 
44 	 41.678688 	 283.323761 	 266.595093 	 3.939191 	 99277.718750 	 290.972198 
45 	 41.678688 	 283.323761 	 270.502594 	 3.718657 	 97678.328125 	 420.359375 
46 	 41.678688 	 283.323761 	 263.059845 	 3.124237 	 98466.882812 	 343.754211 
47 	 41.678688 	 283.323761 	 262.278961 	 3.253047 	 99236.070312 	 352.922058 
48 	 41.678688 	 283.323761 	 265.883759 	 5.455647 	 98252.640625 	 403.520142 
49 	 41.678688 	 283.323761 	 256.550049 	 2.254962 	 99454.781250 	 340.664337 
50 	 41.678688 	 283.323761 	 266.260742 	 3.669878 	 98824.296875 	 322.470764 
51 	 41.678688 	 283.323761 	 281.463654 	 4.142727 	 98359.281250 	 435.895325 
52 	 41.678688 	 283.323761 	 282.145966 	 3.131031 	 97706.523438 	 363.689636 
53 	 41.678688 	 283.323761 	 270.297455 	 3.294782 	 98313.593750 	 376.370972 
54 	 41.678688 	 283.323761 	 266.104370 	 3.650734 	 98490.656250 	 429.263428 
55 	 41.678688 	 283.323761 	 264.668549 	 1.750484 	 98883.867188 	 378.762085 
56 	 41.678688 	 283.323761 	 273.355743 	 3.520043 	 97911.257812 	 442.560699 
57 	 41.678688 	 283.323761 	 270.975586 	 2.990199 	 98403.156250 	 436.507935 
58 	 41.678688 	 283.323761 	 269.979279 	 2.084423 	 99201.953125 	 406.482910 
59 	 41.678688 	 283.323761 	 275.456390 	 4.216638 	 98406.726562 	 431.697388 
60 	 41.678688 	 283.323761 	 272.463989 	 3.416039 	 97634.648438 	 452.650146 
61 	 41.678688 	 283.323761 	 265.515686 	 3.024749 	 97935.843750 	 401.153320 
62 	 41.678688 	 283.323761 	 272.964844 	 4.284704 	 97480.679688 	 461.739441 
63 	 41.678688 	 283.323761 	 266.345795 	 2.280821 	 98587.226562 	 409.211578 
64 	 41.678688 	 283.323761 	 259.737701 	 2.326083 	 99515.953125 	 388.133667 
65 	 41.678688 	 283.323761 	 263.752563 	 2.136212 	 99625.750000 	 389.758423 
66 	 41.678688 	 283.323761 	 276.168274 	 2.531785 	 99444.937500 	 453.734375 
67 	 41.678688 	 283.323761 	 277.382233 	 1.434363 	 99412.468750 	 452.055756 
68 	 41.678688 	 283.323761 	 276.711029 	 1.132746 	 99374.117188 	 446.764191 
69 	 41.678688 	 283.323761 	 280.161713 	 2.454701 	 99547.296875 	 479.055054 
70 	 41.678688 	 283.323761 	 282.427460 	 5.086519 	 98821.828125 	 397.968292 
71 	 41.678688 	 283.323761 	 274.279816 	 5.079273 	 97298.031250 	 398.185394 
72 	 41.678688 	 283.323761 	 259.595978 	 3.488116 	 99175.117188 	 397.779602 
73 	 41.678688 	 283.323761 	 263.779144 	 2.077932 	 99591.242188 	 416.598572 
74 	 41.678688 	 283.323761 	 267.334106 	 2.587479 	 99707.492188 	 441.213806 
75 	 41.678688 	 283.323761 	 266.972046 	 1.831784 	 100429.898438 	 439.478851 
76 	 41.678688 	 283.323761 	 275.749207 	 3.880545 	 99483.453125 	 404.058960 
77 	 41.678688 	 283.323761 	 278.160736 	 1.239831 	 100010.703125 	 481.100311 
78 	 41.678688 	 283.323761 	 282.080109 	 2.033047 	 99892.023438 	 515.854187 
79 	 41.678688 	 283.323761 	 280.710388 	 1.008274 	 99961.460938 	 465.178955 
80 	 41.678688 	 283.323761 	 284.078125 	 2.801730 	 99553.968750 	 436.311371 
81 	 41.678688 	 283.323761 	 280.705109 	 2.535248 	 98637.148438 	 472.838135 
82 	 41.678688 	 283.323761 	 275.813751 	 2.146126 	 98103.406250 	 345.522156 
83 	 41.678688 	 283.323761 	 280.398834 	 2.194591 	 98230.156250 	 543.138062 
84 	 41.678688 	 283.323761 	 280.475403 	 2.134917 	 98569.007812 	 377.995544 
85 	 41.678688 	 283.323761 	 285.054443 	 1.999999 	 98993.429688 	 561.076172 
86 	 41.678688 	 283.323761 	 285.574249 	 2.113963 	 99205.937500 	 497.864929 
87 	 41.678688 	 283.323761 	 288.272644 	 3.629604 	 98917.468750 	 525.807068 
88 	 41.678688 	 283.323761 	 283.731506 	 5.210218 	 97983.421875 	 399.794434 
89 	 41.678688 	 283.323761 	 270.419861 	 2.797585 	 99727.601562 	 487.804871 
90 	 41.678688 	 283.323761 	 275.840302 	 5.431413 	 99565.843750 	 346.736389 
91 	 41.678688 	 283.323761 	 282.847687 	 3.594724 	 98096.476562 	 400.941895 
92 	 41.678688 	 283.323761 	 274.855591 	 3.495404 	 97787.109375 	 507.928955 
93 	 41.678688 	 283.323761 	 274.549896 	 2.268486 	 98318.296875 	 494.319153 
94 	 41.678688 	 283.323761 	 281.406128 	 2.838057 	 98303.242188 	 524.266846 
95 	 41.678688 	 283.323761 	 283.590179 	 3.313144 	 98132.906250 	 434.791565 
96 	 41.678688 	 283.323761 	 281.737640 	 1.285374 	 98515.093750 	 531.686401 
97 	 41.678688 	 283.323761 	 286.039856 	 1.692191 	 98502.320312 	 555.576477 
98 	 41.678688 	 283.323761 	 279.890259 	 3.091745 	 98912.226562 	 462.667603 
99 	 41.678688 	 283.323761 	 279.933929 	 2.500355 	 99129.796875 	 515.164490 
100 	 41.678688 	 283.323761 	 278.739594 	 4.292642 	 98181.648438 	 484.482849 
101 	 41.678688 	 283.323761 	 273.591125 	 5.158838 	 97883.468750 	 527.774353 
102 	 41.678688 	 283.323761 	 276.151978 	 2.852724 	 98436.382812 	 501.144897 
103 	 41.678688 	 283.323761 	 280.408203 	 3.950060 	 98471.023438 	 427.019165 
104 	 41.678688 	 283.323761 	 284.938354 	 3.130837 	 97342.929688 	 415.577332 
105 	 41.678688 	 283.323761 	 284.417114 	 3.812698 	 96493.507812 	 487.569397 
106 	 41.678688 	 283.323761 	 282.959167 	 2.914989 	 97095.929688 	 566.674561 
107 	 41.678688 	 283.323761 	 287.479614 	 5.041721 	 97460.187500 	 527.752441 
108 	 41.678688 	 283.323761 	 285.592438 	 4.066132 	 96483.023438 	 607.344666 
109 	 41.678688 	 283.323761 	 278.421906 	 3.022088 	 96258.718750 	 477.990479 
110 	 41.678688 	 283.323761 	 276.657196 	 2.542657 	 96752.023438 	 500.502686 
111 	 41.678688 	 283.323761 	 280.798645 	 3.209399 	 97447.726562 	 579.429688 
112 	 41.678688 	 283.323761 	 292.101471 	 4.298089 	 97334.007812 	 590.930664 
113 	 41.678688 	 283.323761 	 293.381989 	 2.479125 	 98524.890625 	 629.118774 
114 	 41.678688 	 283.323761 	 291.934296 	 3.739162 	 98214.203125 	 591.951294 
115 	 41.678688 	 283.323761 	 285.635254 	 3.172863 	 98343.429688 	 473.508759 
116 	 41.678688 	 283.323761 	 279.470001 	 2.800369 	 99568.929688 	 577.487427 
117 	 41.678688 	 283.323761 	 278.720795 	 2.435429 	 99549.039062 	 456.137024 
118 	 41.678688 	 283.323761 	 284.917358 	 1.917521 	 97970.539062 	 433.869843 
119 	 41.678688 	 283.323761 	 281.044708 	 3.029042 	 97884.773438 	 408.635529 
120 	 41.678688 	 283.323761 	 278.788330 	 2.496259 	 98778.000000 	 409.831116 
121 	 41.678688 	 283.323761 	 281.690430 	 2.162070 	 98938.070312 	 468.851257 
122 	 41.678688 	 283.323761 	 284.372437 	 2.563573 	 98236.390625 	 441.795074 
123 	 41.678688 	 283.323761 	 282.842865 	 5.351301 	 97611.398438 	 629.732544 
124 	 41.678688 	 283.323761 	 276.139313 	 4.942184 	 98226.593750 	 568.581970 
125 	 41.678688 	 283.323761 	 279.078308 	 3.613579 	 98381.468750 	 578.675293 
126 	 41.678688 	 283.323761 	 286.303619 	 2.501826 	 98471.382812 	 609.107239 
127 	 41.678688 	 283.323761 	 287.395630 	 1.301637 	 99009.773438 	 614.841797 
128 	 41.678688 	 283.323761 	 292.627716 	 4.128623 	 99054.070312 	 641.989990 
129 	 41.678688 	 283.323761 	 294.362244 	 4.001897 	 98882.257812 	 658.228516 
130 	 41.678688 	 283.323761 	 292.117493 	 2.538910 	 98802.773438 	 628.840149 
131 	 41.678688 	 283.323761 	 293.882477 	 2.863533 	 98693.250000 	 630.721802 
132 	 41.678688 	 283.323761 	 291.376709 	 2.325281 	 98671.257812 	 647.309937 
133 	 41.678688 	 283.323761 	 288.589203 	 2.231522 	 98815.070312 	 652.198364 
134 	 41.678688 	 283.323761 	 287.285858 	 1.560757 	 98897.273438 	 626.588623 
135 	 41.678688 	 283.323761 	 294.855804 	 2.882209 	 98313.312500 	 664.851196 
136 	 41.678688 	 283.323761 	 299.255615 	 2.167133 	 98393.007812 	 630.989014 
137 	 41.678688 	 283.323761 	 298.499420 	 2.651604 	 98522.171875 	 675.073242 
138 	 41.678688 	 283.323761 	 295.121796 	 2.718981 	 98502.132812 	 652.075500 
139 	 41.678688 	 283.323761 	 287.430237 	 2.471864 	 98676.953125 	 486.101532 
140 	 41.678688 	 283.323761 	 285.874390 	 1.210856 	 98928.953125 	 634.653198 
141 	 41.678688 	 283.323761 	 290.413849 	 2.679774 	 99254.468750 	 644.469055 
142 	 41.678688 	 283.323761 	 292.985077 	 2.907321 	 99272.343750 	 663.467773 
143 	 41.678688 	 283.323761 	 295.663147 	 2.609727 	 99060.640625 	 673.337280 
144 	 41.678688 	 283.323761 	 296.183716 	 2.110335 	 98972.046875 	 661.009338 
145 	 41.678688 	 283.323761 	 296.851501 	 3.487815 	 98670.921875 	 691.732666 
146 	 41.678688 	 283.323761 	 292.454285 	 4.343538 	 97874.296875 	 630.232117 
147 	 41.678688 	 283.323761 	 291.555267 	 2.733698 	 98051.437500 	 640.304993 
148 	 41.678688 	 283.323761 	 297.291779 	 3.521312 	 97808.523438 	 667.903687 
149 	 41.678688 	 283.323761 	 297.891266 	 3.035674 	 98018.242188 	 682.905151 
150 	 41.678688 	 283.323761 	 294.110931 	 3.691672 	 99044.062500 	 650.308899 
151 	 41.678688 	 283.323761 	 292.824554 	 1.522019 	 99376.523438 	 658.773682 
152 	 41.678688 	 283.323761 	 291.728912 	 2.986375 	 99493.679688 	 604.741638 
153 	 41.678688 	 283.323761 	 293.208221 	 4.019897 	 99438.023438 	 540.486877 
154 	 41.678688 	 283.323761 	 295.512085 	 2.551335 	 99395.500000 	 657.511475 
155 	 41.678688 	 283.323761 	 295.879761 	 1.947998 	 99214.093750 	 674.430054 
156 	 41.678688 	 283.323761 	 295.937408 	 1.669257 	 98983.523438 	 663.294556 
157 	 41.678688 	 283.323761 	 296.214966 	 1.862965 	 98596.460938 	 704.713013 
158 	 41.678688 	 283.323761 	 293.018494 	 3.561174 	 98236.218750 	 521.671204 
159 	 41.678688 	 283.323761 	 287.740417 	 4.237840 	 98704.953125 	 640.268311 
160 	 41.678688 	 283.323761 	 285.067047 	 3.305719 	 99262.593750 	 637.623169 
161 	 41.678688 	 283.323761 	 286.536957 	 1.229413 	 99431.046875 	 616.503601 
162 	 41.678688 	 283.323761 	 292.473755 	 1.756453 	 98993.437500 	 652.083374 
163 	 41.678688 	 283.323761 	 295.224884 	 1.721458 	 99196.828125 	 682.253784 
164 	 41.678688 	 283.323761 	 296.828552 	 3.886034 	 98800.187500 	 669.587158 
165 	 41.678688 	 283.323761 	 299.028412 	 4.384290 	 98008.273438 	 607.304138 
166 	 41.678688 	 283.323761 	 298.442841 	 3.855569 	 97564.976562 	 664.073975 
167 	 41.678688 	 283.323761 	 294.982544 	 2.129360 	 97541.593750 	 628.173035 
168 	 41.678688 	 283.323761 	 294.471497 	 4.155096 	 97034.703125 	 647.707825 
169 	 41.678688 	 283.323761 	 287.387360 	 1.344896 	 97556.882812 	 489.054382 
170 	 41.678688 	 283.323761 	 283.958496 	 4.395063 	 97538.687500 	 530.034912 
171 	 41.678688 	 283.323761 	 285.428284 	 3.791827 	 98153.031250 	 650.370361 
172 	 41.678688 	 283.323761 	 287.635437 	 1.842402 	 98817.023438 	 650.458496 
173 	 41.678688 	 283.323761 	 289.150085 	 2.023235 	 99055.953125 	 575.465576 
174 	 41.678688 	 283.323761 	 296.311188 	 3.445989 	 98273.796875 	 692.098572 
175 	 41.678688 	 283.323761 	 300.494324 	 2.431472 	 98328.843750 	 710.796509 
176 	 41.678688 	 283.323761 	 301.645325 	 2.766948 	 98313.953125 	 715.862305 
177 	 41.678688 	 283.323761 	 298.914185 	 2.631331 	 98223.906250 	 641.771729 
178 	 41.678688 	 283.323761 	 297.597839 	 3.475094 	 97969.453125 	 649.897888 
179 	 41.678688 	 283.323761 	 295.842255 	 2.594782 	 98042.109375 	 691.988892 
180 	 41.678688 	 283.323761 	 293.901489 	 4.856499 	 97716.023438 	 625.634399 
181 	 41.678688 	 283.323761 	 289.108490 	 5.021358 	 98112.640625 	 581.779541 
182 	 41.678688 	 283.323761 	 290.936218 	 1.776815 	 98817.953125 	 641.845093 
183 	 41.678688 	 283.323761 	 291.394501 	 1.497664 	 98663.531250 	 668.017700 
184 	 41.678688 	 283.323761 	 290.299530 	 3.439114 	 98948.570312 	 688.113892 
185 	 41.678688 	 283.323761 	 289.341400 	 1.103526 	 99171.250000 	 666.716309 
186 	 41.678688 	 283.323761 	 293.271088 	 2.634154 	 98644.882812 	 636.627563 
187 	 41.678688 	 283.323761 	 296.844788 	 2.465356 	 98509.273438 	 705.733398 
188 	 41.678688 	 283.323761 	 298.763000 	 3.330973 	 98458.218750 	 685.374390 
189 	 41.678688 	 283.323761 	 298.459259 	 2.355600 	 98554.890625 	 682.079346 
190 	 41.678688 	 283.323761 	 300.693146 	 3.703485 	 98054.531250 	 713.720337 
191 	 41.678688 	 283.323761 	 298.248322 	 3.852635 	 98051.437500 	 662.626892 
192 	 41.678688 	 283.323761 	 288.693115 	 3.758254 	 98976.492188 	 656.379395 
193 	 41.678688 	 283.323761 	 287.400330 	 1.776025 	 99518.421875 	 645.795227 
194 	 41.678688 	 283.323761 	 291.004456 	 2.582253 	 99494.273438 	 666.592163 
195 	 41.678688 	 283.323761 	 295.487183 	 2.371538 	 98963.023438 	 603.279236 
196 	 41.678688 	 283.323761 	 294.950592 	 1.995905 	 98678.437500 	 675.744995 
197 	 41.678688 	 283.323761 	 296.777100 	 2.843403 	 98320.117188 	 682.839966 
198 	 41.678688 	 283.323761 	 297.545685 	 1.579316 	 98189.203125 	 695.833618 
199 	 41.678688 	 283.323761 	 297.887115 	 1.782940 	 97945.023438 	 680.186829 
200 	 41.678688 	 283.323761 	 295.274750 	 1.119505 	 98230.609375 	 689.599243 
201 	 41.678688 	 283.323761 	 294.947449 	 3.351121 	 98542.343750 	 678.631592 
202 	 41.678688 	 283.323761 	 292.863922 	 2.034729 	 99200.601562 	 656.287659 
203 	 41.678688 	 283.323761 	 296.985535 	 3.728050 	 98681.171875 	 684.390686 
204 	 41.678688 	 283.323761 	 298.236176 	 2.846543 	 98160.421875 	 673.815796 
205 	 41.678688 	 283.323761 	 295.390594 	 1.622231 	 98392.976562 	 648.239563 
206 	 41.678688 	 283.323761 	 296.696350 	 1.284539 	 98561.187500 	 671.840820 
207 	 41.678688 	 283.323761 	 298.164246 	 2.873670 	 98413.656250 	 650.630249 
208 	 41.678688 	 283.323761 	 296.553375 	 1.592682 	 98549.578125 	 630.946960 
209 	 41.678688 	 283.323761 	 299.106842 	 2.569792 	 98183.757812 	 646.671082 
210 	 41.678688 	 283.323761 	 295.415222 	 2.496267 	 98059.593750 	 654.276489 
211 	 41.678688 	 283.323761 	 290.950500 	 2.594527 	 98054.539062 	 657.140320 
212 	 41.678688 	 283.323761 	 289.279938 	 1.884056 	 98521.953125 	 611.237854 
213 	 41.678688 	 283.323761 	 287.835236 	 1.412865 	 98923.117188 	 625.063354 
214 	 41.678688 	 283.323761 	 288.966675 	 2.317284 	 99481.039062 	 642.806641 
215 	 41.678688 	 283.323761 	 289.520630 	 1.290280 	 99804.703125 	 624.809448 
216 	 41.678688 	 283.323761 	 292.613953 	 1.429057 	 99617.062500 	 641.232300 
217 	 41.678688 	 283.323761 	 295.343536 	 2.246145 	 99376.132812 	 599.861145 
218 	 41.678688 	 283.323761 	 294.179993 	 3.370367 	 98737.492188 	 563.727905 
219 	 41.678688 	 283.323761 	 294.422302 	 3.165983 	 98308.359375 	 607.188599 
220 	 41.678688 	 283.323761 	 292.682800 	 1.744624 	 98613.851562 	 623.955444 
221 	 41.678688 	 283.323761 	 294.754456 	 1.518668 	 98893.203125 	 678.641113 
222 	 41.678688 	 283.323761 	 298.581024 	 2.867000 	 98368.671875 	 607.127319 
223 	 41.678688 	 283.323761 	 299.257019 	 1.765696 	 98451.726562 	 679.923462 
224 	 41.678688 	 283.323761 	 300.295532 	 2.684390 	 98634.679688 	 650.621887 
225 	 41.678688 	 283.323761 	 296.627533 	 2.544313 	 99213.476562 	 651.545654 
226 	 41.678688 	 283.323761 	 295.481506 	 3.028053 	 98890.679688 	 641.204346 
227 	 41.678688 	 283.323761 	 297.010162 	 1.815786 	 98513.507812 	 653.944336 
228 	 41.678688 	 283.323761 	 296.283264 	 1.440697 	 98910.273438 	 635.200562 
229 	 41.678688 	 283.323761 	 297.400940 	 2.657508 	 98461.726562 	 659.679260 
230 	 41.678688 	 283.323761 	 293.822815 	 2.165228 	 98728.007812 	 629.610352 
231 	 41.678688 	 283.323761 	 294.344574 	 1.802767 	 99076.953125 	 614.038757 
232 	 41.678688 	 283.323761 	 297.445129 	 2.631194 	 98929.226562 	 636.341125 
233 	 41.678688 	 283.323761 	 298.606873 	 2.693912 	 98716.476562 	 630.983826 
234 	 41.678688 	 283.323761 	 297.352417 	 4.352526 	 98608.460938 	 647.700195 
235 	 41.678688 	 283.323761 	 288.339447 	 5.027111 	 99400.843750 	 599.053223 
236 	 41.678688 	 283.323761 	 286.641357 	 2.149476 	 100072.500000 	 582.033203 
237 	 41.678688 	 283.323761 	 288.893311 	 0.979198 	 100058.601562 	 597.055786 
238 	 41.678688 	 283.323761 	 293.045349 	 3.014683 	 99795.796875 	 595.642944 
239 	 41.678688 	 283.323761 	 295.761292 	 4.129396 	 99428.703125 	 605.740540 
240 	 41.678688 	 283.323761 	 295.602448 	 1.361531 	 99247.203125 	 616.029663 
241 	 41.678688 	 283.323761 	 297.093842 	 1.725284 	 99427.046875 	 614.339172 
242 	 41.678688 	 283.323761 	 298.515472 	 1.595771 	 99552.273438 	 621.421570 
243 	 41.678688 	 283.323761 	 300.362671 	 2.765227 	 98819.976562 	 629.776733 
244 	 41.678688 	 283.323761 	 299.076294 	 2.066662 	 98635.789062 	 604.168457 
245 	 41.678688 	 283.323761 	 298.582886 	 2.139087 	 98284.609375 	 568.969116 
246 	 41.678688 	 283.323761 	 297.931610 	 2.433091 	 98985.140625 	 556.052429 
247 	 41.678688 	 283.323761 	 294.149323 	 4.753802 	 99556.031250 	 560.688477 
248 	 41.678688 	 283.323761 	 296.162262 	 4.549798 	 99128.156250 	 573.011169 
249 	 41.678688 	 283.323761 	 297.671906 	 2.811813 	 98720.273438 	 542.496948 
250 	 41.678688 	 283.323761 	 294.377472 	 1.673776 	 98790.789062 	 557.562744 
251 	 41.678688 	 283.323761 	 293.614807 	 0.966580 	 98778.343750 	 590.925415 
252 	 41.678688 	 283.323761 	 293.649689 	 1.711980 	 99194.507812 	 540.006836 
253 	 41.678688 	 283.323761 	 293.419739 	 2.289235 	 99807.882812 	 561.850647 
254 	 41.678688 	 283.323761 	 293.559082 	 2.556126 	 100200.398438 	 575.768738 
255 	 41.678688 	 283.323761 	 292.454163 	 1.494035 	 100020.203125 	 578.257690 
256 	 41.678688 	 283.323761 	 292.911163 	 0.976811 	 99683.726562 	 563.008057 
257 	 41.678688 	 283.323761 	 294.763855 	 0.882130 	 99672.976562 	 588.813782 
258 	 41.678688 	 283.323761 	 294.688660 	 1.706833 	 99656.429688 	 552.451843 
259 	 41.678688 	 283.323761 	 293.995392 	 1.834141 	 99310.562500 	 575.105469 
260 	 41.678688 	 283.323761 	 294.169067 	 2.622847 	 99089.906250 	 566.247070 
261 	 41.678688 	 283.323761 	 293.783295 	 3.250162 	 98775.171875 	 503.374329 
262 	 41.678688 	 283.323761 	 291.825470 	 2.196610 	 98697.773438 	 524.628479 
263 	 41.678688 	 283.323761 	 291.378693 	 3.372224 	 99118.617188 	 566.436340 
264 	 41.678688 	 283.323761 	 291.240479 	 2.465842 	 99787.656250 	 554.406067 
265 	 41.678688 	 283.323761 	 289.032806 	 2.242591 	 100183.703125 	 524.180603 
266 	 41.678688 	 283.323761 	 288.739777 	 1.566806 	 99897.773438 	 533.223389 
267 	 41.678688 	 283.323761 	 289.653717 	 1.755452 	 99443.710938 	 536.744995 
268 	 41.678688 	 283.323761 	 291.302948 	 1.995670 	 98999.679688 	 502.508820 
269 	 41.678688 	 283.323761 	 292.811249 	 2.815872 	 98282.757812 	 544.421936 
270 	 41.678688 	 283.323761 	 287.751587 	 3.564951 	 98564.546875 	 521.617188 
271 	 41.678688 	 283.323761 	 283.199677 	 2.981247 	 99396.703125 	 352.710205 
272 	 41.678688 	 283.323761 	 283.069977 	 4.615804 	 99508.773438 	 372.895355 
273 	 41.678688 	 283.323761 	 285.021423 	 1.925406 	 98352.476562 	 419.230164 
274 	 41.678688 	 283.323761 	 283.824219 	 2.323257 	 98203.500000 	 428.299744 
275 	 41.678688 	 283.323761 	 283.507233 	 2.694993 	 98333.296875 	 409.205902 
276 	 41.678688 	 283.323761 	 284.661713 	 2.369280 	 98485.453125 	 514.159058 
277 	 41.678688 	 283.323761 	 286.441528 	 3.447367 	 98940.632812 	 492.477905 
278 	 41.678688 	 283.323761 	 283.943359 	 1.755127 	 99541.320312 	 503.955017 
279 	 41.678688 	 283.323761 	 287.442352 	 2.953750 	 99433.406250 	 505.820374 
280 	 41.678688 	 283.323761 	 288.466492 	 3.634978 	 99264.500000 	 495.886169 
281 	 41.678688 	 283.323761 	 289.605530 	 3.025397 	 98882.046875 	 511.465698 
282 	 41.678688 	 283.323761 	 284.452026 	 1.665005 	 98834.226562 	 482.331207 
283 	 41.678688 	 283.323761 	 285.661957 	 3.732754 	 98433.820312 	 474.898712 
284 	 41.678688 	 283.323761 	 280.285828 	 1.263473 	 99001.718750 	 473.264038 
285 	 41.678688 	 283.323761 	 283.642792 	 2.552130 	 98959.843750 	 456.801605 
286 	 41.678688 	 283.323761 	 287.279327 	 3.453727 	 98856.593750 	 492.200867 
287 	 41.678688 	 283.323761 	 288.393280 	 3.040471 	 99130.843750 	 458.876251 
288 	 41.678688 	 283.323761 	 290.335602 	 2.994581 	 99139.882812 	 425.822968 
289 	 41.678688 	 283.323761 	 290.623199 	 3.538127 	 98694.046875 	 469.164520 
290 	 41.678688 	 283.323761 	 281.913910 	 3.373712 	 99145.382812 	 455.448364 
291 	 41.678688 	 283.323761 	 280.563873 	 1.185271 	 99590.078125 	 471.204224 
292 	 41.678688 	 283.323761 	 282.427277 	 0.605071 	 99469.351562 	 454.669434 
293 	 41.678688 	 283.323761 	 283.719269 	 1.065144 	 99403.703125 	 481.252625 
294 	 41.678688 	 283.323761 	 281.450500 	 3.182083 	 99559.203125 	 457.715179 
295 	 41.678688 	 283.323761 	 277.707367 	 2.171096 	 100002.796875 	 420.171295 
296 	 41.678688 	 283.323761 	 281.667999 	 1.730310 	 99656.617188 	 428.550385 
297 	 41.678688 	 283.323761 	 278.927765 	 3.746068 	 99913.453125 	 421.285431 
298 	 41.678688 	 283.323761 	 276.624329 	 1.567757 	 100593.601562 	 418.798584 
299 	 41.678688 	 283.323761 	 281.787323 	 2.296171 	 100245.703125 	 433.363770 
300 	 41.678688 	 283.323761 	 284.601959 	 2.670997 	 99932.703125 	 424.663635 
301 	 41.678688 	 283.323761 	 285.880127 	 3.293716 	 99061.500000 	 386.645416 
302 	 41.678688 	 283.323761 	 283.346741 	 3.615212 	 98400.406250 	 433.075073 
303 	 41.678688 	 283.323761 	 279.409729 	 2.809195 	 99507.507812 	 424.744629 
304 	 41.678688 	 283.323761 	 277.823608 	 1.069956 	 100005.601562 	 408.905396 
305 	 41.678688 	 283.323761 	 277.782776 	 1.426075 	 99507.726562 	 366.676819 
306 	 41.678688 	 283.323761 	 281.959076 	 1.439089 	 98878.203125 	 410.132843 
307 	 41.678688 	 283.323761 	 285.134552 	 2.257991 	 98477.210938 	 427.442261 
308 	 41.678688 	 283.323761 	 283.112976 	 2.616097 	 97696.343750 	 362.118103 
309 	 41.678688 	 283.323761 	 276.567780 	 5.124001 	 97805.703125 	 377.048584 
310 	 41.678688 	 283.323761 	 272.962708 	 2.663574 	 98974.117188 	 314.083466 
311 	 41.678688 	 283.323761 	 278.690765 	 3.774495 	 98498.671875 	 387.444031 
312 	 41.678688 	 283.323761 	 273.532898 	 3.007751 	 98631.867188 	 355.045776 
313 	 41.678688 	 283.323761 	 269.062408 	 4.067575 	 99127.828125 	 369.129578 
314 	 41.678688 	 283.323761 	 268.693390 	 2.010257 	 99912.226562 	 364.358002 
315 	 41.678688 	 283.323761 	 273.879700 	 3.487806 	 100202.500000 	 374.231110 
316 	 41.678688 	 283.323761 	 277.154297 	 2.485525 	 100289.296875 	 377.459290 
317 	 41.678688 	 283.323761 	 278.909302 	 3.326693 	 99512.148438 	 356.894745 
318 	 41.678688 	 283.323761 	 278.835693 	 1.771895 	 99279.046875 	 401.663696 
319 	 41.678688 	 283.323761 	 275.315491 	 1.082819 	 99839.343750 	 366.330627 
320 	 41.678688 	 283.323761 	 279.915863 	 1.178560 	 99473.523438 	 382.549805 
321 	 41.678688 	 283.323761 	 279.614563 	 2.441189 	 99247.140625 	 378.927307 
322 	 41.678688 	 283.323761 	 280.001404 	 1.694662 	 99607.257812 	 392.671875 
323 	 41.678688 	 283.323761 	 278.848480 	 1.794383 	 99137.148438 	 348.961334 
324 	 41.678688 	 283.323761 	 275.212830 	 2.456188 	 98824.843750 	 366.614868 
325 	 41.678688 	 283.323761 	 275.928345 	 2.063324 	 98829.507812 	 357.024414 
326 	 41.678688 	 283.323761 	 275.089355 	 1.819536 	 99163.710938 	 348.110657 
327 	 41.678688 	 283.323761 	 280.904297 	 3.219353 	 98678.476562 	 346.746307 
328 	 41.678688 	 283.323761 	 278.093811 	 2.889635 	 97738.687500 	 357.810303 
329 	 41.678688 	 283.323761 	 274.427002 	 3.251600 	 98234.656250 	 373.584747 
330 	 41.678688 	 283.323761 	 272.038422 	 2.303185 	 98618.023438 	 334.484528 
331 	 41.678688 	 283.323761 	 272.631897 	 3.338679 	 98801.703125 	 350.140381 
332 	 41.678688 	 283.323761 	 273.481537 	 4.619056 	 98007.773438 	 353.249725 
333 	 41.678688 	 283.323761 	 270.595795 	 3.428889 	 99024.070312 	 318.583130 
334 	 41.678688 	 283.323761 	 275.821381 	 4.838172 	 98418.023438 	 359.261414 
335 	 41.678688 	 283.323761 	 270.122070 	 1.169210 	 99539.023438 	 332.608765 
336 	 41.678688 	 283.323761 	 269.983856 	 1.963785 	 99477.453125 	 332.660614 
337 	 41.678688 	 283.323761 	 273.012146 	 2.240025 	 98924.531250 	 338.226562 
338 	 41.678688 	 283.323761 	 273.441040 	 3.700300 	 98378.179688 	 314.027069 
339 	 41.678688 	 283.323761 	 274.260803 	 2.034277 	 97750.960938 	 329.979736 
340 	 41.678688 	 283.323761 	 269.917328 	 1.785231 	 97169.273438 	 300.313995 
341 	 41.678688 	 283.323761 	 270.934692 	 2.263685 	 97716.382812 	 346.954346 
342 	 41.678688 	 283.323761 	 271.421051 	 3.326937 	 98313.523438 	 320.323944 
343 	 41.678688 	 283.323761 	 272.604492 	 3.041295 	 98783.343750 	 323.510132 
344 	 41.678688 	 283.323761 	 271.136353 	 1.680662 	 99938.203125 	 334.979736 
345 	 41.678688 	 283.323761 	 274.411713 	 3.178043 	 99518.367188 	 332.667847 
346 	 41.678688 	 283.323761 	 277.561340 	 2.764514 	 99231.148438 	 342.552673 
347 	 41.678688 	 283.323761 	 279.294922 	 2.125373 	 98258.476562 	 376.427979 
348 	 41.678688 	 283.323761 	 274.349792 	 1.719943 	 97567.203125 	 353.904999 
349 	 41.678688 	 283.323761 	 271.760284 	 1.881067 	 97537.203125 	 318.004608 
350 	 41.678688 	 283.323761 	 270.644135 	 3.425575 	 97753.976562 	 333.073730 
351 	 41.678688 	 283.323761 	 269.188232 	 2.848323 	 98414.960938 	 312.071960 
352 	 41.678688 	 283.323761 	 273.229401 	 4.831386 	 97521.296875 	 348.076508 
353 	 41.678688 	 283.323761 	 270.286133 	 4.224754 	 97427.062500 	 322.685364 
354 	 41.678688 	 283.323761 	 268.461334 	 2.260437 	 98329.242188 	 300.624176 
355 	 41.678688 	 283.323761 	 268.969910 	 1.802594 	 98188.382812 	 322.903381 
356 	 41.678688 	 283.323761 	 267.032349 	 1.856735 	 98099.726562 	 300.579651 
357 	 41.678688 	 283.323761 	 268.247772 	 3.066167 	 98251.351562 	 302.575348 
358 	 41.678688 	 283.323761 	 266.869080 	 6.473818 	 96613.593750 	 311.867950 
359 	 41.678688 	 283.323761 	 267.744751 	 3.590570 	 97585.531250 	 291.658264 
360 	 41.678688 	 283.323761 	 269.034851 	 1.063289 	 98828.250000 	 331.574188 
361 	 41.678688 	 283.323761 	 274.524689 	 4.283614 	 98803.078125 	 326.135956 
362 	 41.678688 	 283.323761 	 269.435638 	 5.376772 	 98125.031250 	 334.632446 
363 	 41.678688 	 283.323761 	 263.549194 	 3.123231 	 99312.960938 	 279.648987 
364 	 41.678688 	 283.323761 	 268.223175 	 1.535092 	 98858.609375 	 320.933655 
