# 0: Day of Year [-] 	 1: lat [deg] 	 2: lon [deg] 	 3: tas [K] 	 4: sfcWind [m s-1] 	 5: ps [Pa] 	 6: Total Downwelling Rad Flux [W m-2] 
0 	 41.678688 	 283.323761 	 272.675476 	 4.025961 	 97670.593750 	 320.069519 
1 	 41.678688 	 283.323761 	 270.664368 	 4.385875 	 97001.476562 	 324.170532 
2 	 41.678688 	 283.323761 	 266.552155 	 3.542830 	 98255.078125 	 293.307709 
3 	 41.678688 	 283.323761 	 265.814667 	 2.412730 	 98988.273438 	 303.518951 
4 	 41.678688 	 283.323761 	 266.783997 	 2.247116 	 98805.476562 	 295.630768 
5 	 41.678688 	 283.323761 	 261.906006 	 2.381529 	 98920.539062 	 276.163452 
6 	 41.678688 	 283.323761 	 261.513611 	 0.546664 	 99446.890625 	 293.247498 
7 	 41.678688 	 283.323761 	 265.309143 	 2.422336 	 98976.148438 	 307.684784 
8 	 41.678688 	 283.323761 	 265.252197 	 2.963622 	 98822.570312 	 293.913513 
9 	 41.678688 	 283.323761 	 262.923767 	 0.875356 	 99293.023438 	 285.097137 
10 	 41.678688 	 283.323761 	 264.542450 	 1.805661 	 98412.039062 	 297.301453 
11 	 41.678688 	 283.323761 	 263.483246 	 3.251174 	 98435.953125 	 309.873138 
12 	 41.678688 	 283.323761 	 263.772461 	 2.166363 	 99602.046875 	 307.888763 
13 	 41.678688 	 283.323761 	 269.836548 	 2.158026 	 99500.070312 	 334.416840 
14 	 41.678688 	 283.323761 	 271.230072 	 1.229153 	 98900.156250 	 359.099121 
15 	 41.678688 	 283.323761 	 269.179626 	 1.795497 	 98289.640625 	 314.342438 
16 	 41.678688 	 283.323761 	 262.676270 	 1.381378 	 98035.210938 	 327.983276 
17 	 41.678688 	 283.323761 	 259.218689 	 2.225489 	 99477.960938 	 296.634460 
18 	 41.678688 	 283.323761 	 265.635773 	 3.784135 	 99869.593750 	 283.291748 
19 	 41.678688 	 283.323761 	 274.679749 	 1.644893 	 97944.093750 	 377.938751 
20 	 41.678688 	 283.323761 	 274.999207 	 3.952189 	 97746.820312 	 345.698914 
21 	 41.678688 	 283.323761 	 270.700653 	 2.922619 	 97672.523438 	 369.419769 
22 	 41.678688 	 283.323761 	 264.505890 	 2.717139 	 99043.421875 	 310.131287 
23 	 41.678688 	 283.323761 	 263.837372 	 1.767506 	 99654.531250 	 276.328003 
24 	 41.678688 	 283.323761 	 262.610626 	 4.106981 	 98025.687500 	 308.972290 
25 	 41.678688 	 283.323761 	 256.687744 	 2.758557 	 99123.390625 	 311.283997 
26 	 41.678688 	 283.323761 	 257.677521 	 1.412487 	 99379.242188 	 318.674133 
27 	 41.678688 	 283.323761 	 257.394470 	 1.965255 	 99832.953125 	 303.140198 
28 	 41.678688 	 283.323761 	 260.228699 	 1.362967 	 100121.703125 	 331.623474 
29 	 41.678688 	 283.323761 	 258.167755 	 1.641121 	 99888.359375 	 312.727478 
30 	 41.678688 	 283.323761 	 268.242432 	 1.608926 	 98875.523438 	 364.657684 
31 	 41.678688 	 283.323761 	 271.461090 	 2.519343 	 98509.703125 	 336.308228 
32 	 41.678688 	 283.323761 	 275.531219 	 2.212038 	 98871.742188 	 369.850128 
33 	 41.678688 	 283.323761 	 278.811218 	 3.605813 	 99393.023438 	 399.321960 
34 	 41.678688 	 283.323761 	 282.658203 	 3.262531 	 99048.929688 	 390.265015 
35 	 41.678688 	 283.323761 	 280.660889 	 2.844008 	 98861.726562 	 338.241272 
36 	 41.678688 	 283.323761 	 274.085052 	 1.509784 	 98966.273438 	 414.709534 
37 	 41.678688 	 283.323761 	 272.147125 	 2.129257 	 99163.992188 	 376.757141 
38 	 41.678688 	 283.323761 	 263.992554 	 3.244370 	 100430.898438 	 361.229736 
39 	 41.678688 	 283.323761 	 266.723419 	 4.792597 	 100052.898438 	 358.434448 
40 	 41.678688 	 283.323761 	 279.346130 	 3.086018 	 98506.601562 	 410.407715 
41 	 41.678688 	 283.323761 	 280.035919 	 2.624286 	 98861.421875 	 399.949341 
42 	 41.678688 	 283.323761 	 275.271210 	 2.254996 	 99859.609375 	 370.137543 
43 	 41.678688 	 283.323761 	 281.160034 	 3.324556 	 99138.968750 	 415.993561 
44 	 41.678688 	 283.323761 	 278.741638 	 1.049984 	 99661.531250 	 343.539551 
45 	 41.678688 	 283.323761 	 277.057159 	 3.060873 	 100856.101562 	 376.846405 
46 	 41.678688 	 283.323761 	 278.667023 	 4.641048 	 100260.101562 	 375.617188 
47 	 41.678688 	 283.323761 	 278.020142 	 3.773808 	 98658.609375 	 439.542786 
48 	 41.678688 	 283.323761 	 274.334808 	 3.719866 	 98529.617188 	 349.424500 
49 	 41.678688 	 283.323761 	 271.942993 	 2.503191 	 99015.476562 	 391.425507 
50 	 41.678688 	 283.323761 	 272.927094 	 1.407004 	 99227.648438 	 323.175018 
51 	 41.678688 	 283.323761 	 276.896332 	 1.866413 	 99073.843750 	 347.669556 
52 	 41.678688 	 283.323761 	 276.472290 	 2.572220 	 99419.851562 	 440.938599 
53 	 41.678688 	 283.323761 	 274.690857 	 1.726535 	 99618.546875 	 351.367859 
54 	 41.678688 	 283.323761 	 276.686432 	 1.743767 	 99408.921875 	 381.547699 
55 	 41.678688 	 283.323761 	 278.920197 	 0.859784 	 99351.351562 	 400.557159 
56 	 41.678688 	 283.323761 	 280.796844 	 1.671608 	 99274.281250 	 417.038025 
57 	 41.678688 	 283.323761 	 283.444824 	 2.941277 	 99061.046875 	 383.053040 
58 	 41.678688 	 283.323761 	 285.315033 	 1.856326 	 98713.687500 	 395.106689 
59 	 41.678688 	 283.323761 	 283.512512 	 1.981203 	 98405.429688 	 459.238495 
60 	 41.678688 	 283.323761 	 276.308960 	 3.140712 	 99136.492188 	 370.298767 
61 	 41.678688 	 283.323761 	 277.016937 	 3.917308 	 100003.101562 	 383.213745 
62 	 41.678688 	 283.323761 	 287.109772 	 4.667680 	 99100.257812 	 442.347778 
63 	 41.678688 	 283.323761 	 288.129547 	 3.033658 	 98722.320312 	 425.577972 
64 	 41.678688 	 283.323761 	 281.969543 	 4.372930 	 98068.773438 	 467.426666 
65 	 41.678688 	 283.323761 	 280.582977 	 3.904814 	 98274.750000 	 398.804657 
66 	 41.678688 	 283.323761 	 283.744110 	 4.269170 	 97208.656250 	 455.622070 
67 	 41.678688 	 283.323761 	 275.813660 	 2.836369 	 98541.046875 	 455.955627 
68 	 41.678688 	 283.323761 	 272.405853 	 1.796450 	 99481.429688 	 441.822174 
69 	 41.678688 	 283.323761 	 277.577972 	 4.457687 	 98550.343750 	 348.548096 
70 	 41.678688 	 283.323761 	 277.391418 	 3.183040 	 98640.601562 	 486.480530 
71 	 41.678688 	 283.323761 	 278.423553 	 2.590399 	 98674.093750 	 436.268158 
72 	 41.678688 	 283.323761 	 281.132355 	 3.281145 	 98154.140625 	 484.320923 
73 	 41.678688 	 283.323761 	 277.899017 	 2.207486 	 99290.531250 	 418.332092 
74 	 41.678688 	 283.323761 	 285.558502 	 5.226775 	 99079.140625 	 401.164825 
75 	 41.678688 	 283.323761 	 289.356079 	 4.841993 	 98501.398438 	 452.635559 
76 	 41.678688 	 283.323761 	 290.028625 	 6.284630 	 97773.718750 	 402.582275 
77 	 41.678688 	 283.323761 	 281.506653 	 3.229094 	 98364.726562 	 447.765076 
78 	 41.678688 	 283.323761 	 274.954041 	 2.099825 	 99629.398438 	 469.473541 
79 	 41.678688 	 283.323761 	 279.189484 	 4.342706 	 99815.796875 	 443.785706 
80 	 41.678688 	 283.323761 	 284.543335 	 6.116369 	 97856.281250 	 555.396362 
81 	 41.678688 	 283.323761 	 281.928223 	 2.696263 	 97850.242188 	 467.403931 
82 	 41.678688 	 283.323761 	 283.985352 	 4.304028 	 96421.546875 	 549.297729 
83 	 41.678688 	 283.323761 	 275.257111 	 4.131803 	 96437.812500 	 455.217957 
84 	 41.678688 	 283.323761 	 273.859406 	 3.794942 	 97334.257812 	 439.718628 
85 	 41.678688 	 283.323761 	 273.356262 	 3.298038 	 98017.742188 	 476.870972 
86 	 41.678688 	 283.323761 	 275.556000 	 3.454882 	 98591.382812 	 447.380585 
87 	 41.678688 	 283.323761 	 285.320587 	 5.352649 	 97395.437500 	 462.327179 
88 	 41.678688 	 283.323761 	 278.751099 	 3.754257 	 96209.453125 	 373.425293 
89 	 41.678688 	 283.323761 	 276.367218 	 4.147295 	 97075.343750 	 519.286011 
90 	 41.678688 	 283.323761 	 282.740143 	 4.646664 	 97636.031250 	 443.440735 
91 	 41.678688 	 283.323761 	 280.678223 	 2.797527 	 97436.476562 	 531.936707 
92 	 41.678688 	 283.323761 	 285.580109 	 4.913879 	 97975.507812 	 452.980530 
93 	 41.678688 	 283.323761 	 280.948364 	 4.425502 	 97107.476562 	 455.441833 
94 	 41.678688 	 283.323761 	 274.484253 	 3.906876 	 97716.226562 	 481.947388 
95 	 41.678688 	 283.323761 	 279.418762 	 3.573816 	 98321.218750 	 441.251282 
96 	 41.678688 	 283.323761 	 281.136353 	 4.113239 	 97699.843750 	 419.084595 
97 	 41.678688 	 283.323761 	 271.554291 	 3.369373 	 99450.898438 	 503.755432 
98 	 41.678688 	 283.323761 	 275.832123 	 3.766732 	 100132.398438 	 391.686157 
99 	 41.678688 	 283.323761 	 283.805237 	 2.718647 	 99599.828125 	 567.320251 
100 	 41.678688 	 283.323761 	 286.442535 	 4.265593 	 99510.648438 	 424.667023 
101 	 41.678688 	 283.323761 	 290.724548 	 5.546007 	 98597.429688 	 594.406128 
102 	 41.678688 	 283.323761 	 282.239410 	 3.746342 	 98081.171875 	 468.425201 
103 	 41.678688 	 283.323761 	 275.257660 	 4.163671 	 98259.859375 	 520.248169 
104 	 41.678688 	 283.323761 	 271.286987 	 2.087718 	 99566.796875 	 413.933594 
105 	 41.678688 	 283.323761 	 276.163910 	 5.541652 	 99296.218750 	 396.096680 
106 	 41.678688 	 283.323761 	 283.444366 	 3.362773 	 98334.929688 	 574.110840 
107 	 41.678688 	 283.323761 	 288.613861 	 2.551024 	 98751.828125 	 592.469177 
108 	 41.678688 	 283.323761 	 293.693420 	 3.296854 	 98651.742188 	 628.908325 
109 	 41.678688 	 283.323761 	 286.748901 	 2.531675 	 98893.828125 	 502.854187 
110 	 41.678688 	 283.323761 	 279.444031 	 4.865861 	 98423.046875 	 578.835022 
111 	 41.678688 	 283.323761 	 273.902283 	 2.182795 	 99632.742188 	 518.380493 
112 	 41.678688 	 283.323761 	 280.594879 	 3.431040 	 99558.656250 	 514.306702 
113 	 41.678688 	 283.323761 	 290.499268 	 3.876607 	 98790.812500 	 585.234070 
114 	 41.678688 	 283.323761 	 293.824188 	 4.788246 	 97971.296875 	 583.851807 
115 	 41.678688 	 283.323761 	 290.045319 	 1.812715 	 98134.078125 	 574.605835 
116 	 41.678688 	 283.323761 	 291.026031 	 2.527359 	 98473.531250 	 596.440369 
117 	 41.678688 	 283.323761 	 292.552490 	 3.321530 	 98047.570312 	 568.113647 
118 	 41.678688 	 283.323761 	 284.297516 	 3.015788 	 98653.390625 	 538.219849 
119 	 41.678688 	 283.323761 	 287.179626 	 1.607090 	 98645.546875 	 594.839844 
120 	 41.678688 	 283.323761 	 286.537292 	 2.679780 	 98516.867188 	 424.518616 
121 	 41.678688 	 283.323761 	 282.127747 	 3.784719 	 98391.406250 	 449.136353 
122 	 41.678688 	 283.323761 	 280.689697 	 2.675182 	 98529.937500 	 555.017212 
123 	 41.678688 	 283.323761 	 287.562744 	 3.904040 	 98064.906250 	 505.758423 
124 	 41.678688 	 283.323761 	 285.202972 	 2.255777 	 98615.843750 	 471.449463 
125 	 41.678688 	 283.323761 	 285.137634 	 1.536151 	 98883.437500 	 570.044617 
126 	 41.678688 	 283.323761 	 284.518372 	 2.599376 	 99239.906250 	 535.974670 
127 	 41.678688 	 283.323761 	 283.300110 	 5.958004 	 97756.187500 	 515.698608 
128 	 41.678688 	 283.323761 	 275.661102 	 2.793154 	 98274.476562 	 431.001221 
129 	 41.678688 	 283.323761 	 277.456177 	 3.444671 	 98220.726562 	 584.792969 
130 	 41.678688 	 283.323761 	 282.626312 	 4.455471 	 98317.562500 	 495.926392 
131 	 41.678688 	 283.323761 	 278.554840 	 5.352449 	 98107.687500 	 600.153076 
132 	 41.678688 	 283.323761 	 282.052185 	 2.613113 	 98538.273438 	 580.364136 
133 	 41.678688 	 283.323761 	 288.039673 	 2.645448 	 98161.406250 	 588.825684 
134 	 41.678688 	 283.323761 	 288.558624 	 2.612480 	 98363.976562 	 611.090576 
135 	 41.678688 	 283.323761 	 283.900330 	 4.108754 	 97957.320312 	 642.920471 
136 	 41.678688 	 283.323761 	 280.392517 	 2.963844 	 98471.992188 	 425.941101 
137 	 41.678688 	 283.323761 	 281.882782 	 3.022864 	 98128.867188 	 604.339844 
138 	 41.678688 	 283.323761 	 283.276520 	 2.819487 	 98599.203125 	 605.567871 
139 	 41.678688 	 283.323761 	 287.193451 	 5.096675 	 98018.671875 	 482.322662 
140 	 41.678688 	 283.323761 	 281.259979 	 3.380756 	 98533.398438 	 605.694885 
141 	 41.678688 	 283.323761 	 286.624664 	 4.849699 	 98476.343750 	 523.815063 
142 	 41.678688 	 283.323761 	 288.225220 	 2.601826 	 97853.867188 	 512.824036 
143 	 41.678688 	 283.323761 	 284.980255 	 2.616137 	 98597.976562 	 628.058716 
144 	 41.678688 	 283.323761 	 287.149200 	 1.651501 	 99008.367188 	 624.514282 
145 	 41.678688 	 283.323761 	 287.355682 	 0.939209 	 99220.609375 	 647.979309 
146 	 41.678688 	 283.323761 	 289.827881 	 3.649992 	 99171.468750 	 657.352234 
147 	 41.678688 	 283.323761 	 292.580292 	 5.146340 	 98572.007812 	 669.888062 
148 	 41.678688 	 283.323761 	 293.893646 	 3.767431 	 98119.000000 	 666.472778 
149 	 41.678688 	 283.323761 	 289.787628 	 1.923476 	 98445.546875 	 647.017578 
150 	 41.678688 	 283.323761 	 294.876343 	 4.406780 	 97912.226562 	 646.103394 
151 	 41.678688 	 283.323761 	 293.529480 	 2.619230 	 97970.351562 	 548.642578 
152 	 41.678688 	 283.323761 	 292.640961 	 4.283400 	 97636.257812 	 643.766846 
153 	 41.678688 	 283.323761 	 289.640778 	 4.276579 	 97732.429688 	 485.721710 
154 	 41.678688 	 283.323761 	 281.226807 	 5.342351 	 98431.210938 	 629.684265 
155 	 41.678688 	 283.323761 	 280.968323 	 3.130282 	 99069.953125 	 496.647705 
156 	 41.678688 	 283.323761 	 282.234375 	 2.205494 	 99304.921875 	 617.792236 
157 	 41.678688 	 283.323761 	 284.328522 	 1.905638 	 98914.703125 	 548.978027 
158 	 41.678688 	 283.323761 	 287.755951 	 1.800138 	 98493.367188 	 573.150024 
159 	 41.678688 	 283.323761 	 290.568329 	 0.513486 	 98596.953125 	 669.747192 
160 	 41.678688 	 283.323761 	 292.833954 	 1.339781 	 98559.203125 	 631.046387 
161 	 41.678688 	 283.323761 	 293.697571 	 1.545423 	 98343.601562 	 670.028198 
162 	 41.678688 	 283.323761 	 293.537323 	 4.394446 	 97597.523438 	 588.762451 
163 	 41.678688 	 283.323761 	 291.808105 	 4.896482 	 97215.031250 	 687.714722 
164 	 41.678688 	 283.323761 	 288.333069 	 3.242271 	 98205.687500 	 656.230835 
165 	 41.678688 	 283.323761 	 288.039185 	 1.618090 	 98411.859375 	 669.953857 
166 	 41.678688 	 283.323761 	 287.966003 	 2.015003 	 98609.976562 	 621.733398 
167 	 41.678688 	 283.323761 	 287.171356 	 1.757795 	 99241.617188 	 652.064941 
168 	 41.678688 	 283.323761 	 289.557892 	 1.848682 	 99680.429688 	 664.393921 
169 	 41.678688 	 283.323761 	 293.031281 	 4.722136 	 99202.796875 	 646.845459 
170 	 41.678688 	 283.323761 	 292.572235 	 3.003785 	 98902.296875 	 689.258301 
171 	 41.678688 	 283.323761 	 293.970490 	 1.853971 	 99169.023438 	 655.764038 
172 	 41.678688 	 283.323761 	 297.227020 	 4.725328 	 98816.203125 	 667.003906 
173 	 41.678688 	 283.323761 	 296.563812 	 4.020920 	 98488.007812 	 707.150818 
174 	 41.678688 	 283.323761 	 292.350708 	 1.882933 	 98863.523438 	 674.017700 
175 	 41.678688 	 283.323761 	 293.412689 	 2.416544 	 98705.507812 	 583.611694 
176 	 41.678688 	 283.323761 	 294.279999 	 3.423573 	 98443.039062 	 498.812256 
177 	 41.678688 	 283.323761 	 299.314117 	 4.010204 	 97923.312500 	 613.034302 
178 	 41.678688 	 283.323761 	 300.191010 	 3.307733 	 97777.578125 	 726.248291 
179 	 41.678688 	 283.323761 	 298.360168 	 2.670095 	 97899.132812 	 631.013489 
180 	 41.678688 	 283.323761 	 294.572296 	 2.424293 	 97664.859375 	 686.718140 
181 	 41.678688 	 283.323761 	 291.456360 	 2.226167 	 98130.023438 	 677.440552 
182 	 41.678688 	 283.323761 	 291.788300 	 2.562266 	 98699.679688 	 671.898315 
183 	 41.678688 	 283.323761 	 295.337280 	 5.327357 	 97926.351562 	 634.083557 
184 	 41.678688 	 283.323761 	 293.092102 	 3.271664 	 97420.773438 	 658.099487 
185 	 41.678688 	 283.323761 	 293.643524 	 2.226479 	 97749.007812 	 694.512329 
186 	 41.678688 	 283.323761 	 293.795380 	 1.389035 	 98185.046875 	 681.253052 
187 	 41.678688 	 283.323761 	 293.430389 	 2.528591 	 98077.039062 	 624.271912 
188 	 41.678688 	 283.323761 	 290.809387 	 2.751384 	 97899.789062 	 641.303467 
189 	 41.678688 	 283.323761 	 289.842590 	 1.717107 	 98619.093750 	 670.275146 
190 	 41.678688 	 283.323761 	 292.253632 	 1.321237 	 99125.406250 	 675.192139 
191 	 41.678688 	 283.323761 	 295.456970 	 3.114246 	 98686.843750 	 688.943115 
192 	 41.678688 	 283.323761 	 295.570709 	 3.212106 	 97972.226562 	 612.264343 
193 	 41.678688 	 283.323761 	 291.859009 	 2.296932 	 98153.546875 	 686.698486 
194 	 41.678688 	 283.323761 	 292.584137 	 2.916449 	 98153.453125 	 561.649414 
195 	 41.678688 	 283.323761 	 290.065308 	 2.805295 	 98048.476562 	 680.690735 
196 	 41.678688 	 283.323761 	 286.083710 	 3.291609 	 98005.578125 	 612.500488 
197 	 41.678688 	 283.323761 	 286.452179 	 2.618378 	 98075.773438 	 595.904968 
198 	 41.678688 	 283.323761 	 287.304565 	 2.960917 	 98458.179688 	 638.741150 
199 	 41.678688 	 283.323761 	 287.080292 	 2.908052 	 98932.492188 	 589.756470 
200 	 41.678688 	 283.323761 	 286.382111 	 2.405946 	 98983.406250 	 580.980835 
201 	 41.678688 	 283.323761 	 287.152588 	 1.407126 	 98927.617188 	 611.541870 
202 	 41.678688 	 283.323761 	 288.233734 	 1.015960 	 98949.328125 	 648.762146 
203 	 41.678688 	 283.323761 	 289.714478 	 1.814634 	 99017.843750 	 512.476501 
204 	 41.678688 	 283.323761 	 290.357605 	 2.091810 	 98581.796875 	 641.824463 
205 	 41.678688 	 283.323761 	 287.773956 	 2.568971 	 98765.632812 	 555.168884 
206 	 41.678688 	 283.323761 	 289.635040 	 4.007781 	 99062.023438 	 673.723572 
207 	 41.678688 	 283.323761 	 289.345734 	 1.779452 	 99202.640625 	 634.278442 
208 	 41.678688 	 283.323761 	 290.948181 	 0.930220 	 99238.296875 	 663.340576 
209 	 41.678688 	 283.323761 	 295.115814 	 3.092029 	 98951.710938 	 678.006348 
210 	 41.678688 	 283.323761 	 297.216278 	 4.487471 	 98132.109375 	 630.859619 
211 	 41.678688 	 283.323761 	 294.347351 	 2.998816 	 97803.273438 	 505.158508 
212 	 41.678688 	 283.323761 	 293.467377 	 1.535228 	 98655.203125 	 666.368652 
213 	 41.678688 	 283.323761 	 296.842438 	 3.229150 	 98289.796875 	 658.229004 
214 	 41.678688 	 283.323761 	 294.458038 	 2.838856 	 98405.828125 	 671.294556 
215 	 41.678688 	 283.323761 	 290.777222 	 1.572087 	 99015.859375 	 629.122314 
216 	 41.678688 	 283.323761 	 298.808502 	 4.383701 	 98552.898438 	 671.412842 
217 	 41.678688 	 283.323761 	 302.613953 	 4.280185 	 98028.257812 	 691.742065 
218 	 41.678688 	 283.323761 	 295.919952 	 4.005386 	 98558.968750 	 666.867676 
219 	 41.678688 	 283.323761 	 292.222900 	 1.357229 	 99199.742188 	 570.504089 
220 	 41.678688 	 283.323761 	 292.925751 	 2.423110 	 98613.000000 	 572.899658 
221 	 41.678688 	 283.323761 	 295.404205 	 3.095161 	 97722.953125 	 685.870239 
222 	 41.678688 	 283.323761 	 291.470306 	 2.833270 	 98152.156250 	 637.994141 
223 	 41.678688 	 283.323761 	 290.291473 	 1.851217 	 99291.742188 	 630.047607 
224 	 41.678688 	 283.323761 	 294.119415 	 1.508040 	 99296.218750 	 646.027466 
225 	 41.678688 	 283.323761 	 299.285400 	 1.953842 	 98840.203125 	 667.736023 
226 	 41.678688 	 283.323761 	 298.955383 	 1.130316 	 98805.789062 	 669.890076 
227 	 41.678688 	 283.323761 	 299.382996 	 1.912413 	 98867.226562 	 657.550903 
228 	 41.678688 	 283.323761 	 301.358673 	 2.330167 	 98846.703125 	 662.267822 
229 	 41.678688 	 283.323761 	 302.583557 	 2.273635 	 99011.703125 	 680.005554 
230 	 41.678688 	 283.323761 	 299.176971 	 1.873363 	 98898.171875 	 603.176147 
231 	 41.678688 	 283.323761 	 296.599945 	 1.601040 	 99172.773438 	 660.732056 
232 	 41.678688 	 283.323761 	 296.017395 	 2.468941 	 99588.656250 	 636.042786 
233 	 41.678688 	 283.323761 	 295.681000 	 3.041838 	 99465.421875 	 587.094421 
234 	 41.678688 	 283.323761 	 295.283752 	 1.521681 	 99016.226562 	 613.158691 
235 	 41.678688 	 283.323761 	 292.585266 	 3.271459 	 98962.867188 	 634.460693 
236 	 41.678688 	 283.323761 	 290.217651 	 1.044951 	 99188.890625 	 610.238403 
237 	 41.678688 	 283.323761 	 292.398651 	 3.429361 	 99021.226562 	 535.749512 
238 	 41.678688 	 283.323761 	 293.917480 	 3.322506 	 98489.718750 	 634.861206 
239 	 41.678688 	 283.323761 	 290.847443 	 3.274400 	 98702.148438 	 630.468994 
240 	 41.678688 	 283.323761 	 286.685822 	 1.609539 	 99386.093750 	 535.773315 
241 	 41.678688 	 283.323761 	 289.499634 	 4.681588 	 99102.250000 	 455.847382 
242 	 41.678688 	 283.323761 	 292.434174 	 4.101708 	 98434.429688 	 563.819580 
243 	 41.678688 	 283.323761 	 290.427429 	 2.516387 	 99230.523438 	 626.770020 
244 	 41.678688 	 283.323761 	 289.009399 	 1.820988 	 99151.906250 	 580.506226 
245 	 41.678688 	 283.323761 	 291.563873 	 3.353906 	 98775.460938 	 596.872253 
246 	 41.678688 	 283.323761 	 285.508759 	 1.463719 	 99593.343750 	 551.477661 
247 	 41.678688 	 283.323761 	 287.374176 	 3.167675 	 99222.179688 	 497.821350 
248 	 41.678688 	 283.323761 	 291.329193 	 3.646449 	 98549.382812 	 466.737213 
249 	 41.678688 	 283.323761 	 292.902740 	 2.353433 	 97994.078125 	 447.737000 
250 	 41.678688 	 283.323761 	 288.195068 	 3.180097 	 97628.546875 	 564.334961 
251 	 41.678688 	 283.323761 	 284.332489 	 3.510097 	 97691.976562 	 467.367798 
252 	 41.678688 	 283.323761 	 281.573273 	 4.141191 	 98193.976562 	 508.567444 
253 	 41.678688 	 283.323761 	 285.226715 	 2.356909 	 98627.382812 	 550.371094 
254 	 41.678688 	 283.323761 	 288.190338 	 1.358592 	 99072.570312 	 553.264282 
255 	 41.678688 	 283.323761 	 290.164520 	 0.890597 	 99527.718750 	 561.856079 
256 	 41.678688 	 283.323761 	 292.110199 	 1.893948 	 99542.468750 	 567.634705 
257 	 41.678688 	 283.323761 	 294.995026 	 3.045957 	 98990.828125 	 575.201904 
258 	 41.678688 	 283.323761 	 294.386871 	 2.249040 	 98700.406250 	 489.366638 
259 	 41.678688 	 283.323761 	 292.911438 	 2.616923 	 99681.906250 	 557.014587 
260 	 41.678688 	 283.323761 	 294.527527 	 3.598791 	 99813.476562 	 554.988342 
261 	 41.678688 	 283.323761 	 295.226471 	 3.365927 	 99417.351562 	 563.131836 
262 	 41.678688 	 283.323761 	 296.913055 	 2.929745 	 98974.046875 	 592.493164 
263 	 41.678688 	 283.323761 	 293.916901 	 3.011049 	 98542.742188 	 511.553894 
264 	 41.678688 	 283.323761 	 286.226471 	 1.834503 	 99413.320312 	 525.827271 
265 	 41.678688 	 283.323761 	 288.847809 	 1.722167 	 99790.812500 	 540.504944 
266 	 41.678688 	 283.323761 	 291.623352 	 2.264688 	 99848.742188 	 529.415771 
267 	 41.678688 	 283.323761 	 291.042572 	 2.098950 	 99781.148438 	 492.051758 
268 	 41.678688 	 283.323761 	 291.916779 	 1.962388 	 99499.203125 	 470.001709 
269 	 41.678688 	 283.323761 	 292.939514 	 3.262050 	 99128.960938 	 542.664062 
270 	 41.678688 	 283.323761 	 285.620605 	 1.856670 	 99002.023438 	 532.851624 
271 	 41.678688 	 283.323761 	 282.813080 	 1.075819 	 98868.453125 	 490.161316 
272 	 41.678688 	 283.323761 	 283.549103 	 0.805745 	 99031.218750 	 492.924744 
273 	 41.678688 	 283.323761 	 285.108582 	 1.403450 	 99073.156250 	 501.246216 
274 	 41.678688 	 283.323761 	 290.061066 	 2.048508 	 98859.718750 	 512.458984 
275 	 41.678688 	 283.323761 	 290.201691 	 1.878002 	 99052.343750 	 516.359863 
276 	 41.678688 	 283.323761 	 291.115082 	 2.174383 	 98653.218750 	 489.645325 
277 	 41.678688 	 283.323761 	 289.905853 	 1.367626 	 98358.523438 	 516.429016 
278 	 41.678688 	 283.323761 	 285.809509 	 2.093797 	 98372.976562 	 472.796661 
279 	 41.678688 	 283.323761 	 280.397095 	 2.082205 	 99157.476562 	 455.810638 
280 	 41.678688 	 283.323761 	 284.252716 	 2.914427 	 99349.679688 	 476.940735 
281 	 41.678688 	 283.323761 	 289.462280 	 2.892030 	 98627.023438 	 483.128479 
282 	 41.678688 	 283.323761 	 292.256683 	 2.665887 	 98562.546875 	 500.307739 
283 	 41.678688 	 283.323761 	 291.602478 	 1.196612 	 99171.320312 	 505.705444 
284 	 41.678688 	 283.323761 	 294.154388 	 2.591192 	 98767.976562 	 461.769745 
285 	 41.678688 	 283.323761 	 285.221710 	 4.731858 	 98708.570312 	 477.327789 
286 	 41.678688 	 283.323761 	 277.472748 	 2.746376 	 99895.390625 	 416.339813 
287 	 41.678688 	 283.323761 	 279.815582 	 2.553665 	 99919.617188 	 400.170715 
288 	 41.678688 	 283.323761 	 282.268188 	 0.881434 	 100152.601562 	 443.526550 
289 	 41.678688 	 283.323761 	 283.057800 	 0.827238 	 100188.500000 	 447.911682 
290 	 41.678688 	 283.323761 	 283.686890 	 1.053629 	 100126.703125 	 446.095215 
291 	 41.678688 	 283.323761 	 283.012085 	 1.201125 	 100182.703125 	 426.216248 
292 	 41.678688 	 283.323761 	 285.972656 	 2.021693 	 99907.523438 	 401.961853 
293 	 41.678688 	 283.323761 	 285.180115 	 1.074077 	 100146.203125 	 453.069916 
294 	 41.678688 	 283.323761 	 284.987335 	 1.767158 	 100625.898438 	 442.824219 
295 	 41.678688 	 283.323761 	 288.205078 	 2.744854 	 100114.000000 	 456.509857 
296 	 41.678688 	 283.323761 	 289.073914 	 3.124993 	 99197.117188 	 445.933594 
297 	 41.678688 	 283.323761 	 284.414032 	 0.809530 	 99524.179688 	 440.019165 
298 	 41.678688 	 283.323761 	 287.179321 	 0.886285 	 99494.570312 	 459.274414 
299 	 41.678688 	 283.323761 	 288.248260 	 0.938683 	 99469.742188 	 435.415009 
300 	 41.678688 	 283.323761 	 287.815918 	 1.501465 	 99376.070312 	 455.931519 
301 	 41.678688 	 283.323761 	 287.023865 	 2.483333 	 99345.101562 	 433.200745 
302 	 41.678688 	 283.323761 	 288.116852 	 2.588903 	 99157.156250 	 415.709900 
303 	 41.678688 	 283.323761 	 285.738953 	 2.532457 	 98467.960938 	 382.918884 
304 	 41.678688 	 283.323761 	 275.853149 	 3.799713 	 96929.031250 	 363.972748 
305 	 41.678688 	 283.323761 	 275.520233 	 3.185829 	 97599.281250 	 376.567841 
306 	 41.678688 	 283.323761 	 275.249298 	 2.935933 	 97917.781250 	 350.135284 
307 	 41.678688 	 283.323761 	 277.227051 	 2.814062 	 98293.320312 	 400.286804 
308 	 41.678688 	 283.323761 	 275.398224 	 2.221999 	 98500.796875 	 357.698303 
309 	 41.678688 	 283.323761 	 276.462494 	 3.426602 	 98353.500000 	 385.507507 
310 	 41.678688 	 283.323761 	 273.349548 	 4.397727 	 98822.679688 	 389.525696 
311 	 41.678688 	 283.323761 	 271.779510 	 1.645329 	 99075.382812 	 313.890045 
312 	 41.678688 	 283.323761 	 272.521759 	 2.836593 	 98424.296875 	 364.544403 
313 	 41.678688 	 283.323761 	 269.417603 	 1.673341 	 98659.218750 	 362.387817 
314 	 41.678688 	 283.323761 	 276.236176 	 2.500986 	 97948.359375 	 386.352600 
315 	 41.678688 	 283.323761 	 280.057800 	 3.106013 	 97455.343750 	 355.065277 
316 	 41.678688 	 283.323761 	 276.009155 	 3.083729 	 97045.328125 	 403.677338 
317 	 41.678688 	 283.323761 	 272.203369 	 3.545923 	 97126.281250 	 342.928040 
318 	 41.678688 	 283.323761 	 269.014923 	 3.136566 	 97159.203125 	 305.437836 
319 	 41.678688 	 283.323761 	 270.341461 	 2.853505 	 97275.656250 	 356.460114 
320 	 41.678688 	 283.323761 	 271.775635 	 2.805236 	 97995.187500 	 320.642242 
321 	 41.678688 	 283.323761 	 273.684814 	 3.014825 	 97811.398438 	 377.567078 
322 	 41.678688 	 283.323761 	 273.612183 	 4.118002 	 98059.039062 	 351.425568 
323 	 41.678688 	 283.323761 	 271.488770 	 2.787180 	 98430.601562 	 347.363831 
324 	 41.678688 	 283.323761 	 269.511597 	 1.016361 	 99503.148438 	 334.060883 
325 	 41.678688 	 283.323761 	 275.006226 	 3.711581 	 99461.906250 	 350.938538 
326 	 41.678688 	 283.323761 	 280.363434 	 3.942640 	 97863.976562 	 391.051025 
327 	 41.678688 	 283.323761 	 272.569794 	 1.844866 	 98175.382812 	 322.620483 
328 	 41.678688 	 283.323761 	 275.690491 	 2.984124 	 97731.140625 	 321.214294 
329 	 41.678688 	 283.323761 	 273.805603 	 1.659153 	 97910.726562 	 340.265625 
330 	 41.678688 	 283.323761 	 270.304535 	 3.158689 	 97098.859375 	 324.739838 
331 	 41.678688 	 283.323761 	 271.015991 	 3.620737 	 96775.593750 	 306.263000 
332 	 41.678688 	 283.323761 	 268.558960 	 4.221573 	 97681.109375 	 312.710144 
333 	 41.678688 	 283.323761 	 269.639587 	 2.821699 	 98575.773438 	 315.793304 
334 	 41.678688 	 283.323761 	 271.630432 	 1.653994 	 99145.632812 	 343.241638 
335 	 41.678688 	 283.323761 	 273.043060 	 1.498382 	 99500.882812 	 352.557831 
336 	 41.678688 	 283.323761 	 280.298523 	 3.287172 	 99471.906250 	 384.224548 
337 	 41.678688 	 283.323761 	 283.056976 	 2.738396 	 99531.562500 	 400.971588 
338 	 41.678688 	 283.323761 	 280.726898 	 2.357107 	 99440.140625 	 326.561554 
339 	 41.678688 	 283.323761 	 282.896759 	 3.960670 	 98819.273438 	 363.856354 
340 	 41.678688 	 283.323761 	 277.836365 	 2.931881 	 98544.656250 	 340.753998 
341 	 41.678688 	 283.323761 	 274.312805 	 2.031051 	 99137.476562 	 355.487335 
342 	 41.678688 	 283.323761 	 271.880493 	 1.659508 	 99445.492188 	 324.037201 
343 	 41.678688 	 283.323761 	 275.782257 	 4.559779 	 98366.757812 	 305.215851 
344 	 41.678688 	 283.323761 	 272.589600 	 4.567801 	 98223.968750 	 321.192627 
345 	 41.678688 	 283.323761 	 268.115814 	 2.136259 	 98680.257812 	 303.688110 
346 	 41.678688 	 283.323761 	 271.171692 	 1.970020 	 97946.953125 	 293.746002 
347 	 41.678688 	 283.323761 	 269.043549 	 2.985910 	 97312.546875 	 326.681519 
348 	 41.678688 	 283.323761 	 266.161285 	 4.080604 	 97694.382812 	 306.324066 
349 	 41.678688 	 283.323761 	 272.556396 	 3.982327 	 97480.351562 	 338.855743 
350 	 41.678688 	 283.323761 	 269.746521 	 3.157789 	 98233.546875 	 290.584198 
351 	 41.678688 	 283.323761 	 265.280548 	 3.131278 	 99052.023438 	 291.178192 
352 	 41.678688 	 283.323761 	 266.177032 	 1.417682 	 99422.250000 	 315.799255 
353 	 41.678688 	 283.323761 	 261.330505 	 1.959544 	 99877.132812 	 266.700623 
354 	 41.678688 	 283.323761 	 267.226837 	 3.564403 	 98900.773438 	 324.029602 
355 	 41.678688 	 283.323761 	 275.260223 	 2.922648 	 98314.812500 	 348.687622 
356 	 41.678688 	 283.323761 	 277.432007 	 3.769812 	 98508.546875 	 329.809174 
357 	 41.678688 	 283.323761 	 277.489532 	 3.665727 	 98381.843750 	 352.794464 
358 	 41.678688 	 283.323761 	 269.129181 	 1.915134 	 100098.000000 	 299.914001 
359 	 41.678688 	 283.323761 	 273.609467 	 3.958373 	 99691.726562 	 298.307373 
360 	 41.678688 	 283.323761 	 275.880280 	 2.100711 	 98310.546875 	 362.336060 
361 	 41.678688 	 283.323761 	 275.054749 	 2.672828 	 98295.828125 	 366.679749 
362 	 41.678688 	 283.323761 	 279.149292 	 4.878058 	 97854.070312 	 353.646667 
363 	 41.678688 	 283.323761 	 276.681000 	 4.512233 	 97358.351562 	 372.833191 
364 	 41.678688 	 283.323761 	 268.988892 	 4.127608 	 99059.859375 	 296.821899 
