# 0: Day of Year [-] 	 1: lat [deg] 	 2: lon [deg] 	 3: tas [K] 	 4: sfcWind [m s-1] 	 5: ps [Pa] 	 6: Total Downwelling Rad Flux [W m-2] 
0 	 41.678688 	 283.323761 	 275.583832 	 2.162716 	 99152.273438 	 336.871887 
1 	 41.678688 	 283.323761 	 277.426849 	 4.649182 	 98661.382812 	 347.337891 
2 	 41.678688 	 283.323761 	 280.350586 	 3.600027 	 97458.218750 	 355.407440 
3 	 41.678688 	 283.323761 	 270.606262 	 4.302809 	 97357.117188 	 330.252106 
4 	 41.678688 	 283.323761 	 265.960785 	 4.158401 	 98696.992188 	 310.306396 
5 	 41.678688 	 283.323761 	 265.982574 	 0.831039 	 100015.203125 	 311.111023 
6 	 41.678688 	 283.323761 	 266.882202 	 0.483071 	 100764.203125 	 313.953796 
7 	 41.678688 	 283.323761 	 269.735260 	 1.054578 	 100167.703125 	 327.752441 
8 	 41.678688 	 283.323761 	 273.638245 	 2.148656 	 99463.992188 	 328.690460 
9 	 41.678688 	 283.323761 	 275.081665 	 1.145363 	 99009.023438 	 366.055817 
10 	 41.678688 	 283.323761 	 274.016663 	 2.072597 	 98968.640625 	 331.372803 
11 	 41.678688 	 283.323761 	 278.011963 	 3.280610 	 98418.882812 	 333.384521 
12 	 41.678688 	 283.323761 	 277.389679 	 2.042596 	 98192.757812 	 356.873718 
13 	 41.678688 	 283.323761 	 269.797424 	 2.570214 	 98319.226562 	 322.595825 
14 	 41.678688 	 283.323761 	 266.051605 	 3.213939 	 98883.398438 	 345.142456 
15 	 41.678688 	 283.323761 	 264.771942 	 1.263108 	 99348.796875 	 297.668945 
16 	 41.678688 	 283.323761 	 267.930542 	 2.143340 	 98483.750000 	 329.564514 
17 	 41.678688 	 283.323761 	 266.354889 	 5.902383 	 96581.117188 	 326.657043 
18 	 41.678688 	 283.323761 	 266.343658 	 3.715288 	 97435.000000 	 307.738831 
19 	 41.678688 	 283.323761 	 262.723541 	 2.417402 	 98064.976562 	 293.121765 
20 	 41.678688 	 283.323761 	 265.710114 	 2.843273 	 97561.812500 	 312.834839 
21 	 41.678688 	 283.323761 	 268.833008 	 4.164142 	 97100.453125 	 308.211426 
22 	 41.678688 	 283.323761 	 263.219177 	 2.450240 	 98234.007812 	 305.343231 
23 	 41.678688 	 283.323761 	 265.024170 	 2.656217 	 98673.117188 	 338.708923 
24 	 41.678688 	 283.323761 	 265.604462 	 3.682947 	 98724.726562 	 319.111115 
25 	 41.678688 	 283.323761 	 266.377655 	 3.625444 	 98265.656250 	 321.057465 
26 	 41.678688 	 283.323761 	 263.150177 	 1.738979 	 98638.179688 	 277.506500 
27 	 41.678688 	 283.323761 	 261.263458 	 2.852347 	 98496.093750 	 306.696472 
28 	 41.678688 	 283.323761 	 265.483795 	 3.053766 	 98982.640625 	 319.814148 
29 	 41.678688 	 283.323761 	 268.496826 	 2.299966 	 98905.406250 	 308.334778 
30 	 41.678688 	 283.323761 	 268.470673 	 2.335567 	 98011.101562 	 353.538910 
31 	 41.678688 	 283.323761 	 263.087646 	 3.533379 	 97913.812500 	 315.919891 
32 	 41.678688 	 283.323761 	 267.986206 	 3.897099 	 97695.679688 	 332.338776 
33 	 41.678688 	 283.323761 	 265.158447 	 3.219384 	 97901.382812 	 333.726929 
34 	 41.678688 	 283.323761 	 265.315277 	 4.352585 	 98213.226562 	 274.132080 
35 	 41.678688 	 283.323761 	 267.001892 	 2.069146 	 98958.617188 	 353.935364 
36 	 41.678688 	 283.323761 	 262.438324 	 1.438191 	 100026.500000 	 324.869629 
37 	 41.678688 	 283.323761 	 265.684937 	 3.338562 	 100283.601562 	 326.752411 
38 	 41.678688 	 283.323761 	 277.284119 	 4.588068 	 98502.546875 	 356.420746 
39 	 41.678688 	 283.323761 	 273.147339 	 4.376265 	 98285.171875 	 411.677551 
40 	 41.678688 	 283.323761 	 261.735535 	 1.935350 	 100170.796875 	 337.298218 
41 	 41.678688 	 283.323761 	 263.943512 	 0.693536 	 100140.203125 	 347.008209 
42 	 41.678688 	 283.323761 	 270.805756 	 2.584986 	 100002.703125 	 333.274536 
43 	 41.678688 	 283.323761 	 279.049866 	 2.975318 	 99108.093750 	 384.600372 
44 	 41.678688 	 283.323761 	 275.005066 	 1.480471 	 99101.773438 	 372.484070 
45 	 41.678688 	 283.323761 	 273.272125 	 2.258739 	 99949.953125 	 411.094788 
46 	 41.678688 	 283.323761 	 275.740997 	 3.022971 	 98971.718750 	 339.617828 
47 	 41.678688 	 283.323761 	 271.536530 	 4.044881 	 98616.343750 	 408.978394 
48 	 41.678688 	 283.323761 	 268.729645 	 2.210582 	 100168.296875 	 374.054321 
49 	 41.678688 	 283.323761 	 272.696686 	 3.745866 	 100237.101562 	 384.691772 
50 	 41.678688 	 283.323761 	 276.977234 	 3.325719 	 99464.843750 	 398.519714 
51 	 41.678688 	 283.323761 	 278.507751 	 1.769741 	 99532.078125 	 384.788605 
52 	 41.678688 	 283.323761 	 279.635590 	 3.046762 	 99232.687500 	 394.841736 
53 	 41.678688 	 283.323761 	 277.059265 	 2.928256 	 98643.203125 	 463.657898 
54 	 41.678688 	 283.323761 	 275.825348 	 3.397605 	 98568.726562 	 455.280396 
55 	 41.678688 	 283.323761 	 275.902344 	 3.962883 	 98465.718750 	 444.622253 
56 	 41.678688 	 283.323761 	 275.836609 	 3.774506 	 98422.062500 	 417.936768 
57 	 41.678688 	 283.323761 	 278.993225 	 2.438895 	 98549.679688 	 437.433777 
58 	 41.678688 	 283.323761 	 278.415161 	 1.385593 	 98638.093750 	 374.020508 
59 	 41.678688 	 283.323761 	 277.304565 	 1.860561 	 98648.226562 	 393.586578 
60 	 41.678688 	 283.323761 	 270.510040 	 3.734287 	 98957.656250 	 418.033997 
61 	 41.678688 	 283.323761 	 269.600067 	 2.409049 	 98754.242188 	 400.200623 
62 	 41.678688 	 283.323761 	 272.601196 	 1.507657 	 98581.726562 	 415.829437 
63 	 41.678688 	 283.323761 	 274.754395 	 1.772864 	 98955.703125 	 432.827301 
64 	 41.678688 	 283.323761 	 278.901917 	 2.108167 	 98844.656250 	 451.575409 
65 	 41.678688 	 283.323761 	 276.879913 	 1.162508 	 98434.109375 	 430.459412 
66 	 41.678688 	 283.323761 	 277.593262 	 4.176986 	 96090.906250 	 348.736603 
67 	 41.678688 	 283.323761 	 274.104340 	 6.618268 	 95930.460938 	 369.114899 
68 	 41.678688 	 283.323761 	 275.805542 	 4.802622 	 98030.687500 	 460.267578 
69 	 41.678688 	 283.323761 	 281.757812 	 2.092911 	 98709.890625 	 334.326843 
70 	 41.678688 	 283.323761 	 280.657990 	 2.749210 	 98065.710938 	 398.020996 
71 	 41.678688 	 283.323761 	 274.628296 	 3.725481 	 98274.101562 	 472.435944 
72 	 41.678688 	 283.323761 	 273.579224 	 1.662124 	 99029.406250 	 449.722382 
73 	 41.678688 	 283.323761 	 276.509583 	 5.332288 	 98941.039062 	 341.277466 
74 	 41.678688 	 283.323761 	 282.383057 	 3.891432 	 97379.148438 	 434.870697 
75 	 41.678688 	 283.323761 	 273.279999 	 3.660342 	 98638.562500 	 446.247681 
76 	 41.678688 	 283.323761 	 273.375336 	 2.467863 	 99503.593750 	 350.588409 
77 	 41.678688 	 283.323761 	 283.409454 	 2.755330 	 97778.382812 	 439.681793 
78 	 41.678688 	 283.323761 	 275.604614 	 5.401647 	 98271.671875 	 472.950439 
79 	 41.678688 	 283.323761 	 270.635101 	 2.567869 	 100238.898438 	 446.794250 
80 	 41.678688 	 283.323761 	 278.431213 	 4.605787 	 99777.070312 	 391.334381 
81 	 41.678688 	 283.323761 	 280.911041 	 3.905754 	 98369.656250 	 542.732666 
82 	 41.678688 	 283.323761 	 275.691193 	 2.765685 	 98742.406250 	 388.053406 
83 	 41.678688 	 283.323761 	 275.492584 	 2.390208 	 98891.953125 	 471.447266 
84 	 41.678688 	 283.323761 	 275.341278 	 2.914266 	 98300.796875 	 414.028351 
85 	 41.678688 	 283.323761 	 274.026062 	 4.582630 	 95593.562500 	 352.720978 
86 	 41.678688 	 283.323761 	 266.915131 	 6.308229 	 95166.757812 	 498.914642 
87 	 41.678688 	 283.323761 	 262.957550 	 3.029305 	 97199.906250 	 436.794739 
88 	 41.678688 	 283.323761 	 266.059723 	 3.070943 	 97935.046875 	 456.861938 
89 	 41.678688 	 283.323761 	 263.795654 	 2.954969 	 99343.312500 	 460.754150 
90 	 41.678688 	 283.323761 	 270.082642 	 4.448174 	 99160.593750 	 357.623169 
91 	 41.678688 	 283.323761 	 283.134491 	 3.808074 	 97821.242188 	 492.452637 
92 	 41.678688 	 283.323761 	 289.332092 	 3.999201 	 97931.218750 	 563.079285 
93 	 41.678688 	 283.323761 	 282.823212 	 2.916335 	 98337.476562 	 406.892395 
94 	 41.678688 	 283.323761 	 274.022552 	 3.035361 	 98699.500000 	 405.018158 
95 	 41.678688 	 283.323761 	 273.414581 	 1.558401 	 99921.609375 	 501.413055 
96 	 41.678688 	 283.323761 	 277.698273 	 0.841728 	 100210.101562 	 527.240356 
97 	 41.678688 	 283.323761 	 281.358765 	 2.255697 	 99859.289062 	 531.438538 
98 	 41.678688 	 283.323761 	 282.622192 	 5.428622 	 98760.976562 	 394.029205 
99 	 41.678688 	 283.323761 	 281.103058 	 3.612239 	 98286.187500 	 566.107178 
100 	 41.678688 	 283.323761 	 277.858429 	 1.909979 	 99605.117188 	 528.561584 
101 	 41.678688 	 283.323761 	 283.654480 	 3.697272 	 99777.046875 	 562.123901 
102 	 41.678688 	 283.323761 	 286.833649 	 4.470856 	 99230.843750 	 472.031067 
103 	 41.678688 	 283.323761 	 288.046387 	 3.371446 	 98580.593750 	 538.847229 
104 	 41.678688 	 283.323761 	 280.511169 	 3.370244 	 98949.593750 	 527.906189 
105 	 41.678688 	 283.323761 	 276.637268 	 3.178134 	 99071.132812 	 551.873413 
106 	 41.678688 	 283.323761 	 277.221832 	 2.374694 	 99124.796875 	 531.473633 
107 	 41.678688 	 283.323761 	 277.278870 	 0.974866 	 99576.757812 	 540.305359 
108 	 41.678688 	 283.323761 	 279.659607 	 1.553137 	 99657.382812 	 544.967346 
109 	 41.678688 	 283.323761 	 281.261353 	 1.274534 	 99345.296875 	 561.792236 
110 	 41.678688 	 283.323761 	 281.176239 	 0.673603 	 99082.156250 	 565.198242 
111 	 41.678688 	 283.323761 	 283.280853 	 1.540565 	 98940.609375 	 489.183685 
112 	 41.678688 	 283.323761 	 284.640228 	 1.547313 	 98980.179688 	 546.651672 
113 	 41.678688 	 283.323761 	 286.081360 	 2.379847 	 99077.976562 	 582.609863 
114 	 41.678688 	 283.323761 	 285.923401 	 2.009143 	 99566.937500 	 584.391907 
115 	 41.678688 	 283.323761 	 287.415192 	 1.730277 	 98848.796875 	 587.704895 
116 	 41.678688 	 283.323761 	 290.435486 	 2.259156 	 98319.656250 	 600.569824 
117 	 41.678688 	 283.323761 	 291.110107 	 3.545152 	 97585.226562 	 473.803925 
118 	 41.678688 	 283.323761 	 280.271729 	 2.911948 	 98346.843750 	 447.482971 
119 	 41.678688 	 283.323761 	 281.038574 	 3.556854 	 98900.429688 	 561.278320 
120 	 41.678688 	 283.323761 	 285.625854 	 3.199061 	 99009.320312 	 539.868774 
121 	 41.678688 	 283.323761 	 285.179352 	 1.619311 	 98900.882812 	 535.805725 
122 	 41.678688 	 283.323761 	 291.858429 	 2.874269 	 98087.343750 	 622.646973 
123 	 41.678688 	 283.323761 	 295.740295 	 3.639068 	 97630.187500 	 654.940247 
124 	 41.678688 	 283.323761 	 289.824738 	 3.317666 	 97807.320312 	 602.686035 
125 	 41.678688 	 283.323761 	 284.993988 	 2.630075 	 99089.492188 	 519.421326 
126 	 41.678688 	 283.323761 	 287.904999 	 5.099504 	 98658.226562 	 513.569824 
127 	 41.678688 	 283.323761 	 287.996216 	 3.860899 	 97350.882812 	 593.510498 
128 	 41.678688 	 283.323761 	 282.615936 	 3.331538 	 97526.773438 	 489.658813 
129 	 41.678688 	 283.323761 	 282.554138 	 3.017869 	 98055.117188 	 521.651123 
130 	 41.678688 	 283.323761 	 281.841492 	 1.213670 	 98398.757812 	 465.445862 
131 	 41.678688 	 283.323761 	 282.655579 	 2.939328 	 97923.140625 	 634.076172 
132 	 41.678688 	 283.323761 	 280.392700 	 0.872208 	 98503.437500 	 568.180420 
133 	 41.678688 	 283.323761 	 282.828430 	 1.759657 	 98637.789062 	 443.438110 
134 	 41.678688 	 283.323761 	 285.484497 	 1.072772 	 98866.070312 	 589.326782 
135 	 41.678688 	 283.323761 	 285.216278 	 1.093197 	 98817.101562 	 492.320251 
136 	 41.678688 	 283.323761 	 287.311035 	 1.725985 	 98357.742188 	 509.464050 
137 	 41.678688 	 283.323761 	 289.613556 	 2.664105 	 98382.421875 	 647.972656 
138 	 41.678688 	 283.323761 	 289.747894 	 1.395101 	 98061.578125 	 646.594971 
139 	 41.678688 	 283.323761 	 293.912781 	 1.878255 	 97822.960938 	 661.586609 
140 	 41.678688 	 283.323761 	 294.562561 	 4.136249 	 97626.906250 	 609.349976 
141 	 41.678688 	 283.323761 	 288.638489 	 4.035559 	 98407.609375 	 626.561646 
142 	 41.678688 	 283.323761 	 290.130219 	 4.053472 	 97955.921875 	 496.994324 
143 	 41.678688 	 283.323761 	 284.585663 	 4.125124 	 97272.437500 	 562.599243 
144 	 41.678688 	 283.323761 	 283.927551 	 3.083641 	 98027.187500 	 629.036316 
145 	 41.678688 	 283.323761 	 284.665833 	 2.793912 	 98430.203125 	 404.018707 
146 	 41.678688 	 283.323761 	 285.524597 	 3.135230 	 98048.593750 	 545.584778 
147 	 41.678688 	 283.323761 	 285.488068 	 3.869456 	 98672.109375 	 565.198242 
148 	 41.678688 	 283.323761 	 286.835815 	 2.172271 	 98911.929688 	 610.116760 
149 	 41.678688 	 283.323761 	 289.134491 	 2.562112 	 98923.117188 	 660.460083 
150 	 41.678688 	 283.323761 	 291.384949 	 5.009027 	 98756.601562 	 660.396240 
151 	 41.678688 	 283.323761 	 286.333618 	 3.842248 	 98793.523438 	 638.081665 
152 	 41.678688 	 283.323761 	 285.410187 	 1.372747 	 99181.156250 	 626.326660 
153 	 41.678688 	 283.323761 	 290.080688 	 3.069313 	 98888.406250 	 651.957947 
154 	 41.678688 	 283.323761 	 294.502350 	 2.233684 	 98792.867188 	 688.408142 
155 	 41.678688 	 283.323761 	 296.420532 	 1.230138 	 98983.078125 	 686.919312 
156 	 41.678688 	 283.323761 	 296.865936 	 1.860758 	 98923.523438 	 695.074585 
157 	 41.678688 	 283.323761 	 297.516327 	 3.126605 	 98471.609375 	 703.785767 
158 	 41.678688 	 283.323761 	 297.148956 	 3.737601 	 97909.781250 	 657.684631 
159 	 41.678688 	 283.323761 	 292.612488 	 4.300072 	 98182.593750 	 681.453796 
160 	 41.678688 	 283.323761 	 287.229126 	 2.356842 	 99326.546875 	 640.818115 
161 	 41.678688 	 283.323761 	 290.216705 	 4.656578 	 99034.476562 	 634.929443 
162 	 41.678688 	 283.323761 	 294.980072 	 3.192520 	 98316.523438 	 688.793396 
163 	 41.678688 	 283.323761 	 291.901672 	 1.648443 	 98529.406250 	 673.747009 
164 	 41.678688 	 283.323761 	 292.166870 	 2.014070 	 98982.242188 	 553.916992 
165 	 41.678688 	 283.323761 	 293.546906 	 3.601289 	 99203.117188 	 674.421692 
166 	 41.678688 	 283.323761 	 293.472046 	 2.037708 	 99358.093750 	 671.183533 
167 	 41.678688 	 283.323761 	 294.423157 	 1.470727 	 99282.460938 	 691.881226 
168 	 41.678688 	 283.323761 	 294.194061 	 1.942317 	 98898.093750 	 684.880554 
169 	 41.678688 	 283.323761 	 295.966705 	 1.365786 	 98622.328125 	 690.832153 
170 	 41.678688 	 283.323761 	 298.236359 	 1.777189 	 98533.750000 	 707.575806 
171 	 41.678688 	 283.323761 	 297.669159 	 2.701930 	 98481.546875 	 706.113586 
172 	 41.678688 	 283.323761 	 294.691742 	 1.261438 	 98840.351562 	 683.525940 
173 	 41.678688 	 283.323761 	 296.359406 	 2.632967 	 98793.250000 	 687.845947 
174 	 41.678688 	 283.323761 	 296.677094 	 3.349582 	 98218.843750 	 637.551147 
175 	 41.678688 	 283.323761 	 291.608337 	 1.740863 	 98143.890625 	 616.941284 
176 	 41.678688 	 283.323761 	 289.181793 	 2.553150 	 98300.148438 	 664.173828 
177 	 41.678688 	 283.323761 	 287.662628 	 2.346025 	 98760.531250 	 581.262451 
178 	 41.678688 	 283.323761 	 286.150665 	 2.178992 	 99056.312500 	 588.964783 
179 	 41.678688 	 283.323761 	 287.839691 	 2.643577 	 99288.117188 	 640.400757 
180 	 41.678688 	 283.323761 	 288.697845 	 1.346744 	 99206.906250 	 657.387329 
181 	 41.678688 	 283.323761 	 292.404114 	 1.467073 	 98620.203125 	 631.511047 
182 	 41.678688 	 283.323761 	 295.383179 	 2.966750 	 97978.898438 	 675.956482 
183 	 41.678688 	 283.323761 	 292.950836 	 1.480056 	 98089.078125 	 609.694031 
184 	 41.678688 	 283.323761 	 295.790192 	 2.962639 	 97817.421875 	 663.147827 
185 	 41.678688 	 283.323761 	 294.610840 	 1.509290 	 98174.726562 	 684.125610 
186 	 41.678688 	 283.323761 	 295.319702 	 3.437838 	 97876.101562 	 579.241089 
187 	 41.678688 	 283.323761 	 288.918549 	 2.846328 	 98590.742188 	 663.417603 
188 	 41.678688 	 283.323761 	 288.966766 	 1.130447 	 98839.476562 	 573.659912 
189 	 41.678688 	 283.323761 	 294.573853 	 2.763360 	 98613.406250 	 640.889038 
190 	 41.678688 	 283.323761 	 295.713043 	 2.844031 	 98585.531250 	 690.561768 
191 	 41.678688 	 283.323761 	 297.017181 	 4.073137 	 98026.843750 	 663.622864 
192 	 41.678688 	 283.323761 	 292.368896 	 3.924002 	 98198.617188 	 690.434326 
193 	 41.678688 	 283.323761 	 285.608826 	 2.290314 	 99173.406250 	 624.917847 
194 	 41.678688 	 283.323761 	 284.454132 	 1.692521 	 99509.406250 	 588.962158 
195 	 41.678688 	 283.323761 	 286.661224 	 0.462665 	 99633.187500 	 636.972473 
196 	 41.678688 	 283.323761 	 290.701843 	 1.077093 	 99744.851562 	 667.774048 
197 	 41.678688 	 283.323761 	 293.622803 	 1.707326 	 99641.117188 	 663.564697 
198 	 41.678688 	 283.323761 	 295.765625 	 0.783370 	 99447.703125 	 688.165833 
199 	 41.678688 	 283.323761 	 296.651489 	 1.316116 	 99205.312500 	 693.270569 
200 	 41.678688 	 283.323761 	 296.737213 	 2.124837 	 98809.617188 	 666.330872 
201 	 41.678688 	 283.323761 	 295.949127 	 2.204419 	 98567.148438 	 568.663452 
202 	 41.678688 	 283.323761 	 297.029785 	 3.432198 	 98302.242188 	 679.829956 
203 	 41.678688 	 283.323761 	 297.826965 	 3.709007 	 98039.578125 	 647.354858 
204 	 41.678688 	 283.323761 	 294.222260 	 2.344247 	 98197.773438 	 650.071777 
205 	 41.678688 	 283.323761 	 294.810638 	 3.250297 	 97973.773438 	 611.302429 
206 	 41.678688 	 283.323761 	 290.308899 	 2.418715 	 98177.609375 	 650.733582 
207 	 41.678688 	 283.323761 	 291.787506 	 2.497423 	 98581.187500 	 659.065063 
208 	 41.678688 	 283.323761 	 291.123688 	 2.096335 	 98479.921875 	 482.259521 
209 	 41.678688 	 283.323761 	 287.613922 	 5.082250 	 98419.179688 	 663.650391 
210 	 41.678688 	 283.323761 	 286.881653 	 1.104107 	 99157.171875 	 628.798401 
211 	 41.678688 	 283.323761 	 290.456238 	 1.789081 	 99061.218750 	 631.158813 
212 	 41.678688 	 283.323761 	 296.013031 	 3.862681 	 98470.203125 	 617.578735 
213 	 41.678688 	 283.323761 	 292.669861 	 4.697835 	 98482.601562 	 639.121948 
214 	 41.678688 	 283.323761 	 292.605988 	 2.134170 	 98992.812500 	 606.009277 
215 	 41.678688 	 283.323761 	 299.248810 	 2.767113 	 98244.601562 	 695.429565 
216 	 41.678688 	 283.323761 	 294.252167 	 3.674673 	 98558.828125 	 661.291992 
217 	 41.678688 	 283.323761 	 288.232269 	 0.930391 	 99187.507812 	 621.170776 
218 	 41.678688 	 283.323761 	 293.919891 	 3.240723 	 98847.773438 	 636.795654 
219 	 41.678688 	 283.323761 	 299.461792 	 3.751138 	 98254.093750 	 673.865601 
220 	 41.678688 	 283.323761 	 300.117767 	 3.643075 	 98087.953125 	 671.484985 
221 	 41.678688 	 283.323761 	 299.077087 	 1.757518 	 98447.843750 	 692.105225 
222 	 41.678688 	 283.323761 	 294.795959 	 1.927987 	 98974.570312 	 651.612183 
223 	 41.678688 	 283.323761 	 294.611176 	 2.057410 	 98955.968750 	 581.747742 
224 	 41.678688 	 283.323761 	 298.084259 	 3.840714 	 98345.351562 	 672.662598 
225 	 41.678688 	 283.323761 	 297.523010 	 2.232389 	 98121.460938 	 650.680054 
226 	 41.678688 	 283.323761 	 297.394287 	 2.297682 	 98085.250000 	 663.939453 
227 	 41.678688 	 283.323761 	 297.636841 	 1.449544 	 98459.156250 	 648.501709 
228 	 41.678688 	 283.323761 	 298.651764 	 3.530850 	 98244.882812 	 669.408813 
229 	 41.678688 	 283.323761 	 297.298401 	 3.474770 	 98020.492188 	 672.220398 
230 	 41.678688 	 283.323761 	 292.853851 	 1.923498 	 98583.773438 	 630.123047 
231 	 41.678688 	 283.323761 	 292.334167 	 1.338913 	 98978.007812 	 578.626221 
232 	 41.678688 	 283.323761 	 292.908112 	 1.466086 	 99304.273438 	 548.983459 
233 	 41.678688 	 283.323761 	 292.484680 	 2.727334 	 99581.492188 	 626.267700 
234 	 41.678688 	 283.323761 	 294.409363 	 2.038099 	 99378.117188 	 633.715210 
235 	 41.678688 	 283.323761 	 297.339386 	 2.071070 	 98980.953125 	 652.409546 
236 	 41.678688 	 283.323761 	 297.202942 	 1.734667 	 99186.109375 	 637.778564 
237 	 41.678688 	 283.323761 	 295.595032 	 2.943522 	 98654.851562 	 625.629822 
238 	 41.678688 	 283.323761 	 293.354675 	 3.940716 	 98203.953125 	 615.792969 
239 	 41.678688 	 283.323761 	 290.860260 	 3.166002 	 98663.820312 	 585.054871 
240 	 41.678688 	 283.323761 	 299.750519 	 5.479278 	 97825.117188 	 644.177429 
241 	 41.678688 	 283.323761 	 285.818237 	 3.205229 	 99083.617188 	 569.099609 
242 	 41.678688 	 283.323761 	 285.554291 	 2.555806 	 99414.437500 	 417.946686 
243 	 41.678688 	 283.323761 	 288.348785 	 2.045735 	 99247.539062 	 597.933838 
244 	 41.678688 	 283.323761 	 294.508331 	 4.248287 	 98783.593750 	 597.407898 
245 	 41.678688 	 283.323761 	 292.638977 	 3.916056 	 98198.812500 	 549.566833 
246 	 41.678688 	 283.323761 	 288.627716 	 1.662341 	 98757.906250 	 573.710510 
247 	 41.678688 	 283.323761 	 290.500671 	 1.693645 	 98683.843750 	 485.980865 
248 	 41.678688 	 283.323761 	 287.673004 	 3.087070 	 98933.773438 	 576.783264 
249 	 41.678688 	 283.323761 	 282.191650 	 2.286932 	 99870.226562 	 509.528778 
250 	 41.678688 	 283.323761 	 291.925171 	 2.941161 	 98823.859375 	 472.604187 
251 	 41.678688 	 283.323761 	 292.641205 	 1.808338 	 98824.546875 	 496.068878 
252 	 41.678688 	 283.323761 	 293.177063 	 3.405503 	 98598.093750 	 585.487183 
253 	 41.678688 	 283.323761 	 284.694824 	 3.531574 	 99197.773438 	 517.801819 
254 	 41.678688 	 283.323761 	 286.301086 	 3.543392 	 99559.648438 	 442.529907 
255 	 41.678688 	 283.323761 	 291.447052 	 4.493868 	 98001.578125 	 511.737213 
256 	 41.678688 	 283.323761 	 286.572998 	 2.972868 	 98494.882812 	 543.397278 
257 	 41.678688 	 283.323761 	 286.809998 	 1.586052 	 99373.632812 	 538.445862 
258 	 41.678688 	 283.323761 	 286.250580 	 1.317544 	 99724.226562 	 548.647339 
259 	 41.678688 	 283.323761 	 284.703674 	 1.194955 	 99174.742188 	 522.223022 
260 	 41.678688 	 283.323761 	 286.135162 	 2.102240 	 98894.007812 	 484.976074 
261 	 41.678688 	 283.323761 	 290.373535 	 3.498600 	 99346.570312 	 453.786621 
262 	 41.678688 	 283.323761 	 290.715271 	 2.991626 	 99270.226562 	 481.797485 
263 	 41.678688 	 283.323761 	 291.491455 	 2.113091 	 99086.273438 	 510.583008 
264 	 41.678688 	 283.323761 	 291.151428 	 3.082339 	 98824.453125 	 477.926514 
265 	 41.678688 	 283.323761 	 285.526031 	 3.599702 	 98658.609375 	 515.602295 
266 	 41.678688 	 283.323761 	 284.214233 	 2.767716 	 99416.523438 	 531.320312 
267 	 41.678688 	 283.323761 	 288.840912 	 2.771060 	 98847.132812 	 519.902344 
268 	 41.678688 	 283.323761 	 286.047668 	 2.562112 	 98603.476562 	 514.417969 
269 	 41.678688 	 283.323761 	 283.923126 	 2.200068 	 99100.820312 	 489.773438 
270 	 41.678688 	 283.323761 	 284.771088 	 3.021627 	 99400.867188 	 506.742981 
271 	 41.678688 	 283.323761 	 291.161224 	 3.214389 	 98741.843750 	 522.905518 
272 	 41.678688 	 283.323761 	 283.589569 	 1.300531 	 99711.796875 	 490.688049 
273 	 41.678688 	 283.323761 	 286.919647 	 2.806299 	 99344.078125 	 475.390991 
274 	 41.678688 	 283.323761 	 292.627869 	 2.792759 	 98586.929688 	 556.537170 
275 	 41.678688 	 283.323761 	 292.590851 	 2.120034 	 98789.117188 	 530.529053 
276 	 41.678688 	 283.323761 	 292.731354 	 1.516111 	 99045.687500 	 506.875916 
277 	 41.678688 	 283.323761 	 289.669983 	 0.570108 	 99271.507812 	 498.198303 
278 	 41.678688 	 283.323761 	 289.670135 	 3.275264 	 98488.460938 	 453.487793 
279 	 41.678688 	 283.323761 	 277.027740 	 4.353016 	 98937.820312 	 413.008301 
280 	 41.678688 	 283.323761 	 277.035278 	 2.899684 	 99605.171875 	 481.951416 
281 	 41.678688 	 283.323761 	 280.688599 	 1.316279 	 99803.382812 	 466.184937 
282 	 41.678688 	 283.323761 	 285.013214 	 1.953498 	 99573.281250 	 463.970642 
283 	 41.678688 	 283.323761 	 286.567596 	 1.887346 	 99687.257812 	 420.293060 
284 	 41.678688 	 283.323761 	 288.003662 	 3.964466 	 99020.062500 	 449.996338 
285 	 41.678688 	 283.323761 	 282.781891 	 3.450669 	 98475.476562 	 389.371490 
286 	 41.678688 	 283.323761 	 278.017273 	 3.807912 	 98491.726562 	 392.463623 
287 	 41.678688 	 283.323761 	 277.640442 	 2.164590 	 98935.492188 	 465.354492 
288 	 41.678688 	 283.323761 	 279.160370 	 3.017033 	 98957.437500 	 418.064026 
289 	 41.678688 	 283.323761 	 276.560760 	 1.781765 	 99967.882812 	 415.772125 
290 	 41.678688 	 283.323761 	 277.148712 	 2.525678 	 100110.796875 	 429.061554 
291 	 41.678688 	 283.323761 	 284.210144 	 3.472472 	 98867.351562 	 440.583710 
292 	 41.678688 	 283.323761 	 280.828430 	 1.725172 	 98818.679688 	 434.653625 
293 	 41.678688 	 283.323761 	 284.212067 	 2.919487 	 98356.179688 	 446.042084 
294 	 41.678688 	 283.323761 	 284.703827 	 3.004615 	 97967.593750 	 400.014526 
295 	 41.678688 	 283.323761 	 277.061279 	 2.505227 	 98406.148438 	 388.206512 
296 	 41.678688 	 283.323761 	 276.800873 	 2.021062 	 98661.648438 	 424.406342 
297 	 41.678688 	 283.323761 	 284.091309 	 3.167684 	 98878.601562 	 432.850128 
298 	 41.678688 	 283.323761 	 289.865051 	 3.669200 	 98687.226562 	 493.993652 
299 	 41.678688 	 283.323761 	 288.535187 	 3.772326 	 98531.226562 	 397.548157 
300 	 41.678688 	 283.323761 	 283.253632 	 4.501757 	 97746.062500 	 396.943481 
301 	 41.678688 	 283.323761 	 274.901459 	 4.387231 	 98314.687500 	 405.435059 
302 	 41.678688 	 283.323761 	 274.990875 	 2.496304 	 99235.531250 	 408.517914 
303 	 41.678688 	 283.323761 	 274.689880 	 1.537140 	 99614.812500 	 377.940430 
304 	 41.678688 	 283.323761 	 279.053650 	 3.438882 	 99136.960938 	 372.948914 
305 	 41.678688 	 283.323761 	 279.018921 	 2.759761 	 98740.976562 	 392.417664 
306 	 41.678688 	 283.323761 	 274.397064 	 1.913669 	 99464.062500 	 374.957336 
307 	 41.678688 	 283.323761 	 275.444092 	 2.354512 	 99810.640625 	 374.531708 
308 	 41.678688 	 283.323761 	 277.846100 	 3.032172 	 99580.007812 	 379.508942 
309 	 41.678688 	 283.323761 	 280.410217 	 1.736515 	 99255.453125 	 405.423523 
310 	 41.678688 	 283.323761 	 284.217316 	 1.515795 	 98003.101562 	 429.045135 
311 	 41.678688 	 283.323761 	 282.693726 	 3.856839 	 97402.421875 	 446.112457 
312 	 41.678688 	 283.323761 	 277.131500 	 3.214856 	 98526.421875 	 368.342163 
313 	 41.678688 	 283.323761 	 277.050018 	 2.137925 	 99230.593750 	 382.823059 
314 	 41.678688 	 283.323761 	 275.508728 	 2.455966 	 98587.539062 	 313.043365 
315 	 41.678688 	 283.323761 	 273.457764 	 5.011387 	 97423.046875 	 362.069031 
316 	 41.678688 	 283.323761 	 272.665894 	 4.010651 	 98871.750000 	 357.177002 
317 	 41.678688 	 283.323761 	 273.302063 	 3.694416 	 98057.476562 	 385.725861 
318 	 41.678688 	 283.323761 	 271.488617 	 3.207183 	 98392.929688 	 346.306641 
319 	 41.678688 	 283.323761 	 272.460297 	 4.028477 	 98849.203125 	 354.826324 
320 	 41.678688 	 283.323761 	 278.883881 	 4.455831 	 98544.242188 	 398.509827 
321 	 41.678688 	 283.323761 	 282.903015 	 4.317515 	 97692.703125 	 385.885529 
322 	 41.678688 	 283.323761 	 276.038666 	 4.153257 	 97415.656250 	 385.575256 
323 	 41.678688 	 283.323761 	 272.038147 	 2.926381 	 98923.812500 	 347.979248 
324 	 41.678688 	 283.323761 	 275.453644 	 5.763280 	 99748.757812 	 336.436157 
325 	 41.678688 	 283.323761 	 272.081757 	 4.306857 	 99728.609375 	 375.312988 
326 	 41.678688 	 283.323761 	 267.961578 	 1.932859 	 100734.601562 	 315.783478 
327 	 41.678688 	 283.323761 	 270.318542 	 2.277833 	 100355.101562 	 331.251282 
328 	 41.678688 	 283.323761 	 272.111572 	 2.251705 	 99560.898438 	 365.683167 
329 	 41.678688 	 283.323761 	 272.271851 	 2.862615 	 98884.070312 	 339.465027 
330 	 41.678688 	 283.323761 	 270.408844 	 3.716176 	 98872.750000 	 335.783417 
331 	 41.678688 	 283.323761 	 274.164948 	 4.876997 	 98138.242188 	 333.880676 
332 	 41.678688 	 283.323761 	 268.070770 	 4.226111 	 99351.562500 	 302.627838 
333 	 41.678688 	 283.323761 	 266.558563 	 2.172570 	 100211.398438 	 304.617920 
334 	 41.678688 	 283.323761 	 272.124573 	 1.540844 	 99527.273438 	 327.069366 
335 	 41.678688 	 283.323761 	 274.489471 	 2.627113 	 99578.468750 	 338.040558 
336 	 41.678688 	 283.323761 	 281.529968 	 3.793820 	 98835.640625 	 346.985016 
337 	 41.678688 	 283.323761 	 277.662750 	 1.689403 	 98701.718750 	 350.480377 
338 	 41.678688 	 283.323761 	 272.772461 	 1.526692 	 99078.531250 	 330.611023 
339 	 41.678688 	 283.323761 	 277.635040 	 3.538542 	 98223.750000 	 338.242065 
340 	 41.678688 	 283.323761 	 273.831238 	 4.453944 	 97949.289062 	 375.663116 
341 	 41.678688 	 283.323761 	 271.841797 	 0.932448 	 98941.382812 	 320.299255 
342 	 41.678688 	 283.323761 	 273.422028 	 0.788572 	 99274.546875 	 323.425690 
343 	 41.678688 	 283.323761 	 273.266541 	 1.243204 	 99381.960938 	 326.809662 
344 	 41.678688 	 283.323761 	 272.511719 	 1.478083 	 100024.500000 	 344.557770 
345 	 41.678688 	 283.323761 	 277.146942 	 2.475467 	 99363.070312 	 329.946106 
346 	 41.678688 	 283.323761 	 275.451263 	 3.167085 	 98238.929688 	 367.328308 
347 	 41.678688 	 283.323761 	 269.114899 	 2.145640 	 98992.796875 	 290.972717 
348 	 41.678688 	 283.323761 	 272.348541 	 1.764168 	 98391.656250 	 355.326385 
349 	 41.678688 	 283.323761 	 270.272827 	 0.927021 	 99523.773438 	 308.186584 
350 	 41.678688 	 283.323761 	 272.563385 	 3.243375 	 99213.523438 	 325.604004 
351 	 41.678688 	 283.323761 	 272.449554 	 0.898695 	 99173.976562 	 342.996033 
352 	 41.678688 	 283.323761 	 272.350952 	 1.308781 	 99201.679688 	 365.266815 
353 	 41.678688 	 283.323761 	 270.556854 	 1.765611 	 99426.820312 	 326.635773 
354 	 41.678688 	 283.323761 	 279.030762 	 4.368948 	 97389.523438 	 350.333130 
355 	 41.678688 	 283.323761 	 274.875916 	 5.631123 	 96414.562500 	 365.664825 
356 	 41.678688 	 283.323761 	 272.844177 	 2.465396 	 98284.656250 	 299.812408 
357 	 41.678688 	 283.323761 	 270.450684 	 3.718760 	 97649.132812 	 347.577698 
358 	 41.678688 	 283.323761 	 265.955505 	 3.470803 	 98563.007812 	 287.756042 
359 	 41.678688 	 283.323761 	 266.317841 	 2.744324 	 98939.601562 	 290.198181 
360 	 41.678688 	 283.323761 	 267.894409 	 2.802260 	 98964.789062 	 292.907104 
361 	 41.678688 	 283.323761 	 272.211304 	 2.029906 	 99150.992188 	 312.454468 
362 	 41.678688 	 283.323761 	 275.777557 	 1.890532 	 99519.593750 	 330.986145 
363 	 41.678688 	 283.323761 	 275.803802 	 0.985353 	 99980.257812 	 336.240723 
364 	 41.678688 	 283.323761 	 278.423157 	 1.839195 	 100004.796875 	 337.808533 
