# 0: Day of Year [-] 	 1: lat [deg] 	 2: lon [deg] 	 3: tas [K] 	 4: sfcWind [m s-1] 	 5: ps [Pa] 	 6: Total Downwelling Rad Flux [W m-2] 
0 	 41.678688 	 283.323761 	 274.206451 	 1.450797 	 99589.906250 	 328.394287 
1 	 41.678688 	 283.323761 	 271.693726 	 1.208248 	 100048.601562 	 311.520386 
2 	 41.678688 	 283.323761 	 277.734497 	 3.014907 	 99580.101562 	 327.140350 
3 	 41.678688 	 283.323761 	 278.353607 	 2.175287 	 98702.046875 	 384.071625 
4 	 41.678688 	 283.323761 	 273.811401 	 1.937981 	 98593.382812 	 336.205750 
5 	 41.678688 	 283.323761 	 267.988190 	 1.844693 	 98848.156250 	 316.741852 
6 	 41.678688 	 283.323761 	 265.946167 	 2.694305 	 98779.140625 	 311.883820 
7 	 41.678688 	 283.323761 	 265.470032 	 3.838938 	 98595.710938 	 311.809021 
8 	 41.678688 	 283.323761 	 268.497711 	 3.313369 	 97870.757812 	 315.787781 
9 	 41.678688 	 283.323761 	 267.145233 	 3.424387 	 98537.570312 	 317.662109 
10 	 41.678688 	 283.323761 	 266.800903 	 1.542859 	 99671.671875 	 304.207703 
11 	 41.678688 	 283.323761 	 267.608032 	 3.107140 	 99846.023438 	 305.436920 
12 	 41.678688 	 283.323761 	 267.492828 	 4.376699 	 97929.812500 	 336.297180 
13 	 41.678688 	 283.323761 	 263.737030 	 1.686601 	 99091.593750 	 319.244781 
14 	 41.678688 	 283.323761 	 269.155579 	 2.495081 	 99080.281250 	 334.513824 
15 	 41.678688 	 283.323761 	 270.833282 	 2.462516 	 98368.398438 	 333.093781 
16 	 41.678688 	 283.323761 	 265.025604 	 1.273511 	 98493.367188 	 316.838654 
17 	 41.678688 	 283.323761 	 270.433319 	 2.443867 	 98344.671875 	 330.889130 
18 	 41.678688 	 283.323761 	 268.864532 	 1.211546 	 98465.328125 	 327.392517 
19 	 41.678688 	 283.323761 	 270.696320 	 1.745369 	 97815.671875 	 335.640656 
20 	 41.678688 	 283.323761 	 270.863892 	 1.874163 	 97748.703125 	 297.814117 
21 	 41.678688 	 283.323761 	 270.810730 	 3.323641 	 97787.726562 	 346.270081 
22 	 41.678688 	 283.323761 	 267.379639 	 2.093809 	 98647.507812 	 348.266541 
23 	 41.678688 	 283.323761 	 273.968018 	 2.625318 	 98489.070312 	 358.744293 
24 	 41.678688 	 283.323761 	 274.589325 	 1.634444 	 98467.898438 	 345.141663 
25 	 41.678688 	 283.323761 	 275.540161 	 1.951358 	 98071.937500 	 337.027008 
26 	 41.678688 	 283.323761 	 272.269348 	 3.894687 	 96868.640625 	 347.420898 
27 	 41.678688 	 283.323761 	 269.177795 	 3.891829 	 97163.578125 	 375.464539 
28 	 41.678688 	 283.323761 	 268.074524 	 1.858619 	 98071.359375 	 354.909454 
29 	 41.678688 	 283.323761 	 267.405548 	 1.040198 	 98349.820312 	 311.939026 
30 	 41.678688 	 283.323761 	 267.775696 	 1.801134 	 98286.148438 	 366.493469 
31 	 41.678688 	 283.323761 	 266.885193 	 1.253017 	 97690.406250 	 365.864624 
32 	 41.678688 	 283.323761 	 270.875031 	 3.047601 	 97533.820312 	 336.173096 
33 	 41.678688 	 283.323761 	 273.633942 	 3.413831 	 97018.890625 	 370.551208 
34 	 41.678688 	 283.323761 	 269.877380 	 4.467939 	 97557.328125 	 366.044067 
35 	 41.678688 	 283.323761 	 266.363983 	 2.413050 	 99148.843750 	 342.206421 
36 	 41.678688 	 283.323761 	 266.051514 	 2.192738 	 100039.296875 	 298.048004 
37 	 41.678688 	 283.323761 	 269.521027 	 2.833244 	 99335.609375 	 398.573761 
38 	 41.678688 	 283.323761 	 268.287109 	 1.568652 	 99422.226562 	 333.738617 
39 	 41.678688 	 283.323761 	 274.671539 	 1.860718 	 99511.031250 	 385.805481 
40 	 41.678688 	 283.323761 	 275.290436 	 4.025913 	 99222.656250 	 392.200165 
41 	 41.678688 	 283.323761 	 273.190704 	 3.758814 	 99341.406250 	 385.842224 
42 	 41.678688 	 283.323761 	 272.001770 	 2.014521 	 99209.937500 	 380.603973 
43 	 41.678688 	 283.323761 	 272.755432 	 1.985601 	 99298.109375 	 343.456421 
44 	 41.678688 	 283.323761 	 275.654114 	 4.353870 	 98548.718750 	 327.846252 
45 	 41.678688 	 283.323761 	 276.575012 	 2.812315 	 96565.687500 	 404.088379 
46 	 41.678688 	 283.323761 	 274.665894 	 2.780973 	 96633.789062 	 381.699280 
47 	 41.678688 	 283.323761 	 271.891235 	 2.457438 	 97503.390625 	 374.128845 
48 	 41.678688 	 283.323761 	 270.965698 	 1.401752 	 98304.976562 	 377.773346 
49 	 41.678688 	 283.323761 	 268.629120 	 2.452074 	 99142.351562 	 363.239075 
50 	 41.678688 	 283.323761 	 269.589935 	 2.779670 	 99817.890625 	 336.453308 
51 	 41.678688 	 283.323761 	 278.245056 	 3.757885 	 99057.070312 	 371.590698 
52 	 41.678688 	 283.323761 	 280.919189 	 3.429435 	 97574.648438 	 467.922729 
53 	 41.678688 	 283.323761 	 272.128967 	 3.617591 	 98067.226562 	 403.583313 
54 	 41.678688 	 283.323761 	 268.024445 	 2.425710 	 99267.703125 	 361.792328 
55 	 41.678688 	 283.323761 	 269.036530 	 2.129320 	 99442.632812 	 403.522278 
56 	 41.678688 	 283.323761 	 269.900604 	 2.186346 	 98971.187500 	 297.027130 
57 	 41.678688 	 283.323761 	 272.605072 	 2.683120 	 96885.507812 	 344.161926 
58 	 41.678688 	 283.323761 	 268.759979 	 3.952854 	 96833.406250 	 437.365326 
59 	 41.678688 	 283.323761 	 269.746521 	 3.924447 	 97110.171875 	 394.263824 
60 	 41.678688 	 283.323761 	 265.523315 	 3.751685 	 97889.148438 	 390.342651 
61 	 41.678688 	 283.323761 	 269.274780 	 4.354660 	 97355.539062 	 435.442352 
62 	 41.678688 	 283.323761 	 255.366959 	 4.593474 	 98923.007812 	 385.741394 
63 	 41.678688 	 283.323761 	 266.540771 	 3.142895 	 99032.882812 	 417.767029 
64 	 41.678688 	 283.323761 	 277.309723 	 3.955288 	 98361.273438 	 455.027588 
65 	 41.678688 	 283.323761 	 280.691101 	 3.326001 	 98378.500000 	 452.829712 
66 	 41.678688 	 283.323761 	 276.720154 	 1.207861 	 98667.828125 	 370.518372 
67 	 41.678688 	 283.323761 	 277.185516 	 2.233972 	 97842.648438 	 419.506195 
68 	 41.678688 	 283.323761 	 277.385010 	 2.452688 	 97908.656250 	 460.414886 
69 	 41.678688 	 283.323761 	 279.094543 	 5.517413 	 96741.867188 	 387.212494 
70 	 41.678688 	 283.323761 	 270.084351 	 6.062634 	 96952.718750 	 451.770782 
71 	 41.678688 	 283.323761 	 266.319702 	 2.505133 	 98636.578125 	 422.885437 
72 	 41.678688 	 283.323761 	 267.278839 	 1.360377 	 99566.343750 	 430.261108 
73 	 41.678688 	 283.323761 	 274.066284 	 4.751597 	 99107.906250 	 350.285431 
74 	 41.678688 	 283.323761 	 283.585663 	 6.329111 	 97552.546875 	 415.564056 
75 	 41.678688 	 283.323761 	 276.689209 	 2.439286 	 97545.671875 	 369.635712 
76 	 41.678688 	 283.323761 	 276.332245 	 2.439487 	 98418.726562 	 502.546082 
77 	 41.678688 	 283.323761 	 280.919373 	 3.578213 	 97985.093750 	 514.810486 
78 	 41.678688 	 283.323761 	 276.677429 	 0.770374 	 98648.140625 	 464.617371 
79 	 41.678688 	 283.323761 	 281.180664 	 3.731544 	 98744.796875 	 381.029755 
80 	 41.678688 	 283.323761 	 284.438599 	 6.459973 	 96992.367188 	 529.008728 
81 	 41.678688 	 283.323761 	 276.949738 	 3.764340 	 98150.601562 	 482.480225 
82 	 41.678688 	 283.323761 	 272.575562 	 3.430779 	 99211.453125 	 325.358276 
83 	 41.678688 	 283.323761 	 280.269562 	 3.697014 	 98141.757812 	 511.889008 
84 	 41.678688 	 283.323761 	 279.285461 	 2.200654 	 98771.343750 	 416.186127 
85 	 41.678688 	 283.323761 	 288.456146 	 5.263202 	 98708.359375 	 527.717285 
86 	 41.678688 	 283.323761 	 286.469025 	 6.345485 	 97757.632812 	 405.273560 
87 	 41.678688 	 283.323761 	 278.874115 	 2.689605 	 97944.593750 	 500.183685 
88 	 41.678688 	 283.323761 	 279.761871 	 2.309408 	 98955.679688 	 405.092834 
89 	 41.678688 	 283.323761 	 280.532745 	 4.251341 	 97763.773438 	 391.381439 
90 	 41.678688 	 283.323761 	 273.517090 	 7.231912 	 96140.109375 	 519.507019 
91 	 41.678688 	 283.323761 	 278.456024 	 4.002264 	 98025.296875 	 429.591370 
92 	 41.678688 	 283.323761 	 279.240631 	 2.808355 	 99181.046875 	 519.859863 
93 	 41.678688 	 283.323761 	 281.730865 	 3.374095 	 99528.390625 	 444.434784 
94 	 41.678688 	 283.323761 	 287.556549 	 2.606205 	 99019.500000 	 552.289062 
95 	 41.678688 	 283.323761 	 289.188568 	 3.196335 	 98228.343750 	 458.835785 
96 	 41.678688 	 283.323761 	 283.735321 	 2.280954 	 97703.390625 	 470.793518 
97 	 41.678688 	 283.323761 	 278.029633 	 2.454463 	 97776.843750 	 450.885712 
98 	 41.678688 	 283.323761 	 274.825653 	 3.867606 	 97924.382812 	 504.541260 
99 	 41.678688 	 283.323761 	 276.617462 	 3.763226 	 98940.718750 	 497.271912 
100 	 41.678688 	 283.323761 	 284.688629 	 4.971510 	 98482.039062 	 470.775208 
101 	 41.678688 	 283.323761 	 281.574432 	 2.223109 	 98397.898438 	 411.602264 
102 	 41.678688 	 283.323761 	 281.470032 	 3.021997 	 98184.187500 	 556.562622 
103 	 41.678688 	 283.323761 	 282.039276 	 3.174742 	 98047.906250 	 397.217010 
104 	 41.678688 	 283.323761 	 281.425323 	 1.562607 	 97543.882812 	 430.002777 
105 	 41.678688 	 283.323761 	 282.124817 	 1.626468 	 97776.523438 	 490.376160 
106 	 41.678688 	 283.323761 	 282.869873 	 3.165633 	 98256.796875 	 418.911896 
107 	 41.678688 	 283.323761 	 283.612976 	 2.450688 	 98411.828125 	 494.897766 
108 	 41.678688 	 283.323761 	 283.933411 	 2.543182 	 98353.218750 	 533.740601 
109 	 41.678688 	 283.323761 	 284.840271 	 1.541458 	 98396.367188 	 536.583862 
110 	 41.678688 	 283.323761 	 284.933197 	 2.367158 	 99200.070312 	 469.387939 
111 	 41.678688 	 283.323761 	 283.539734 	 4.143150 	 99563.468750 	 569.783936 
112 	 41.678688 	 283.323761 	 284.520081 	 4.855376 	 99106.796875 	 506.068604 
113 	 41.678688 	 283.323761 	 289.130615 	 4.900700 	 98468.429688 	 541.719238 
114 	 41.678688 	 283.323761 	 287.239410 	 1.969836 	 98312.726562 	 616.587585 
115 	 41.678688 	 283.323761 	 280.040100 	 3.032387 	 99037.757812 	 476.880737 
116 	 41.678688 	 283.323761 	 276.970276 	 2.365824 	 99969.210938 	 449.671448 
117 	 41.678688 	 283.323761 	 279.313629 	 3.679657 	 99972.523438 	 403.071320 
118 	 41.678688 	 283.323761 	 287.575073 	 6.145091 	 98863.171875 	 423.495056 
119 	 41.678688 	 283.323761 	 287.400238 	 3.361381 	 97885.148438 	 530.694397 
120 	 41.678688 	 283.323761 	 283.712646 	 2.956400 	 97540.359375 	 562.901489 
121 	 41.678688 	 283.323761 	 281.536255 	 2.902855 	 98180.609375 	 579.736694 
122 	 41.678688 	 283.323761 	 280.787323 	 2.989351 	 97874.617188 	 597.257446 
123 	 41.678688 	 283.323761 	 276.213593 	 4.170217 	 97704.500000 	 518.817261 
124 	 41.678688 	 283.323761 	 278.183960 	 2.605749 	 98253.812500 	 579.112549 
125 	 41.678688 	 283.323761 	 284.453735 	 3.785046 	 98097.546875 	 452.767090 
126 	 41.678688 	 283.323761 	 284.955414 	 2.745098 	 97439.273438 	 557.493713 
127 	 41.678688 	 283.323761 	 279.924103 	 4.288791 	 97585.156250 	 598.889038 
128 	 41.678688 	 283.323761 	 280.030701 	 3.275858 	 98059.023438 	 592.879272 
129 	 41.678688 	 283.323761 	 280.882843 	 1.332124 	 98644.421875 	 527.314514 
130 	 41.678688 	 283.323761 	 289.094604 	 3.493356 	 98494.898438 	 594.543396 
131 	 41.678688 	 283.323761 	 292.717163 	 4.107907 	 97998.187500 	 652.305420 
132 	 41.678688 	 283.323761 	 290.564667 	 3.713570 	 98404.476562 	 579.062195 
133 	 41.678688 	 283.323761 	 287.041382 	 2.414355 	 98830.640625 	 573.469116 
134 	 41.678688 	 283.323761 	 284.678284 	 1.395284 	 98735.898438 	 460.642090 
135 	 41.678688 	 283.323761 	 286.536560 	 1.244676 	 98552.468750 	 602.362427 
136 	 41.678688 	 283.323761 	 288.036469 	 0.847672 	 98377.851562 	 642.485718 
137 	 41.678688 	 283.323761 	 290.164368 	 2.401806 	 97709.679688 	 512.623413 
138 	 41.678688 	 283.323761 	 285.692535 	 4.129826 	 97514.218750 	 645.553772 
139 	 41.678688 	 283.323761 	 282.823853 	 1.774806 	 98243.296875 	 585.720703 
140 	 41.678688 	 283.323761 	 289.902832 	 4.698223 	 97659.273438 	 511.570648 
141 	 41.678688 	 283.323761 	 285.425995 	 2.466575 	 98138.640625 	 651.121216 
142 	 41.678688 	 283.323761 	 285.738678 	 3.865085 	 98452.023438 	 640.149963 
143 	 41.678688 	 283.323761 	 284.322510 	 2.213533 	 99271.218750 	 637.432251 
144 	 41.678688 	 283.323761 	 288.567627 	 3.542969 	 98869.710938 	 628.744141 
145 	 41.678688 	 283.323761 	 296.352356 	 3.789938 	 98196.890625 	 673.825195 
146 	 41.678688 	 283.323761 	 298.067749 	 4.588767 	 98030.906250 	 690.024048 
147 	 41.678688 	 283.323761 	 296.553345 	 2.441016 	 98338.210938 	 649.337646 
148 	 41.678688 	 283.323761 	 294.467987 	 2.676244 	 98265.906250 	 631.490723 
149 	 41.678688 	 283.323761 	 296.645325 	 3.493468 	 97996.570312 	 667.643127 
150 	 41.678688 	 283.323761 	 298.187408 	 3.071234 	 97954.757812 	 660.021606 
151 	 41.678688 	 283.323761 	 295.992401 	 1.717731 	 98279.062500 	 681.771606 
152 	 41.678688 	 283.323761 	 296.415100 	 3.246657 	 98123.898438 	 668.393311 
153 	 41.678688 	 283.323761 	 293.391113 	 4.823089 	 97835.976562 	 667.364563 
154 	 41.678688 	 283.323761 	 287.068085 	 2.550271 	 98505.250000 	 654.411255 
155 	 41.678688 	 283.323761 	 287.678253 	 2.221863 	 98998.992188 	 651.625366 
156 	 41.678688 	 283.323761 	 289.457886 	 2.051041 	 99342.226562 	 636.934937 
157 	 41.678688 	 283.323761 	 297.166656 	 4.900847 	 98468.382812 	 690.566528 
158 	 41.678688 	 283.323761 	 301.080170 	 4.981374 	 97825.601562 	 666.829956 
159 	 41.678688 	 283.323761 	 291.450256 	 2.696821 	 97986.226562 	 579.835083 
160 	 41.678688 	 283.323761 	 285.458527 	 3.187870 	 98459.406250 	 625.886475 
161 	 41.678688 	 283.323761 	 284.038605 	 1.432027 	 99588.421875 	 636.270386 
162 	 41.678688 	 283.323761 	 289.387634 	 3.234007 	 99370.710938 	 660.982422 
163 	 41.678688 	 283.323761 	 294.027802 	 4.531456 	 99191.390625 	 686.601562 
164 	 41.678688 	 283.323761 	 295.520721 	 4.150367 	 98995.906250 	 688.416504 
165 	 41.678688 	 283.323761 	 295.063324 	 2.944703 	 98775.421875 	 593.447083 
166 	 41.678688 	 283.323761 	 291.637482 	 2.051721 	 99274.617188 	 678.615967 
167 	 41.678688 	 283.323761 	 294.961395 	 3.767369 	 99115.656250 	 689.024841 
168 	 41.678688 	 283.323761 	 298.769928 	 3.015783 	 98680.406250 	 702.517090 
169 	 41.678688 	 283.323761 	 296.157776 	 1.504921 	 98963.968750 	 618.796143 
170 	 41.678688 	 283.323761 	 295.983246 	 3.778261 	 98260.093750 	 621.662659 
171 	 41.678688 	 283.323761 	 292.016418 	 3.110106 	 98502.773438 	 699.791992 
172 	 41.678688 	 283.323761 	 290.944763 	 1.556071 	 99215.179688 	 681.322876 
173 	 41.678688 	 283.323761 	 293.197815 	 2.044501 	 99022.570312 	 690.310181 
174 	 41.678688 	 283.323761 	 298.547852 	 2.501404 	 98816.921875 	 717.962341 
175 	 41.678688 	 283.323761 	 298.443298 	 1.975813 	 98800.460938 	 717.775452 
176 	 41.678688 	 283.323761 	 297.981384 	 2.824432 	 98661.398438 	 686.765015 
177 	 41.678688 	 283.323761 	 298.258331 	 1.333090 	 98928.859375 	 696.365479 
178 	 41.678688 	 283.323761 	 298.080597 	 2.291392 	 98772.187500 	 689.868164 
179 	 41.678688 	 283.323761 	 299.973877 	 3.531498 	 98336.726562 	 690.827454 
180 	 41.678688 	 283.323761 	 298.291168 	 2.978405 	 98148.906250 	 657.709656 
181 	 41.678688 	 283.323761 	 294.475342 	 2.163615 	 97991.796875 	 677.602173 
182 	 41.678688 	 283.323761 	 293.136749 	 0.958043 	 98026.906250 	 560.016602 
183 	 41.678688 	 283.323761 	 292.957703 	 2.184471 	 98282.859375 	 642.372253 
184 	 41.678688 	 283.323761 	 289.088104 	 3.902917 	 98277.187500 	 535.624512 
185 	 41.678688 	 283.323761 	 285.630585 	 4.834616 	 98108.132812 	 598.677673 
186 	 41.678688 	 283.323761 	 288.263336 	 2.501339 	 98534.679688 	 621.574524 
187 	 41.678688 	 283.323761 	 292.293457 	 1.872301 	 98893.156250 	 674.471313 
188 	 41.678688 	 283.323761 	 294.656067 	 3.394848 	 98930.648438 	 666.138672 
189 	 41.678688 	 283.323761 	 292.520721 	 3.321757 	 98588.023438 	 573.918457 
190 	 41.678688 	 283.323761 	 288.601868 	 1.224703 	 99002.226562 	 636.704224 
191 	 41.678688 	 283.323761 	 293.309967 	 3.266167 	 98930.382812 	 633.155151 
192 	 41.678688 	 283.323761 	 296.997803 	 3.247316 	 98308.523438 	 551.899292 
193 	 41.678688 	 283.323761 	 292.280060 	 4.498918 	 97980.156250 	 538.773010 
194 	 41.678688 	 283.323761 	 289.708160 	 3.350381 	 98299.820312 	 543.087708 
195 	 41.678688 	 283.323761 	 290.043152 	 3.003442 	 98705.742188 	 572.095276 
196 	 41.678688 	 283.323761 	 292.341583 	 2.713594 	 99007.687500 	 694.988159 
197 	 41.678688 	 283.323761 	 294.520599 	 1.177847 	 99019.226562 	 689.874817 
198 	 41.678688 	 283.323761 	 294.593933 	 1.678053 	 98655.046875 	 615.832520 
199 	 41.678688 	 283.323761 	 299.193970 	 3.059918 	 97930.171875 	 716.188477 
200 	 41.678688 	 283.323761 	 294.528656 	 3.179324 	 98152.039062 	 678.541382 
201 	 41.678688 	 283.323761 	 293.676331 	 2.869346 	 98427.593750 	 667.869141 
202 	 41.678688 	 283.323761 	 295.655212 	 1.669531 	 98555.406250 	 693.344849 
203 	 41.678688 	 283.323761 	 296.664886 	 3.506293 	 97894.148438 	 640.036377 
204 	 41.678688 	 283.323761 	 291.517761 	 2.305811 	 97662.750000 	 670.750244 
205 	 41.678688 	 283.323761 	 291.510437 	 2.488256 	 98001.062500 	 661.837158 
206 	 41.678688 	 283.323761 	 292.475922 	 0.989842 	 98777.726562 	 662.061279 
207 	 41.678688 	 283.323761 	 294.489929 	 1.372670 	 98901.976562 	 678.689209 
208 	 41.678688 	 283.323761 	 298.164886 	 3.335314 	 98338.500000 	 684.442871 
209 	 41.678688 	 283.323761 	 295.701111 	 3.185134 	 98441.460938 	 668.507019 
210 	 41.678688 	 283.323761 	 294.042480 	 2.808726 	 98677.250000 	 664.754272 
211 	 41.678688 	 283.323761 	 299.748108 	 3.401387 	 98291.257812 	 703.192261 
212 	 41.678688 	 283.323761 	 298.896332 	 2.244982 	 98906.476562 	 689.124939 
213 	 41.678688 	 283.323761 	 299.168091 	 3.761111 	 98875.468750 	 688.616760 
214 	 41.678688 	 283.323761 	 300.068329 	 4.803379 	 98529.867188 	 673.855469 
215 	 41.678688 	 283.323761 	 302.006683 	 2.549017 	 98133.218750 	 720.098999 
216 	 41.678688 	 283.323761 	 296.039978 	 2.307593 	 98713.046875 	 624.483582 
217 	 41.678688 	 283.323761 	 297.546021 	 3.634857 	 98833.968750 	 648.678101 
218 	 41.678688 	 283.323761 	 299.796661 	 2.079499 	 98629.171875 	 687.932983 
219 	 41.678688 	 283.323761 	 298.415955 	 3.602446 	 98047.437500 	 598.286194 
220 	 41.678688 	 283.323761 	 290.179230 	 3.560645 	 98367.406250 	 604.421753 
221 	 41.678688 	 283.323761 	 285.431305 	 2.295098 	 99302.140625 	 602.832520 
222 	 41.678688 	 283.323761 	 287.944946 	 1.661936 	 99739.726562 	 620.888855 
223 	 41.678688 	 283.323761 	 290.683594 	 2.251840 	 100051.500000 	 633.624023 
224 	 41.678688 	 283.323761 	 292.195404 	 4.386779 	 99972.562500 	 528.027283 
225 	 41.678688 	 283.323761 	 293.501617 	 5.256802 	 99597.210938 	 596.421021 
226 	 41.678688 	 283.323761 	 295.349060 	 4.197523 	 99082.726562 	 652.912781 
227 	 41.678688 	 283.323761 	 297.658661 	 4.089307 	 98659.523438 	 661.997925 
228 	 41.678688 	 283.323761 	 297.429871 	 3.547565 	 98561.656250 	 619.268677 
229 	 41.678688 	 283.323761 	 296.015015 	 3.860000 	 98555.289062 	 522.403992 
230 	 41.678688 	 283.323761 	 294.177063 	 1.511972 	 98928.750000 	 511.563507 
231 	 41.678688 	 283.323761 	 293.152008 	 0.628945 	 99226.570312 	 578.120422 
232 	 41.678688 	 283.323761 	 293.673126 	 1.966053 	 98987.429688 	 621.118347 
233 	 41.678688 	 283.323761 	 294.046478 	 3.093172 	 98434.156250 	 588.808716 
234 	 41.678688 	 283.323761 	 294.127808 	 2.055816 	 98454.039062 	 621.917969 
235 	 41.678688 	 283.323761 	 294.261139 	 1.633414 	 98864.593750 	 638.399414 
236 	 41.678688 	 283.323761 	 298.219360 	 3.055651 	 98391.679688 	 607.376709 
237 	 41.678688 	 283.323761 	 295.476654 	 3.197635 	 98573.281250 	 627.822937 
238 	 41.678688 	 283.323761 	 295.441467 	 1.468429 	 99211.843750 	 613.443542 
239 	 41.678688 	 283.323761 	 296.177826 	 2.900692 	 98873.140625 	 640.111694 
240 	 41.678688 	 283.323761 	 297.550262 	 3.449658 	 98036.343750 	 623.224121 
241 	 41.678688 	 283.323761 	 294.985046 	 2.217054 	 98110.976562 	 625.353149 
242 	 41.678688 	 283.323761 	 295.344208 	 2.550922 	 98615.671875 	 547.761169 
243 	 41.678688 	 283.323761 	 298.064117 	 2.666645 	 98607.656250 	 630.542175 
244 	 41.678688 	 283.323761 	 295.346008 	 1.374943 	 98599.960938 	 602.605835 
245 	 41.678688 	 283.323761 	 295.454956 	 1.686774 	 98874.398438 	 618.103027 
246 	 41.678688 	 283.323761 	 296.747162 	 2.588918 	 98662.117188 	 584.145142 
247 	 41.678688 	 283.323761 	 289.232422 	 3.134808 	 99144.343750 	 605.020020 
248 	 41.678688 	 283.323761 	 287.464386 	 0.956238 	 99287.429688 	 570.831421 
249 	 41.678688 	 283.323761 	 289.851227 	 1.921214 	 99024.812500 	 469.242371 
250 	 41.678688 	 283.323761 	 290.910980 	 2.913818 	 98406.296875 	 430.013672 
251 	 41.678688 	 283.323761 	 294.683350 	 3.052238 	 98211.359375 	 532.581177 
252 	 41.678688 	 283.323761 	 295.609406 	 3.131180 	 98000.953125 	 517.085999 
253 	 41.678688 	 283.323761 	 290.368591 	 2.057319 	 98684.773438 	 567.312500 
254 	 41.678688 	 283.323761 	 292.546417 	 2.560158 	 98843.523438 	 579.004395 
255 	 41.678688 	 283.323761 	 295.636475 	 3.625877 	 98898.273438 	 563.599304 
256 	 41.678688 	 283.323761 	 293.946533 	 3.008837 	 98658.648438 	 474.006531 
257 	 41.678688 	 283.323761 	 287.886780 	 2.173089 	 99249.609375 	 562.336914 
258 	 41.678688 	 283.323761 	 288.272186 	 1.260126 	 99742.703125 	 558.059204 
259 	 41.678688 	 283.323761 	 290.476288 	 2.696709 	 99786.312500 	 557.138550 
260 	 41.678688 	 283.323761 	 292.865631 	 3.262697 	 99048.882812 	 541.151367 
261 	 41.678688 	 283.323761 	 295.509583 	 2.318252 	 98527.289062 	 550.704407 
262 	 41.678688 	 283.323761 	 293.605530 	 3.464041 	 97920.156250 	 433.855377 
263 	 41.678688 	 283.323761 	 283.406433 	 3.749728 	 98069.773438 	 495.076660 
264 	 41.678688 	 283.323761 	 278.408783 	 4.125644 	 98853.343750 	 484.559662 
265 	 41.678688 	 283.323761 	 277.662842 	 1.740535 	 99900.906250 	 482.485321 
266 	 41.678688 	 283.323761 	 280.274292 	 3.237803 	 99776.250000 	 372.937286 
267 	 41.678688 	 283.323761 	 289.200684 	 1.725418 	 99450.132812 	 541.417725 
268 	 41.678688 	 283.323761 	 296.558319 	 1.710516 	 99291.703125 	 571.961731 
269 	 41.678688 	 283.323761 	 295.175873 	 1.657369 	 99152.046875 	 532.445435 
270 	 41.678688 	 283.323761 	 295.237854 	 3.378608 	 98439.023438 	 515.482666 
271 	 41.678688 	 283.323761 	 290.066956 	 2.053113 	 98700.117188 	 515.585083 
272 	 41.678688 	 283.323761 	 293.901550 	 3.035958 	 98712.843750 	 538.086853 
273 	 41.678688 	 283.323761 	 296.189941 	 2.635979 	 98626.312500 	 461.921967 
274 	 41.678688 	 283.323761 	 293.906097 	 2.674594 	 98763.570312 	 512.455811 
275 	 41.678688 	 283.323761 	 291.726837 	 4.166416 	 98720.132812 	 523.974976 
276 	 41.678688 	 283.323761 	 283.105896 	 1.523644 	 99763.726562 	 470.737274 
277 	 41.678688 	 283.323761 	 288.500824 	 3.564003 	 99493.726562 	 486.094849 
278 	 41.678688 	 283.323761 	 287.273346 	 3.234943 	 98918.546875 	 540.391357 
279 	 41.678688 	 283.323761 	 282.299408 	 2.511142 	 98992.843750 	 386.923676 
280 	 41.678688 	 283.323761 	 281.720551 	 2.643403 	 99136.656250 	 454.033752 
281 	 41.678688 	 283.323761 	 287.860016 	 2.810145 	 99518.320312 	 432.278748 
282 	 41.678688 	 283.323761 	 293.125153 	 4.980117 	 98793.976562 	 513.470215 
283 	 41.678688 	 283.323761 	 285.369965 	 3.102852 	 99055.296875 	 490.968658 
284 	 41.678688 	 283.323761 	 281.781250 	 2.293756 	 99611.046875 	 360.839142 
285 	 41.678688 	 283.323761 	 287.115814 	 3.477898 	 98315.851562 	 413.134583 
286 	 41.678688 	 283.323761 	 282.973419 	 2.986598 	 98319.742188 	 451.355713 
287 	 41.678688 	 283.323761 	 280.023926 	 2.628996 	 98896.757812 	 457.530945 
288 	 41.678688 	 283.323761 	 280.714600 	 4.559186 	 99094.632812 	 443.522888 
289 	 41.678688 	 283.323761 	 286.057892 	 3.742999 	 97902.906250 	 413.732788 
290 	 41.678688 	 283.323761 	 280.136475 	 3.789193 	 98285.343750 	 453.681396 
291 	 41.678688 	 283.323761 	 278.646759 	 1.967103 	 99538.437500 	 456.228210 
292 	 41.678688 	 283.323761 	 285.262909 	 2.352563 	 99636.343750 	 468.806519 
293 	 41.678688 	 283.323761 	 288.300140 	 3.197990 	 99610.593750 	 466.360992 
294 	 41.678688 	 283.323761 	 289.593842 	 4.038344 	 99478.968750 	 452.767456 
295 	 41.678688 	 283.323761 	 290.502502 	 4.205496 	 98921.281250 	 428.618469 
296 	 41.678688 	 283.323761 	 285.087006 	 1.149137 	 99149.976562 	 449.907776 
297 	 41.678688 	 283.323761 	 285.347473 	 2.099891 	 99281.468750 	 455.120422 
298 	 41.678688 	 283.323761 	 290.233643 	 4.312807 	 98294.046875 	 441.994019 
299 	 41.678688 	 283.323761 	 290.150299 	 3.568590 	 98113.476562 	 483.171143 
300 	 41.678688 	 283.323761 	 288.461487 	 1.921426 	 98710.132812 	 415.682800 
301 	 41.678688 	 283.323761 	 287.309082 	 2.672411 	 99503.859375 	 453.814331 
302 	 41.678688 	 283.323761 	 290.707397 	 3.229850 	 99680.562500 	 456.525879 
303 	 41.678688 	 283.323761 	 291.209473 	 3.713715 	 99447.906250 	 471.502441 
304 	 41.678688 	 283.323761 	 290.837860 	 4.937670 	 98486.507812 	 421.183594 
305 	 41.678688 	 283.323761 	 281.901947 	 5.584279 	 97263.218750 	 454.139709 
306 	 41.678688 	 283.323761 	 278.784088 	 3.714913 	 98087.132812 	 398.657654 
307 	 41.678688 	 283.323761 	 278.740845 	 1.084579 	 98966.203125 	 393.729340 
308 	 41.678688 	 283.323761 	 279.558319 	 1.578831 	 99772.593750 	 410.039978 
309 	 41.678688 	 283.323761 	 280.878754 	 3.352319 	 100023.500000 	 413.040161 
310 	 41.678688 	 283.323761 	 286.362427 	 4.622535 	 99908.070312 	 426.327332 
311 	 41.678688 	 283.323761 	 285.024200 	 3.596752 	 98887.703125 	 440.833130 
312 	 41.678688 	 283.323761 	 276.863037 	 2.525837 	 99465.023438 	 374.039276 
313 	 41.678688 	 283.323761 	 275.606232 	 1.510260 	 100389.398438 	 361.329895 
314 	 41.678688 	 283.323761 	 277.747131 	 2.849277 	 100469.796875 	 352.354370 
315 	 41.678688 	 283.323761 	 283.427551 	 3.583593 	 99734.890625 	 409.072632 
316 	 41.678688 	 283.323761 	 286.543976 	 4.902897 	 99150.593750 	 405.060394 
317 	 41.678688 	 283.323761 	 286.729004 	 2.767016 	 98773.281250 	 388.298950 
318 	 41.678688 	 283.323761 	 281.612183 	 1.365936 	 98619.312500 	 354.769745 
319 	 41.678688 	 283.323761 	 278.651550 	 3.252009 	 97346.148438 	 361.491577 
320 	 41.678688 	 283.323761 	 274.416992 	 3.663717 	 97907.023438 	 400.136414 
321 	 41.678688 	 283.323761 	 273.694824 	 3.707648 	 98774.648438 	 336.436035 
322 	 41.678688 	 283.323761 	 277.599945 	 2.694379 	 98603.992188 	 347.813568 
323 	 41.678688 	 283.323761 	 277.730530 	 2.933193 	 97838.382812 	 341.476349 
324 	 41.678688 	 283.323761 	 274.843445 	 5.661308 	 97820.328125 	 370.850616 
325 	 41.678688 	 283.323761 	 276.055206 	 3.047042 	 98863.226562 	 360.056183 
326 	 41.678688 	 283.323761 	 280.528778 	 3.242008 	 98741.390625 	 373.863220 
327 	 41.678688 	 283.323761 	 284.652466 	 5.310987 	 98788.882812 	 387.795135 
328 	 41.678688 	 283.323761 	 284.930969 	 4.719076 	 98526.523438 	 382.119812 
329 	 41.678688 	 283.323761 	 276.219666 	 2.556408 	 100002.601562 	 333.222198 
330 	 41.678688 	 283.323761 	 288.275085 	 5.647282 	 99030.382812 	 396.648315 
331 	 41.678688 	 283.323761 	 278.265259 	 2.315122 	 98136.039062 	 373.856110 
332 	 41.678688 	 283.323761 	 270.655670 	 2.741753 	 97581.757812 	 315.166107 
333 	 41.678688 	 283.323761 	 269.532013 	 4.037487 	 97361.210938 	 322.656006 
334 	 41.678688 	 283.323761 	 270.540436 	 3.880355 	 96851.156250 	 348.435394 
335 	 41.678688 	 283.323761 	 268.697418 	 3.958853 	 97526.453125 	 297.630554 
336 	 41.678688 	 283.323761 	 268.332489 	 3.029075 	 99087.140625 	 308.783630 
337 	 41.678688 	 283.323761 	 271.058502 	 4.396415 	 99141.546875 	 314.547852 
338 	 41.678688 	 283.323761 	 271.093567 	 1.961309 	 99277.148438 	 335.253632 
339 	 41.678688 	 283.323761 	 272.100647 	 0.929742 	 99313.679688 	 328.601868 
340 	 41.678688 	 283.323761 	 273.364502 	 1.812252 	 99031.000000 	 312.359100 
341 	 41.678688 	 283.323761 	 272.006958 	 1.326369 	 99037.148438 	 356.138214 
342 	 41.678688 	 283.323761 	 268.856415 	 2.478318 	 98758.226562 	 303.080017 
343 	 41.678688 	 283.323761 	 270.416260 	 4.282094 	 99259.226562 	 316.655884 
344 	 41.678688 	 283.323761 	 271.539551 	 2.924547 	 99281.453125 	 315.111176 
345 	 41.678688 	 283.323761 	 270.891571 	 1.593137 	 99422.703125 	 316.552307 
346 	 41.678688 	 283.323761 	 271.632843 	 1.902660 	 99331.992188 	 314.056610 
347 	 41.678688 	 283.323761 	 278.658234 	 3.404613 	 97945.218750 	 364.594482 
348 	 41.678688 	 283.323761 	 275.433685 	 3.253021 	 97901.406250 	 347.199219 
349 	 41.678688 	 283.323761 	 272.288696 	 1.273227 	 99203.031250 	 347.955292 
350 	 41.678688 	 283.323761 	 268.989502 	 2.123024 	 99309.656250 	 309.913757 
351 	 41.678688 	 283.323761 	 271.692383 	 5.849765 	 97532.593750 	 317.036774 
352 	 41.678688 	 283.323761 	 272.586578 	 3.881693 	 97627.773438 	 339.985107 
353 	 41.678688 	 283.323761 	 271.266968 	 2.074348 	 98959.210938 	 310.032837 
354 	 41.678688 	 283.323761 	 273.350311 	 1.618928 	 99220.289062 	 318.408447 
355 	 41.678688 	 283.323761 	 274.723785 	 3.314674 	 97931.562500 	 332.929382 
356 	 41.678688 	 283.323761 	 272.625000 	 4.002401 	 96664.906250 	 323.517426 
357 	 41.678688 	 283.323761 	 269.087524 	 3.840191 	 98205.046875 	 272.766174 
358 	 41.678688 	 283.323761 	 271.282318 	 3.786008 	 98178.703125 	 309.511139 
359 	 41.678688 	 283.323761 	 269.265106 	 2.661203 	 98740.421875 	 308.214172 
360 	 41.678688 	 283.323761 	 270.042053 	 2.857854 	 99006.070312 	 292.952728 
361 	 41.678688 	 283.323761 	 271.702515 	 2.821939 	 97240.179688 	 308.631653 
362 	 41.678688 	 283.323761 	 269.776459 	 3.629262 	 95399.203125 	 333.949585 
363 	 41.678688 	 283.323761 	 264.950287 	 4.750937 	 96982.601562 	 298.223541 
364 	 41.678688 	 283.323761 	 268.655151 	 3.958828 	 97923.710938 	 321.538818 
