# 0: Day of Year [-] 	 1: lat [deg] 	 2: lon [deg] 	 3: tas [K] 	 4: sfcWind [m s-1] 	 5: ps [Pa] 	 6: Total Downwelling Rad Flux [W m-2] 
0 	 41.678688 	 283.323761 	 276.596497 	 2.295254 	 98733.156250 	 329.406342 
1 	 41.678688 	 283.323761 	 271.578430 	 4.521876 	 98381.601562 	 360.712830 
2 	 41.678688 	 283.323761 	 272.060669 	 2.618125 	 98968.617188 	 332.426453 
3 	 41.678688 	 283.323761 	 276.433289 	 2.851126 	 98024.179688 	 333.659302 
4 	 41.678688 	 283.323761 	 268.362488 	 3.976403 	 98287.578125 	 344.739319 
5 	 41.678688 	 283.323761 	 262.393524 	 3.761879 	 99364.718750 	 302.169556 
6 	 41.678688 	 283.323761 	 270.190063 	 2.366728 	 99051.812500 	 325.369141 
7 	 41.678688 	 283.323761 	 272.886719 	 3.953428 	 98711.906250 	 320.851624 
8 	 41.678688 	 283.323761 	 265.991547 	 1.973413 	 100053.000000 	 286.658875 
9 	 41.678688 	 283.323761 	 270.629883 	 1.362924 	 99868.351562 	 330.979431 
10 	 41.678688 	 283.323761 	 274.460480 	 0.879893 	 99471.742188 	 369.597290 
11 	 41.678688 	 283.323761 	 277.299744 	 3.307657 	 98096.367188 	 345.254822 
12 	 41.678688 	 283.323761 	 274.871887 	 3.719332 	 97540.890625 	 337.952698 
13 	 41.678688 	 283.323761 	 275.010284 	 3.719142 	 97096.937500 	 337.106812 
14 	 41.678688 	 283.323761 	 269.622833 	 2.429946 	 97070.156250 	 330.305298 
15 	 41.678688 	 283.323761 	 263.461029 	 2.277922 	 96898.250000 	 276.813782 
16 	 41.678688 	 283.323761 	 260.854340 	 4.258988 	 97697.812500 	 270.168030 
17 	 41.678688 	 283.323761 	 261.282104 	 3.044192 	 99286.890625 	 281.504608 
18 	 41.678688 	 283.323761 	 265.101562 	 3.320782 	 99537.609375 	 287.343628 
19 	 41.678688 	 283.323761 	 270.378113 	 3.477722 	 97591.531250 	 352.337952 
20 	 41.678688 	 283.323761 	 261.641327 	 2.730773 	 98393.476562 	 308.108887 
21 	 41.678688 	 283.323761 	 263.627045 	 3.014278 	 98160.929688 	 285.310577 
22 	 41.678688 	 283.323761 	 260.198090 	 3.729074 	 98360.921875 	 308.445496 
23 	 41.678688 	 283.323761 	 271.350067 	 4.772268 	 97927.843750 	 347.666077 
24 	 41.678688 	 283.323761 	 266.326660 	 3.167829 	 98795.656250 	 321.813293 
25 	 41.678688 	 283.323761 	 271.098022 	 1.979707 	 98633.382812 	 330.692993 
26 	 41.678688 	 283.323761 	 264.512695 	 3.508655 	 99319.578125 	 338.911743 
27 	 41.678688 	 283.323761 	 260.070770 	 2.579507 	 100482.601562 	 294.161896 
28 	 41.678688 	 283.323761 	 272.417694 	 5.231045 	 99144.320312 	 327.703827 
29 	 41.678688 	 283.323761 	 280.053406 	 2.715446 	 99055.023438 	 373.957825 
30 	 41.678688 	 283.323761 	 278.683655 	 3.147612 	 99724.093750 	 355.042542 
31 	 41.678688 	 283.323761 	 283.529602 	 3.887088 	 98967.906250 	 423.879059 
32 	 41.678688 	 283.323761 	 283.771606 	 3.406078 	 99073.679688 	 390.541534 
33 	 41.678688 	 283.323761 	 285.529663 	 5.051904 	 98691.031250 	 411.606476 
34 	 41.678688 	 283.323761 	 276.389130 	 4.179615 	 98550.476562 	 411.387024 
35 	 41.678688 	 283.323761 	 267.758606 	 1.887407 	 99547.960938 	 354.839905 
36 	 41.678688 	 283.323761 	 266.809021 	 3.589349 	 98107.859375 	 349.358276 
37 	 41.678688 	 283.323761 	 261.840088 	 5.182931 	 97948.921875 	 313.973938 
38 	 41.678688 	 283.323761 	 261.654144 	 2.378720 	 99346.359375 	 314.464081 
39 	 41.678688 	 283.323761 	 269.411591 	 3.146948 	 99210.859375 	 365.252991 
40 	 41.678688 	 283.323761 	 273.200348 	 1.572163 	 99543.390625 	 381.225739 
41 	 41.678688 	 283.323761 	 276.352509 	 4.318409 	 100355.898438 	 370.039124 
42 	 41.678688 	 283.323761 	 282.345886 	 6.723811 	 99499.617188 	 366.019165 
43 	 41.678688 	 283.323761 	 273.623322 	 3.722765 	 99460.093750 	 369.703857 
44 	 41.678688 	 283.323761 	 279.445221 	 2.801431 	 99894.476562 	 360.830200 
45 	 41.678688 	 283.323761 	 281.032379 	 3.011097 	 98965.617188 	 374.855042 
46 	 41.678688 	 283.323761 	 272.429260 	 2.582628 	 97911.273438 	 364.826965 
47 	 41.678688 	 283.323761 	 270.180481 	 2.513200 	 97724.398438 	 366.169800 
48 	 41.678688 	 283.323761 	 268.318634 	 2.544398 	 97874.593750 	 389.754700 
49 	 41.678688 	 283.323761 	 266.073608 	 2.453905 	 98417.820312 	 377.564209 
50 	 41.678688 	 283.323761 	 269.348145 	 4.135097 	 98584.718750 	 307.275208 
51 	 41.678688 	 283.323761 	 270.226990 	 4.911085 	 97260.656250 	 429.850647 
52 	 41.678688 	 283.323761 	 267.558014 	 3.802923 	 97731.976562 	 356.262299 
53 	 41.678688 	 283.323761 	 262.646179 	 3.641101 	 98327.453125 	 363.480957 
54 	 41.678688 	 283.323761 	 262.446472 	 2.482049 	 99645.273438 	 365.895905 
55 	 41.678688 	 283.323761 	 270.198761 	 3.919367 	 99182.437500 	 343.045685 
56 	 41.678688 	 283.323761 	 275.799347 	 1.585359 	 98862.250000 	 379.831268 
57 	 41.678688 	 283.323761 	 278.345306 	 2.152624 	 98997.289062 	 468.951416 
58 	 41.678688 	 283.323761 	 274.888916 	 2.640301 	 98543.359375 	 347.914581 
59 	 41.678688 	 283.323761 	 280.787567 	 4.879021 	 97072.257812 	 466.994568 
60 	 41.678688 	 283.323761 	 273.763550 	 3.493843 	 98140.210938 	 413.978485 
61 	 41.678688 	 283.323761 	 283.658264 	 4.006645 	 97599.507812 	 484.992432 
62 	 41.678688 	 283.323761 	 279.178864 	 2.273944 	 97959.351562 	 354.543121 
63 	 41.678688 	 283.323761 	 282.057953 	 2.720152 	 97114.203125 	 463.904175 
64 	 41.678688 	 283.323761 	 280.004669 	 3.109271 	 97719.296875 	 437.613251 
65 	 41.678688 	 283.323761 	 286.675354 	 5.328958 	 96663.640625 	 384.606720 
66 	 41.678688 	 283.323761 	 270.532043 	 5.322143 	 95640.273438 	 371.259064 
67 	 41.678688 	 283.323761 	 272.965881 	 4.250541 	 97588.882812 	 425.705078 
68 	 41.678688 	 283.323761 	 279.966431 	 3.297460 	 98580.382812 	 498.891205 
69 	 41.678688 	 283.323761 	 282.864655 	 4.849014 	 98909.296875 	 446.106903 
70 	 41.678688 	 283.323761 	 282.127472 	 4.100599 	 98544.273438 	 483.957275 
71 	 41.678688 	 283.323761 	 279.867706 	 3.742347 	 98057.523438 	 338.570374 
72 	 41.678688 	 283.323761 	 277.920258 	 6.424215 	 96486.921875 	 477.777039 
73 	 41.678688 	 283.323761 	 276.072388 	 2.135869 	 97552.406250 	 344.574646 
74 	 41.678688 	 283.323761 	 275.580811 	 2.175668 	 98614.062500 	 448.282959 
75 	 41.678688 	 283.323761 	 280.373962 	 2.542547 	 99555.156250 	 440.591125 
76 	 41.678688 	 283.323761 	 286.198303 	 4.322426 	 99404.171875 	 453.693024 
77 	 41.678688 	 283.323761 	 286.014984 	 5.089770 	 98183.789062 	 527.847229 
78 	 41.678688 	 283.323761 	 281.640930 	 3.041299 	 98970.320312 	 507.610535 
79 	 41.678688 	 283.323761 	 285.753510 	 5.130768 	 99176.578125 	 513.754883 
80 	 41.678688 	 283.323761 	 284.912109 	 6.094963 	 98622.296875 	 400.103790 
81 	 41.678688 	 283.323761 	 270.769867 	 3.068325 	 98548.367188 	 415.571472 
82 	 41.678688 	 283.323761 	 266.703186 	 3.615734 	 99116.109375 	 457.813477 
83 	 41.678688 	 283.323761 	 272.872162 	 2.906636 	 99660.898438 	 481.144226 
84 	 41.678688 	 283.323761 	 282.869110 	 3.191490 	 98926.578125 	 505.317657 
85 	 41.678688 	 283.323761 	 281.490997 	 2.927555 	 98934.906250 	 509.410278 
86 	 41.678688 	 283.323761 	 287.030334 	 3.765497 	 98402.132812 	 423.064880 
87 	 41.678688 	 283.323761 	 287.771515 	 3.459860 	 98920.953125 	 562.643799 
88 	 41.678688 	 283.323761 	 284.547058 	 3.790864 	 98392.609375 	 394.766998 
89 	 41.678688 	 283.323761 	 274.364899 	 2.129868 	 99053.140625 	 356.560944 
90 	 41.678688 	 283.323761 	 274.972931 	 3.438510 	 98650.351562 	 521.202698 
91 	 41.678688 	 283.323761 	 277.189880 	 5.087682 	 98476.406250 	 380.865997 
92 	 41.678688 	 283.323761 	 279.554138 	 2.596133 	 97409.796875 	 554.798157 
93 	 41.678688 	 283.323761 	 272.603973 	 5.404662 	 96678.421875 	 483.856323 
94 	 41.678688 	 283.323761 	 268.845154 	 6.203361 	 98054.523438 	 483.152802 
95 	 41.678688 	 283.323761 	 275.932220 	 3.338747 	 98661.390625 	 515.633423 
96 	 41.678688 	 283.323761 	 280.169403 	 1.765935 	 98783.539062 	 532.576782 
97 	 41.678688 	 283.323761 	 283.861603 	 1.973171 	 98667.273438 	 412.593842 
98 	 41.678688 	 283.323761 	 284.701996 	 2.017676 	 98592.453125 	 402.264954 
99 	 41.678688 	 283.323761 	 284.271759 	 1.790767 	 98232.203125 	 573.180786 
100 	 41.678688 	 283.323761 	 281.745056 	 4.238427 	 98130.773438 	 562.275513 
101 	 41.678688 	 283.323761 	 279.686676 	 1.895572 	 99317.648438 	 544.726074 
102 	 41.678688 	 283.323761 	 285.071259 	 3.952636 	 99457.937500 	 550.910522 
103 	 41.678688 	 283.323761 	 286.937408 	 3.718216 	 98979.257812 	 574.709900 
104 	 41.678688 	 283.323761 	 279.292664 	 2.510810 	 99587.906250 	 464.599731 
105 	 41.678688 	 283.323761 	 281.694885 	 1.659191 	 99642.101562 	 538.163330 
106 	 41.678688 	 283.323761 	 281.151245 	 2.505537 	 99627.796875 	 395.683899 
107 	 41.678688 	 283.323761 	 282.837158 	 2.868739 	 99126.968750 	 421.955292 
108 	 41.678688 	 283.323761 	 284.018829 	 3.022830 	 98316.132812 	 542.305481 
109 	 41.678688 	 283.323761 	 282.367676 	 1.302183 	 98492.203125 	 539.613403 
110 	 41.678688 	 283.323761 	 277.392365 	 2.631144 	 98024.867188 	 381.917908 
111 	 41.678688 	 283.323761 	 273.585815 	 4.441810 	 98042.507812 	 391.380798 
112 	 41.678688 	 283.323761 	 279.552460 	 5.349655 	 97818.289062 	 582.453430 
113 	 41.678688 	 283.323761 	 287.003174 	 2.283532 	 98877.726562 	 586.063354 
114 	 41.678688 	 283.323761 	 290.468323 	 2.595354 	 99205.039062 	 635.480713 
115 	 41.678688 	 283.323761 	 285.949646 	 4.711795 	 98315.929688 	 409.992889 
116 	 41.678688 	 283.323761 	 278.017670 	 2.189846 	 98885.632812 	 568.657715 
117 	 41.678688 	 283.323761 	 282.625763 	 4.578292 	 99312.632812 	 468.135803 
118 	 41.678688 	 283.323761 	 288.249664 	 1.098484 	 99163.992188 	 618.992859 
119 	 41.678688 	 283.323761 	 289.312927 	 1.971525 	 99391.171875 	 602.364990 
120 	 41.678688 	 283.323761 	 290.172028 	 3.259458 	 99268.117188 	 607.001465 
121 	 41.678688 	 283.323761 	 287.827820 	 3.610477 	 99249.632812 	 455.325195 
122 	 41.678688 	 283.323761 	 284.322357 	 2.293061 	 100095.703125 	 591.708496 
123 	 41.678688 	 283.323761 	 286.273224 	 3.040169 	 99606.226562 	 588.068237 
124 	 41.678688 	 283.323761 	 290.947388 	 3.646445 	 98491.140625 	 618.618042 
125 	 41.678688 	 283.323761 	 292.248566 	 2.137843 	 98182.101562 	 629.063843 
126 	 41.678688 	 283.323761 	 293.984192 	 3.339055 	 97528.601562 	 614.300842 
127 	 41.678688 	 283.323761 	 288.702667 	 2.327841 	 97441.156250 	 626.849243 
128 	 41.678688 	 283.323761 	 284.156677 	 3.134880 	 98141.140625 	 614.389832 
129 	 41.678688 	 283.323761 	 283.761749 	 1.800002 	 98773.640625 	 476.520020 
130 	 41.678688 	 283.323761 	 289.225677 	 2.962276 	 99112.343750 	 623.483521 
131 	 41.678688 	 283.323761 	 292.575592 	 4.228714 	 98988.726562 	 517.142090 
132 	 41.678688 	 283.323761 	 290.006195 	 3.531306 	 98768.398438 	 440.778717 
133 	 41.678688 	 283.323761 	 288.413391 	 2.571961 	 98115.273438 	 596.891724 
134 	 41.678688 	 283.323761 	 286.085449 	 2.677119 	 98403.476562 	 623.193848 
135 	 41.678688 	 283.323761 	 286.043121 	 3.237722 	 98225.906250 	 405.586578 
136 	 41.678688 	 283.323761 	 288.747925 	 2.211384 	 98094.546875 	 579.910034 
137 	 41.678688 	 283.323761 	 283.173889 	 3.497449 	 98087.343750 	 523.990662 
138 	 41.678688 	 283.323761 	 280.924744 	 0.862841 	 98684.773438 	 523.642273 
139 	 41.678688 	 283.323761 	 282.033966 	 1.624309 	 98335.750000 	 515.431641 
140 	 41.678688 	 283.323761 	 282.886902 	 2.495351 	 97929.296875 	 617.662964 
141 	 41.678688 	 283.323761 	 280.274872 	 3.534394 	 97975.343750 	 580.473145 
142 	 41.678688 	 283.323761 	 278.740479 	 2.130309 	 98445.296875 	 601.227234 
143 	 41.678688 	 283.323761 	 280.902008 	 1.636318 	 98891.117188 	 503.366730 
144 	 41.678688 	 283.323761 	 284.001373 	 1.339286 	 98860.328125 	 537.941772 
145 	 41.678688 	 283.323761 	 284.554199 	 2.573090 	 98870.468750 	 452.686584 
146 	 41.678688 	 283.323761 	 284.780182 	 4.151012 	 99101.531250 	 629.302551 
147 	 41.678688 	 283.323761 	 284.133301 	 2.921771 	 99198.343750 	 626.293457 
148 	 41.678688 	 283.323761 	 284.378082 	 1.450872 	 99361.453125 	 586.631165 
149 	 41.678688 	 283.323761 	 289.563660 	 1.311294 	 99079.812500 	 645.618774 
150 	 41.678688 	 283.323761 	 293.478180 	 0.871632 	 99009.718750 	 672.805176 
151 	 41.678688 	 283.323761 	 295.989716 	 2.470477 	 98642.140625 	 635.352966 
152 	 41.678688 	 283.323761 	 295.003235 	 1.928996 	 98417.757812 	 635.869263 
153 	 41.678688 	 283.323761 	 296.239075 	 2.428917 	 98468.976562 	 683.974976 
154 	 41.678688 	 283.323761 	 294.982971 	 2.716940 	 98869.171875 	 688.405579 
155 	 41.678688 	 283.323761 	 294.796356 	 1.966892 	 99176.406250 	 676.742920 
156 	 41.678688 	 283.323761 	 296.852722 	 4.490524 	 98828.203125 	 698.073853 
157 	 41.678688 	 283.323761 	 296.576385 	 2.635510 	 98476.632812 	 567.951416 
158 	 41.678688 	 283.323761 	 293.236298 	 2.340430 	 99100.617188 	 700.614868 
159 	 41.678688 	 283.323761 	 293.260193 	 2.169826 	 98970.617188 	 607.229797 
160 	 41.678688 	 283.323761 	 293.207642 	 1.853951 	 98605.296875 	 654.471802 
161 	 41.678688 	 283.323761 	 293.208801 	 1.488793 	 98602.351562 	 682.877197 
162 	 41.678688 	 283.323761 	 294.600494 	 3.876505 	 97967.593750 	 646.677551 
163 	 41.678688 	 283.323761 	 291.931854 	 3.389872 	 97658.289062 	 485.759979 
164 	 41.678688 	 283.323761 	 285.714111 	 4.188331 	 98762.656250 	 649.163086 
165 	 41.678688 	 283.323761 	 287.305939 	 1.838357 	 99340.070312 	 652.715332 
166 	 41.678688 	 283.323761 	 290.148560 	 3.474734 	 99055.148438 	 584.786743 
167 	 41.678688 	 283.323761 	 293.837921 	 3.265423 	 98554.000000 	 545.515991 
168 	 41.678688 	 283.323761 	 294.834290 	 1.768932 	 98244.101562 	 529.995911 
169 	 41.678688 	 283.323761 	 296.084991 	 0.920322 	 98481.429688 	 659.148926 
170 	 41.678688 	 283.323761 	 293.767456 	 3.234103 	 98768.343750 	 598.692505 
171 	 41.678688 	 283.323761 	 296.239258 	 4.443397 	 98227.171875 	 683.261658 
172 	 41.678688 	 283.323761 	 291.367523 	 3.899086 	 97974.203125 	 616.077942 
173 	 41.678688 	 283.323761 	 290.228790 	 2.473049 	 98654.851562 	 671.358887 
174 	 41.678688 	 283.323761 	 292.653290 	 1.541720 	 98795.703125 	 683.987061 
175 	 41.678688 	 283.323761 	 296.459747 	 4.976691 	 98727.843750 	 708.083435 
176 	 41.678688 	 283.323761 	 296.668457 	 3.942472 	 98208.437500 	 595.192749 
177 	 41.678688 	 283.323761 	 295.311798 	 1.742508 	 98341.250000 	 663.595520 
178 	 41.678688 	 283.323761 	 296.750336 	 1.196898 	 98697.828125 	 718.746094 
179 	 41.678688 	 283.323761 	 299.344635 	 2.161594 	 98582.078125 	 711.089111 
180 	 41.678688 	 283.323761 	 298.822845 	 2.270908 	 98456.343750 	 697.069702 
181 	 41.678688 	 283.323761 	 297.522278 	 2.511377 	 98316.843750 	 553.579224 
182 	 41.678688 	 283.323761 	 295.728638 	 1.593079 	 98418.593750 	 603.350525 
183 	 41.678688 	 283.323761 	 296.094849 	 1.419688 	 98539.078125 	 680.602173 
184 	 41.678688 	 283.323761 	 297.137665 	 1.068470 	 98612.976562 	 639.942993 
185 	 41.678688 	 283.323761 	 296.933075 	 1.459331 	 98840.539062 	 700.675720 
186 	 41.678688 	 283.323761 	 297.831635 	 3.051064 	 98299.890625 	 673.524658 
187 	 41.678688 	 283.323761 	 295.865234 	 3.437133 	 97768.960938 	 640.831726 
188 	 41.678688 	 283.323761 	 296.672546 	 4.119896 	 97386.773438 	 654.743225 
189 	 41.678688 	 283.323761 	 296.282623 	 2.295433 	 97963.617188 	 720.649902 
190 	 41.678688 	 283.323761 	 297.160217 	 2.633763 	 98311.312500 	 702.389771 
191 	 41.678688 	 283.323761 	 298.678802 	 3.082290 	 98317.882812 	 718.485596 
192 	 41.678688 	 283.323761 	 296.989227 	 2.573398 	 98518.929688 	 700.815308 
193 	 41.678688 	 283.323761 	 296.146881 	 2.739990 	 98620.851562 	 589.662415 
194 	 41.678688 	 283.323761 	 301.304413 	 3.749592 	 98342.992188 	 672.016235 
195 	 41.678688 	 283.323761 	 301.937592 	 4.265078 	 98269.093750 	 731.374512 
196 	 41.678688 	 283.323761 	 293.574127 	 3.638392 	 98508.046875 	 620.413452 
197 	 41.678688 	 283.323761 	 292.660553 	 1.758036 	 98638.671875 	 691.433228 
198 	 41.678688 	 283.323761 	 292.558594 	 1.567908 	 99057.968750 	 673.094971 
199 	 41.678688 	 283.323761 	 294.633759 	 3.172093 	 99154.031250 	 682.376343 
200 	 41.678688 	 283.323761 	 295.302582 	 3.672902 	 98703.179688 	 563.871582 
201 	 41.678688 	 283.323761 	 294.988098 	 2.283894 	 98807.562500 	 690.909790 
202 	 41.678688 	 283.323761 	 294.373535 	 1.326690 	 98759.593750 	 609.432861 
203 	 41.678688 	 283.323761 	 301.109192 	 3.869148 	 97976.226562 	 682.841431 
204 	 41.678688 	 283.323761 	 296.361450 	 1.770253 	 98454.953125 	 578.803223 
205 	 41.678688 	 283.323761 	 292.539551 	 2.622437 	 98744.960938 	 575.123169 
206 	 41.678688 	 283.323761 	 290.239105 	 1.449434 	 99235.898438 	 653.531250 
207 	 41.678688 	 283.323761 	 292.808929 	 4.499040 	 99474.500000 	 536.271423 
208 	 41.678688 	 283.323761 	 296.064941 	 4.917777 	 99148.046875 	 625.148438 
209 	 41.678688 	 283.323761 	 295.541260 	 2.042543 	 98821.789062 	 495.478882 
210 	 41.678688 	 283.323761 	 294.840179 	 1.963250 	 98643.203125 	 653.530823 
211 	 41.678688 	 283.323761 	 295.759979 	 3.486283 	 98109.882812 	 684.683838 
212 	 41.678688 	 283.323761 	 296.692474 	 3.388713 	 98010.312500 	 682.054016 
213 	 41.678688 	 283.323761 	 298.222992 	 3.175921 	 97799.007812 	 482.188538 
214 	 41.678688 	 283.323761 	 292.655762 	 1.956259 	 98444.710938 	 680.492920 
215 	 41.678688 	 283.323761 	 292.649963 	 1.934497 	 98806.929688 	 638.512268 
216 	 41.678688 	 283.323761 	 294.497620 	 1.088941 	 98981.601562 	 666.090637 
217 	 41.678688 	 283.323761 	 295.895233 	 2.226704 	 98688.132812 	 666.127197 
218 	 41.678688 	 283.323761 	 295.478424 	 2.759632 	 98182.992188 	 611.389832 
219 	 41.678688 	 283.323761 	 294.613464 	 2.099428 	 98394.882812 	 638.984558 
220 	 41.678688 	 283.323761 	 294.683685 	 3.710955 	 98462.460938 	 572.827698 
221 	 41.678688 	 283.323761 	 293.423157 	 2.047471 	 98512.523438 	 595.834595 
222 	 41.678688 	 283.323761 	 295.189362 	 3.201222 	 98801.312500 	 532.281250 
223 	 41.678688 	 283.323761 	 297.319763 	 3.641418 	 98728.976562 	 675.473145 
224 	 41.678688 	 283.323761 	 298.897064 	 3.364431 	 98293.679688 	 667.556030 
225 	 41.678688 	 283.323761 	 298.020630 	 3.151552 	 97845.492188 	 637.400513 
226 	 41.678688 	 283.323761 	 293.698700 	 3.664945 	 98343.117188 	 608.201416 
227 	 41.678688 	 283.323761 	 293.324524 	 1.355780 	 98905.273438 	 636.381958 
228 	 41.678688 	 283.323761 	 293.931458 	 2.644297 	 98961.382812 	 632.961914 
229 	 41.678688 	 283.323761 	 294.917419 	 2.801456 	 98758.796875 	 640.935913 
230 	 41.678688 	 283.323761 	 296.347534 	 2.213645 	 98449.726562 	 659.687866 
231 	 41.678688 	 283.323761 	 295.923859 	 1.666970 	 98588.617188 	 656.140747 
232 	 41.678688 	 283.323761 	 295.048920 	 1.415554 	 98933.859375 	 642.001221 
233 	 41.678688 	 283.323761 	 297.985413 	 2.867593 	 98887.617188 	 657.486938 
234 	 41.678688 	 283.323761 	 299.077820 	 1.694277 	 99014.203125 	 661.649170 
235 	 41.678688 	 283.323761 	 297.255066 	 1.008447 	 99172.007812 	 652.141602 
236 	 41.678688 	 283.323761 	 296.578796 	 1.260223 	 98949.882812 	 632.950012 
237 	 41.678688 	 283.323761 	 296.400146 	 1.328735 	 98816.921875 	 577.969971 
238 	 41.678688 	 283.323761 	 296.624237 	 0.852045 	 99183.078125 	 647.201050 
239 	 41.678688 	 283.323761 	 298.079041 	 2.756479 	 99129.656250 	 630.191528 
240 	 41.678688 	 283.323761 	 298.721832 	 1.777335 	 99045.859375 	 649.708313 
241 	 41.678688 	 283.323761 	 298.464386 	 1.880555 	 98889.976562 	 640.467529 
242 	 41.678688 	 283.323761 	 297.417450 	 1.766151 	 98717.617188 	 600.879395 
243 	 41.678688 	 283.323761 	 295.561951 	 1.567933 	 98579.437500 	 629.262451 
244 	 41.678688 	 283.323761 	 297.026276 	 1.723724 	 98470.210938 	 619.195007 
245 	 41.678688 	 283.323761 	 295.954315 	 3.128232 	 97985.007812 	 553.654053 
246 	 41.678688 	 283.323761 	 290.722839 	 2.719673 	 98813.718750 	 591.603394 
247 	 41.678688 	 283.323761 	 290.927307 	 1.961925 	 99541.742188 	 588.521729 
248 	 41.678688 	 283.323761 	 290.350006 	 1.892122 	 99771.789062 	 568.859009 
249 	 41.678688 	 283.323761 	 290.222656 	 2.209981 	 99469.101562 	 551.452332 
250 	 41.678688 	 283.323761 	 292.348328 	 2.299891 	 98647.726562 	 538.685974 
251 	 41.678688 	 283.323761 	 296.182037 	 2.544901 	 98453.343750 	 587.952393 
252 	 41.678688 	 283.323761 	 294.302521 	 2.405652 	 98539.156250 	 540.903625 
253 	 41.678688 	 283.323761 	 292.171692 	 1.512396 	 98942.976562 	 580.650635 
254 	 41.678688 	 283.323761 	 296.288177 	 1.843226 	 98972.976562 	 600.382385 
255 	 41.678688 	 283.323761 	 297.465942 	 2.604263 	 98551.671875 	 593.969727 
256 	 41.678688 	 283.323761 	 294.430542 	 1.990666 	 98827.046875 	 526.106079 
257 	 41.678688 	 283.323761 	 293.798096 	 3.787102 	 98571.148438 	 481.190216 
258 	 41.678688 	 283.323761 	 288.647705 	 3.072136 	 97724.398438 	 544.731201 
259 	 41.678688 	 283.323761 	 286.224426 	 3.480103 	 97683.718750 	 462.114746 
260 	 41.678688 	 283.323761 	 283.365723 	 2.499820 	 98598.343750 	 466.649292 
261 	 41.678688 	 283.323761 	 285.709229 	 2.062741 	 99090.031250 	 516.629761 
262 	 41.678688 	 283.323761 	 286.718262 	 1.891093 	 98910.726562 	 453.035156 
263 	 41.678688 	 283.323761 	 290.224945 	 1.144893 	 99114.140625 	 542.782410 
264 	 41.678688 	 283.323761 	 292.096313 	 3.298590 	 99526.851562 	 559.109558 
265 	 41.678688 	 283.323761 	 294.724457 	 2.895895 	 99168.960938 	 546.838989 
266 	 41.678688 	 283.323761 	 290.403381 	 1.332733 	 99438.687500 	 540.785400 
267 	 41.678688 	 283.323761 	 294.452942 	 2.692240 	 98890.390625 	 545.244934 
268 	 41.678688 	 283.323761 	 295.740753 	 1.223543 	 99125.546875 	 541.914368 
269 	 41.678688 	 283.323761 	 293.474579 	 1.392139 	 99532.796875 	 550.518066 
270 	 41.678688 	 283.323761 	 292.606049 	 1.985100 	 99824.148438 	 510.950745 
271 	 41.678688 	 283.323761 	 293.867157 	 2.815096 	 99419.078125 	 522.826050 
272 	 41.678688 	 283.323761 	 290.962799 	 2.373366 	 98740.046875 	 427.382294 
273 	 41.678688 	 283.323761 	 284.740143 	 1.429077 	 98916.679688 	 523.355469 
274 	 41.678688 	 283.323761 	 283.424225 	 1.795552 	 99650.320312 	 426.035889 
275 	 41.678688 	 283.323761 	 283.763611 	 1.701210 	 99791.328125 	 388.131409 
276 	 41.678688 	 283.323761 	 284.194672 	 2.146403 	 99088.742188 	 410.826416 
277 	 41.678688 	 283.323761 	 281.231995 	 0.926335 	 99140.226562 	 378.964691 
278 	 41.678688 	 283.323761 	 285.603485 	 1.329337 	 98737.679688 	 517.385986 
279 	 41.678688 	 283.323761 	 286.213074 	 2.350358 	 99196.570312 	 487.643707 
280 	 41.678688 	 283.323761 	 290.281525 	 3.700143 	 99269.843750 	 468.014069 
281 	 41.678688 	 283.323761 	 291.911835 	 4.746736 	 98743.726562 	 433.104614 
282 	 41.678688 	 283.323761 	 283.577454 	 1.604524 	 98459.593750 	 390.489136 
283 	 41.678688 	 283.323761 	 280.467072 	 1.765759 	 98501.140625 	 450.161865 
284 	 41.678688 	 283.323761 	 279.917267 	 2.641348 	 98624.062500 	 414.533691 
285 	 41.678688 	 283.323761 	 280.871368 	 2.835036 	 98992.203125 	 455.411102 
286 	 41.678688 	 283.323761 	 280.590790 	 3.216751 	 98779.851562 	 432.060364 
287 	 41.678688 	 283.323761 	 278.779785 	 3.090904 	 99413.312500 	 439.493835 
288 	 41.678688 	 283.323761 	 278.373932 	 1.868646 	 99761.726562 	 442.871979 
289 	 41.678688 	 283.323761 	 282.516510 	 3.336018 	 98908.890625 	 390.743835 
290 	 41.678688 	 283.323761 	 283.870911 	 4.116763 	 97607.656250 	 448.337158 
291 	 41.678688 	 283.323761 	 277.075897 	 4.575705 	 97910.007812 	 438.089203 
292 	 41.678688 	 283.323761 	 279.924805 	 3.590672 	 98641.679688 	 422.400543 
293 	 41.678688 	 283.323761 	 284.685333 	 2.211687 	 99227.281250 	 448.861938 
294 	 41.678688 	 283.323761 	 285.812622 	 2.747542 	 99535.968750 	 457.665100 
295 	 41.678688 	 283.323761 	 285.549896 	 1.407683 	 99477.187500 	 409.546204 
296 	 41.678688 	 283.323761 	 286.459900 	 1.837390 	 100016.796875 	 429.035614 
297 	 41.678688 	 283.323761 	 287.240601 	 1.185462 	 99808.593750 	 450.768372 
298 	 41.678688 	 283.323761 	 285.753387 	 1.333569 	 99843.039062 	 411.467621 
299 	 41.678688 	 283.323761 	 287.336670 	 2.866460 	 99553.218750 	 431.060516 
300 	 41.678688 	 283.323761 	 281.376862 	 2.015982 	 99939.546875 	 420.631195 
301 	 41.678688 	 283.323761 	 287.432343 	 3.680134 	 99467.757812 	 439.931274 
302 	 41.678688 	 283.323761 	 279.820374 	 3.089700 	 99689.226562 	 446.257996 
303 	 41.678688 	 283.323761 	 276.099884 	 1.926609 	 99510.242188 	 397.408142 
304 	 41.678688 	 283.323761 	 279.506866 	 1.560473 	 99204.750000 	 408.796478 
305 	 41.678688 	 283.323761 	 282.222443 	 3.535163 	 98941.640625 	 418.114929 
306 	 41.678688 	 283.323761 	 278.719086 	 3.545273 	 99310.406250 	 407.504639 
307 	 41.678688 	 283.323761 	 271.786316 	 1.761771 	 100009.703125 	 351.417725 
308 	 41.678688 	 283.323761 	 271.451935 	 1.228442 	 99763.078125 	 368.125183 
309 	 41.678688 	 283.323761 	 274.922302 	 1.314694 	 99442.578125 	 383.023254 
310 	 41.678688 	 283.323761 	 277.144165 	 2.677514 	 99534.726562 	 352.979889 
311 	 41.678688 	 283.323761 	 280.678314 	 3.386050 	 98562.656250 	 338.040405 
312 	 41.678688 	 283.323761 	 280.933441 	 3.015983 	 97706.796875 	 427.669006 
313 	 41.678688 	 283.323761 	 277.749512 	 2.653350 	 99360.593750 	 391.440735 
314 	 41.678688 	 283.323761 	 282.361481 	 3.949139 	 99527.429688 	 397.397949 
315 	 41.678688 	 283.323761 	 284.101135 	 2.901928 	 98782.351562 	 404.739075 
316 	 41.678688 	 283.323761 	 281.311127 	 3.391923 	 98116.656250 	 373.650543 
317 	 41.678688 	 283.323761 	 276.283966 	 2.641723 	 98576.453125 	 361.728363 
318 	 41.678688 	 283.323761 	 276.148926 	 2.153030 	 99302.023438 	 369.849884 
319 	 41.678688 	 283.323761 	 281.792419 	 2.164957 	 99285.773438 	 409.562134 
320 	 41.678688 	 283.323761 	 282.505463 	 2.317507 	 99391.250000 	 398.684998 
321 	 41.678688 	 283.323761 	 283.245758 	 2.580516 	 99539.367188 	 400.388550 
322 	 41.678688 	 283.323761 	 283.918304 	 4.267671 	 99617.023438 	 395.202972 
323 	 41.678688 	 283.323761 	 288.129883 	 4.100883 	 99350.210938 	 430.839539 
324 	 41.678688 	 283.323761 	 284.778198 	 1.745306 	 99084.882812 	 380.350403 
325 	 41.678688 	 283.323761 	 281.858673 	 0.587172 	 98828.882812 	 379.962433 
326 	 41.678688 	 283.323761 	 279.836731 	 3.145209 	 97648.367188 	 359.972504 
327 	 41.678688 	 283.323761 	 274.968750 	 6.033906 	 97853.593750 	 385.979218 
328 	 41.678688 	 283.323761 	 273.276581 	 2.355822 	 99595.242188 	 345.317963 
329 	 41.678688 	 283.323761 	 271.635559 	 0.946819 	 100330.601562 	 335.006470 
330 	 41.678688 	 283.323761 	 272.084351 	 2.760182 	 100474.601562 	 357.368530 
331 	 41.678688 	 283.323761 	 277.673798 	 2.022584 	 99876.132812 	 347.434662 
332 	 41.678688 	 283.323761 	 273.487061 	 4.544022 	 98976.023438 	 335.575714 
333 	 41.678688 	 283.323761 	 274.366150 	 3.680787 	 99330.648438 	 372.169159 
334 	 41.678688 	 283.323761 	 276.931763 	 1.625084 	 100008.898438 	 395.859192 
335 	 41.678688 	 283.323761 	 279.662842 	 4.165463 	 99419.320312 	 379.673920 
336 	 41.678688 	 283.323761 	 282.288177 	 1.962454 	 98842.929688 	 406.448059 
337 	 41.678688 	 283.323761 	 279.725281 	 2.628081 	 98146.742188 	 354.128540 
338 	 41.678688 	 283.323761 	 268.747742 	 4.047355 	 97843.523438 	 340.456909 
339 	 41.678688 	 283.323761 	 266.835602 	 3.589332 	 98552.406250 	 324.166870 
340 	 41.678688 	 283.323761 	 267.981293 	 1.697234 	 99690.960938 	 304.401947 
341 	 41.678688 	 283.323761 	 272.373169 	 2.848349 	 100094.398438 	 305.206726 
342 	 41.678688 	 283.323761 	 280.018738 	 2.807164 	 99002.328125 	 363.449432 
343 	 41.678688 	 283.323761 	 276.208557 	 2.396604 	 97287.953125 	 332.662964 
344 	 41.678688 	 283.323761 	 273.200562 	 4.573282 	 96762.007812 	 349.736694 
345 	 41.678688 	 283.323761 	 272.206238 	 3.903278 	 97072.710938 	 315.799377 
346 	 41.678688 	 283.323761 	 276.330872 	 3.868299 	 96203.867188 	 351.110626 
347 	 41.678688 	 283.323761 	 271.771545 	 4.529023 	 95752.648438 	 315.762634 
348 	 41.678688 	 283.323761 	 270.249664 	 4.304362 	 97061.726562 	 314.885529 
349 	 41.678688 	 283.323761 	 269.424713 	 3.037490 	 98400.546875 	 325.860291 
350 	 41.678688 	 283.323761 	 269.929565 	 2.040157 	 99118.140625 	 312.057556 
351 	 41.678688 	 283.323761 	 269.515594 	 1.277494 	 99191.000000 	 328.888062 
352 	 41.678688 	 283.323761 	 267.281158 	 2.409940 	 98983.468750 	 327.598358 
353 	 41.678688 	 283.323761 	 267.638550 	 1.035193 	 99050.351562 	 296.838074 
354 	 41.678688 	 283.323761 	 267.984589 	 0.768381 	 99356.023438 	 311.525757 
355 	 41.678688 	 283.323761 	 271.318268 	 2.633940 	 98946.937500 	 310.250305 
356 	 41.678688 	 283.323761 	 273.488342 	 1.548069 	 98213.070312 	 307.859741 
357 	 41.678688 	 283.323761 	 271.691803 	 3.703222 	 98064.828125 	 346.803284 
358 	 41.678688 	 283.323761 	 270.405365 	 2.400547 	 98131.046875 	 346.756714 
359 	 41.678688 	 283.323761 	 268.783783 	 2.395519 	 98436.937500 	 297.574280 
360 	 41.678688 	 283.323761 	 266.429626 	 1.275758 	 99340.640625 	 287.141846 
361 	 41.678688 	 283.323761 	 268.391724 	 0.683502 	 99113.718750 	 329.964386 
362 	 41.678688 	 283.323761 	 271.867249 	 3.674859 	 98190.953125 	 318.556793 
363 	 41.678688 	 283.323761 	 269.377747 	 3.905568 	 96890.039062 	 311.393311 
364 	 41.678688 	 283.323761 	 265.858704 	 2.623482 	 98167.593750 	 294.766968 
