# 0: Day of Year [-] 	 1: lat [deg] 	 2: lon [deg] 	 3: tas [K] 	 4: sfcWind [m s-1] 	 5: ps [Pa] 	 6: Total Downwelling Rad Flux [W m-2] 
0 	 41.678688 	 283.323761 	 267.721741 	 4.503074 	 96354.023438 	 308.527283 
1 	 41.678688 	 283.323761 	 264.181305 	 2.583490 	 98095.906250 	 274.685913 
2 	 41.678688 	 283.323761 	 261.988708 	 1.720966 	 99246.796875 	 274.384369 
3 	 41.678688 	 283.323761 	 264.630432 	 4.120378 	 99070.273438 	 259.179535 
4 	 41.678688 	 283.323761 	 273.705444 	 4.475735 	 97021.437500 	 366.135559 
5 	 41.678688 	 283.323761 	 272.708191 	 3.020017 	 97961.531250 	 301.999878 
6 	 41.678688 	 283.323761 	 276.008972 	 2.476736 	 97497.093750 	 346.785034 
7 	 41.678688 	 283.323761 	 272.462433 	 2.519275 	 98539.226562 	 357.457886 
8 	 41.678688 	 283.323761 	 273.778351 	 3.758465 	 99783.476562 	 336.238770 
9 	 41.678688 	 283.323761 	 280.817627 	 5.019540 	 99050.656250 	 359.235809 
10 	 41.678688 	 283.323761 	 279.825592 	 2.140245 	 97139.937500 	 359.285309 
11 	 41.678688 	 283.323761 	 273.707153 	 2.432223 	 97578.046875 	 353.202637 
12 	 41.678688 	 283.323761 	 273.838043 	 1.409889 	 98715.007812 	 351.861908 
13 	 41.678688 	 283.323761 	 275.162109 	 2.912744 	 98521.609375 	 323.928467 
14 	 41.678688 	 283.323761 	 275.217133 	 3.887450 	 97482.968750 	 352.326233 
15 	 41.678688 	 283.323761 	 274.232513 	 2.373665 	 98646.671875 	 361.067291 
16 	 41.678688 	 283.323761 	 277.061707 	 3.073670 	 98615.218750 	 377.004639 
17 	 41.678688 	 283.323761 	 273.522217 	 3.268756 	 98406.156250 	 351.264587 
18 	 41.678688 	 283.323761 	 270.541290 	 2.114343 	 99060.281250 	 324.527588 
19 	 41.678688 	 283.323761 	 273.592560 	 2.393343 	 99396.718750 	 374.912079 
20 	 41.678688 	 283.323761 	 278.510345 	 4.764210 	 97977.546875 	 324.558929 
21 	 41.678688 	 283.323761 	 272.162445 	 4.980932 	 96730.000000 	 340.414154 
22 	 41.678688 	 283.323761 	 265.875854 	 3.846448 	 97659.726562 	 312.634583 
23 	 41.678688 	 283.323761 	 265.970184 	 2.225337 	 98791.757812 	 274.706543 
24 	 41.678688 	 283.323761 	 276.416077 	 3.878313 	 98383.023438 	 344.499756 
25 	 41.678688 	 283.323761 	 279.669312 	 2.352205 	 97188.406250 	 351.054718 
26 	 41.678688 	 283.323761 	 271.524414 	 3.015495 	 97027.906250 	 348.096222 
27 	 41.678688 	 283.323761 	 271.328430 	 3.204739 	 97726.273438 	 374.959351 
28 	 41.678688 	 283.323761 	 271.084076 	 1.751647 	 98509.296875 	 312.169800 
29 	 41.678688 	 283.323761 	 268.880280 	 4.210299 	 98669.273438 	 303.428467 
30 	 41.678688 	 283.323761 	 263.330933 	 5.038198 	 97509.812500 	 364.146912 
31 	 41.678688 	 283.323761 	 263.499878 	 3.815987 	 97677.273438 	 321.136414 
32 	 41.678688 	 283.323761 	 265.847260 	 2.200050 	 97998.390625 	 335.213684 
33 	 41.678688 	 283.323761 	 264.615570 	 0.971674 	 97815.273438 	 339.221466 
34 	 41.678688 	 283.323761 	 264.960541 	 0.950470 	 97779.398438 	 338.764832 
35 	 41.678688 	 283.323761 	 266.614532 	 1.068748 	 98225.078125 	 357.047882 
36 	 41.678688 	 283.323761 	 270.108551 	 2.849535 	 97968.453125 	 339.346985 
37 	 41.678688 	 283.323761 	 270.421448 	 2.891273 	 97769.093750 	 378.192261 
38 	 41.678688 	 283.323761 	 260.927124 	 3.032304 	 98401.437500 	 326.584351 
39 	 41.678688 	 283.323761 	 259.879517 	 1.088377 	 97852.437500 	 288.224060 
40 	 41.678688 	 283.323761 	 267.187592 	 2.093775 	 96454.023438 	 339.403320 
41 	 41.678688 	 283.323761 	 266.196838 	 3.697911 	 96729.203125 	 352.619537 
42 	 41.678688 	 283.323761 	 263.232361 	 3.559420 	 97884.140625 	 361.260284 
43 	 41.678688 	 283.323761 	 268.311859 	 3.235020 	 97849.570312 	 396.328430 
44 	 41.678688 	 283.323761 	 269.978943 	 1.900564 	 96458.203125 	 345.417175 
45 	 41.678688 	 283.323761 	 261.001678 	 5.347893 	 95880.039062 	 362.461700 
46 	 41.678688 	 283.323761 	 262.936554 	 5.740523 	 96744.601562 	 348.110870 
47 	 41.678688 	 283.323761 	 265.011719 	 2.649424 	 98365.921875 	 363.468872 
48 	 41.678688 	 283.323761 	 264.119049 	 1.348284 	 99449.406250 	 372.636810 
49 	 41.678688 	 283.323761 	 268.016022 	 3.261852 	 100478.203125 	 364.367096 
50 	 41.678688 	 283.323761 	 280.029877 	 7.136440 	 99221.109375 	 356.990784 
51 	 41.678688 	 283.323761 	 280.711792 	 1.767407 	 97427.828125 	 378.049347 
52 	 41.678688 	 283.323761 	 267.556854 	 3.369840 	 98265.171875 	 391.869934 
53 	 41.678688 	 283.323761 	 262.469971 	 2.346201 	 99573.843750 	 355.671509 
54 	 41.678688 	 283.323761 	 263.202515 	 1.979610 	 100361.398438 	 351.827759 
55 	 41.678688 	 283.323761 	 272.143402 	 3.322278 	 100386.500000 	 368.866638 
56 	 41.678688 	 283.323761 	 274.891876 	 2.123303 	 100564.898438 	 358.607666 
57 	 41.678688 	 283.323761 	 274.495148 	 2.053566 	 100273.101562 	 438.036896 
58 	 41.678688 	 283.323761 	 273.421906 	 4.308703 	 99769.828125 	 417.909515 
59 	 41.678688 	 283.323761 	 271.142334 	 4.609501 	 99653.093750 	 409.426270 
60 	 41.678688 	 283.323761 	 268.426483 	 5.002553 	 99470.031250 	 398.469482 
61 	 41.678688 	 283.323761 	 266.766327 	 4.093111 	 99510.226562 	 394.877380 
62 	 41.678688 	 283.323761 	 269.602112 	 1.460711 	 99620.953125 	 407.247620 
63 	 41.678688 	 283.323761 	 271.597290 	 2.354419 	 99184.343750 	 338.054169 
64 	 41.678688 	 283.323761 	 273.006287 	 1.801989 	 98322.320312 	 456.205139 
65 	 41.678688 	 283.323761 	 265.643921 	 4.483562 	 98474.398438 	 422.955902 
66 	 41.678688 	 283.323761 	 270.067535 	 2.688112 	 99081.679688 	 422.931152 
67 	 41.678688 	 283.323761 	 274.677338 	 2.694909 	 97728.492188 	 339.568756 
68 	 41.678688 	 283.323761 	 266.140259 	 4.314273 	 97614.656250 	 434.113464 
69 	 41.678688 	 283.323761 	 260.022522 	 2.967170 	 100034.296875 	 397.514465 
70 	 41.678688 	 283.323761 	 270.375092 	 4.326966 	 100713.601562 	 440.825958 
71 	 41.678688 	 283.323761 	 277.170502 	 3.021860 	 100855.000000 	 356.150391 
72 	 41.678688 	 283.323761 	 281.630005 	 2.482329 	 100182.296875 	 390.972961 
73 	 41.678688 	 283.323761 	 285.153900 	 3.791997 	 98874.843750 	 460.152893 
74 	 41.678688 	 283.323761 	 282.444672 	 3.973463 	 96877.703125 	 394.225128 
75 	 41.678688 	 283.323761 	 271.999634 	 4.962793 	 97571.890625 	 488.703979 
76 	 41.678688 	 283.323761 	 273.072357 	 2.081611 	 99824.257812 	 450.093933 
77 	 41.678688 	 283.323761 	 278.738159 	 4.446060 	 99788.476562 	 395.589447 
78 	 41.678688 	 283.323761 	 279.915497 	 2.469755 	 98913.210938 	 426.293213 
79 	 41.678688 	 283.323761 	 276.549805 	 3.308303 	 98352.828125 	 515.391479 
80 	 41.678688 	 283.323761 	 275.444061 	 2.462648 	 98066.203125 	 481.941345 
81 	 41.678688 	 283.323761 	 276.513000 	 3.161822 	 98149.078125 	 503.464600 
82 	 41.678688 	 283.323761 	 275.473877 	 1.849081 	 98715.359375 	 478.807648 
83 	 41.678688 	 283.323761 	 277.779480 	 3.181218 	 99001.281250 	 487.022034 
84 	 41.678688 	 283.323761 	 278.101624 	 4.184547 	 98807.148438 	 416.578339 
85 	 41.678688 	 283.323761 	 278.864899 	 3.383782 	 98249.796875 	 421.107666 
86 	 41.678688 	 283.323761 	 278.693420 	 2.211607 	 97925.726562 	 388.242889 
87 	 41.678688 	 283.323761 	 280.315033 	 1.531162 	 98705.617188 	 472.216644 
88 	 41.678688 	 283.323761 	 280.878967 	 5.071270 	 99389.546875 	 404.289215 
89 	 41.678688 	 283.323761 	 282.689972 	 5.319617 	 98416.812500 	 395.892456 
90 	 41.678688 	 283.323761 	 278.367737 	 4.127411 	 96934.140625 	 464.100403 
91 	 41.678688 	 283.323761 	 278.683167 	 3.027595 	 97571.148438 	 415.106903 
92 	 41.678688 	 283.323761 	 278.039764 	 4.529760 	 96713.718750 	 515.985229 
93 	 41.678688 	 283.323761 	 276.257233 	 4.288545 	 96947.203125 	 531.758789 
94 	 41.678688 	 283.323761 	 277.341461 	 2.034013 	 97626.203125 	 503.921753 
95 	 41.678688 	 283.323761 	 281.274719 	 1.142789 	 97629.843750 	 511.445007 
96 	 41.678688 	 283.323761 	 280.944855 	 1.607200 	 98501.507812 	 550.780640 
97 	 41.678688 	 283.323761 	 281.221985 	 1.774951 	 99110.703125 	 503.404602 
98 	 41.678688 	 283.323761 	 285.606964 	 3.591804 	 98764.796875 	 446.885101 
99 	 41.678688 	 283.323761 	 287.367279 	 3.809226 	 97636.296875 	 594.336670 
100 	 41.678688 	 283.323761 	 281.830475 	 3.118022 	 97437.976562 	 416.921356 
101 	 41.678688 	 283.323761 	 281.254211 	 2.772375 	 98288.343750 	 565.348267 
102 	 41.678688 	 283.323761 	 283.424500 	 4.201852 	 99072.992188 	 477.128387 
103 	 41.678688 	 283.323761 	 286.102936 	 6.408224 	 98178.671875 	 424.768585 
104 	 41.678688 	 283.323761 	 286.689148 	 2.206914 	 97979.273438 	 586.328247 
105 	 41.678688 	 283.323761 	 281.887451 	 2.058450 	 98308.851562 	 555.569092 
106 	 41.678688 	 283.323761 	 281.052673 	 2.334495 	 98497.210938 	 550.586792 
107 	 41.678688 	 283.323761 	 283.376434 	 2.296202 	 98933.843750 	 566.010681 
108 	 41.678688 	 283.323761 	 283.732361 	 5.737251 	 98455.960938 	 373.332672 
109 	 41.678688 	 283.323761 	 279.020752 	 3.198936 	 97594.796875 	 521.645691 
110 	 41.678688 	 283.323761 	 279.162445 	 2.352681 	 98279.312500 	 504.633453 
111 	 41.678688 	 283.323761 	 281.220154 	 2.223841 	 98478.390625 	 540.290527 
112 	 41.678688 	 283.323761 	 280.087982 	 2.983384 	 98843.726562 	 547.923828 
113 	 41.678688 	 283.323761 	 280.776367 	 1.918053 	 99096.250000 	 563.995850 
114 	 41.678688 	 283.323761 	 282.477875 	 0.790527 	 99432.601562 	 531.666504 
115 	 41.678688 	 283.323761 	 283.483490 	 1.238849 	 99923.398438 	 570.010986 
116 	 41.678688 	 283.323761 	 285.640411 	 3.560101 	 99739.937500 	 584.086670 
117 	 41.678688 	 283.323761 	 285.944977 	 2.424342 	 98706.093750 	 442.738403 
118 	 41.678688 	 283.323761 	 284.515717 	 4.409725 	 98276.953125 	 465.994324 
119 	 41.678688 	 283.323761 	 284.416962 	 1.749999 	 98651.906250 	 560.023254 
120 	 41.678688 	 283.323761 	 283.156647 	 1.534472 	 98984.828125 	 560.665161 
121 	 41.678688 	 283.323761 	 283.138245 	 2.207250 	 99511.132812 	 464.116150 
122 	 41.678688 	 283.323761 	 288.075775 	 3.828976 	 99358.132812 	 565.405396 
123 	 41.678688 	 283.323761 	 293.901581 	 4.128362 	 98600.867188 	 631.311646 
124 	 41.678688 	 283.323761 	 288.371063 	 4.255011 	 98508.796875 	 611.535156 
125 	 41.678688 	 283.323761 	 284.722748 	 2.283964 	 99361.562500 	 594.422241 
126 	 41.678688 	 283.323761 	 288.307037 	 4.642815 	 98376.171875 	 450.446564 
127 	 41.678688 	 283.323761 	 280.944702 	 3.676510 	 98376.632812 	 547.404114 
128 	 41.678688 	 283.323761 	 280.887512 	 1.983983 	 99516.671875 	 604.083313 
129 	 41.678688 	 283.323761 	 284.056885 	 3.444889 	 100034.703125 	 601.888672 
130 	 41.678688 	 283.323761 	 289.923187 	 3.961870 	 99406.851562 	 637.467773 
131 	 41.678688 	 283.323761 	 293.350861 	 4.247775 	 98409.156250 	 638.194153 
132 	 41.678688 	 283.323761 	 283.932037 	 3.340404 	 98783.023438 	 623.812988 
133 	 41.678688 	 283.323761 	 282.135498 	 2.692491 	 98961.218750 	 396.192200 
134 	 41.678688 	 283.323761 	 285.757568 	 2.394440 	 97735.742188 	 589.649292 
135 	 41.678688 	 283.323761 	 281.691589 	 4.066666 	 97683.156250 	 564.776611 
136 	 41.678688 	 283.323761 	 283.179565 	 1.948131 	 98609.976562 	 618.336548 
137 	 41.678688 	 283.323761 	 288.536011 	 2.050545 	 98837.039062 	 605.161011 
138 	 41.678688 	 283.323761 	 288.997742 	 1.560288 	 99693.109375 	 647.696533 
139 	 41.678688 	 283.323761 	 294.586761 	 3.644393 	 98957.632812 	 660.499573 
140 	 41.678688 	 283.323761 	 291.678131 	 3.050722 	 98900.343750 	 674.970825 
141 	 41.678688 	 283.323761 	 287.311279 	 1.827072 	 99488.593750 	 612.278687 
142 	 41.678688 	 283.323761 	 289.860199 	 2.636005 	 99532.742188 	 647.146729 
143 	 41.678688 	 283.323761 	 290.197784 	 2.236037 	 99435.507812 	 621.385681 
144 	 41.678688 	 283.323761 	 291.610352 	 2.142294 	 99238.656250 	 662.688477 
145 	 41.678688 	 283.323761 	 292.305573 	 1.601218 	 98933.046875 	 671.163818 
146 	 41.678688 	 283.323761 	 293.621918 	 0.960125 	 98821.859375 	 670.811768 
147 	 41.678688 	 283.323761 	 295.996735 	 1.250856 	 98774.781250 	 698.882019 
148 	 41.678688 	 283.323761 	 295.337646 	 1.545517 	 98468.453125 	 686.366089 
149 	 41.678688 	 283.323761 	 293.816803 	 1.272138 	 98751.976562 	 668.940063 
150 	 41.678688 	 283.323761 	 294.306702 	 2.749105 	 99092.906250 	 685.431763 
151 	 41.678688 	 283.323761 	 295.212616 	 3.028371 	 98784.140625 	 643.823853 
152 	 41.678688 	 283.323761 	 290.787842 	 3.567575 	 99129.429688 	 668.633789 
153 	 41.678688 	 283.323761 	 288.186707 	 1.417067 	 99529.718750 	 639.576965 
154 	 41.678688 	 283.323761 	 294.340271 	 2.801052 	 99033.523438 	 668.850464 
155 	 41.678688 	 283.323761 	 296.513092 	 3.405906 	 98523.171875 	 689.814575 
156 	 41.678688 	 283.323761 	 296.623291 	 4.197485 	 97904.671875 	 654.220764 
157 	 41.678688 	 283.323761 	 292.067871 	 2.605286 	 97807.929688 	 492.353149 
158 	 41.678688 	 283.323761 	 288.606049 	 1.951342 	 98524.898438 	 653.109863 
159 	 41.678688 	 283.323761 	 291.432800 	 3.010031 	 98198.062500 	 612.968140 
160 	 41.678688 	 283.323761 	 291.071198 	 2.635185 	 97941.093750 	 647.685913 
161 	 41.678688 	 283.323761 	 294.702484 	 2.800319 	 98036.218750 	 669.152954 
162 	 41.678688 	 283.323761 	 290.332245 	 4.044459 	 98463.617188 	 634.872620 
163 	 41.678688 	 283.323761 	 287.292511 	 1.876828 	 99409.406250 	 633.192017 
164 	 41.678688 	 283.323761 	 291.006165 	 3.912800 	 99404.781250 	 563.512756 
165 	 41.678688 	 283.323761 	 296.605438 	 4.428222 	 98432.000000 	 657.263428 
166 	 41.678688 	 283.323761 	 297.630219 	 3.998404 	 97970.187500 	 689.074524 
167 	 41.678688 	 283.323761 	 293.288208 	 4.708273 	 97804.476562 	 608.332214 
168 	 41.678688 	 283.323761 	 284.821625 	 4.237311 	 98678.656250 	 610.726074 
169 	 41.678688 	 283.323761 	 285.858978 	 2.210453 	 99001.523438 	 639.952271 
170 	 41.678688 	 283.323761 	 295.224579 	 4.963894 	 97956.960938 	 709.726624 
171 	 41.678688 	 283.323761 	 294.521912 	 3.315450 	 98202.343750 	 663.133789 
172 	 41.678688 	 283.323761 	 292.884064 	 2.810023 	 99083.523438 	 618.853760 
173 	 41.678688 	 283.323761 	 295.898651 	 2.847468 	 98812.460938 	 602.265381 
174 	 41.678688 	 283.323761 	 296.126251 	 3.560841 	 98605.039062 	 615.435913 
175 	 41.678688 	 283.323761 	 296.240601 	 3.894431 	 97903.523438 	 641.269226 
176 	 41.678688 	 283.323761 	 293.580963 	 2.696832 	 98213.593750 	 690.764404 
177 	 41.678688 	 283.323761 	 293.879456 	 2.530157 	 98313.640625 	 667.016968 
178 	 41.678688 	 283.323761 	 294.863312 	 1.762710 	 98776.437500 	 631.897217 
179 	 41.678688 	 283.323761 	 294.607269 	 1.964102 	 99137.890625 	 652.511475 
180 	 41.678688 	 283.323761 	 293.269989 	 3.285145 	 99424.359375 	 588.507141 
181 	 41.678688 	 283.323761 	 291.820465 	 3.253836 	 99386.757812 	 634.299683 
182 	 41.678688 	 283.323761 	 295.345825 	 1.722405 	 99004.156250 	 664.468750 
183 	 41.678688 	 283.323761 	 297.464539 	 2.421920 	 98692.242188 	 672.558289 
184 	 41.678688 	 283.323761 	 297.361328 	 2.799698 	 98693.726562 	 671.079346 
185 	 41.678688 	 283.323761 	 296.967468 	 1.059735 	 99043.507812 	 700.547852 
186 	 41.678688 	 283.323761 	 299.948181 	 1.905010 	 98699.421875 	 716.312256 
187 	 41.678688 	 283.323761 	 298.617126 	 1.815353 	 98544.093750 	 631.844421 
188 	 41.678688 	 283.323761 	 298.813324 	 1.943830 	 98486.726562 	 676.809692 
189 	 41.678688 	 283.323761 	 298.475708 	 3.043651 	 97987.687500 	 708.521606 
190 	 41.678688 	 283.323761 	 293.529785 	 3.244741 	 98667.257812 	 674.357910 
191 	 41.678688 	 283.323761 	 291.435059 	 1.963764 	 99202.593750 	 662.351440 
192 	 41.678688 	 283.323761 	 297.394379 	 3.900808 	 99009.531250 	 687.888062 
193 	 41.678688 	 283.323761 	 297.598389 	 3.310024 	 98898.929688 	 678.568420 
194 	 41.678688 	 283.323761 	 298.596527 	 3.292952 	 98716.453125 	 707.179321 
195 	 41.678688 	 283.323761 	 297.656952 	 2.803710 	 98512.179688 	 646.200684 
196 	 41.678688 	 283.323761 	 296.927521 	 1.604732 	 98518.843750 	 633.805420 
197 	 41.678688 	 283.323761 	 295.688751 	 1.503801 	 98406.757812 	 545.284424 
198 	 41.678688 	 283.323761 	 294.671051 	 2.615617 	 98473.000000 	 527.983582 
199 	 41.678688 	 283.323761 	 292.330811 	 3.369799 	 98981.273438 	 679.368164 
200 	 41.678688 	 283.323761 	 293.198669 	 1.166681 	 99447.726562 	 669.966309 
201 	 41.678688 	 283.323761 	 294.810974 	 2.878811 	 99246.976562 	 667.966736 
202 	 41.678688 	 283.323761 	 296.924347 	 3.044304 	 98576.179688 	 657.595215 
203 	 41.678688 	 283.323761 	 297.207031 	 3.515909 	 98273.203125 	 694.510986 
204 	 41.678688 	 283.323761 	 296.764862 	 2.500584 	 98314.570312 	 611.736877 
205 	 41.678688 	 283.323761 	 297.527161 	 2.047859 	 98553.906250 	 652.688477 
206 	 41.678688 	 283.323761 	 296.286865 	 1.954713 	 98572.039062 	 667.594971 
207 	 41.678688 	 283.323761 	 296.078308 	 1.949969 	 98521.648438 	 583.832825 
208 	 41.678688 	 283.323761 	 296.373322 	 2.435261 	 98827.242188 	 537.149109 
209 	 41.678688 	 283.323761 	 298.461700 	 1.859914 	 98883.117188 	 692.458984 
210 	 41.678688 	 283.323761 	 298.423584 	 1.063365 	 99028.953125 	 698.672424 
211 	 41.678688 	 283.323761 	 299.483185 	 1.883633 	 98782.679688 	 697.713745 
212 	 41.678688 	 283.323761 	 298.294189 	 1.932642 	 98593.710938 	 646.428894 
213 	 41.678688 	 283.323761 	 297.182129 	 1.730837 	 98703.453125 	 671.540771 
214 	 41.678688 	 283.323761 	 296.517059 	 1.884927 	 98683.156250 	 612.074036 
215 	 41.678688 	 283.323761 	 297.679993 	 2.934944 	 98198.007812 	 649.735474 
216 	 41.678688 	 283.323761 	 297.264526 	 1.675598 	 98412.976562 	 658.593323 
217 	 41.678688 	 283.323761 	 296.726501 	 2.264756 	 98772.781250 	 671.897949 
218 	 41.678688 	 283.323761 	 296.284058 	 2.009692 	 99005.398438 	 497.898468 
219 	 41.678688 	 283.323761 	 296.425781 	 0.942375 	 98975.023438 	 624.302612 
220 	 41.678688 	 283.323761 	 297.361755 	 1.019266 	 98808.929688 	 627.137146 
221 	 41.678688 	 283.323761 	 298.278412 	 1.503445 	 98745.843750 	 646.004150 
222 	 41.678688 	 283.323761 	 295.580536 	 3.852920 	 98603.242188 	 675.871460 
223 	 41.678688 	 283.323761 	 289.671295 	 2.495216 	 99041.179688 	 620.132874 
224 	 41.678688 	 283.323761 	 291.919861 	 1.502995 	 98702.242188 	 542.438171 
225 	 41.678688 	 283.323761 	 292.532898 	 1.994251 	 99036.367188 	 588.173645 
226 	 41.678688 	 283.323761 	 291.599976 	 1.058466 	 99566.046875 	 626.529663 
227 	 41.678688 	 283.323761 	 293.172607 	 1.825553 	 99482.953125 	 631.998535 
228 	 41.678688 	 283.323761 	 296.733673 	 2.670862 	 99052.156250 	 648.160339 
229 	 41.678688 	 283.323761 	 297.563446 	 1.821026 	 99008.101562 	 645.666504 
230 	 41.678688 	 283.323761 	 298.013031 	 1.704226 	 98983.976562 	 652.840698 
231 	 41.678688 	 283.323761 	 299.637451 	 2.297852 	 98813.523438 	 653.536499 
232 	 41.678688 	 283.323761 	 300.256683 	 3.061952 	 98775.687500 	 650.331116 
233 	 41.678688 	 283.323761 	 298.247986 	 1.802710 	 99052.898438 	 610.053040 
234 	 41.678688 	 283.323761 	 298.651825 	 1.223783 	 99113.007812 	 640.871338 
235 	 41.678688 	 283.323761 	 299.027771 	 1.753991 	 99112.843750 	 591.525940 
236 	 41.678688 	 283.323761 	 295.862946 	 1.883420 	 99013.000000 	 535.678467 
237 	 41.678688 	 283.323761 	 297.446594 	 2.917400 	 98927.679688 	 644.743896 
238 	 41.678688 	 283.323761 	 292.116180 	 2.612798 	 99371.000000 	 599.891479 
239 	 41.678688 	 283.323761 	 290.849762 	 0.993857 	 99320.421875 	 595.436523 
240 	 41.678688 	 283.323761 	 291.396973 	 0.835435 	 99045.187500 	 598.811951 
241 	 41.678688 	 283.323761 	 295.537964 	 1.474866 	 98927.468750 	 605.950684 
242 	 41.678688 	 283.323761 	 297.356079 	 2.820291 	 98559.890625 	 613.924805 
243 	 41.678688 	 283.323761 	 297.552612 	 1.520642 	 98268.203125 	 629.663452 
244 	 41.678688 	 283.323761 	 295.585510 	 3.516642 	 98663.773438 	 605.938354 
245 	 41.678688 	 283.323761 	 289.009521 	 2.230224 	 99709.406250 	 561.452942 
246 	 41.678688 	 283.323761 	 293.989960 	 4.123693 	 99061.976562 	 600.030518 
247 	 41.678688 	 283.323761 	 296.492645 	 2.872013 	 98405.242188 	 532.296082 
248 	 41.678688 	 283.323761 	 292.025909 	 2.659025 	 99004.476562 	 584.652710 
249 	 41.678688 	 283.323761 	 291.156433 	 1.513445 	 99342.703125 	 579.868286 
250 	 41.678688 	 283.323761 	 292.692841 	 1.256983 	 99061.656250 	 574.450806 
251 	 41.678688 	 283.323761 	 292.110748 	 2.583220 	 99326.703125 	 578.376343 
252 	 41.678688 	 283.323761 	 291.728302 	 1.198715 	 99399.726562 	 565.124268 
253 	 41.678688 	 283.323761 	 293.465912 	 0.980227 	 99367.906250 	 583.550171 
254 	 41.678688 	 283.323761 	 297.287598 	 2.242412 	 98964.156250 	 580.002991 
255 	 41.678688 	 283.323761 	 300.256165 	 1.922085 	 98633.359375 	 596.551575 
256 	 41.678688 	 283.323761 	 298.845886 	 1.045546 	 98492.046875 	 580.315002 
257 	 41.678688 	 283.323761 	 298.030426 	 0.924712 	 98863.226562 	 592.068542 
258 	 41.678688 	 283.323761 	 295.456604 	 1.937329 	 99443.796875 	 569.081360 
259 	 41.678688 	 283.323761 	 294.212891 	 2.714210 	 99779.312500 	 569.324158 
260 	 41.678688 	 283.323761 	 295.212494 	 3.122435 	 99638.750000 	 552.494507 
261 	 41.678688 	 283.323761 	 294.318054 	 3.215688 	 99350.273438 	 549.079468 
262 	 41.678688 	 283.323761 	 292.764343 	 2.627426 	 99012.890625 	 544.725098 
263 	 41.678688 	 283.323761 	 287.727997 	 2.541925 	 99352.296875 	 553.878113 
264 	 41.678688 	 283.323761 	 286.592468 	 2.028828 	 99457.242188 	 475.910522 
265 	 41.678688 	 283.323761 	 287.330261 	 4.597442 	 98698.250000 	 437.622314 
266 	 41.678688 	 283.323761 	 282.302856 	 2.584475 	 98693.437500 	 474.050232 
267 	 41.678688 	 283.323761 	 286.465790 	 3.956781 	 98461.781250 	 510.437714 
268 	 41.678688 	 283.323761 	 285.191772 	 3.017169 	 98508.078125 	 518.565613 
269 	 41.678688 	 283.323761 	 281.133545 	 1.885955 	 99533.046875 	 480.573242 
270 	 41.678688 	 283.323761 	 290.553375 	 3.082311 	 99220.046875 	 524.842773 
271 	 41.678688 	 283.323761 	 293.024261 	 2.037877 	 98905.242188 	 526.483093 
272 	 41.678688 	 283.323761 	 289.481812 	 1.764855 	 99463.507812 	 517.778809 
273 	 41.678688 	 283.323761 	 287.764709 	 2.834384 	 99949.476562 	 475.575958 
274 	 41.678688 	 283.323761 	 292.056702 	 3.618554 	 99038.437500 	 528.789429 
275 	 41.678688 	 283.323761 	 288.561798 	 3.549571 	 98940.718750 	 494.331238 
276 	 41.678688 	 283.323761 	 282.054657 	 0.887765 	 99488.421875 	 470.746338 
277 	 41.678688 	 283.323761 	 284.374481 	 0.883815 	 99325.398438 	 485.283264 
278 	 41.678688 	 283.323761 	 288.957581 	 2.077722 	 99077.117188 	 482.587402 
279 	 41.678688 	 283.323761 	 290.465088 	 1.821788 	 98909.109375 	 487.265533 
280 	 41.678688 	 283.323761 	 290.475464 	 0.846232 	 99108.390625 	 520.896118 
281 	 41.678688 	 283.323761 	 291.763336 	 2.421243 	 99134.093750 	 504.517822 
282 	 41.678688 	 283.323761 	 292.621735 	 3.080644 	 98523.117188 	 485.164307 
283 	 41.678688 	 283.323761 	 292.136871 	 1.930228 	 98319.117188 	 503.193359 
284 	 41.678688 	 283.323761 	 287.851135 	 1.216182 	 98856.710938 	 501.447021 
285 	 41.678688 	 283.323761 	 291.187439 	 1.220129 	 99166.609375 	 452.182800 
286 	 41.678688 	 283.323761 	 290.078522 	 1.620070 	 98940.242188 	 475.657410 
287 	 41.678688 	 283.323761 	 289.789398 	 1.969265 	 98487.960938 	 466.954895 
288 	 41.678688 	 283.323761 	 284.804962 	 1.961388 	 98485.539062 	 458.577698 
289 	 41.678688 	 283.323761 	 280.034485 	 1.256148 	 98254.953125 	 348.277802 
290 	 41.678688 	 283.323761 	 281.528290 	 3.530748 	 97646.023438 	 392.567108 
291 	 41.678688 	 283.323761 	 280.444153 	 4.385202 	 98487.406250 	 423.135712 
292 	 41.678688 	 283.323761 	 274.975800 	 1.955096 	 99739.156250 	 396.692200 
293 	 41.678688 	 283.323761 	 280.230957 	 4.210287 	 99506.609375 	 372.183136 
294 	 41.678688 	 283.323761 	 283.910492 	 4.090087 	 98445.453125 	 453.138916 
295 	 41.678688 	 283.323761 	 281.619812 	 1.526477 	 99380.796875 	 444.661896 
296 	 41.678688 	 283.323761 	 280.892517 	 1.843264 	 99052.882812 	 390.007599 
297 	 41.678688 	 283.323761 	 279.354034 	 2.075212 	 98333.523438 	 356.237793 
298 	 41.678688 	 283.323761 	 273.389252 	 3.339825 	 98430.148438 	 334.249237 
299 	 41.678688 	 283.323761 	 271.047607 	 4.708706 	 97504.273438 	 336.253815 
300 	 41.678688 	 283.323761 	 273.491455 	 5.388800 	 96659.937500 	 396.101349 
301 	 41.678688 	 283.323761 	 277.414703 	 4.187659 	 98384.953125 	 371.404968 
302 	 41.678688 	 283.323761 	 277.170532 	 1.278941 	 99466.046875 	 382.069244 
303 	 41.678688 	 283.323761 	 275.227417 	 1.302025 	 99616.476562 	 353.820068 
304 	 41.678688 	 283.323761 	 279.497192 	 1.383730 	 99683.273438 	 425.518616 
305 	 41.678688 	 283.323761 	 280.688690 	 2.492640 	 99467.312500 	 359.190887 
306 	 41.678688 	 283.323761 	 287.958191 	 5.020612 	 97567.796875 	 414.501831 
307 	 41.678688 	 283.323761 	 281.229919 	 5.653767 	 95617.976562 	 392.902191 
308 	 41.678688 	 283.323761 	 275.787048 	 4.085425 	 97593.273438 	 384.952454 
309 	 41.678688 	 283.323761 	 279.681854 	 2.509962 	 98810.273438 	 371.813782 
310 	 41.678688 	 283.323761 	 281.545197 	 3.177024 	 97565.031250 	 393.402100 
311 	 41.678688 	 283.323761 	 277.866608 	 3.290995 	 97902.890625 	 417.018616 
312 	 41.678688 	 283.323761 	 277.738434 	 2.391073 	 98732.968750 	 358.779053 
313 	 41.678688 	 283.323761 	 278.267792 	 3.724158 	 97698.710938 	 364.987976 
314 	 41.678688 	 283.323761 	 275.673798 	 5.019416 	 97226.140625 	 347.350342 
315 	 41.678688 	 283.323761 	 277.607269 	 4.378170 	 97756.937500 	 391.788513 
316 	 41.678688 	 283.323761 	 277.071533 	 2.556906 	 98954.226562 	 407.914185 
317 	 41.678688 	 283.323761 	 277.304474 	 4.377991 	 99406.046875 	 347.721802 
318 	 41.678688 	 283.323761 	 283.034241 	 2.205343 	 98924.593750 	 438.602295 
319 	 41.678688 	 283.323761 	 277.702820 	 0.985696 	 99234.601562 	 363.589691 
320 	 41.678688 	 283.323761 	 281.287140 	 1.783939 	 98935.109375 	 372.365082 
321 	 41.678688 	 283.323761 	 280.394989 	 3.338228 	 98989.218750 	 358.676941 
322 	 41.678688 	 283.323761 	 281.953949 	 4.054700 	 97945.359375 	 362.133545 
323 	 41.678688 	 283.323761 	 277.030975 	 4.203078 	 99001.617188 	 358.131104 
324 	 41.678688 	 283.323761 	 271.507721 	 1.914014 	 99859.960938 	 298.853607 
325 	 41.678688 	 283.323761 	 276.356201 	 2.351398 	 99116.132812 	 343.105286 
326 	 41.678688 	 283.323761 	 282.261108 	 3.888862 	 98246.476562 	 376.396942 
327 	 41.678688 	 283.323761 	 279.334625 	 5.231552 	 96568.789062 	 362.163086 
328 	 41.678688 	 283.323761 	 270.281677 	 5.145701 	 97608.570312 	 328.661346 
329 	 41.678688 	 283.323761 	 267.783508 	 2.136369 	 99569.078125 	 305.620422 
330 	 41.678688 	 283.323761 	 269.264282 	 2.783716 	 99146.226562 	 329.652222 
331 	 41.678688 	 283.323761 	 272.215820 	 4.294065 	 97942.140625 	 318.877075 
332 	 41.678688 	 283.323761 	 274.608887 	 4.554620 	 97913.039062 	 312.076263 
333 	 41.678688 	 283.323761 	 280.858429 	 2.780556 	 96612.718750 	 364.610626 
334 	 41.678688 	 283.323761 	 273.727386 	 4.121887 	 97331.226562 	 355.562317 
335 	 41.678688 	 283.323761 	 270.347839 	 2.276161 	 100215.101562 	 292.786560 
336 	 41.678688 	 283.323761 	 275.161865 	 4.594173 	 100620.101562 	 333.913116 
337 	 41.678688 	 283.323761 	 278.614807 	 3.367512 	 99540.593750 	 360.656555 
338 	 41.678688 	 283.323761 	 269.909607 	 3.833988 	 99427.156250 	 364.996735 
339 	 41.678688 	 283.323761 	 263.574493 	 3.591063 	 100699.203125 	 318.089081 
340 	 41.678688 	 283.323761 	 265.566467 	 1.944746 	 100961.398438 	 279.006042 
341 	 41.678688 	 283.323761 	 270.367523 	 1.082631 	 100392.203125 	 311.521057 
342 	 41.678688 	 283.323761 	 270.673370 	 0.604712 	 100227.398438 	 327.588440 
343 	 41.678688 	 283.323761 	 275.957886 	 2.757557 	 99916.062500 	 334.532654 
344 	 41.678688 	 283.323761 	 270.594574 	 1.868110 	 99998.562500 	 312.296417 
345 	 41.678688 	 283.323761 	 271.839020 	 1.920073 	 99607.382812 	 308.980835 
346 	 41.678688 	 283.323761 	 278.036987 	 4.016435 	 97486.109375 	 347.667145 
347 	 41.678688 	 283.323761 	 266.561951 	 5.340949 	 96347.570312 	 296.221039 
348 	 41.678688 	 283.323761 	 266.506470 	 3.437006 	 97680.718750 	 338.045654 
349 	 41.678688 	 283.323761 	 267.060455 	 1.435919 	 98973.421875 	 273.146149 
350 	 41.678688 	 283.323761 	 265.546112 	 3.072137 	 98879.843750 	 299.285980 
351 	 41.678688 	 283.323761 	 262.551025 	 4.082312 	 98962.960938 	 286.065216 
352 	 41.678688 	 283.323761 	 265.708405 	 1.956553 	 99723.898438 	 297.514038 
353 	 41.678688 	 283.323761 	 272.796417 	 2.354416 	 99486.242188 	 331.442749 
354 	 41.678688 	 283.323761 	 274.466187 	 1.977045 	 99591.078125 	 322.799622 
355 	 41.678688 	 283.323761 	 276.696594 	 2.775601 	 99488.007812 	 335.800568 
356 	 41.678688 	 283.323761 	 281.071075 	 2.085292 	 98787.632812 	 390.073364 
357 	 41.678688 	 283.323761 	 276.204926 	 1.013869 	 98967.156250 	 356.269440 
358 	 41.678688 	 283.323761 	 278.481934 	 4.286486 	 99028.539062 	 348.078522 
359 	 41.678688 	 283.323761 	 277.051849 	 4.449389 	 98732.718750 	 340.310211 
360 	 41.678688 	 283.323761 	 274.902069 	 1.944072 	 98847.023438 	 370.272522 
361 	 41.678688 	 283.323761 	 273.050079 	 1.649403 	 99206.000000 	 336.348633 
362 	 41.678688 	 283.323761 	 274.573822 	 1.701193 	 98223.257812 	 323.586975 
363 	 41.678688 	 283.323761 	 273.794281 	 3.519293 	 96294.609375 	 365.503845 
364 	 41.678688 	 283.323761 	 263.678528 	 3.981050 	 97786.726562 	 298.242676 
