# 0: Day of Year [-] 	 1: lat [deg] 	 2: lon [deg] 	 3: tas [K] 	 4: sfcWind [m s-1] 	 5: ps [Pa] 	 6: Total Downwelling Rad Flux [W m-2] 
0 	 41.678688 	 283.323761 	 273.060608 	 1.509597 	 99616.429688 	 346.373108 
1 	 41.678688 	 283.323761 	 274.298065 	 2.865963 	 99374.351562 	 321.864319 
2 	 41.678688 	 283.323761 	 278.311615 	 3.415679 	 98717.812500 	 330.500641 
3 	 41.678688 	 283.323761 	 277.796173 	 4.970205 	 97351.406250 	 379.462524 
4 	 41.678688 	 283.323761 	 275.155792 	 2.425960 	 99007.296875 	 331.161865 
5 	 41.678688 	 283.323761 	 277.402039 	 2.723822 	 99618.539062 	 336.355835 
6 	 41.678688 	 283.323761 	 279.539886 	 3.865120 	 99239.726562 	 340.713898 
7 	 41.678688 	 283.323761 	 284.685272 	 5.704123 	 98001.796875 	 374.913757 
8 	 41.678688 	 283.323761 	 272.884125 	 2.608016 	 98348.937500 	 330.858154 
9 	 41.678688 	 283.323761 	 273.281006 	 4.251209 	 98413.351562 	 331.770081 
10 	 41.678688 	 283.323761 	 274.234131 	 2.237663 	 97798.031250 	 321.819153 
11 	 41.678688 	 283.323761 	 265.239716 	 3.646071 	 97835.179688 	 311.667297 
12 	 41.678688 	 283.323761 	 261.143921 	 3.423060 	 98597.867188 	 272.834412 
13 	 41.678688 	 283.323761 	 270.448883 	 4.817780 	 98384.593750 	 319.822266 
14 	 41.678688 	 283.323761 	 267.729645 	 4.162333 	 98588.882812 	 334.772552 
15 	 41.678688 	 283.323761 	 262.499298 	 1.452810 	 100051.500000 	 296.750122 
16 	 41.678688 	 283.323761 	 268.281647 	 0.973122 	 99936.390625 	 331.073486 
17 	 41.678688 	 283.323761 	 274.059143 	 1.827703 	 99089.382812 	 339.805817 
18 	 41.678688 	 283.323761 	 277.522827 	 1.542227 	 97712.289062 	 351.010376 
19 	 41.678688 	 283.323761 	 277.201752 	 4.165298 	 97830.382812 	 375.991577 
20 	 41.678688 	 283.323761 	 264.272614 	 3.179357 	 99568.429688 	 310.429016 
21 	 41.678688 	 283.323761 	 271.279144 	 4.663013 	 99206.992188 	 322.061432 
22 	 41.678688 	 283.323761 	 280.514130 	 4.016613 	 97938.117188 	 406.377014 
23 	 41.678688 	 283.323761 	 274.308746 	 2.160799 	 98553.273438 	 358.539520 
24 	 41.678688 	 283.323761 	 273.409851 	 2.427457 	 98081.289062 	 317.900513 
25 	 41.678688 	 283.323761 	 260.553131 	 5.359959 	 98405.210938 	 307.068176 
26 	 41.678688 	 283.323761 	 258.496643 	 3.009316 	 99735.171875 	 289.447388 
27 	 41.678688 	 283.323761 	 268.460541 	 3.182375 	 99690.281250 	 337.934753 
28 	 41.678688 	 283.323761 	 279.017639 	 3.623768 	 98797.140625 	 375.663300 
29 	 41.678688 	 283.323761 	 278.615204 	 2.034525 	 98815.421875 	 380.809998 
30 	 41.678688 	 283.323761 	 276.149719 	 1.487139 	 98757.609375 	 369.019409 
31 	 41.678688 	 283.323761 	 273.425659 	 2.409443 	 98355.523438 	 337.648651 
32 	 41.678688 	 283.323761 	 265.817444 	 3.857032 	 98915.328125 	 336.705658 
33 	 41.678688 	 283.323761 	 263.318268 	 2.627645 	 99180.968750 	 325.137024 
34 	 41.678688 	 283.323761 	 266.118744 	 1.045508 	 99019.562500 	 339.704163 
35 	 41.678688 	 283.323761 	 267.099213 	 1.553824 	 98641.500000 	 344.277985 
36 	 41.678688 	 283.323761 	 269.272858 	 1.113194 	 98532.726562 	 354.375854 
37 	 41.678688 	 283.323761 	 271.897949 	 2.242266 	 98203.296875 	 361.812134 
38 	 41.678688 	 283.323761 	 272.825378 	 3.144953 	 98126.046875 	 373.016998 
39 	 41.678688 	 283.323761 	 276.329315 	 1.610012 	 98518.523438 	 382.276978 
40 	 41.678688 	 283.323761 	 273.437988 	 1.435797 	 98655.070312 	 356.780792 
41 	 41.678688 	 283.323761 	 269.199310 	 3.214423 	 98334.539062 	 356.914368 
42 	 41.678688 	 283.323761 	 261.223450 	 4.713312 	 97291.828125 	 325.851044 
43 	 41.678688 	 283.323761 	 256.042633 	 4.350233 	 96961.703125 	 323.668762 
44 	 41.678688 	 283.323761 	 263.297882 	 2.685173 	 98628.703125 	 353.504791 
45 	 41.678688 	 283.323761 	 270.319580 	 2.820082 	 99655.953125 	 363.728760 
46 	 41.678688 	 283.323761 	 273.395477 	 2.415935 	 99969.359375 	 385.473633 
47 	 41.678688 	 283.323761 	 277.060608 	 3.926634 	 99078.882812 	 364.696564 
48 	 41.678688 	 283.323761 	 279.327423 	 4.289175 	 97210.546875 	 370.146759 
49 	 41.678688 	 283.323761 	 272.048218 	 2.102147 	 98770.078125 	 395.274994 
50 	 41.678688 	 283.323761 	 275.895416 	 2.745016 	 98761.789062 	 406.106995 
51 	 41.678688 	 283.323761 	 275.496460 	 1.692511 	 98503.210938 	 397.767700 
52 	 41.678688 	 283.323761 	 272.597534 	 4.275495 	 97643.906250 	 397.864075 
53 	 41.678688 	 283.323761 	 262.218384 	 4.555332 	 98592.976562 	 358.424072 
54 	 41.678688 	 283.323761 	 260.465332 	 4.545201 	 98815.773438 	 352.734863 
55 	 41.678688 	 283.323761 	 265.417999 	 3.389750 	 98868.359375 	 317.655609 
56 	 41.678688 	 283.323761 	 275.132233 	 3.458797 	 97514.289062 	 393.676544 
57 	 41.678688 	 283.323761 	 272.148041 	 3.008931 	 97182.828125 	 420.938751 
58 	 41.678688 	 283.323761 	 271.867706 	 4.100934 	 97003.726562 	 404.398163 
59 	 41.678688 	 283.323761 	 270.562561 	 2.667025 	 97880.273438 	 276.964752 
60 	 41.678688 	 283.323761 	 272.435547 	 4.033968 	 98941.109375 	 425.710693 
61 	 41.678688 	 283.323761 	 272.988708 	 2.878906 	 99170.382812 	 425.397217 
62 	 41.678688 	 283.323761 	 273.331909 	 0.694787 	 98628.789062 	 369.275848 
63 	 41.678688 	 283.323761 	 274.273621 	 1.516891 	 98409.343750 	 419.519470 
64 	 41.678688 	 283.323761 	 275.780396 	 4.882211 	 98637.671875 	 356.573425 
65 	 41.678688 	 283.323761 	 274.270386 	 3.278551 	 96762.046875 	 366.339325 
66 	 41.678688 	 283.323761 	 273.157349 	 3.804245 	 97330.539062 	 470.946350 
67 	 41.678688 	 283.323761 	 270.521576 	 2.002013 	 99098.156250 	 429.791382 
68 	 41.678688 	 283.323761 	 275.512085 	 3.819357 	 99131.453125 	 408.671326 
69 	 41.678688 	 283.323761 	 276.188843 	 2.031404 	 97567.640625 	 367.171783 
70 	 41.678688 	 283.323761 	 274.647797 	 2.834861 	 98605.187500 	 489.780334 
71 	 41.678688 	 283.323761 	 272.282166 	 1.972242 	 99265.140625 	 441.957214 
72 	 41.678688 	 283.323761 	 276.841400 	 4.124934 	 98960.226562 	 372.291626 
73 	 41.678688 	 283.323761 	 280.397400 	 3.150801 	 97359.250000 	 504.436584 
74 	 41.678688 	 283.323761 	 276.350555 	 3.313964 	 96827.046875 	 445.142273 
75 	 41.678688 	 283.323761 	 274.123383 	 3.855963 	 97396.242188 	 471.909729 
76 	 41.678688 	 283.323761 	 273.174286 	 5.437518 	 97141.226562 	 409.968689 
77 	 41.678688 	 283.323761 	 269.431885 	 5.587857 	 96866.671875 	 422.284485 
78 	 41.678688 	 283.323761 	 272.678131 	 3.839631 	 97027.546875 	 392.048553 
79 	 41.678688 	 283.323761 	 273.287598 	 2.195296 	 96863.570312 	 372.152283 
80 	 41.678688 	 283.323761 	 269.518799 	 2.528989 	 97499.570312 	 453.550964 
81 	 41.678688 	 283.323761 	 270.866913 	 1.168470 	 98004.781250 	 462.709900 
82 	 41.678688 	 283.323761 	 273.756744 	 2.532186 	 97252.960938 	 370.182526 
83 	 41.678688 	 283.323761 	 274.925873 	 4.012234 	 96040.593750 	 462.611267 
84 	 41.678688 	 283.323761 	 274.235931 	 3.953353 	 97273.726562 	 476.462555 
85 	 41.678688 	 283.323761 	 271.604614 	 3.641736 	 98200.257812 	 475.497009 
86 	 41.678688 	 283.323761 	 271.988190 	 1.842862 	 99004.273438 	 469.868042 
87 	 41.678688 	 283.323761 	 280.814667 	 5.074435 	 98131.281250 	 372.476746 
88 	 41.678688 	 283.323761 	 279.177887 	 4.516702 	 97935.867188 	 520.502014 
89 	 41.678688 	 283.323761 	 276.873871 	 3.603611 	 100071.601562 	 496.803070 
90 	 41.678688 	 283.323761 	 284.992584 	 5.841842 	 99622.992188 	 456.000885 
91 	 41.678688 	 283.323761 	 287.403137 	 4.002604 	 99027.382812 	 451.280090 
92 	 41.678688 	 283.323761 	 272.256683 	 4.342278 	 98192.000000 	 330.746460 
93 	 41.678688 	 283.323761 	 266.633057 	 5.594402 	 97673.046875 	 517.574341 
94 	 41.678688 	 283.323761 	 269.453125 	 3.125000 	 96932.757812 	 489.232117 
95 	 41.678688 	 283.323761 	 275.049042 	 3.996796 	 96677.226562 	 502.097412 
96 	 41.678688 	 283.323761 	 270.275055 	 3.310219 	 97541.726562 	 491.259094 
97 	 41.678688 	 283.323761 	 270.402679 	 2.929892 	 98277.421875 	 529.236206 
98 	 41.678688 	 283.323761 	 271.935089 	 2.070209 	 98874.812500 	 467.857056 
99 	 41.678688 	 283.323761 	 284.826294 	 4.604097 	 98339.156250 	 492.714478 
100 	 41.678688 	 283.323761 	 289.280914 	 2.989077 	 98347.710938 	 476.192749 
101 	 41.678688 	 283.323761 	 287.607452 	 3.999834 	 98079.742188 	 478.141174 
102 	 41.678688 	 283.323761 	 280.985809 	 3.186019 	 97884.539062 	 430.422363 
103 	 41.678688 	 283.323761 	 279.556549 	 2.040764 	 98617.031250 	 563.293884 
104 	 41.678688 	 283.323761 	 281.215668 	 1.822310 	 98740.500000 	 561.304688 
105 	 41.678688 	 283.323761 	 281.214417 	 1.891476 	 99360.593750 	 528.137085 
106 	 41.678688 	 283.323761 	 281.592560 	 3.081676 	 99721.906250 	 379.976959 
107 	 41.678688 	 283.323761 	 284.783539 	 5.265737 	 99319.000000 	 548.785400 
108 	 41.678688 	 283.323761 	 290.368042 	 5.837077 	 98148.539062 	 551.547607 
109 	 41.678688 	 283.323761 	 287.784302 	 5.132581 	 97229.882812 	 562.157532 
110 	 41.678688 	 283.323761 	 280.455994 	 2.696004 	 98451.226562 	 412.324036 
111 	 41.678688 	 283.323761 	 287.569611 	 4.533770 	 98011.500000 	 445.010773 
112 	 41.678688 	 283.323761 	 280.535553 	 3.054875 	 98252.117188 	 497.326691 
113 	 41.678688 	 283.323761 	 283.125305 	 3.864289 	 98380.023438 	 487.393921 
114 	 41.678688 	 283.323761 	 283.543518 	 2.846566 	 98357.710938 	 587.878967 
115 	 41.678688 	 283.323761 	 286.021790 	 2.659950 	 99017.257812 	 612.826538 
116 	 41.678688 	 283.323761 	 289.341187 	 4.372047 	 98563.039062 	 570.072693 
117 	 41.678688 	 283.323761 	 280.894775 	 4.226326 	 98563.148438 	 559.865845 
118 	 41.678688 	 283.323761 	 280.823120 	 4.339251 	 98629.953125 	 618.450623 
119 	 41.678688 	 283.323761 	 281.325684 	 3.937474 	 98233.203125 	 588.330139 
120 	 41.678688 	 283.323761 	 282.031128 	 3.246366 	 98655.132812 	 581.975342 
121 	 41.678688 	 283.323761 	 284.292084 	 3.939149 	 98454.828125 	 612.127441 
122 	 41.678688 	 283.323761 	 285.640900 	 3.628856 	 97946.046875 	 449.134247 
123 	 41.678688 	 283.323761 	 286.931183 	 2.905022 	 97982.671875 	 543.455750 
124 	 41.678688 	 283.323761 	 287.869324 	 2.987088 	 98199.226562 	 587.858276 
125 	 41.678688 	 283.323761 	 290.567902 	 1.575585 	 98320.687500 	 635.455811 
126 	 41.678688 	 283.323761 	 293.152588 	 3.406065 	 97920.210938 	 633.238403 
127 	 41.678688 	 283.323761 	 289.185760 	 3.597103 	 97401.531250 	 592.119263 
128 	 41.678688 	 283.323761 	 282.516663 	 3.409533 	 98544.570312 	 626.296509 
129 	 41.678688 	 283.323761 	 279.235107 	 2.036079 	 99064.273438 	 454.018982 
130 	 41.678688 	 283.323761 	 287.306091 	 3.845784 	 98377.148438 	 564.984680 
131 	 41.678688 	 283.323761 	 291.225983 	 2.414033 	 98045.031250 	 586.197021 
132 	 41.678688 	 283.323761 	 285.461700 	 2.306871 	 99272.093750 	 620.140015 
133 	 41.678688 	 283.323761 	 286.085754 	 3.525411 	 99455.039062 	 478.142456 
134 	 41.678688 	 283.323761 	 289.890442 	 3.432120 	 98522.687500 	 534.073975 
135 	 41.678688 	 283.323761 	 283.598511 	 2.131991 	 98931.140625 	 483.204529 
136 	 41.678688 	 283.323761 	 285.998169 	 1.425595 	 98849.117188 	 560.099670 
137 	 41.678688 	 283.323761 	 288.754211 	 1.168553 	 99067.398438 	 564.486023 
138 	 41.678688 	 283.323761 	 288.263184 	 0.584361 	 98986.570312 	 649.427917 
139 	 41.678688 	 283.323761 	 290.422455 	 1.503400 	 98718.179688 	 657.253540 
140 	 41.678688 	 283.323761 	 289.598969 	 3.203242 	 97553.992188 	 443.231232 
141 	 41.678688 	 283.323761 	 284.457336 	 3.129005 	 97148.312500 	 533.954773 
142 	 41.678688 	 283.323761 	 282.844025 	 4.877485 	 96990.656250 	 487.042053 
143 	 41.678688 	 283.323761 	 281.941071 	 3.398165 	 97539.523438 	 579.412109 
144 	 41.678688 	 283.323761 	 281.966339 	 3.879775 	 97676.117188 	 574.662781 
145 	 41.678688 	 283.323761 	 280.583435 	 4.825570 	 97360.867188 	 623.574524 
146 	 41.678688 	 283.323761 	 283.741180 	 2.437502 	 98211.921875 	 628.001709 
147 	 41.678688 	 283.323761 	 291.195435 	 4.744964 	 97721.093750 	 654.454407 
148 	 41.678688 	 283.323761 	 294.996887 	 2.378720 	 97885.593750 	 640.509583 
149 	 41.678688 	 283.323761 	 297.923615 	 3.067101 	 98219.453125 	 636.140869 
150 	 41.678688 	 283.323761 	 294.940399 	 3.596819 	 97959.578125 	 644.624146 
151 	 41.678688 	 283.323761 	 294.155029 	 6.505578 	 97627.320312 	 558.192688 
152 	 41.678688 	 283.323761 	 286.770752 	 3.182603 	 97732.632812 	 621.820312 
153 	 41.678688 	 283.323761 	 285.166229 	 2.283318 	 98410.500000 	 594.223999 
154 	 41.678688 	 283.323761 	 284.804382 	 2.419399 	 98364.718750 	 534.109192 
155 	 41.678688 	 283.323761 	 284.536804 	 2.819674 	 98534.023438 	 624.675537 
156 	 41.678688 	 283.323761 	 290.424652 	 5.495361 	 98014.773438 	 532.631836 
157 	 41.678688 	 283.323761 	 285.123688 	 3.510938 	 98060.843750 	 635.648560 
158 	 41.678688 	 283.323761 	 284.202698 	 2.796404 	 98137.726562 	 621.387329 
159 	 41.678688 	 283.323761 	 282.048096 	 4.052904 	 98153.796875 	 590.190369 
160 	 41.678688 	 283.323761 	 283.874969 	 2.611814 	 98495.281250 	 571.702881 
161 	 41.678688 	 283.323761 	 282.302917 	 2.040624 	 98749.679688 	 574.255737 
162 	 41.678688 	 283.323761 	 282.290497 	 2.049948 	 98859.726562 	 631.692566 
163 	 41.678688 	 283.323761 	 287.503143 	 1.835585 	 99165.476562 	 619.594116 
164 	 41.678688 	 283.323761 	 289.738159 	 3.713282 	 99171.312500 	 563.595764 
165 	 41.678688 	 283.323761 	 288.385925 	 1.935291 	 98958.843750 	 494.869232 
166 	 41.678688 	 283.323761 	 289.423981 	 1.831643 	 99014.046875 	 638.540771 
167 	 41.678688 	 283.323761 	 289.913544 	 1.077275 	 99074.796875 	 660.539001 
168 	 41.678688 	 283.323761 	 291.192871 	 1.489230 	 98708.093750 	 678.673889 
169 	 41.678688 	 283.323761 	 291.279266 	 1.987430 	 98206.492188 	 462.266602 
170 	 41.678688 	 283.323761 	 291.640900 	 1.021405 	 98278.656250 	 577.786987 
171 	 41.678688 	 283.323761 	 295.839691 	 2.765322 	 98330.976562 	 692.836792 
172 	 41.678688 	 283.323761 	 297.195709 	 4.823354 	 98313.632812 	 593.237549 
173 	 41.678688 	 283.323761 	 295.857788 	 4.323281 	 98276.953125 	 661.373657 
174 	 41.678688 	 283.323761 	 290.407379 	 3.597768 	 98732.796875 	 664.617310 
175 	 41.678688 	 283.323761 	 290.358673 	 1.364562 	 99284.562500 	 667.984863 
176 	 41.678688 	 283.323761 	 291.877350 	 0.921604 	 99257.960938 	 681.364624 
177 	 41.678688 	 283.323761 	 294.099976 	 0.936349 	 99114.046875 	 692.618042 
178 	 41.678688 	 283.323761 	 294.588409 	 0.665909 	 99149.828125 	 672.515808 
179 	 41.678688 	 283.323761 	 295.255096 	 0.838780 	 98998.687500 	 657.884766 
180 	 41.678688 	 283.323761 	 297.270264 	 1.400269 	 98287.476562 	 706.104126 
181 	 41.678688 	 283.323761 	 295.971405 	 1.293873 	 98163.476562 	 664.144104 
182 	 41.678688 	 283.323761 	 294.747467 	 3.265914 	 97876.468750 	 603.323242 
183 	 41.678688 	 283.323761 	 293.041992 	 3.989113 	 98116.898438 	 658.332031 
184 	 41.678688 	 283.323761 	 292.619232 	 3.329355 	 98894.992188 	 683.618042 
185 	 41.678688 	 283.323761 	 292.409027 	 2.447230 	 99252.601562 	 680.333862 
186 	 41.678688 	 283.323761 	 295.709198 	 2.236412 	 99151.523438 	 700.569946 
187 	 41.678688 	 283.323761 	 297.432281 	 2.298930 	 98668.671875 	 707.966248 
188 	 41.678688 	 283.323761 	 299.052338 	 2.381869 	 98376.859375 	 699.764038 
189 	 41.678688 	 283.323761 	 298.871460 	 1.992022 	 98281.617188 	 665.824097 
190 	 41.678688 	 283.323761 	 297.769104 	 1.490933 	 98556.156250 	 714.633972 
191 	 41.678688 	 283.323761 	 296.299255 	 2.529226 	 98940.640625 	 600.956421 
192 	 41.678688 	 283.323761 	 295.562378 	 3.025459 	 99264.679688 	 600.389526 
193 	 41.678688 	 283.323761 	 296.099213 	 3.646314 	 98991.382812 	 574.080811 
194 	 41.678688 	 283.323761 	 296.568390 	 2.781414 	 98480.257812 	 618.859863 
195 	 41.678688 	 283.323761 	 296.472687 	 1.640826 	 98436.890625 	 665.814453 
196 	 41.678688 	 283.323761 	 296.834442 	 1.944960 	 97719.773438 	 686.156738 
197 	 41.678688 	 283.323761 	 295.727356 	 3.560113 	 97273.390625 	 598.473877 
198 	 41.678688 	 283.323761 	 292.798004 	 3.551976 	 97498.117188 	 672.834961 
199 	 41.678688 	 283.323761 	 292.628601 	 1.802051 	 98027.968750 	 663.438110 
200 	 41.678688 	 283.323761 	 292.431824 	 2.666169 	 97843.820312 	 530.782837 
201 	 41.678688 	 283.323761 	 292.017426 	 3.391447 	 97823.640625 	 614.658325 
202 	 41.678688 	 283.323761 	 287.868317 	 3.502453 	 98441.671875 	 643.275696 
203 	 41.678688 	 283.323761 	 286.518921 	 0.706165 	 98775.789062 	 506.536560 
204 	 41.678688 	 283.323761 	 288.411652 	 2.075966 	 99094.226562 	 651.467285 
205 	 41.678688 	 283.323761 	 289.202789 	 1.766614 	 99218.820312 	 645.009766 
206 	 41.678688 	 283.323761 	 290.553680 	 1.395548 	 99257.359375 	 636.194702 
207 	 41.678688 	 283.323761 	 294.089142 	 3.392284 	 99160.023438 	 667.236206 
208 	 41.678688 	 283.323761 	 293.637878 	 3.266071 	 98996.562500 	 664.754517 
209 	 41.678688 	 283.323761 	 294.816498 	 3.718501 	 98534.296875 	 629.951782 
210 	 41.678688 	 283.323761 	 296.635254 	 3.771828 	 98159.453125 	 692.215820 
211 	 41.678688 	 283.323761 	 296.785461 	 3.428694 	 98434.437500 	 669.971313 
212 	 41.678688 	 283.323761 	 295.347626 	 2.717901 	 98307.687500 	 527.474670 
213 	 41.678688 	 283.323761 	 291.348846 	 3.191615 	 98201.007812 	 603.197266 
214 	 41.678688 	 283.323761 	 293.028015 	 1.782330 	 98361.273438 	 659.731445 
215 	 41.678688 	 283.323761 	 293.001251 	 1.265424 	 99046.273438 	 656.384155 
216 	 41.678688 	 283.323761 	 296.458405 	 3.085396 	 99250.593750 	 641.444092 
217 	 41.678688 	 283.323761 	 297.395508 	 4.274200 	 99124.203125 	 628.043701 
218 	 41.678688 	 283.323761 	 295.541016 	 3.437666 	 99012.406250 	 512.749756 
219 	 41.678688 	 283.323761 	 295.225586 	 1.416497 	 99056.101562 	 651.062866 
220 	 41.678688 	 283.323761 	 296.832855 	 2.655489 	 98795.976562 	 655.548218 
221 	 41.678688 	 283.323761 	 298.492706 	 3.839730 	 98242.382812 	 592.854553 
222 	 41.678688 	 283.323761 	 295.052338 	 1.973002 	 98008.242188 	 633.609741 
223 	 41.678688 	 283.323761 	 293.329529 	 1.895676 	 98059.429688 	 668.308350 
224 	 41.678688 	 283.323761 	 293.619873 	 1.344368 	 98148.273438 	 656.545898 
225 	 41.678688 	 283.323761 	 291.454102 	 1.946118 	 98588.296875 	 548.176941 
226 	 41.678688 	 283.323761 	 293.386780 	 3.097456 	 98745.718750 	 579.592896 
227 	 41.678688 	 283.323761 	 293.510590 	 1.477306 	 98650.257812 	 519.810913 
228 	 41.678688 	 283.323761 	 292.063690 	 3.610147 	 99026.882812 	 634.652710 
229 	 41.678688 	 283.323761 	 292.067780 	 0.992857 	 99105.726562 	 626.791016 
230 	 41.678688 	 283.323761 	 293.604919 	 0.962923 	 98845.070312 	 629.068665 
231 	 41.678688 	 283.323761 	 295.432373 	 0.455689 	 98972.773438 	 647.195068 
232 	 41.678688 	 283.323761 	 296.192078 	 2.141059 	 98905.343750 	 632.742981 
233 	 41.678688 	 283.323761 	 293.121613 	 2.242624 	 98784.007812 	 633.045776 
234 	 41.678688 	 283.323761 	 293.252930 	 1.472661 	 98664.203125 	 614.149597 
235 	 41.678688 	 283.323761 	 297.259491 	 2.440701 	 98454.273438 	 669.726318 
236 	 41.678688 	 283.323761 	 298.680206 	 1.734965 	 98733.218750 	 663.284973 
237 	 41.678688 	 283.323761 	 297.156311 	 2.180122 	 98796.390625 	 614.351196 
238 	 41.678688 	 283.323761 	 294.126923 	 1.524143 	 99293.656250 	 615.889648 
239 	 41.678688 	 283.323761 	 294.216400 	 2.178633 	 99080.953125 	 539.618958 
240 	 41.678688 	 283.323761 	 289.337067 	 4.149654 	 99136.546875 	 611.100342 
241 	 41.678688 	 283.323761 	 286.616028 	 2.405721 	 99592.343750 	 554.402588 
242 	 41.678688 	 283.323761 	 292.756500 	 4.765610 	 98703.250000 	 554.172485 
243 	 41.678688 	 283.323761 	 292.366547 	 1.866360 	 98439.710938 	 483.495819 
244 	 41.678688 	 283.323761 	 292.072449 	 1.903400 	 98537.156250 	 516.161316 
245 	 41.678688 	 283.323761 	 292.517303 	 1.320802 	 98385.398438 	 564.088440 
246 	 41.678688 	 283.323761 	 288.950195 	 2.072516 	 98144.062500 	 419.532196 
247 	 41.678688 	 283.323761 	 285.680176 	 2.839743 	 99058.492188 	 561.724731 
248 	 41.678688 	 283.323761 	 286.309845 	 1.404428 	 99931.000000 	 565.562744 
249 	 41.678688 	 283.323761 	 288.059326 	 1.282086 	 100160.500000 	 576.061646 
250 	 41.678688 	 283.323761 	 290.068268 	 1.431813 	 99480.171875 	 523.598511 
251 	 41.678688 	 283.323761 	 291.934174 	 2.287752 	 98589.546875 	 564.491882 
252 	 41.678688 	 283.323761 	 289.550964 	 2.245527 	 98497.328125 	 523.756104 
253 	 41.678688 	 283.323761 	 285.978973 	 0.950445 	 99029.687500 	 543.005493 
254 	 41.678688 	 283.323761 	 289.350830 	 1.902236 	 98966.953125 	 560.342896 
255 	 41.678688 	 283.323761 	 294.751923 	 2.849300 	 98787.273438 	 570.619812 
256 	 41.678688 	 283.323761 	 296.282898 	 2.774008 	 98891.796875 	 566.089478 
257 	 41.678688 	 283.323761 	 296.029419 	 2.951227 	 98800.742188 	 544.102905 
258 	 41.678688 	 283.323761 	 291.453644 	 2.860168 	 98827.398438 	 496.057129 
259 	 41.678688 	 283.323761 	 284.214691 	 1.550891 	 99380.726562 	 517.534302 
260 	 41.678688 	 283.323761 	 284.709778 	 1.916166 	 99688.906250 	 521.454956 
261 	 41.678688 	 283.323761 	 293.036407 	 3.644796 	 99157.367188 	 532.344604 
262 	 41.678688 	 283.323761 	 296.025574 	 1.734247 	 99107.351562 	 538.021118 
263 	 41.678688 	 283.323761 	 295.500732 	 1.917388 	 99066.476562 	 565.072937 
264 	 41.678688 	 283.323761 	 294.775696 	 2.367348 	 99004.281250 	 556.227905 
265 	 41.678688 	 283.323761 	 294.011444 	 2.739360 	 98686.343750 	 515.241272 
266 	 41.678688 	 283.323761 	 291.641937 	 2.626591 	 98501.750000 	 505.313477 
267 	 41.678688 	 283.323761 	 290.111359 	 2.016103 	 98632.796875 	 493.912140 
268 	 41.678688 	 283.323761 	 289.721619 	 4.379467 	 98126.117188 	 534.091492 
269 	 41.678688 	 283.323761 	 283.529907 	 2.674645 	 99124.796875 	 501.058716 
270 	 41.678688 	 283.323761 	 281.194733 	 1.947979 	 99668.117188 	 406.209778 
271 	 41.678688 	 283.323761 	 285.354462 	 2.374011 	 99305.453125 	 406.581482 
272 	 41.678688 	 283.323761 	 285.327362 	 1.959425 	 99606.039062 	 435.807434 
273 	 41.678688 	 283.323761 	 285.817963 	 1.788756 	 99895.843750 	 430.206818 
274 	 41.678688 	 283.323761 	 290.274963 	 2.891732 	 99749.820312 	 469.352661 
275 	 41.678688 	 283.323761 	 287.489899 	 2.855810 	 99598.531250 	 513.598328 
276 	 41.678688 	 283.323761 	 283.778198 	 1.165200 	 100052.203125 	 486.377625 
277 	 41.678688 	 283.323761 	 289.284210 	 1.462810 	 99932.656250 	 515.635071 
278 	 41.678688 	 283.323761 	 289.945953 	 2.282405 	 99833.523438 	 522.400146 
279 	 41.678688 	 283.323761 	 289.598145 	 3.195947 	 99799.546875 	 481.620972 
280 	 41.678688 	 283.323761 	 290.176758 	 4.195600 	 99574.179688 	 482.701447 
281 	 41.678688 	 283.323761 	 288.251953 	 3.128596 	 99521.968750 	 394.408752 
282 	 41.678688 	 283.323761 	 288.146057 	 2.755368 	 99320.750000 	 410.150787 
283 	 41.678688 	 283.323761 	 283.091919 	 3.210546 	 99305.882812 	 473.789764 
284 	 41.678688 	 283.323761 	 280.470337 	 2.514335 	 100204.796875 	 483.512146 
285 	 41.678688 	 283.323761 	 278.395844 	 1.266127 	 100258.601562 	 441.933594 
286 	 41.678688 	 283.323761 	 278.912109 	 1.296847 	 99347.921875 	 444.880737 
287 	 41.678688 	 283.323761 	 280.813171 	 1.761557 	 98359.531250 	 401.402771 
288 	 41.678688 	 283.323761 	 282.673187 	 2.789000 	 98071.859375 	 442.362671 
289 	 41.678688 	 283.323761 	 282.732208 	 3.019969 	 98498.703125 	 460.747192 
290 	 41.678688 	 283.323761 	 285.779388 	 2.322904 	 98879.906250 	 477.831787 
291 	 41.678688 	 283.323761 	 287.408844 	 2.309902 	 99185.671875 	 476.588715 
292 	 41.678688 	 283.323761 	 286.232208 	 2.845308 	 98678.507812 	 389.563690 
293 	 41.678688 	 283.323761 	 279.455627 	 1.940825 	 99516.773438 	 452.430237 
294 	 41.678688 	 283.323761 	 280.729980 	 2.815593 	 99037.031250 	 359.128601 
295 	 41.678688 	 283.323761 	 277.880432 	 2.527862 	 98794.476562 	 416.210144 
296 	 41.678688 	 283.323761 	 277.574982 	 3.549037 	 99054.750000 	 439.160767 
297 	 41.678688 	 283.323761 	 274.864471 	 2.558722 	 99473.117188 	 383.723022 
298 	 41.678688 	 283.323761 	 281.966339 	 5.321902 	 98548.140625 	 435.883362 
299 	 41.678688 	 283.323761 	 279.995636 	 2.903188 	 98630.218750 	 420.549713 
300 	 41.678688 	 283.323761 	 276.110962 	 1.166554 	 98737.742188 	 343.476654 
301 	 41.678688 	 283.323761 	 275.091003 	 2.908031 	 99084.796875 	 403.213593 
302 	 41.678688 	 283.323761 	 275.666840 	 1.547486 	 99560.773438 	 366.608978 
303 	 41.678688 	 283.323761 	 279.739716 	 1.425880 	 99138.726562 	 357.383789 
304 	 41.678688 	 283.323761 	 281.892700 	 1.554414 	 98702.523438 	 382.805695 
305 	 41.678688 	 283.323761 	 278.186829 	 2.581931 	 99768.226562 	 370.213806 
306 	 41.678688 	 283.323761 	 279.242249 	 3.725816 	 100677.203125 	 401.240723 
307 	 41.678688 	 283.323761 	 286.024109 	 4.238964 	 100279.101562 	 417.590363 
308 	 41.678688 	 283.323761 	 288.601349 	 2.119984 	 99567.343750 	 416.883514 
309 	 41.678688 	 283.323761 	 288.326569 	 2.803874 	 98601.593750 	 409.039978 
310 	 41.678688 	 283.323761 	 282.808533 	 3.199285 	 97450.687500 	 382.157837 
311 	 41.678688 	 283.323761 	 274.051300 	 4.198977 	 98750.039062 	 404.605316 
312 	 41.678688 	 283.323761 	 273.760437 	 2.920618 	 98872.398438 	 303.546875 
313 	 41.678688 	 283.323761 	 279.360107 	 4.244276 	 97139.398438 	 344.046631 
314 	 41.678688 	 283.323761 	 276.131287 	 4.393689 	 97114.351562 	 376.084167 
315 	 41.678688 	 283.323761 	 277.697235 	 3.944525 	 98221.226562 	 390.549072 
316 	 41.678688 	 283.323761 	 285.586578 	 5.710471 	 98415.796875 	 373.320374 
317 	 41.678688 	 283.323761 	 276.562836 	 3.291221 	 98657.117188 	 355.480743 
318 	 41.678688 	 283.323761 	 270.597198 	 2.731160 	 99838.718750 	 349.392517 
319 	 41.678688 	 283.323761 	 270.083679 	 1.775736 	 101039.398438 	 321.670593 
320 	 41.678688 	 283.323761 	 276.588165 	 3.627656 	 100778.500000 	 359.486694 
321 	 41.678688 	 283.323761 	 284.355347 	 4.498013 	 99448.632812 	 392.934692 
322 	 41.678688 	 283.323761 	 286.651733 	 4.440850 	 98056.429688 	 420.655029 
323 	 41.678688 	 283.323761 	 283.295227 	 3.018178 	 98102.976562 	 399.062134 
324 	 41.678688 	 283.323761 	 274.361115 	 1.528396 	 99679.757812 	 327.074249 
325 	 41.678688 	 283.323761 	 275.790833 	 2.625690 	 99112.976562 	 325.617401 
326 	 41.678688 	 283.323761 	 273.872162 	 4.094849 	 98870.273438 	 347.191528 
327 	 41.678688 	 283.323761 	 272.363861 	 2.404136 	 99412.437500 	 335.157471 
328 	 41.678688 	 283.323761 	 273.686951 	 1.750175 	 99239.328125 	 340.453125 
329 	 41.678688 	 283.323761 	 271.995056 	 0.698444 	 99384.046875 	 342.480377 
330 	 41.678688 	 283.323761 	 277.919067 	 2.554368 	 99069.039062 	 341.866943 
331 	 41.678688 	 283.323761 	 280.969666 	 2.972080 	 97850.203125 	 363.969788 
332 	 41.678688 	 283.323761 	 276.855713 	 3.621660 	 97172.429688 	 363.058716 
333 	 41.678688 	 283.323761 	 276.007874 	 3.091873 	 98200.289062 	 326.296112 
334 	 41.678688 	 283.323761 	 282.626831 	 3.773088 	 97866.789062 	 386.720703 
335 	 41.678688 	 283.323761 	 284.217804 	 3.348646 	 98044.398438 	 390.391541 
336 	 41.678688 	 283.323761 	 287.401520 	 3.780031 	 97564.132812 	 381.129089 
337 	 41.678688 	 283.323761 	 277.415771 	 3.578154 	 96864.453125 	 362.501770 
338 	 41.678688 	 283.323761 	 272.800140 	 3.355050 	 97891.453125 	 311.307739 
339 	 41.678688 	 283.323761 	 277.651367 	 4.576774 	 97466.929688 	 342.523285 
340 	 41.678688 	 283.323761 	 273.067841 	 3.846503 	 98350.421875 	 339.367889 
341 	 41.678688 	 283.323761 	 269.387909 	 2.919199 	 99567.898438 	 306.614014 
342 	 41.678688 	 283.323761 	 269.358612 	 2.489814 	 99973.359375 	 291.912537 
343 	 41.678688 	 283.323761 	 270.352417 	 4.556455 	 99135.390625 	 309.628235 
344 	 41.678688 	 283.323761 	 271.701813 	 4.963356 	 96386.820312 	 328.430634 
345 	 41.678688 	 283.323761 	 268.763885 	 5.427367 	 97016.273438 	 303.071228 
346 	 41.678688 	 283.323761 	 272.155365 	 2.483935 	 98966.398438 	 310.658600 
347 	 41.678688 	 283.323761 	 277.368652 	 2.223929 	 99715.148438 	 351.552887 
348 	 41.678688 	 283.323761 	 281.867950 	 5.376066 	 99494.132812 	 378.384399 
349 	 41.678688 	 283.323761 	 282.164673 	 5.958336 	 97777.117188 	 356.580902 
350 	 41.678688 	 283.323761 	 268.296356 	 3.765933 	 98300.140625 	 320.992645 
351 	 41.678688 	 283.323761 	 268.120880 	 3.069720 	 99325.382812 	 301.388885 
352 	 41.678688 	 283.323761 	 271.925171 	 2.061379 	 99032.476562 	 325.661591 
353 	 41.678688 	 283.323761 	 271.953278 	 2.721582 	 99524.156250 	 315.109375 
354 	 41.678688 	 283.323761 	 273.457825 	 1.894008 	 99707.656250 	 321.895020 
355 	 41.678688 	 283.323761 	 278.395935 	 5.167670 	 99205.359375 	 322.557648 
356 	 41.678688 	 283.323761 	 276.449219 	 4.680445 	 97610.953125 	 366.527710 
357 	 41.678688 	 283.323761 	 271.434296 	 2.765803 	 99357.023438 	 303.945374 
358 	 41.678688 	 283.323761 	 272.043518 	 2.612505 	 99697.421875 	 298.393433 
359 	 41.678688 	 283.323761 	 274.554535 	 2.841278 	 99014.703125 	 343.350464 
360 	 41.678688 	 283.323761 	 281.833740 	 4.971355 	 97780.976562 	 357.058075 
361 	 41.678688 	 283.323761 	 272.262146 	 6.085877 	 96292.929688 	 331.932556 
362 	 41.678688 	 283.323761 	 269.871429 	 5.681239 	 96865.531250 	 300.003143 
363 	 41.678688 	 283.323761 	 269.158539 	 3.959019 	 97896.312500 	 304.053162 
364 	 41.678688 	 283.323761 	 267.557343 	 1.514295 	 98448.632812 	 293.466522 
