# 0: Day of Year [-] 	 1: lat [deg] 	 2: lon [deg] 	 3: tas [K] 	 4: sfcWind [m s-1] 	 5: ps [Pa] 	 6: Total Downwelling Rad Flux [W m-2] 
0 	 41.678688 	 283.323761 	 268.261414 	 3.585007 	 98982.296875 	 299.876434 
1 	 41.678688 	 283.323761 	 268.242371 	 1.993724 	 100239.000000 	 303.304321 
2 	 41.678688 	 283.323761 	 270.715912 	 3.047353 	 100019.898438 	 284.057953 
3 	 41.678688 	 283.323761 	 279.807312 	 3.828336 	 98512.382812 	 388.951782 
4 	 41.678688 	 283.323761 	 272.050446 	 1.659146 	 98633.539062 	 296.580597 
5 	 41.678688 	 283.323761 	 274.343536 	 2.729235 	 96938.656250 	 342.990936 
6 	 41.678688 	 283.323761 	 271.965240 	 3.263171 	 98182.328125 	 318.042480 
7 	 41.678688 	 283.323761 	 276.042694 	 4.022467 	 97882.718750 	 332.665619 
8 	 41.678688 	 283.323761 	 273.455475 	 3.408458 	 97692.101562 	 335.364258 
9 	 41.678688 	 283.323761 	 277.640900 	 2.736288 	 98103.671875 	 355.458557 
10 	 41.678688 	 283.323761 	 274.630798 	 2.184884 	 98647.062500 	 317.869385 
11 	 41.678688 	 283.323761 	 270.004303 	 1.434601 	 98984.562500 	 318.074860 
12 	 41.678688 	 283.323761 	 269.608856 	 1.784603 	 98430.640625 	 282.398529 
13 	 41.678688 	 283.323761 	 270.726898 	 3.111049 	 97736.398438 	 338.359406 
14 	 41.678688 	 283.323761 	 270.626312 	 0.651386 	 98829.179688 	 340.097321 
15 	 41.678688 	 283.323761 	 270.764526 	 1.312515 	 99547.820312 	 340.532104 
16 	 41.678688 	 283.323761 	 268.583038 	 3.847133 	 99427.882812 	 303.637695 
17 	 41.678688 	 283.323761 	 266.242920 	 3.409621 	 98388.320312 	 310.239258 
18 	 41.678688 	 283.323761 	 268.752045 	 1.032508 	 98350.273438 	 344.501770 
19 	 41.678688 	 283.323761 	 267.515228 	 2.946530 	 98797.867188 	 333.533936 
20 	 41.678688 	 283.323761 	 264.322266 	 4.475642 	 98418.398438 	 272.373352 
21 	 41.678688 	 283.323761 	 267.654999 	 3.448800 	 98441.906250 	 330.250061 
22 	 41.678688 	 283.323761 	 272.519409 	 2.945283 	 98255.203125 	 352.046936 
23 	 41.678688 	 283.323761 	 269.006744 	 2.159756 	 98377.929688 	 306.047302 
24 	 41.678688 	 283.323761 	 271.649048 	 3.548720 	 98094.320312 	 343.789856 
25 	 41.678688 	 283.323761 	 269.638214 	 3.665798 	 97904.343750 	 334.405396 
26 	 41.678688 	 283.323761 	 260.498901 	 2.630011 	 99215.093750 	 302.952515 
27 	 41.678688 	 283.323761 	 263.750854 	 1.112895 	 99728.976562 	 322.035217 
28 	 41.678688 	 283.323761 	 269.202667 	 2.722695 	 99458.187500 	 342.746368 
29 	 41.678688 	 283.323761 	 276.640045 	 2.844558 	 98730.710938 	 350.236023 
30 	 41.678688 	 283.323761 	 279.644470 	 1.945990 	 98221.679688 	 355.866577 
31 	 41.678688 	 283.323761 	 274.719421 	 3.392928 	 97371.429688 	 336.714508 
32 	 41.678688 	 283.323761 	 267.330780 	 2.888819 	 99046.851562 	 373.074127 
33 	 41.678688 	 283.323761 	 268.073700 	 2.466095 	 100233.796875 	 338.763092 
34 	 41.678688 	 283.323761 	 269.088806 	 0.938899 	 100098.296875 	 346.303650 
35 	 41.678688 	 283.323761 	 273.669647 	 1.000914 	 99403.210938 	 365.084656 
36 	 41.678688 	 283.323761 	 273.197968 	 0.577420 	 98506.851562 	 344.207092 
37 	 41.678688 	 283.323761 	 273.412781 	 4.186560 	 96838.460938 	 327.604004 
38 	 41.678688 	 283.323761 	 270.087555 	 4.431446 	 97691.789062 	 376.978577 
39 	 41.678688 	 283.323761 	 273.966675 	 2.825768 	 98286.390625 	 381.366211 
40 	 41.678688 	 283.323761 	 280.367279 	 3.260143 	 98119.523438 	 420.973694 
41 	 41.678688 	 283.323761 	 281.198212 	 3.040694 	 98272.859375 	 420.232300 
42 	 41.678688 	 283.323761 	 277.667755 	 4.275489 	 98006.382812 	 409.461670 
43 	 41.678688 	 283.323761 	 274.435181 	 1.821185 	 99266.132812 	 391.349243 
44 	 41.678688 	 283.323761 	 277.416901 	 2.715360 	 100218.101562 	 411.305176 
45 	 41.678688 	 283.323761 	 280.229858 	 3.462550 	 100452.601562 	 412.350342 
46 	 41.678688 	 283.323761 	 284.227051 	 3.515755 	 99757.632812 	 458.286865 
47 	 41.678688 	 283.323761 	 283.261993 	 2.488844 	 99499.781250 	 419.646057 
48 	 41.678688 	 283.323761 	 286.746094 	 5.295939 	 98885.281250 	 397.567749 
49 	 41.678688 	 283.323761 	 280.249756 	 2.832329 	 98876.578125 	 438.832581 
50 	 41.678688 	 283.323761 	 274.352356 	 1.807178 	 99070.546875 	 349.966187 
51 	 41.678688 	 283.323761 	 275.583771 	 3.367957 	 96943.273438 	 354.286804 
52 	 41.678688 	 283.323761 	 272.415680 	 3.866317 	 96086.148438 	 405.374939 
53 	 41.678688 	 283.323761 	 271.693787 	 2.198353 	 96345.257812 	 348.561401 
54 	 41.678688 	 283.323761 	 269.780884 	 2.009632 	 97413.281250 	 403.596802 
55 	 41.678688 	 283.323761 	 268.075226 	 2.608547 	 98451.992188 	 387.098572 
56 	 41.678688 	 283.323761 	 270.405457 	 3.183117 	 98465.156250 	 401.018311 
57 	 41.678688 	 283.323761 	 274.906891 	 4.309935 	 97525.531250 	 357.312561 
58 	 41.678688 	 283.323761 	 270.075897 	 3.273839 	 97342.476562 	 393.732941 
59 	 41.678688 	 283.323761 	 266.975800 	 3.621337 	 97567.203125 	 383.082397 
60 	 41.678688 	 283.323761 	 265.999908 	 4.170686 	 97618.031250 	 403.689178 
61 	 41.678688 	 283.323761 	 268.323547 	 2.967996 	 98800.898438 	 392.829407 
62 	 41.678688 	 283.323761 	 270.932037 	 2.728536 	 99625.726562 	 408.444702 
63 	 41.678688 	 283.323761 	 278.395721 	 1.776138 	 99630.281250 	 398.667480 
64 	 41.678688 	 283.323761 	 280.441010 	 1.988479 	 99861.906250 	 387.323273 
65 	 41.678688 	 283.323761 	 284.025757 	 2.899946 	 99690.140625 	 442.793762 
66 	 41.678688 	 283.323761 	 286.850891 	 3.935935 	 99356.476562 	 483.468323 
67 	 41.678688 	 283.323761 	 287.241455 	 3.769251 	 98829.882812 	 469.754333 
68 	 41.678688 	 283.323761 	 288.173615 	 3.487166 	 98365.992188 	 476.699402 
69 	 41.678688 	 283.323761 	 286.627411 	 2.245308 	 98471.406250 	 406.256104 
70 	 41.678688 	 283.323761 	 287.219696 	 5.938019 	 98265.140625 	 433.713715 
71 	 41.678688 	 283.323761 	 282.494232 	 3.465122 	 97671.500000 	 501.640442 
72 	 41.678688 	 283.323761 	 279.311523 	 1.342632 	 98343.882812 	 471.316284 
73 	 41.678688 	 283.323761 	 283.859772 	 2.718012 	 99015.390625 	 506.752930 
74 	 41.678688 	 283.323761 	 285.026825 	 5.427459 	 99107.296875 	 404.581604 
75 	 41.678688 	 283.323761 	 282.304718 	 4.500939 	 98264.968750 	 472.968445 
76 	 41.678688 	 283.323761 	 277.911133 	 2.400303 	 98159.148438 	 387.978516 
77 	 41.678688 	 283.323761 	 277.075134 	 2.558843 	 98478.101562 	 489.720398 
78 	 41.678688 	 283.323761 	 276.843140 	 2.199189 	 99281.296875 	 422.100433 
79 	 41.678688 	 283.323761 	 282.971161 	 3.429431 	 99046.382812 	 493.204468 
80 	 41.678688 	 283.323761 	 282.370056 	 1.545400 	 99072.843750 	 441.166656 
81 	 41.678688 	 283.323761 	 279.110687 	 3.464708 	 99355.468750 	 509.945007 
82 	 41.678688 	 283.323761 	 277.028137 	 3.797907 	 99470.687500 	 486.146301 
83 	 41.678688 	 283.323761 	 276.743927 	 1.969742 	 98929.476562 	 445.289978 
84 	 41.678688 	 283.323761 	 282.399597 	 2.544149 	 98989.726562 	 532.711304 
85 	 41.678688 	 283.323761 	 284.938385 	 1.779081 	 99160.343750 	 521.848816 
86 	 41.678688 	 283.323761 	 283.340881 	 2.463506 	 99313.218750 	 467.702698 
87 	 41.678688 	 283.323761 	 287.481445 	 3.684431 	 98923.046875 	 509.070740 
88 	 41.678688 	 283.323761 	 288.113525 	 3.745600 	 98334.953125 	 460.728180 
89 	 41.678688 	 283.323761 	 286.327972 	 3.928032 	 97705.953125 	 574.151245 
90 	 41.678688 	 283.323761 	 284.882416 	 2.240518 	 98683.187500 	 539.574219 
91 	 41.678688 	 283.323761 	 286.640472 	 2.225853 	 98591.031250 	 550.975586 
92 	 41.678688 	 283.323761 	 285.677734 	 1.908012 	 98772.203125 	 537.701782 
93 	 41.678688 	 283.323761 	 287.327118 	 4.997022 	 98370.953125 	 399.972900 
94 	 41.678688 	 283.323761 	 285.051605 	 2.699101 	 97126.406250 	 548.886230 
95 	 41.678688 	 283.323761 	 283.350922 	 3.462438 	 96857.648438 	 506.608154 
96 	 41.678688 	 283.323761 	 278.405823 	 3.347320 	 97169.773438 	 427.126434 
97 	 41.678688 	 283.323761 	 278.290741 	 2.996179 	 98328.312500 	 521.894531 
98 	 41.678688 	 283.323761 	 280.422363 	 2.369815 	 98876.273438 	 439.805481 
99 	 41.678688 	 283.323761 	 283.441315 	 2.171007 	 99064.593750 	 410.006653 
100 	 41.678688 	 283.323761 	 289.171692 	 4.299980 	 98619.851562 	 599.211426 
101 	 41.678688 	 283.323761 	 290.012970 	 3.880901 	 98249.203125 	 462.518616 
102 	 41.678688 	 283.323761 	 285.879242 	 1.740747 	 98699.921875 	 474.205414 
103 	 41.678688 	 283.323761 	 288.254089 	 2.334805 	 98457.382812 	 439.830383 
104 	 41.678688 	 283.323761 	 289.339539 	 4.056654 	 97654.453125 	 582.441406 
105 	 41.678688 	 283.323761 	 281.243469 	 4.199684 	 97664.546875 	 452.377808 
106 	 41.678688 	 283.323761 	 281.302063 	 2.520653 	 99046.843750 	 578.003845 
107 	 41.678688 	 283.323761 	 281.881073 	 1.693634 	 99153.781250 	 534.416748 
108 	 41.678688 	 283.323761 	 288.763367 	 2.147186 	 98913.601562 	 617.598083 
109 	 41.678688 	 283.323761 	 289.655914 	 1.021041 	 98992.453125 	 594.190979 
110 	 41.678688 	 283.323761 	 293.742950 	 2.063612 	 98747.093750 	 633.593262 
111 	 41.678688 	 283.323761 	 294.701141 	 2.846436 	 98620.093750 	 639.915039 
112 	 41.678688 	 283.323761 	 292.442841 	 4.143071 	 98367.007812 	 515.671753 
113 	 41.678688 	 283.323761 	 287.737549 	 3.742576 	 98834.992188 	 618.470581 
114 	 41.678688 	 283.323761 	 285.513397 	 1.444040 	 99551.718750 	 534.752136 
115 	 41.678688 	 283.323761 	 287.960327 	 2.922434 	 99599.539062 	 479.951599 
116 	 41.678688 	 283.323761 	 292.940430 	 2.711590 	 98904.656250 	 615.707886 
117 	 41.678688 	 283.323761 	 293.314697 	 4.125649 	 98294.203125 	 632.372131 
118 	 41.678688 	 283.323761 	 290.270477 	 2.702358 	 97886.460938 	 599.522034 
119 	 41.678688 	 283.323761 	 285.631287 	 1.457718 	 97937.859375 	 406.209595 
120 	 41.678688 	 283.323761 	 284.959351 	 1.867239 	 98427.656250 	 485.303192 
121 	 41.678688 	 283.323761 	 283.710785 	 1.745735 	 98899.453125 	 440.752045 
122 	 41.678688 	 283.323761 	 284.081787 	 0.331384 	 99013.726562 	 610.174194 
123 	 41.678688 	 283.323761 	 286.726715 	 0.698931 	 99007.593750 	 620.271667 
124 	 41.678688 	 283.323761 	 288.682129 	 1.026586 	 98800.882812 	 622.683594 
125 	 41.678688 	 283.323761 	 290.942688 	 2.103848 	 98489.718750 	 645.588501 
126 	 41.678688 	 283.323761 	 293.131409 	 1.914265 	 98205.882812 	 647.443420 
127 	 41.678688 	 283.323761 	 294.084106 	 1.442842 	 97961.398438 	 586.726807 
128 	 41.678688 	 283.323761 	 287.310242 	 2.272200 	 98161.789062 	 457.091736 
129 	 41.678688 	 283.323761 	 285.386749 	 1.583333 	 98202.546875 	 503.353729 
130 	 41.678688 	 283.323761 	 286.515930 	 2.098617 	 98108.250000 	 591.741455 
131 	 41.678688 	 283.323761 	 286.007324 	 2.989603 	 99060.937500 	 630.384338 
132 	 41.678688 	 283.323761 	 285.988495 	 0.898432 	 99687.078125 	 631.756592 
133 	 41.678688 	 283.323761 	 287.979034 	 2.500564 	 99487.617188 	 646.653687 
134 	 41.678688 	 283.323761 	 288.187469 	 3.743875 	 99289.382812 	 610.652710 
135 	 41.678688 	 283.323761 	 286.197815 	 2.686148 	 99919.320312 	 623.838745 
136 	 41.678688 	 283.323761 	 286.797638 	 2.690706 	 99793.882812 	 634.049438 
137 	 41.678688 	 283.323761 	 289.544525 	 2.728914 	 99232.062500 	 649.645020 
138 	 41.678688 	 283.323761 	 291.096527 	 2.260660 	 98629.460938 	 658.341675 
139 	 41.678688 	 283.323761 	 294.294800 	 2.484910 	 98328.328125 	 664.356812 
140 	 41.678688 	 283.323761 	 298.338593 	 2.969260 	 98156.601562 	 702.418884 
141 	 41.678688 	 283.323761 	 298.642181 	 3.606940 	 97939.406250 	 705.977661 
142 	 41.678688 	 283.323761 	 295.511230 	 2.497684 	 98427.546875 	 657.419434 
143 	 41.678688 	 283.323761 	 296.610260 	 2.801831 	 98506.546875 	 666.694336 
144 	 41.678688 	 283.323761 	 295.446442 	 2.377792 	 98611.343750 	 654.504883 
145 	 41.678688 	 283.323761 	 294.347290 	 2.471438 	 98498.750000 	 699.112305 
146 	 41.678688 	 283.323761 	 292.453613 	 1.415690 	 98366.023438 	 677.857910 
147 	 41.678688 	 283.323761 	 291.541687 	 2.024558 	 98127.007812 	 632.708496 
148 	 41.678688 	 283.323761 	 291.854553 	 4.088272 	 98207.812500 	 699.806763 
149 	 41.678688 	 283.323761 	 286.585175 	 1.539233 	 98819.031250 	 493.042542 
150 	 41.678688 	 283.323761 	 291.336853 	 1.912039 	 98903.203125 	 619.721313 
151 	 41.678688 	 283.323761 	 295.232300 	 3.608836 	 99101.007812 	 673.440918 
152 	 41.678688 	 283.323761 	 299.414215 	 3.975145 	 98694.117188 	 660.056091 
153 	 41.678688 	 283.323761 	 294.280182 	 4.150892 	 98127.023438 	 562.885620 
154 	 41.678688 	 283.323761 	 286.361450 	 2.148185 	 99158.796875 	 652.531189 
155 	 41.678688 	 283.323761 	 286.886078 	 1.881458 	 99157.226562 	 624.802979 
156 	 41.678688 	 283.323761 	 284.577301 	 2.228325 	 99474.726562 	 642.930176 
157 	 41.678688 	 283.323761 	 288.609894 	 3.141471 	 99406.460938 	 653.723938 
158 	 41.678688 	 283.323761 	 293.213684 	 3.848805 	 98689.703125 	 494.599030 
159 	 41.678688 	 283.323761 	 293.755249 	 3.263276 	 98352.562500 	 689.093750 
160 	 41.678688 	 283.323761 	 292.077393 	 2.144199 	 98491.609375 	 558.229309 
161 	 41.678688 	 283.323761 	 297.320862 	 4.902911 	 97737.476562 	 643.857300 
162 	 41.678688 	 283.323761 	 294.855438 	 3.063780 	 97895.750000 	 573.245117 
163 	 41.678688 	 283.323761 	 290.461151 	 1.647392 	 98732.210938 	 518.044128 
164 	 41.678688 	 283.323761 	 288.502960 	 3.172159 	 98936.578125 	 464.178741 
165 	 41.678688 	 283.323761 	 287.863708 	 2.834111 	 98881.171875 	 456.921875 
166 	 41.678688 	 283.323761 	 291.992432 	 2.478878 	 98875.070312 	 501.973053 
167 	 41.678688 	 283.323761 	 293.865204 	 4.440731 	 99041.367188 	 566.964905 
168 	 41.678688 	 283.323761 	 294.202850 	 3.253596 	 99255.726562 	 701.412537 
169 	 41.678688 	 283.323761 	 295.593872 	 3.329139 	 99015.601562 	 581.796204 
170 	 41.678688 	 283.323761 	 294.265533 	 1.841061 	 98856.632812 	 612.270020 
171 	 41.678688 	 283.323761 	 299.499634 	 3.704521 	 98579.093750 	 731.641357 
172 	 41.678688 	 283.323761 	 299.988007 	 3.577959 	 98387.757812 	 700.988770 
173 	 41.678688 	 283.323761 	 297.213013 	 2.672775 	 98537.960938 	 667.594360 
174 	 41.678688 	 283.323761 	 295.520050 	 1.302877 	 99156.726562 	 699.324402 
175 	 41.678688 	 283.323761 	 298.876923 	 3.584408 	 98993.406250 	 726.344788 
176 	 41.678688 	 283.323761 	 297.492615 	 3.041904 	 98662.976562 	 646.984863 
177 	 41.678688 	 283.323761 	 297.392822 	 1.324715 	 98892.781250 	 714.882202 
178 	 41.678688 	 283.323761 	 298.540894 	 1.956820 	 98725.789062 	 707.735962 
179 	 41.678688 	 283.323761 	 297.554718 	 1.288144 	 99208.460938 	 694.897644 
180 	 41.678688 	 283.323761 	 300.143127 	 2.752071 	 98866.632812 	 750.541138 
181 	 41.678688 	 283.323761 	 298.918945 	 2.705302 	 98546.492188 	 684.807861 
182 	 41.678688 	 283.323761 	 298.034119 	 2.493610 	 98353.382812 	 697.567139 
183 	 41.678688 	 283.323761 	 299.751221 	 1.274420 	 98543.039062 	 714.092896 
184 	 41.678688 	 283.323761 	 298.861298 	 1.602921 	 98326.187500 	 701.423340 
185 	 41.678688 	 283.323761 	 298.961548 	 2.613089 	 98267.843750 	 681.163635 
186 	 41.678688 	 283.323761 	 293.104340 	 3.299349 	 99004.476562 	 614.608826 
187 	 41.678688 	 283.323761 	 293.727356 	 2.255062 	 99413.992188 	 693.349121 
188 	 41.678688 	 283.323761 	 293.213013 	 2.720121 	 99355.867188 	 660.252686 
189 	 41.678688 	 283.323761 	 294.606659 	 4.402585 	 98832.406250 	 651.842407 
190 	 41.678688 	 283.323761 	 296.907318 	 4.070697 	 97975.976562 	 616.795166 
191 	 41.678688 	 283.323761 	 296.323730 	 1.880808 	 97825.960938 	 703.362549 
192 	 41.678688 	 283.323761 	 291.485870 	 3.287292 	 97781.046875 	 694.981567 
193 	 41.678688 	 283.323761 	 287.821442 	 2.743536 	 98577.296875 	 643.294434 
194 	 41.678688 	 283.323761 	 288.142242 	 0.727733 	 99424.546875 	 621.099854 
195 	 41.678688 	 283.323761 	 291.026184 	 1.573046 	 99756.718750 	 592.580627 
196 	 41.678688 	 283.323761 	 291.785889 	 3.158296 	 99598.531250 	 513.718994 
197 	 41.678688 	 283.323761 	 294.028503 	 3.743895 	 99145.093750 	 583.880310 
198 	 41.678688 	 283.323761 	 297.375488 	 1.667279 	 99164.382812 	 711.724854 
199 	 41.678688 	 283.323761 	 298.973724 	 2.815707 	 98956.437500 	 700.138794 
200 	 41.678688 	 283.323761 	 300.342102 	 4.180880 	 98230.906250 	 680.591553 
201 	 41.678688 	 283.323761 	 301.407867 	 3.284837 	 97868.359375 	 727.561035 
202 	 41.678688 	 283.323761 	 297.272583 	 2.476376 	 98149.179688 	 668.293274 
203 	 41.678688 	 283.323761 	 300.284424 	 2.337061 	 98188.257812 	 704.536804 
204 	 41.678688 	 283.323761 	 301.462769 	 3.209153 	 98483.710938 	 674.911621 
205 	 41.678688 	 283.323761 	 298.749542 	 2.593778 	 98360.890625 	 558.678467 
206 	 41.678688 	 283.323761 	 298.054291 	 1.235520 	 98422.750000 	 647.622559 
207 	 41.678688 	 283.323761 	 299.427399 	 2.625242 	 98528.140625 	 672.632996 
208 	 41.678688 	 283.323761 	 300.484222 	 5.091589 	 98351.296875 	 699.166504 
209 	 41.678688 	 283.323761 	 297.753052 	 3.311667 	 98042.632812 	 653.097473 
210 	 41.678688 	 283.323761 	 291.837830 	 3.225731 	 98411.148438 	 660.229736 
211 	 41.678688 	 283.323761 	 291.602661 	 0.840147 	 98825.109375 	 658.612915 
212 	 41.678688 	 283.323761 	 295.625946 	 1.528184 	 98552.273438 	 671.074463 
213 	 41.678688 	 283.323761 	 297.403137 	 0.913653 	 98050.132812 	 689.074341 
214 	 41.678688 	 283.323761 	 295.533539 	 3.272722 	 97959.203125 	 621.270020 
215 	 41.678688 	 283.323761 	 295.051666 	 3.023736 	 98069.203125 	 625.281128 
216 	 41.678688 	 283.323761 	 295.217987 	 0.876335 	 98130.773438 	 665.027588 
217 	 41.678688 	 283.323761 	 295.811951 	 2.290634 	 98264.312500 	 668.207153 
218 	 41.678688 	 283.323761 	 293.177948 	 3.288198 	 98071.796875 	 509.091797 
219 	 41.678688 	 283.323761 	 291.096863 	 2.586071 	 98153.382812 	 612.883057 
220 	 41.678688 	 283.323761 	 290.125946 	 1.786719 	 98967.406250 	 643.011963 
221 	 41.678688 	 283.323761 	 289.297363 	 0.730907 	 99282.289062 	 492.863647 
222 	 41.678688 	 283.323761 	 290.855560 	 0.760022 	 99213.171875 	 634.940063 
223 	 41.678688 	 283.323761 	 295.982086 	 4.209469 	 98997.289062 	 632.863647 
224 	 41.678688 	 283.323761 	 298.097260 	 4.003794 	 98324.109375 	 562.397461 
225 	 41.678688 	 283.323761 	 295.406830 	 2.631382 	 97573.062500 	 658.571411 
226 	 41.678688 	 283.323761 	 295.350616 	 2.342205 	 97776.828125 	 645.137451 
227 	 41.678688 	 283.323761 	 294.548645 	 1.844160 	 97649.046875 	 653.805542 
228 	 41.678688 	 283.323761 	 293.916931 	 2.966601 	 97794.437500 	 650.752563 
229 	 41.678688 	 283.323761 	 292.449524 	 3.039169 	 98211.171875 	 532.728882 
230 	 41.678688 	 283.323761 	 291.845825 	 2.104205 	 98803.343750 	 614.654907 
231 	 41.678688 	 283.323761 	 290.466736 	 1.432377 	 99166.773438 	 609.003967 
232 	 41.678688 	 283.323761 	 291.121796 	 0.438641 	 99289.203125 	 615.172607 
233 	 41.678688 	 283.323761 	 294.368561 	 2.522422 	 99061.398438 	 645.272095 
234 	 41.678688 	 283.323761 	 297.505188 	 5.174112 	 98457.578125 	 657.071838 
235 	 41.678688 	 283.323761 	 293.876678 	 3.461244 	 97900.203125 	 581.156006 
236 	 41.678688 	 283.323761 	 293.294281 	 3.317145 	 98225.953125 	 629.241699 
237 	 41.678688 	 283.323761 	 293.873993 	 1.781411 	 98349.523438 	 635.215942 
238 	 41.678688 	 283.323761 	 297.662537 	 2.408776 	 98327.382812 	 644.974731 
239 	 41.678688 	 283.323761 	 296.936005 	 3.956456 	 98181.226562 	 632.270630 
240 	 41.678688 	 283.323761 	 293.941895 	 1.867059 	 98961.898438 	 618.966675 
241 	 41.678688 	 283.323761 	 296.972626 	 1.714154 	 98817.390625 	 638.752380 
242 	 41.678688 	 283.323761 	 301.342163 	 3.027249 	 98022.359375 	 625.567383 
243 	 41.678688 	 283.323761 	 298.094971 	 0.944112 	 98332.796875 	 643.173706 
244 	 41.678688 	 283.323761 	 300.004242 	 2.009805 	 98511.562500 	 643.132202 
245 	 41.678688 	 283.323761 	 299.869232 	 1.713803 	 99160.273438 	 645.277832 
246 	 41.678688 	 283.323761 	 301.369049 	 2.279327 	 98895.656250 	 626.985779 
247 	 41.678688 	 283.323761 	 300.204102 	 1.487740 	 99028.718750 	 616.364380 
248 	 41.678688 	 283.323761 	 297.788055 	 1.106005 	 99158.406250 	 592.795654 
249 	 41.678688 	 283.323761 	 298.172607 	 1.367670 	 99113.296875 	 603.868835 
250 	 41.678688 	 283.323761 	 298.246033 	 0.859292 	 98999.062500 	 590.021240 
251 	 41.678688 	 283.323761 	 297.035980 	 0.768518 	 99175.343750 	 607.061890 
252 	 41.678688 	 283.323761 	 297.954651 	 0.866907 	 99356.109375 	 617.154907 
253 	 41.678688 	 283.323761 	 298.059601 	 1.924314 	 99354.468750 	 599.102173 
254 	 41.678688 	 283.323761 	 297.411285 	 2.883293 	 98992.171875 	 609.380127 
255 	 41.678688 	 283.323761 	 293.686829 	 2.487770 	 99167.992188 	 588.308472 
256 	 41.678688 	 283.323761 	 291.119141 	 1.830031 	 99542.726562 	 515.554138 
257 	 41.678688 	 283.323761 	 295.525146 	 2.925429 	 99036.507812 	 539.786499 
258 	 41.678688 	 283.323761 	 296.650513 	 2.672996 	 98501.351562 	 567.982483 
259 	 41.678688 	 283.323761 	 296.410950 	 1.700045 	 98599.929688 	 569.874390 
260 	 41.678688 	 283.323761 	 295.714417 	 3.364745 	 98584.320312 	 556.337097 
261 	 41.678688 	 283.323761 	 286.073364 	 2.368441 	 99678.343750 	 533.567017 
262 	 41.678688 	 283.323761 	 282.982452 	 1.460996 	 100100.203125 	 517.549866 
263 	 41.678688 	 283.323761 	 289.778717 	 4.339256 	 99723.250000 	 502.110840 
264 	 41.678688 	 283.323761 	 290.288086 	 3.679471 	 99212.320312 	 543.489258 
265 	 41.678688 	 283.323761 	 283.812134 	 1.573859 	 99332.023438 	 511.849915 
266 	 41.678688 	 283.323761 	 289.581940 	 2.641310 	 98267.976562 	 470.769379 
267 	 41.678688 	 283.323761 	 287.166595 	 3.542097 	 98386.343750 	 541.951477 
268 	 41.678688 	 283.323761 	 285.166931 	 0.849022 	 99398.796875 	 522.600342 
269 	 41.678688 	 283.323761 	 287.226685 	 0.976776 	 99594.578125 	 532.579102 
270 	 41.678688 	 283.323761 	 293.144012 	 2.284151 	 99133.062500 	 546.409973 
271 	 41.678688 	 283.323761 	 293.870697 	 1.780070 	 99083.312500 	 512.530212 
272 	 41.678688 	 283.323761 	 291.905426 	 1.204964 	 99797.578125 	 545.174438 
273 	 41.678688 	 283.323761 	 294.981689 	 2.785878 	 99363.906250 	 539.539429 
274 	 41.678688 	 283.323761 	 296.367126 	 2.102372 	 99184.468750 	 549.470093 
275 	 41.678688 	 283.323761 	 292.755310 	 1.622192 	 99367.859375 	 460.627625 
276 	 41.678688 	 283.323761 	 294.058441 	 1.595246 	 99269.460938 	 548.289917 
277 	 41.678688 	 283.323761 	 294.491974 	 2.159640 	 99186.617188 	 544.433838 
278 	 41.678688 	 283.323761 	 294.510437 	 2.287573 	 99032.632812 	 538.054932 
279 	 41.678688 	 283.323761 	 293.594391 	 2.708319 	 98854.343750 	 514.379517 
280 	 41.678688 	 283.323761 	 295.424500 	 2.576838 	 98498.960938 	 552.993164 
281 	 41.678688 	 283.323761 	 293.935272 	 3.945484 	 98299.593750 	 506.510437 
282 	 41.678688 	 283.323761 	 285.354523 	 1.902248 	 98483.367188 	 377.869843 
283 	 41.678688 	 283.323761 	 282.355682 	 3.396106 	 97946.820312 	 478.607605 
284 	 41.678688 	 283.323761 	 280.416199 	 2.741622 	 99154.843750 	 450.579041 
285 	 41.678688 	 283.323761 	 282.163513 	 3.161854 	 99446.617188 	 447.665833 
286 	 41.678688 	 283.323761 	 280.450195 	 1.533505 	 99746.031250 	 429.417603 
287 	 41.678688 	 283.323761 	 279.471313 	 2.835473 	 100199.000000 	 435.758484 
288 	 41.678688 	 283.323761 	 278.232941 	 3.352103 	 100634.101562 	 466.179962 
289 	 41.678688 	 283.323761 	 276.807831 	 1.117647 	 100487.296875 	 428.963318 
290 	 41.678688 	 283.323761 	 280.133362 	 1.742590 	 99896.023438 	 439.943115 
291 	 41.678688 	 283.323761 	 284.247070 	 2.099902 	 99635.421875 	 460.275482 
292 	 41.678688 	 283.323761 	 285.312927 	 2.652775 	 99553.429688 	 459.619995 
293 	 41.678688 	 283.323761 	 288.073364 	 2.471868 	 99370.812500 	 479.871643 
294 	 41.678688 	 283.323761 	 289.311462 	 3.472253 	 99127.906250 	 503.566895 
295 	 41.678688 	 283.323761 	 290.058807 	 3.596162 	 99044.226562 	 476.018188 
296 	 41.678688 	 283.323761 	 290.084869 	 3.571743 	 98798.031250 	 439.409729 
297 	 41.678688 	 283.323761 	 286.175873 	 4.701816 	 98168.109375 	 462.875793 
298 	 41.678688 	 283.323761 	 277.861816 	 3.352119 	 99721.953125 	 426.410309 
299 	 41.678688 	 283.323761 	 282.850616 	 5.882359 	 99472.937500 	 386.953949 
300 	 41.678688 	 283.323761 	 278.717651 	 4.129459 	 99203.796875 	 426.733795 
301 	 41.678688 	 283.323761 	 276.243439 	 3.229837 	 99518.171875 	 414.814026 
302 	 41.678688 	 283.323761 	 279.652802 	 3.283655 	 99005.343750 	 387.003235 
303 	 41.678688 	 283.323761 	 276.882111 	 3.108806 	 99173.898438 	 404.621857 
304 	 41.678688 	 283.323761 	 271.756470 	 4.773813 	 99400.453125 	 371.660675 
305 	 41.678688 	 283.323761 	 271.383423 	 2.810426 	 99990.359375 	 371.912415 
306 	 41.678688 	 283.323761 	 276.600800 	 3.708457 	 99034.570312 	 396.403381 
307 	 41.678688 	 283.323761 	 277.481964 	 3.554714 	 98473.468750 	 389.253998 
308 	 41.678688 	 283.323761 	 276.117432 	 2.802549 	 99285.101562 	 377.983398 
309 	 41.678688 	 283.323761 	 270.557495 	 0.690154 	 99923.171875 	 374.496460 
310 	 41.678688 	 283.323761 	 272.827942 	 1.491590 	 99451.976562 	 372.643768 
311 	 41.678688 	 283.323761 	 277.386444 	 1.867710 	 99082.578125 	 379.808960 
312 	 41.678688 	 283.323761 	 280.792023 	 1.914148 	 98810.718750 	 407.067078 
313 	 41.678688 	 283.323761 	 281.586823 	 1.725425 	 99026.062500 	 362.655823 
314 	 41.678688 	 283.323761 	 281.279327 	 1.531761 	 99184.820312 	 405.908447 
315 	 41.678688 	 283.323761 	 284.360291 	 2.832932 	 98894.226562 	 410.434845 
316 	 41.678688 	 283.323761 	 286.610046 	 4.118311 	 98093.929688 	 356.829773 
317 	 41.678688 	 283.323761 	 278.814209 	 2.277067 	 98731.859375 	 332.415527 
318 	 41.678688 	 283.323761 	 282.781921 	 4.750871 	 98847.671875 	 388.281860 
319 	 41.678688 	 283.323761 	 286.680054 	 4.855196 	 98271.953125 	 366.516083 
320 	 41.678688 	 283.323761 	 277.254486 	 1.964305 	 99334.921875 	 367.886292 
321 	 41.678688 	 283.323761 	 277.625153 	 2.119203 	 99796.218750 	 369.336639 
322 	 41.678688 	 283.323761 	 278.887268 	 1.862284 	 99940.796875 	 369.923401 
323 	 41.678688 	 283.323761 	 277.004120 	 2.647859 	 100410.703125 	 361.084534 
324 	 41.678688 	 283.323761 	 285.875031 	 6.125950 	 98985.203125 	 405.925995 
325 	 41.678688 	 283.323761 	 277.273987 	 4.651985 	 98333.273438 	 358.629303 
326 	 41.678688 	 283.323761 	 273.825592 	 2.537245 	 99648.757812 	 348.343750 
327 	 41.678688 	 283.323761 	 281.144775 	 4.544406 	 98952.406250 	 348.185516 
328 	 41.678688 	 283.323761 	 281.089935 	 3.337595 	 98987.843750 	 405.735779 
329 	 41.678688 	 283.323761 	 274.651276 	 2.178454 	 100092.796875 	 353.269653 
330 	 41.678688 	 283.323761 	 281.779053 	 4.941711 	 98830.093750 	 375.589813 
331 	 41.678688 	 283.323761 	 277.683289 	 6.514272 	 96966.562500 	 373.872925 
332 	 41.678688 	 283.323761 	 273.031464 	 3.633937 	 98369.023438 	 336.606049 
333 	 41.678688 	 283.323761 	 278.560852 	 4.410022 	 98010.250000 	 327.200500 
334 	 41.678688 	 283.323761 	 277.094421 	 1.596879 	 99308.000000 	 343.921570 
335 	 41.678688 	 283.323761 	 278.266022 	 3.626019 	 100106.898438 	 350.328217 
336 	 41.678688 	 283.323761 	 282.206879 	 2.725773 	 99510.953125 	 352.000793 
337 	 41.678688 	 283.323761 	 277.042023 	 2.195338 	 99286.593750 	 353.360168 
338 	 41.678688 	 283.323761 	 281.753204 	 1.762002 	 98995.031250 	 374.154175 
339 	 41.678688 	 283.323761 	 281.120209 	 1.423053 	 99288.367188 	 365.054993 
340 	 41.678688 	 283.323761 	 280.748016 	 1.195677 	 99375.257812 	 367.670715 
341 	 41.678688 	 283.323761 	 282.631042 	 1.964004 	 99289.187500 	 342.185638 
342 	 41.678688 	 283.323761 	 284.109650 	 1.225169 	 98474.843750 	 406.111298 
343 	 41.678688 	 283.323761 	 281.000702 	 3.862678 	 97164.109375 	 378.776093 
344 	 41.678688 	 283.323761 	 274.299866 	 4.303354 	 97455.359375 	 347.176849 
345 	 41.678688 	 283.323761 	 272.168152 	 2.953826 	 98635.296875 	 336.598145 
346 	 41.678688 	 283.323761 	 270.729553 	 3.086236 	 98862.890625 	 302.349823 
347 	 41.678688 	 283.323761 	 273.639984 	 2.559018 	 98799.773438 	 337.051971 
348 	 41.678688 	 283.323761 	 275.360626 	 2.897247 	 99030.453125 	 331.518066 
349 	 41.678688 	 283.323761 	 279.747589 	 3.312087 	 98665.710938 	 315.293030 
350 	 41.678688 	 283.323761 	 277.750732 	 1.191051 	 98917.531250 	 344.425415 
351 	 41.678688 	 283.323761 	 276.415833 	 1.585130 	 98923.898438 	 340.789124 
352 	 41.678688 	 283.323761 	 275.410004 	 4.223083 	 98560.203125 	 338.536285 
353 	 41.678688 	 283.323761 	 276.736023 	 4.222209 	 97152.210938 	 367.589233 
354 	 41.678688 	 283.323761 	 272.689056 	 3.028495 	 98801.578125 	 340.406647 
355 	 41.678688 	 283.323761 	 275.249817 	 4.957533 	 98800.851562 	 313.092682 
356 	 41.678688 	 283.323761 	 277.633087 	 1.913048 	 98434.273438 	 340.331665 
357 	 41.678688 	 283.323761 	 275.156067 	 3.617918 	 96944.273438 	 331.949890 
358 	 41.678688 	 283.323761 	 270.880951 	 5.063331 	 97715.000000 	 285.809753 
359 	 41.678688 	 283.323761 	 274.127838 	 3.034415 	 98541.890625 	 315.898865 
360 	 41.678688 	 283.323761 	 277.090363 	 3.008756 	 97711.929688 	 331.005493 
361 	 41.678688 	 283.323761 	 269.735687 	 5.486217 	 95727.140625 	 348.017090 
362 	 41.678688 	 283.323761 	 267.907654 	 4.265961 	 96861.382812 	 297.277435 
363 	 41.678688 	 283.323761 	 269.151672 	 4.907139 	 97295.046875 	 322.023590 
364 	 41.678688 	 283.323761 	 271.351013 	 2.553259 	 98070.148438 	 318.549500 
