# 0: Day of Year [-] 	 1: lat [deg] 	 2: lon [deg] 	 3: tas [K] 	 4: sfcWind [m s-1] 	 5: ps [Pa] 	 6: Total Downwelling Rad Flux [W m-2] 
0 	 41.678688 	 283.323761 	 279.269226 	 3.610185 	 99234.750000 	 359.167419 
1 	 41.678688 	 283.323761 	 273.286407 	 1.349841 	 100091.898438 	 330.336609 
2 	 41.678688 	 283.323761 	 274.595673 	 2.558794 	 100107.000000 	 311.977203 
3 	 41.678688 	 283.323761 	 283.536804 	 3.104828 	 98165.460938 	 406.339539 
4 	 41.678688 	 283.323761 	 281.719879 	 2.445554 	 97327.078125 	 358.588287 
5 	 41.678688 	 283.323761 	 271.882782 	 3.734702 	 97314.203125 	 345.171509 
6 	 41.678688 	 283.323761 	 267.280457 	 2.160766 	 99554.203125 	 307.117004 
7 	 41.678688 	 283.323761 	 269.758545 	 2.939765 	 99584.062500 	 301.261292 
8 	 41.678688 	 283.323761 	 265.842072 	 3.248685 	 99760.867188 	 312.910645 
9 	 41.678688 	 283.323761 	 272.863647 	 3.131638 	 98105.468750 	 365.329529 
10 	 41.678688 	 283.323761 	 267.505463 	 4.026772 	 98008.023438 	 328.642578 
11 	 41.678688 	 283.323761 	 263.695404 	 3.630324 	 98993.218750 	 297.250977 
12 	 41.678688 	 283.323761 	 264.148651 	 3.810862 	 99324.781250 	 300.375916 
13 	 41.678688 	 283.323761 	 265.550415 	 2.700336 	 99446.703125 	 262.882568 
14 	 41.678688 	 283.323761 	 268.555878 	 2.701802 	 99281.210938 	 334.450317 
15 	 41.678688 	 283.323761 	 275.364105 	 4.150598 	 98889.023438 	 341.411926 
16 	 41.678688 	 283.323761 	 283.016876 	 4.290734 	 98257.828125 	 386.895386 
17 	 41.678688 	 283.323761 	 288.171844 	 5.376382 	 97882.906250 	 386.226105 
18 	 41.678688 	 283.323761 	 280.781128 	 2.431715 	 98862.851562 	 385.139343 
19 	 41.678688 	 283.323761 	 274.243835 	 2.323484 	 99176.218750 	 365.927063 
20 	 41.678688 	 283.323761 	 269.306152 	 2.848056 	 99480.609375 	 320.055023 
21 	 41.678688 	 283.323761 	 265.639832 	 3.574424 	 100238.796875 	 320.797760 
22 	 41.678688 	 283.323761 	 267.411194 	 1.127587 	 100784.296875 	 339.089752 
23 	 41.678688 	 283.323761 	 267.266022 	 0.967946 	 100410.601562 	 309.542816 
24 	 41.678688 	 283.323761 	 270.064484 	 0.496470 	 99765.382812 	 359.163940 
25 	 41.678688 	 283.323761 	 270.104401 	 1.372569 	 99726.242188 	 341.615540 
26 	 41.678688 	 283.323761 	 273.519196 	 3.206566 	 99631.429688 	 361.755737 
27 	 41.678688 	 283.323761 	 268.200806 	 3.502331 	 100434.500000 	 330.276093 
28 	 41.678688 	 283.323761 	 269.849091 	 2.244600 	 100244.500000 	 323.021667 
29 	 41.678688 	 283.323761 	 276.647583 	 2.312774 	 99491.093750 	 373.404236 
30 	 41.678688 	 283.323761 	 279.658630 	 2.214499 	 99345.156250 	 384.611237 
31 	 41.678688 	 283.323761 	 278.188141 	 1.722973 	 99413.203125 	 381.700378 
32 	 41.678688 	 283.323761 	 278.919495 	 1.659630 	 99660.453125 	 382.087921 
33 	 41.678688 	 283.323761 	 275.502899 	 0.517439 	 99779.296875 	 383.111694 
34 	 41.678688 	 283.323761 	 281.349213 	 3.247396 	 99477.710938 	 367.598358 
35 	 41.678688 	 283.323761 	 280.784241 	 5.516634 	 97900.617188 	 360.629242 
36 	 41.678688 	 283.323761 	 264.209595 	 5.472192 	 98327.882812 	 356.035004 
37 	 41.678688 	 283.323761 	 270.823303 	 3.308276 	 98644.687500 	 362.838257 
38 	 41.678688 	 283.323761 	 274.025726 	 2.026921 	 99402.468750 	 370.006592 
39 	 41.678688 	 283.323761 	 273.219849 	 0.690111 	 100007.101562 	 387.258026 
40 	 41.678688 	 283.323761 	 272.533844 	 0.854966 	 99839.570312 	 340.111115 
41 	 41.678688 	 283.323761 	 272.287445 	 1.579301 	 99070.867188 	 388.527588 
42 	 41.678688 	 283.323761 	 272.986267 	 1.732094 	 98478.382812 	 393.413147 
43 	 41.678688 	 283.323761 	 274.737427 	 2.090121 	 98143.203125 	 372.289825 
44 	 41.678688 	 283.323761 	 273.343506 	 1.377467 	 98367.710938 	 392.211975 
45 	 41.678688 	 283.323761 	 275.954376 	 2.670976 	 97076.039062 	 362.695557 
46 	 41.678688 	 283.323761 	 271.044708 	 3.867261 	 96918.960938 	 415.344727 
47 	 41.678688 	 283.323761 	 263.157776 	 3.402562 	 98108.859375 	 315.437042 
48 	 41.678688 	 283.323761 	 272.281555 	 3.912403 	 97479.851562 	 389.408264 
49 	 41.678688 	 283.323761 	 264.071350 	 3.108683 	 99300.562500 	 366.178040 
50 	 41.678688 	 283.323761 	 268.381897 	 3.355437 	 100332.000000 	 386.173584 
51 	 41.678688 	 283.323761 	 278.481750 	 4.182671 	 99555.453125 	 378.701294 
52 	 41.678688 	 283.323761 	 281.441589 	 1.255795 	 99030.359375 	 422.180054 
53 	 41.678688 	 283.323761 	 282.267395 	 1.707783 	 99195.617188 	 453.274658 
54 	 41.678688 	 283.323761 	 284.511719 	 3.591310 	 98264.992188 	 396.206665 
55 	 41.678688 	 283.323761 	 281.609650 	 2.859084 	 97030.023438 	 432.804993 
56 	 41.678688 	 283.323761 	 274.310913 	 2.282728 	 98445.078125 	 439.994354 
57 	 41.678688 	 283.323761 	 276.980438 	 4.863112 	 98377.718750 	 353.487091 
58 	 41.678688 	 283.323761 	 278.072327 	 4.819026 	 97665.882812 	 417.912598 
59 	 41.678688 	 283.323761 	 270.991516 	 2.668307 	 99278.648438 	 412.185425 
60 	 41.678688 	 283.323761 	 275.305267 	 2.889071 	 99087.593750 	 405.277771 
61 	 41.678688 	 283.323761 	 269.298645 	 3.827883 	 99126.703125 	 340.708008 
62 	 41.678688 	 283.323761 	 264.091217 	 4.225396 	 99498.718750 	 400.686646 
63 	 41.678688 	 283.323761 	 266.704987 	 2.358094 	 100566.898438 	 398.507629 
64 	 41.678688 	 283.323761 	 271.722046 	 2.866941 	 100600.296875 	 415.972351 
65 	 41.678688 	 283.323761 	 275.139160 	 3.716331 	 99306.281250 	 377.431183 
66 	 41.678688 	 283.323761 	 275.466492 	 2.708006 	 98758.851562 	 413.450256 
67 	 41.678688 	 283.323761 	 273.480072 	 2.272495 	 99148.242188 	 387.932983 
68 	 41.678688 	 283.323761 	 279.741882 	 1.908572 	 98451.710938 	 417.656006 
69 	 41.678688 	 283.323761 	 276.900238 	 1.250018 	 97811.976562 	 411.405334 
70 	 41.678688 	 283.323761 	 274.590057 	 2.100013 	 97599.976562 	 435.718811 
71 	 41.678688 	 283.323761 	 272.576874 	 2.309197 	 97903.890625 	 448.771881 
72 	 41.678688 	 283.323761 	 272.671539 	 1.250077 	 97680.921875 	 398.031006 
73 	 41.678688 	 283.323761 	 271.390533 	 3.255324 	 96919.773438 	 484.757599 
74 	 41.678688 	 283.323761 	 273.013885 	 5.647017 	 96918.117188 	 433.231689 
75 	 41.678688 	 283.323761 	 270.748230 	 4.835631 	 97728.382812 	 440.766052 
76 	 41.678688 	 283.323761 	 271.241486 	 3.874326 	 98369.351562 	 480.624695 
77 	 41.678688 	 283.323761 	 265.485962 	 2.928062 	 99361.476562 	 407.536194 
78 	 41.678688 	 283.323761 	 263.620300 	 4.548926 	 98924.851562 	 447.818726 
79 	 41.678688 	 283.323761 	 265.323517 	 4.452697 	 98694.343750 	 436.488373 
80 	 41.678688 	 283.323761 	 269.722473 	 1.255902 	 99192.476562 	 460.391968 
81 	 41.678688 	 283.323761 	 271.370117 	 1.344984 	 99405.789062 	 447.299194 
82 	 41.678688 	 283.323761 	 275.109131 	 2.156872 	 98151.156250 	 483.724518 
83 	 41.678688 	 283.323761 	 282.267548 	 3.149592 	 97447.281250 	 515.312439 
84 	 41.678688 	 283.323761 	 283.847137 	 2.184110 	 98037.406250 	 475.692383 
85 	 41.678688 	 283.323761 	 286.294708 	 2.197689 	 98428.218750 	 530.316772 
86 	 41.678688 	 283.323761 	 285.182434 	 1.531167 	 98636.453125 	 437.658752 
87 	 41.678688 	 283.323761 	 287.126068 	 4.621759 	 97580.023438 	 458.575165 
88 	 41.678688 	 283.323761 	 286.240631 	 1.855433 	 96761.726562 	 440.445953 
89 	 41.678688 	 283.323761 	 278.616547 	 3.590341 	 97035.406250 	 440.020020 
90 	 41.678688 	 283.323761 	 277.457977 	 2.279027 	 98532.507812 	 503.737000 
91 	 41.678688 	 283.323761 	 280.059052 	 4.774413 	 98121.742188 	 391.497986 
92 	 41.678688 	 283.323761 	 280.300568 	 2.459737 	 98246.679688 	 570.212280 
93 	 41.678688 	 283.323761 	 284.527649 	 5.247538 	 98642.789062 	 488.518738 
94 	 41.678688 	 283.323761 	 288.980072 	 4.197650 	 96941.726562 	 472.797424 
95 	 41.678688 	 283.323761 	 279.893768 	 4.525456 	 97065.453125 	 509.536438 
96 	 41.678688 	 283.323761 	 275.341675 	 3.983332 	 97848.781250 	 505.554230 
97 	 41.678688 	 283.323761 	 273.512299 	 2.932336 	 98534.171875 	 497.009552 
98 	 41.678688 	 283.323761 	 272.508301 	 3.127662 	 99068.453125 	 512.559692 
99 	 41.678688 	 283.323761 	 274.490265 	 1.323321 	 99452.906250 	 501.350830 
100 	 41.678688 	 283.323761 	 278.799072 	 1.311130 	 99285.757812 	 551.259888 
101 	 41.678688 	 283.323761 	 280.184753 	 1.842059 	 99198.156250 	 513.421021 
102 	 41.678688 	 283.323761 	 281.405640 	 2.744656 	 99554.390625 	 410.118713 
103 	 41.678688 	 283.323761 	 280.765228 	 3.614248 	 99770.132812 	 491.348022 
104 	 41.678688 	 283.323761 	 280.129333 	 3.755280 	 100224.500000 	 403.475311 
105 	 41.678688 	 283.323761 	 284.351257 	 3.486586 	 98973.531250 	 398.763092 
106 	 41.678688 	 283.323761 	 289.956940 	 3.135301 	 98282.187500 	 499.302795 
107 	 41.678688 	 283.323761 	 288.456329 	 1.669228 	 98699.882812 	 599.652954 
108 	 41.678688 	 283.323761 	 288.406006 	 2.300219 	 98614.273438 	 601.846069 
109 	 41.678688 	 283.323761 	 286.793823 	 3.066174 	 99377.726562 	 502.990601 
110 	 41.678688 	 283.323761 	 290.982483 	 3.111925 	 98531.117188 	 522.067505 
111 	 41.678688 	 283.323761 	 291.561981 	 2.388744 	 98043.296875 	 529.171753 
112 	 41.678688 	 283.323761 	 284.183990 	 3.848911 	 98532.242188 	 406.886078 
113 	 41.678688 	 283.323761 	 281.347076 	 3.458005 	 99288.187500 	 491.755798 
114 	 41.678688 	 283.323761 	 283.337189 	 2.097291 	 99230.289062 	 452.156616 
115 	 41.678688 	 283.323761 	 285.217377 	 1.882401 	 98824.242188 	 608.774658 
116 	 41.678688 	 283.323761 	 286.763031 	 1.439118 	 98427.851562 	 592.597900 
117 	 41.678688 	 283.323761 	 294.819916 	 4.496835 	 97534.953125 	 585.339539 
118 	 41.678688 	 283.323761 	 282.971863 	 5.389257 	 97805.656250 	 507.195618 
119 	 41.678688 	 283.323761 	 277.597656 	 2.167090 	 99400.789062 	 514.813232 
120 	 41.678688 	 283.323761 	 284.918243 	 3.394622 	 98936.148438 	 522.429077 
121 	 41.678688 	 283.323761 	 283.932892 	 3.522534 	 99023.203125 	 549.940674 
122 	 41.678688 	 283.323761 	 283.938110 	 2.703842 	 99552.851562 	 530.099609 
123 	 41.678688 	 283.323761 	 288.796967 	 3.263806 	 99145.453125 	 638.213196 
124 	 41.678688 	 283.323761 	 296.128723 	 4.601664 	 98012.273438 	 638.045166 
125 	 41.678688 	 283.323761 	 285.049530 	 4.086310 	 98479.726562 	 636.780762 
126 	 41.678688 	 283.323761 	 279.547058 	 3.559294 	 99029.976562 	 563.207703 
127 	 41.678688 	 283.323761 	 280.787781 	 2.542412 	 98893.453125 	 593.956726 
128 	 41.678688 	 283.323761 	 287.392731 	 2.548428 	 98700.007812 	 547.088745 
129 	 41.678688 	 283.323761 	 297.854675 	 4.643001 	 98123.671875 	 672.032227 
130 	 41.678688 	 283.323761 	 298.948853 	 4.440032 	 98122.796875 	 665.092590 
131 	 41.678688 	 283.323761 	 293.470795 	 2.534667 	 98453.093750 	 638.474976 
132 	 41.678688 	 283.323761 	 292.280426 	 1.957427 	 98916.156250 	 626.908936 
133 	 41.678688 	 283.323761 	 290.997131 	 2.139473 	 99326.687500 	 471.024475 
134 	 41.678688 	 283.323761 	 292.603943 	 2.137641 	 99005.953125 	 649.938477 
135 	 41.678688 	 283.323761 	 295.654694 	 2.297406 	 98050.492188 	 670.468750 
136 	 41.678688 	 283.323761 	 294.380188 	 2.488699 	 97181.507812 	 666.495056 
137 	 41.678688 	 283.323761 	 288.451691 	 3.837685 	 97872.921875 	 422.183594 
138 	 41.678688 	 283.323761 	 285.237518 	 3.079951 	 99325.156250 	 636.818359 
139 	 41.678688 	 283.323761 	 287.750336 	 5.266242 	 98967.273438 	 460.681976 
140 	 41.678688 	 283.323761 	 293.016876 	 5.499301 	 97268.742188 	 590.071960 
141 	 41.678688 	 283.323761 	 283.744476 	 5.247266 	 97737.171875 	 622.993103 
142 	 41.678688 	 283.323761 	 283.391266 	 4.133690 	 98542.343750 	 624.525635 
143 	 41.678688 	 283.323761 	 285.720184 	 2.691057 	 98929.273438 	 552.667114 
144 	 41.678688 	 283.323761 	 293.874695 	 5.982051 	 98111.140625 	 648.283203 
145 	 41.678688 	 283.323761 	 293.971283 	 2.606697 	 98425.539062 	 657.733032 
146 	 41.678688 	 283.323761 	 293.413910 	 3.641863 	 99298.882812 	 479.191315 
147 	 41.678688 	 283.323761 	 292.501068 	 4.785882 	 99661.273438 	 667.681396 
148 	 41.678688 	 283.323761 	 295.358337 	 4.942744 	 99407.593750 	 697.191772 
149 	 41.678688 	 283.323761 	 299.003662 	 3.811217 	 98864.421875 	 723.625122 
150 	 41.678688 	 283.323761 	 298.480804 	 3.167920 	 98635.093750 	 699.192383 
151 	 41.678688 	 283.323761 	 294.822510 	 3.372942 	 98719.226562 	 725.287170 
152 	 41.678688 	 283.323761 	 294.413879 	 1.435785 	 98511.476562 	 688.207153 
153 	 41.678688 	 283.323761 	 300.121735 	 3.050616 	 97885.546875 	 716.340637 
154 	 41.678688 	 283.323761 	 300.516449 	 3.794920 	 97436.703125 	 719.565674 
155 	 41.678688 	 283.323761 	 298.938873 	 3.928223 	 97450.101562 	 694.182251 
156 	 41.678688 	 283.323761 	 295.530762 	 1.613092 	 97956.218750 	 656.930969 
157 	 41.678688 	 283.323761 	 295.273346 	 1.266402 	 98424.429688 	 613.650635 
158 	 41.678688 	 283.323761 	 297.489044 	 4.313171 	 97938.562500 	 559.309814 
159 	 41.678688 	 283.323761 	 294.899323 	 1.302387 	 98545.359375 	 705.435425 
160 	 41.678688 	 283.323761 	 296.593903 	 1.546713 	 98696.359375 	 642.572266 
161 	 41.678688 	 283.323761 	 299.201172 	 2.634732 	 98319.523438 	 666.413452 
162 	 41.678688 	 283.323761 	 297.930481 	 2.771210 	 98696.796875 	 633.148621 
163 	 41.678688 	 283.323761 	 298.144318 	 3.028917 	 98330.148438 	 672.787598 
164 	 41.678688 	 283.323761 	 296.695404 	 3.339077 	 98078.843750 	 629.076843 
165 	 41.678688 	 283.323761 	 293.120636 	 3.265544 	 98782.703125 	 688.943237 
166 	 41.678688 	 283.323761 	 292.832672 	 1.601496 	 99385.296875 	 667.856445 
167 	 41.678688 	 283.323761 	 296.622406 	 3.128047 	 99152.796875 	 697.854370 
168 	 41.678688 	 283.323761 	 298.792450 	 2.560478 	 98738.968750 	 712.860107 
169 	 41.678688 	 283.323761 	 299.498627 	 4.216817 	 97922.851562 	 672.651245 
170 	 41.678688 	 283.323761 	 290.999451 	 4.480453 	 98610.742188 	 659.594116 
171 	 41.678688 	 283.323761 	 291.290985 	 2.968420 	 99113.976562 	 679.007751 
172 	 41.678688 	 283.323761 	 297.982819 	 4.365380 	 98683.039062 	 688.481018 
173 	 41.678688 	 283.323761 	 301.197113 	 3.862753 	 98448.453125 	 714.898682 
174 	 41.678688 	 283.323761 	 300.032349 	 2.692434 	 98462.382812 	 672.613342 
175 	 41.678688 	 283.323761 	 298.127136 	 1.962929 	 98751.156250 	 648.523865 
176 	 41.678688 	 283.323761 	 299.849396 	 3.564551 	 98502.773438 	 701.889771 
177 	 41.678688 	 283.323761 	 294.996033 	 1.929872 	 99004.593750 	 711.183838 
178 	 41.678688 	 283.323761 	 296.165253 	 1.691274 	 99106.492188 	 711.205322 
179 	 41.678688 	 283.323761 	 300.492859 	 3.046196 	 98725.039062 	 722.328247 
180 	 41.678688 	 283.323761 	 299.759338 	 2.079977 	 98786.421875 	 699.430542 
181 	 41.678688 	 283.323761 	 299.411957 	 2.240676 	 98767.726562 	 645.324646 
182 	 41.678688 	 283.323761 	 300.748962 	 2.057940 	 98694.781250 	 746.530640 
183 	 41.678688 	 283.323761 	 300.397827 	 1.412600 	 98541.453125 	 688.320190 
184 	 41.678688 	 283.323761 	 299.680389 	 1.914892 	 98287.523438 	 698.598145 
185 	 41.678688 	 283.323761 	 299.870483 	 1.516703 	 98535.703125 	 642.637817 
186 	 41.678688 	 283.323761 	 298.829590 	 2.759057 	 98922.070312 	 579.859131 
187 	 41.678688 	 283.323761 	 298.050171 	 3.909233 	 98551.320312 	 552.802612 
188 	 41.678688 	 283.323761 	 295.861450 	 1.995447 	 98277.500000 	 637.038330 
189 	 41.678688 	 283.323761 	 294.433167 	 2.090133 	 98604.953125 	 658.746216 
190 	 41.678688 	 283.323761 	 295.235413 	 1.239583 	 99046.562500 	 709.696411 
191 	 41.678688 	 283.323761 	 297.277679 	 1.160857 	 99229.890625 	 715.274658 
192 	 41.678688 	 283.323761 	 299.829315 	 1.989784 	 98929.820312 	 731.970703 
193 	 41.678688 	 283.323761 	 299.533722 	 2.653494 	 98564.953125 	 699.835876 
194 	 41.678688 	 283.323761 	 299.552551 	 3.365230 	 98303.023438 	 720.544006 
195 	 41.678688 	 283.323761 	 298.158356 	 3.501390 	 98101.242188 	 621.101807 
196 	 41.678688 	 283.323761 	 292.709503 	 4.084606 	 98550.679688 	 509.721069 
197 	 41.678688 	 283.323761 	 294.175446 	 4.121068 	 98244.937500 	 642.417053 
198 	 41.678688 	 283.323761 	 296.072083 	 2.320468 	 98433.023438 	 698.316040 
199 	 41.678688 	 283.323761 	 298.099457 	 1.629331 	 98302.656250 	 714.810547 
200 	 41.678688 	 283.323761 	 295.206512 	 1.962842 	 98423.250000 	 489.644958 
201 	 41.678688 	 283.323761 	 294.530884 	 2.117494 	 98976.351562 	 680.043335 
202 	 41.678688 	 283.323761 	 296.032501 	 1.566781 	 98887.601562 	 692.734253 
203 	 41.678688 	 283.323761 	 297.282410 	 1.819074 	 98616.437500 	 664.008240 
204 	 41.678688 	 283.323761 	 300.086426 	 3.491458 	 98107.648438 	 713.276245 
205 	 41.678688 	 283.323761 	 297.109772 	 2.382985 	 98198.640625 	 602.261963 
206 	 41.678688 	 283.323761 	 296.448181 	 2.262428 	 98739.343750 	 663.307739 
207 	 41.678688 	 283.323761 	 303.968933 	 4.094663 	 98126.078125 	 719.633301 
208 	 41.678688 	 283.323761 	 299.150665 	 2.684134 	 98147.703125 	 643.668579 
209 	 41.678688 	 283.323761 	 296.877350 	 2.293987 	 98279.828125 	 686.605713 
210 	 41.678688 	 283.323761 	 292.708923 	 1.911616 	 98540.023438 	 537.541260 
211 	 41.678688 	 283.323761 	 292.987457 	 0.854418 	 98799.210938 	 674.769104 
212 	 41.678688 	 283.323761 	 292.876312 	 1.014269 	 98783.570312 	 550.201599 
213 	 41.678688 	 283.323761 	 293.797821 	 0.933042 	 98829.140625 	 677.254028 
214 	 41.678688 	 283.323761 	 294.905426 	 2.092409 	 98787.179688 	 632.048584 
215 	 41.678688 	 283.323761 	 296.776428 	 2.319254 	 98528.382812 	 576.262573 
216 	 41.678688 	 283.323761 	 296.340179 	 2.551926 	 98257.328125 	 691.407959 
217 	 41.678688 	 283.323761 	 295.768921 	 2.367928 	 98462.007812 	 680.722168 
218 	 41.678688 	 283.323761 	 301.446564 	 4.383877 	 97946.460938 	 717.704407 
219 	 41.678688 	 283.323761 	 297.794678 	 2.280000 	 98277.843750 	 678.448547 
220 	 41.678688 	 283.323761 	 295.966156 	 1.122583 	 98646.843750 	 668.696533 
221 	 41.678688 	 283.323761 	 297.975128 	 1.706653 	 98880.406250 	 643.303711 
222 	 41.678688 	 283.323761 	 298.126923 	 2.771584 	 98838.296875 	 677.761353 
223 	 41.678688 	 283.323761 	 297.118530 	 1.158892 	 98761.398438 	 662.146545 
224 	 41.678688 	 283.323761 	 297.733917 	 1.149375 	 98782.140625 	 619.411743 
225 	 41.678688 	 283.323761 	 297.116241 	 1.164075 	 98574.906250 	 658.504272 
226 	 41.678688 	 283.323761 	 299.310577 	 2.082576 	 98275.929688 	 683.704956 
227 	 41.678688 	 283.323761 	 294.390930 	 3.966711 	 98643.382812 	 662.401855 
228 	 41.678688 	 283.323761 	 291.017029 	 1.126332 	 99174.250000 	 621.094482 
229 	 41.678688 	 283.323761 	 294.510651 	 3.602628 	 98617.398438 	 534.191162 
230 	 41.678688 	 283.323761 	 295.841431 	 3.841645 	 98182.007812 	 644.693604 
231 	 41.678688 	 283.323761 	 293.904419 	 1.536413 	 98954.343750 	 639.225464 
232 	 41.678688 	 283.323761 	 297.780426 	 1.961346 	 98888.742188 	 647.549438 
233 	 41.678688 	 283.323761 	 301.170013 	 2.243572 	 98631.046875 	 677.367798 
234 	 41.678688 	 283.323761 	 305.594086 	 3.017092 	 98126.406250 	 688.781189 
235 	 41.678688 	 283.323761 	 303.867310 	 3.710101 	 98138.210938 	 682.838379 
236 	 41.678688 	 283.323761 	 295.398590 	 2.776565 	 99039.898438 	 645.501221 
237 	 41.678688 	 283.323761 	 296.118164 	 2.377849 	 99034.296875 	 635.759033 
238 	 41.678688 	 283.323761 	 299.167358 	 1.652679 	 98920.929688 	 658.104736 
239 	 41.678688 	 283.323761 	 299.725006 	 4.228414 	 98111.781250 	 540.188477 
240 	 41.678688 	 283.323761 	 293.022461 	 4.281456 	 98800.031250 	 617.863037 
241 	 41.678688 	 283.323761 	 290.618042 	 1.176941 	 99177.617188 	 601.258423 
242 	 41.678688 	 283.323761 	 297.005005 	 2.204279 	 98458.296875 	 612.927246 
243 	 41.678688 	 283.323761 	 297.695770 	 1.109194 	 98354.062500 	 638.671997 
244 	 41.678688 	 283.323761 	 298.571198 	 3.129756 	 98255.820312 	 599.791687 
245 	 41.678688 	 283.323761 	 298.476868 	 3.170961 	 98000.101562 	 645.976074 
246 	 41.678688 	 283.323761 	 294.581116 	 2.416178 	 98168.429688 	 598.889709 
247 	 41.678688 	 283.323761 	 296.148315 	 1.909946 	 98391.250000 	 614.970581 
248 	 41.678688 	 283.323761 	 298.308655 	 3.337641 	 98702.578125 	 636.886169 
249 	 41.678688 	 283.323761 	 297.833496 	 3.715914 	 98801.812500 	 596.262207 
250 	 41.678688 	 283.323761 	 296.408936 	 3.131218 	 99134.039062 	 622.686523 
251 	 41.678688 	 283.323761 	 293.662994 	 2.986298 	 99487.796875 	 515.976318 
252 	 41.678688 	 283.323761 	 300.823669 	 3.905246 	 98705.976562 	 567.763306 
253 	 41.678688 	 283.323761 	 302.249146 	 1.411093 	 98740.031250 	 623.576294 
254 	 41.678688 	 283.323761 	 300.285004 	 0.919046 	 98876.656250 	 579.849609 
255 	 41.678688 	 283.323761 	 301.527557 	 2.349012 	 99372.312500 	 566.655518 
256 	 41.678688 	 283.323761 	 302.282288 	 2.728308 	 99155.507812 	 631.191589 
257 	 41.678688 	 283.323761 	 302.232025 	 1.983429 	 98844.703125 	 592.107544 
258 	 41.678688 	 283.323761 	 301.390442 	 2.422898 	 98754.093750 	 526.366821 
259 	 41.678688 	 283.323761 	 301.996857 	 2.162457 	 98459.523438 	 624.731262 
260 	 41.678688 	 283.323761 	 300.191101 	 0.891054 	 98616.179688 	 610.682129 
261 	 41.678688 	 283.323761 	 299.896790 	 1.565825 	 98858.718750 	 606.156006 
262 	 41.678688 	 283.323761 	 299.108032 	 3.633692 	 99085.296875 	 611.291443 
263 	 41.678688 	 283.323761 	 296.889496 	 3.656199 	 98762.023438 	 565.737488 
264 	 41.678688 	 283.323761 	 297.062317 	 3.520146 	 98283.453125 	 529.451416 
265 	 41.678688 	 283.323761 	 290.715576 	 2.013823 	 98437.476562 	 543.136719 
266 	 41.678688 	 283.323761 	 285.923340 	 2.595679 	 98966.570312 	 465.552795 
267 	 41.678688 	 283.323761 	 285.723236 	 1.751830 	 99548.843750 	 523.721985 
268 	 41.678688 	 283.323761 	 289.654999 	 3.749277 	 99147.953125 	 535.820618 
269 	 41.678688 	 283.323761 	 293.750183 	 4.442065 	 98392.562500 	 536.047852 
270 	 41.678688 	 283.323761 	 293.752563 	 1.979511 	 98718.250000 	 556.588867 
271 	 41.678688 	 283.323761 	 291.858063 	 2.964648 	 99381.203125 	 405.959137 
272 	 41.678688 	 283.323761 	 296.162811 	 3.346916 	 99467.453125 	 574.717773 
273 	 41.678688 	 283.323761 	 296.782593 	 2.101254 	 99217.179688 	 559.602844 
274 	 41.678688 	 283.323761 	 296.351471 	 1.723623 	 98841.421875 	 574.308044 
275 	 41.678688 	 283.323761 	 297.399902 	 2.836250 	 98811.898438 	 582.017456 
276 	 41.678688 	 283.323761 	 294.712097 	 3.566209 	 98290.929688 	 436.761536 
277 	 41.678688 	 283.323761 	 285.989990 	 3.784950 	 99246.953125 	 527.731201 
278 	 41.678688 	 283.323761 	 286.039368 	 2.097577 	 99565.968750 	 490.170532 
279 	 41.678688 	 283.323761 	 289.987671 	 1.879821 	 99427.671875 	 496.313721 
280 	 41.678688 	 283.323761 	 291.888397 	 2.891467 	 99279.343750 	 511.884674 
281 	 41.678688 	 283.323761 	 293.757080 	 3.493287 	 98709.968750 	 466.877472 
282 	 41.678688 	 283.323761 	 290.051056 	 3.471030 	 98030.546875 	 523.953125 
283 	 41.678688 	 283.323761 	 282.886841 	 3.848224 	 98509.859375 	 445.665405 
284 	 41.678688 	 283.323761 	 282.892700 	 2.839962 	 99068.687500 	 465.178284 
285 	 41.678688 	 283.323761 	 292.754730 	 3.594829 	 98801.000000 	 513.033875 
286 	 41.678688 	 283.323761 	 288.858887 	 2.903802 	 99437.226562 	 487.340149 
287 	 41.678688 	 283.323761 	 287.371216 	 1.080501 	 99935.210938 	 469.417511 
288 	 41.678688 	 283.323761 	 286.909607 	 1.557013 	 100064.500000 	 454.796051 
289 	 41.678688 	 283.323761 	 289.061615 	 1.422437 	 99902.210938 	 474.716064 
290 	 41.678688 	 283.323761 	 288.890930 	 1.681376 	 99715.640625 	 422.573547 
291 	 41.678688 	 283.323761 	 291.609344 	 2.177523 	 99795.679688 	 502.739380 
292 	 41.678688 	 283.323761 	 289.925995 	 1.998902 	 99718.617188 	 420.981293 
293 	 41.678688 	 283.323761 	 289.184723 	 1.479774 	 99234.023438 	 491.084656 
294 	 41.678688 	 283.323761 	 289.667847 	 2.385808 	 98642.281250 	 506.167328 
295 	 41.678688 	 283.323761 	 288.575256 	 2.630698 	 98868.320312 	 482.830872 
296 	 41.678688 	 283.323761 	 285.219208 	 0.819267 	 99222.460938 	 457.910706 
297 	 41.678688 	 283.323761 	 285.432526 	 1.534049 	 99249.523438 	 448.530334 
298 	 41.678688 	 283.323761 	 289.021088 	 3.940758 	 98618.656250 	 412.579132 
299 	 41.678688 	 283.323761 	 284.848175 	 4.177333 	 97792.812500 	 477.203430 
300 	 41.678688 	 283.323761 	 276.904755 	 3.657280 	 98632.171875 	 408.137695 
301 	 41.678688 	 283.323761 	 276.817017 	 2.811015 	 99898.453125 	 401.166809 
302 	 41.678688 	 283.323761 	 281.108612 	 4.273553 	 99519.710938 	 392.534821 
303 	 41.678688 	 283.323761 	 283.846954 	 3.934726 	 98721.578125 	 422.655640 
304 	 41.678688 	 283.323761 	 276.091125 	 1.490638 	 99608.296875 	 391.765137 
305 	 41.678688 	 283.323761 	 279.555267 	 3.416813 	 99452.640625 	 410.883820 
306 	 41.678688 	 283.323761 	 285.896545 	 2.414032 	 98881.851562 	 450.753540 
307 	 41.678688 	 283.323761 	 287.063416 	 2.531772 	 98882.742188 	 456.775940 
308 	 41.678688 	 283.323761 	 285.023560 	 3.563034 	 98589.882812 	 389.448090 
309 	 41.678688 	 283.323761 	 278.063507 	 1.095380 	 99494.882812 	 392.348572 
310 	 41.678688 	 283.323761 	 277.624329 	 1.002567 	 99740.976562 	 387.809753 
311 	 41.678688 	 283.323761 	 279.167786 	 1.157967 	 99637.289062 	 354.438904 
312 	 41.678688 	 283.323761 	 284.256348 	 1.785547 	 99039.218750 	 410.110535 
313 	 41.678688 	 283.323761 	 287.091980 	 1.984502 	 98789.656250 	 431.158997 
314 	 41.678688 	 283.323761 	 284.029297 	 3.303113 	 98385.640625 	 373.416534 
315 	 41.678688 	 283.323761 	 274.401978 	 4.374080 	 97824.976562 	 351.238953 
316 	 41.678688 	 283.323761 	 271.597321 	 4.590024 	 98671.578125 	 386.589600 
317 	 41.678688 	 283.323761 	 276.284485 	 2.397315 	 99389.382812 	 380.825684 
318 	 41.678688 	 283.323761 	 276.931824 	 2.308617 	 99658.773438 	 368.568298 
319 	 41.678688 	 283.323761 	 276.858368 	 1.515080 	 100343.500000 	 396.320984 
320 	 41.678688 	 283.323761 	 277.662079 	 2.708190 	 100026.796875 	 369.501984 
321 	 41.678688 	 283.323761 	 281.029541 	 2.228476 	 99464.132812 	 385.486908 
322 	 41.678688 	 283.323761 	 280.686493 	 2.306480 	 99337.867188 	 379.610962 
323 	 41.678688 	 283.323761 	 279.863953 	 2.323308 	 98703.476562 	 352.420349 
324 	 41.678688 	 283.323761 	 274.934814 	 1.882034 	 98957.320312 	 364.439270 
325 	 41.678688 	 283.323761 	 275.961304 	 1.646085 	 99185.140625 	 367.913696 
326 	 41.678688 	 283.323761 	 276.987640 	 2.635388 	 98822.109375 	 356.272095 
327 	 41.678688 	 283.323761 	 276.882874 	 2.575863 	 97663.421875 	 349.165375 
328 	 41.678688 	 283.323761 	 273.911987 	 4.834270 	 96213.226562 	 387.438110 
329 	 41.678688 	 283.323761 	 272.914062 	 3.971395 	 98319.140625 	 336.882935 
330 	 41.678688 	 283.323761 	 272.569000 	 2.116812 	 99947.140625 	 341.563477 
331 	 41.678688 	 283.323761 	 276.702362 	 3.974453 	 100493.398438 	 376.510284 
332 	 41.678688 	 283.323761 	 282.014038 	 4.560107 	 99849.476562 	 371.952515 
333 	 41.678688 	 283.323761 	 284.636932 	 2.770526 	 98811.781250 	 399.062042 
334 	 41.678688 	 283.323761 	 277.619171 	 2.836473 	 98783.031250 	 369.489807 
335 	 41.678688 	 283.323761 	 272.042847 	 2.267135 	 99795.039062 	 359.469116 
336 	 41.678688 	 283.323761 	 274.984863 	 1.156880 	 99842.703125 	 352.282990 
337 	 41.678688 	 283.323761 	 275.561310 	 1.705235 	 100588.296875 	 359.642822 
338 	 41.678688 	 283.323761 	 281.130707 	 3.410203 	 100354.898438 	 389.793121 
339 	 41.678688 	 283.323761 	 288.213318 	 3.935169 	 99599.656250 	 436.152161 
340 	 41.678688 	 283.323761 	 291.075409 	 3.924172 	 98809.898438 	 414.286285 
341 	 41.678688 	 283.323761 	 280.522217 	 2.575276 	 98920.906250 	 358.836426 
342 	 41.678688 	 283.323761 	 279.705048 	 1.864114 	 98856.867188 	 370.785126 
343 	 41.678688 	 283.323761 	 279.385773 	 2.175967 	 99204.640625 	 372.570587 
344 	 41.678688 	 283.323761 	 285.509613 	 4.143717 	 98481.023438 	 369.822388 
345 	 41.678688 	 283.323761 	 285.639130 	 2.205450 	 98146.296875 	 348.412720 
346 	 41.678688 	 283.323761 	 280.451355 	 1.458395 	 98639.578125 	 375.390564 
347 	 41.678688 	 283.323761 	 280.811737 	 2.728925 	 99021.046875 	 339.944794 
348 	 41.678688 	 283.323761 	 287.250519 	 3.583102 	 98383.437500 	 406.075623 
349 	 41.678688 	 283.323761 	 278.995117 	 4.636470 	 98881.039062 	 376.526947 
350 	 41.678688 	 283.323761 	 270.234375 	 2.210294 	 100176.703125 	 327.854736 
351 	 41.678688 	 283.323761 	 272.827118 	 3.370728 	 98932.000000 	 339.169678 
352 	 41.678688 	 283.323761 	 271.317535 	 1.861997 	 99030.937500 	 334.712891 
353 	 41.678688 	 283.323761 	 269.874237 	 3.125354 	 99835.218750 	 316.483002 
354 	 41.678688 	 283.323761 	 277.129608 	 4.366676 	 98628.007812 	 340.193665 
355 	 41.678688 	 283.323761 	 275.215668 	 3.822980 	 97228.109375 	 343.264313 
356 	 41.678688 	 283.323761 	 271.825714 	 4.055469 	 97566.382812 	 342.756012 
357 	 41.678688 	 283.323761 	 273.331482 	 2.305734 	 98781.882812 	 338.254578 
358 	 41.678688 	 283.323761 	 281.255981 	 3.088759 	 99093.421875 	 355.130920 
359 	 41.678688 	 283.323761 	 283.627319 	 4.736694 	 99467.093750 	 356.969727 
360 	 41.678688 	 283.323761 	 286.681915 	 6.204637 	 98397.773438 	 388.186401 
361 	 41.678688 	 283.323761 	 273.843903 	 3.894761 	 98375.070312 	 332.731140 
362 	 41.678688 	 283.323761 	 268.817047 	 3.576105 	 98602.593750 	 295.780090 
363 	 41.678688 	 283.323761 	 270.160126 	 4.579344 	 97736.132812 	 308.022949 
364 	 41.678688 	 283.323761 	 264.969421 	 3.846176 	 98548.953125 	 296.332520 
