# 0: Day of Year [-] 	 1: lat [deg] 	 2: lon [deg] 	 3: tas [K] 	 4: sfcWind [m s-1] 	 5: ps [Pa] 	 6: Total Downwelling Rad Flux [W m-2] 
0 	 41.678688 	 283.323761 	 271.717987 	 3.730516 	 97868.757812 	 329.901123 
1 	 41.678688 	 283.323761 	 269.007751 	 4.057744 	 97213.656250 	 332.227356 
2 	 41.678688 	 283.323761 	 266.591919 	 1.532402 	 98670.046875 	 309.409058 
3 	 41.678688 	 283.323761 	 266.698090 	 1.506765 	 98985.226562 	 315.522034 
4 	 41.678688 	 283.323761 	 268.492828 	 2.206952 	 98796.617188 	 315.394958 
5 	 41.678688 	 283.323761 	 269.836945 	 3.666955 	 98147.796875 	 323.395142 
6 	 41.678688 	 283.323761 	 274.907898 	 3.690745 	 97441.757812 	 329.023987 
7 	 41.678688 	 283.323761 	 263.898041 	 1.730721 	 98760.617188 	 306.317108 
8 	 41.678688 	 283.323761 	 259.631989 	 3.007947 	 99359.273438 	 290.875336 
9 	 41.678688 	 283.323761 	 262.564331 	 2.963356 	 98948.281250 	 298.062866 
10 	 41.678688 	 283.323761 	 273.439758 	 3.674942 	 97673.476562 	 344.510956 
11 	 41.678688 	 283.323761 	 273.203064 	 4.464734 	 97722.023438 	 325.241119 
12 	 41.678688 	 283.323761 	 265.887451 	 2.706223 	 99407.132812 	 319.343475 
13 	 41.678688 	 283.323761 	 274.726501 	 3.653764 	 98662.046875 	 340.716736 
14 	 41.678688 	 283.323761 	 268.172485 	 0.801224 	 99267.062500 	 337.824524 
15 	 41.678688 	 283.323761 	 268.249939 	 1.303510 	 99024.507812 	 334.232758 
16 	 41.678688 	 283.323761 	 270.890991 	 1.608789 	 98249.093750 	 344.022095 
17 	 41.678688 	 283.323761 	 272.966431 	 2.454998 	 97713.476562 	 368.676636 
18 	 41.678688 	 283.323761 	 271.662415 	 3.621258 	 97239.929688 	 344.500671 
19 	 41.678688 	 283.323761 	 271.203186 	 2.239208 	 98023.250000 	 347.686462 
20 	 41.678688 	 283.323761 	 263.317505 	 1.954503 	 99180.703125 	 321.353699 
21 	 41.678688 	 283.323761 	 261.699524 	 1.815817 	 99420.828125 	 307.360901 
22 	 41.678688 	 283.323761 	 265.312042 	 2.716083 	 99318.953125 	 314.242859 
23 	 41.678688 	 283.323761 	 265.897552 	 2.873446 	 99177.078125 	 281.841003 
24 	 41.678688 	 283.323761 	 274.264313 	 1.776147 	 98059.226562 	 341.579681 
25 	 41.678688 	 283.323761 	 277.716858 	 2.397545 	 97324.023438 	 356.445831 
26 	 41.678688 	 283.323761 	 274.646576 	 1.945946 	 97593.976562 	 342.196747 
27 	 41.678688 	 283.323761 	 269.331055 	 3.031613 	 98906.796875 	 353.635284 
28 	 41.678688 	 283.323761 	 269.604492 	 4.343767 	 99180.257812 	 334.635834 
29 	 41.678688 	 283.323761 	 275.536957 	 4.607740 	 97682.187500 	 382.706421 
30 	 41.678688 	 283.323761 	 265.400299 	 2.456074 	 98834.531250 	 344.941406 
31 	 41.678688 	 283.323761 	 264.341003 	 2.652925 	 99037.656250 	 316.228302 
32 	 41.678688 	 283.323761 	 261.837158 	 4.913081 	 98671.250000 	 373.177368 
33 	 41.678688 	 283.323761 	 264.022522 	 3.226715 	 99200.820312 	 339.613220 
34 	 41.678688 	 283.323761 	 271.186493 	 2.309225 	 99631.289062 	 372.959351 
35 	 41.678688 	 283.323761 	 278.920624 	 2.065762 	 99376.210938 	 386.730713 
36 	 41.678688 	 283.323761 	 280.877655 	 2.996329 	 99047.898438 	 361.969849 
37 	 41.678688 	 283.323761 	 284.272461 	 3.001138 	 98032.687500 	 423.660583 
38 	 41.678688 	 283.323761 	 280.537872 	 3.351604 	 97641.312500 	 412.871887 
39 	 41.678688 	 283.323761 	 277.095245 	 1.421021 	 98014.882812 	 351.506561 
40 	 41.678688 	 283.323761 	 281.743256 	 2.246346 	 97942.382812 	 383.389191 
41 	 41.678688 	 283.323761 	 278.127899 	 2.672626 	 97935.171875 	 405.208893 
42 	 41.678688 	 283.323761 	 273.960327 	 2.629158 	 98479.703125 	 392.261719 
43 	 41.678688 	 283.323761 	 271.569855 	 1.999801 	 98968.773438 	 361.949524 
44 	 41.678688 	 283.323761 	 268.712494 	 2.264111 	 99762.250000 	 380.079956 
45 	 41.678688 	 283.323761 	 273.041534 	 2.593053 	 99973.976562 	 417.468018 
46 	 41.678688 	 283.323761 	 275.287811 	 3.107114 	 99706.312500 	 366.235809 
47 	 41.678688 	 283.323761 	 279.390869 	 2.677714 	 98145.156250 	 398.117859 
48 	 41.678688 	 283.323761 	 270.069702 	 4.442142 	 98393.453125 	 395.365692 
49 	 41.678688 	 283.323761 	 265.378387 	 3.162680 	 99657.976562 	 364.358887 
50 	 41.678688 	 283.323761 	 272.495880 	 3.700985 	 99069.882812 	 337.645325 
51 	 41.678688 	 283.323761 	 272.847534 	 5.668572 	 97665.921875 	 406.503601 
52 	 41.678688 	 283.323761 	 273.187622 	 2.430943 	 98250.406250 	 413.441650 
53 	 41.678688 	 283.323761 	 275.838409 	 3.433457 	 97499.140625 	 359.429871 
54 	 41.678688 	 283.323761 	 272.250977 	 4.483944 	 97952.609375 	 394.779510 
55 	 41.678688 	 283.323761 	 271.095734 	 2.137361 	 99224.953125 	 402.269653 
56 	 41.678688 	 283.323761 	 278.210754 	 3.073155 	 98215.750000 	 339.515015 
57 	 41.678688 	 283.323761 	 279.306885 	 2.689836 	 97936.812500 	 431.442688 
58 	 41.678688 	 283.323761 	 278.484131 	 3.310467 	 98931.460938 	 368.615570 
59 	 41.678688 	 283.323761 	 283.460144 	 4.711405 	 97094.460938 	 479.322815 
60 	 41.678688 	 283.323761 	 274.918793 	 3.714013 	 97211.617188 	 438.421387 
61 	 41.678688 	 283.323761 	 269.346832 	 4.530609 	 97745.328125 	 403.770447 
62 	 41.678688 	 283.323761 	 270.013214 	 2.719294 	 99003.609375 	 414.027527 
63 	 41.678688 	 283.323761 	 271.157440 	 2.528052 	 98935.382812 	 320.812653 
64 	 41.678688 	 283.323761 	 274.615906 	 5.681510 	 96749.007812 	 453.274048 
65 	 41.678688 	 283.323761 	 272.717590 	 2.864839 	 98591.226562 	 435.790375 
66 	 41.678688 	 283.323761 	 278.468933 	 3.516363 	 99223.226562 	 468.811279 
67 	 41.678688 	 283.323761 	 284.251526 	 2.219244 	 99473.546875 	 466.855865 
68 	 41.678688 	 283.323761 	 285.060547 	 2.567045 	 99805.007812 	 507.779968 
69 	 41.678688 	 283.323761 	 285.964478 	 2.962311 	 99934.453125 	 509.265747 
70 	 41.678688 	 283.323761 	 286.407867 	 2.477655 	 99955.687500 	 493.224548 
71 	 41.678688 	 283.323761 	 286.414948 	 1.194706 	 99789.726562 	 522.858398 
72 	 41.678688 	 283.323761 	 285.880798 	 2.025054 	 99048.203125 	 516.096924 
73 	 41.678688 	 283.323761 	 284.032654 	 2.878885 	 98806.039062 	 516.335327 
74 	 41.678688 	 283.323761 	 281.077148 	 2.976933 	 98602.531250 	 500.987427 
75 	 41.678688 	 283.323761 	 284.563019 	 3.277152 	 97410.226562 	 459.814392 
76 	 41.678688 	 283.323761 	 281.268738 	 2.575113 	 97614.242188 	 411.527435 
77 	 41.678688 	 283.323761 	 276.026398 	 2.504180 	 97710.718750 	 406.641388 
78 	 41.678688 	 283.323761 	 265.253510 	 5.180454 	 98503.273438 	 452.398926 
79 	 41.678688 	 283.323761 	 270.013336 	 3.454028 	 98434.398438 	 454.306824 
80 	 41.678688 	 283.323761 	 274.149475 	 1.575170 	 98520.492188 	 494.951416 
81 	 41.678688 	 283.323761 	 275.958588 	 2.290668 	 98650.476562 	 352.972656 
82 	 41.678688 	 283.323761 	 279.124603 	 1.874035 	 98453.382812 	 509.658142 
83 	 41.678688 	 283.323761 	 278.665161 	 1.560453 	 99879.679688 	 501.468262 
84 	 41.678688 	 283.323761 	 281.588501 	 4.605196 	 100058.601562 	 411.850220 
85 	 41.678688 	 283.323761 	 288.471405 	 5.090876 	 98952.343750 	 475.581116 
86 	 41.678688 	 283.323761 	 291.887451 	 4.856941 	 98286.367188 	 585.005859 
87 	 41.678688 	 283.323761 	 291.461304 	 5.308475 	 97420.773438 	 443.056641 
88 	 41.678688 	 283.323761 	 274.207245 	 4.656814 	 96771.703125 	 351.127075 
89 	 41.678688 	 283.323761 	 272.171692 	 3.170468 	 98009.859375 	 487.730591 
90 	 41.678688 	 283.323761 	 272.790039 	 1.578654 	 98708.609375 	 493.557190 
91 	 41.678688 	 283.323761 	 274.279999 	 0.776233 	 98606.320312 	 434.410156 
92 	 41.678688 	 283.323761 	 276.505035 	 2.115844 	 98626.093750 	 523.328491 
93 	 41.678688 	 283.323761 	 278.509613 	 1.430522 	 99201.843750 	 529.287598 
94 	 41.678688 	 283.323761 	 280.778625 	 2.632113 	 99446.460938 	 429.292419 
95 	 41.678688 	 283.323761 	 285.158630 	 3.004547 	 98949.773438 	 449.972778 
96 	 41.678688 	 283.323761 	 283.673218 	 4.482268 	 97447.843750 	 408.546417 
97 	 41.678688 	 283.323761 	 284.036591 	 3.981932 	 97566.406250 	 514.143799 
98 	 41.678688 	 283.323761 	 289.095673 	 3.618948 	 97870.046875 	 550.314758 
99 	 41.678688 	 283.323761 	 277.436676 	 5.434396 	 97196.218750 	 444.418976 
100 	 41.678688 	 283.323761 	 275.378296 	 4.256778 	 98067.281250 	 529.548828 
101 	 41.678688 	 283.323761 	 280.286316 	 3.462865 	 98314.046875 	 445.192993 
102 	 41.678688 	 283.323761 	 283.171448 	 2.501955 	 97833.937500 	 433.949402 
103 	 41.678688 	 283.323761 	 278.811005 	 3.237245 	 98239.492188 	 538.206543 
104 	 41.678688 	 283.323761 	 281.348633 	 2.683287 	 97996.656250 	 429.280090 
105 	 41.678688 	 283.323761 	 281.822998 	 1.820795 	 98457.796875 	 522.949524 
106 	 41.678688 	 283.323761 	 287.459991 	 5.777167 	 98362.148438 	 520.589722 
107 	 41.678688 	 283.323761 	 285.510803 	 3.800651 	 97424.359375 	 462.860107 
108 	 41.678688 	 283.323761 	 281.415771 	 1.557763 	 97090.289062 	 556.613892 
109 	 41.678688 	 283.323761 	 280.013245 	 2.849381 	 96716.820312 	 537.501709 
110 	 41.678688 	 283.323761 	 279.491150 	 4.150655 	 97087.929688 	 414.726532 
111 	 41.678688 	 283.323761 	 282.095184 	 2.874254 	 97580.062500 	 455.395386 
112 	 41.678688 	 283.323761 	 282.620239 	 2.156659 	 97918.437500 	 534.567139 
113 	 41.678688 	 283.323761 	 282.925568 	 3.589967 	 97032.859375 	 404.091705 
114 	 41.678688 	 283.323761 	 277.747894 	 5.683452 	 96137.671875 	 427.062927 
115 	 41.678688 	 283.323761 	 279.380066 	 4.265480 	 96774.031250 	 447.979187 
116 	 41.678688 	 283.323761 	 279.108551 	 3.248062 	 97699.406250 	 465.712585 
117 	 41.678688 	 283.323761 	 279.069275 	 2.206192 	 98685.843750 	 576.608887 
118 	 41.678688 	 283.323761 	 284.067322 	 3.080500 	 98693.171875 	 599.693298 
119 	 41.678688 	 283.323761 	 287.752869 	 1.514367 	 98695.492188 	 613.465332 
120 	 41.678688 	 283.323761 	 293.952118 	 2.741357 	 97860.312500 	 642.018921 
121 	 41.678688 	 283.323761 	 291.921112 	 1.948312 	 98331.453125 	 480.274475 
122 	 41.678688 	 283.323761 	 290.928589 	 3.601180 	 98988.078125 	 635.822815 
123 	 41.678688 	 283.323761 	 291.514191 	 3.367683 	 98861.882812 	 459.162262 
124 	 41.678688 	 283.323761 	 291.333160 	 3.218985 	 98753.812500 	 655.788269 
125 	 41.678688 	 283.323761 	 290.659332 	 1.994453 	 98887.007812 	 629.808228 
126 	 41.678688 	 283.323761 	 297.440002 	 2.908150 	 98422.476562 	 668.553284 
127 	 41.678688 	 283.323761 	 300.200714 	 1.752028 	 98701.132812 	 688.768433 
128 	 41.678688 	 283.323761 	 298.577454 	 1.468766 	 98914.117188 	 680.201111 
129 	 41.678688 	 283.323761 	 298.774323 	 2.277264 	 98772.117188 	 684.589600 
130 	 41.678688 	 283.323761 	 298.049561 	 0.800622 	 98981.960938 	 677.595215 
131 	 41.678688 	 283.323761 	 299.269440 	 1.175540 	 99117.148438 	 702.344849 
132 	 41.678688 	 283.323761 	 298.668762 	 1.426682 	 98949.187500 	 678.609741 
133 	 41.678688 	 283.323761 	 297.468292 	 1.421461 	 98707.148438 	 669.350708 
134 	 41.678688 	 283.323761 	 296.402405 	 3.139093 	 98178.062500 	 479.208679 
135 	 41.678688 	 283.323761 	 290.430145 	 2.718890 	 98242.046875 	 672.122437 
136 	 41.678688 	 283.323761 	 289.483521 	 1.122970 	 98593.031250 	 654.693542 
137 	 41.678688 	 283.323761 	 292.717957 	 1.405782 	 98206.820312 	 647.889099 
138 	 41.678688 	 283.323761 	 291.165802 	 2.289798 	 98193.546875 	 665.775452 
139 	 41.678688 	 283.323761 	 291.224731 	 3.363868 	 97879.703125 	 590.772461 
140 	 41.678688 	 283.323761 	 288.887665 	 3.420565 	 98650.023438 	 639.811157 
141 	 41.678688 	 283.323761 	 297.346008 	 3.785166 	 98173.273438 	 690.523071 
142 	 41.678688 	 283.323761 	 302.181244 	 3.220711 	 97897.593750 	 707.252441 
143 	 41.678688 	 283.323761 	 299.431854 	 1.574868 	 98388.242188 	 685.051270 
144 	 41.678688 	 283.323761 	 298.052887 	 3.843654 	 99138.156250 	 716.055420 
145 	 41.678688 	 283.323761 	 299.545410 	 4.215690 	 98792.640625 	 718.947998 
146 	 41.678688 	 283.323761 	 297.939392 	 3.681187 	 98465.218750 	 696.950928 
147 	 41.678688 	 283.323761 	 297.148499 	 3.770924 	 98331.750000 	 665.732544 
148 	 41.678688 	 283.323761 	 296.887909 	 2.142371 	 98390.109375 	 699.975952 
149 	 41.678688 	 283.323761 	 296.767456 	 1.817469 	 98566.226562 	 622.422729 
150 	 41.678688 	 283.323761 	 297.986298 	 2.802826 	 98272.703125 	 715.522461 
151 	 41.678688 	 283.323761 	 296.998871 	 2.339758 	 97718.671875 	 654.047363 
152 	 41.678688 	 283.323761 	 294.452820 	 1.002312 	 98003.953125 	 680.486816 
153 	 41.678688 	 283.323761 	 293.432739 	 3.161358 	 98191.406250 	 568.991211 
154 	 41.678688 	 283.323761 	 293.204987 	 2.722494 	 97662.250000 	 591.052002 
155 	 41.678688 	 283.323761 	 292.288239 	 3.849956 	 97631.226562 	 562.040894 
156 	 41.678688 	 283.323761 	 294.517181 	 1.455940 	 98343.390625 	 702.309082 
157 	 41.678688 	 283.323761 	 298.010925 	 4.518728 	 98423.757812 	 708.602051 
158 	 41.678688 	 283.323761 	 298.437073 	 1.733655 	 98386.382812 	 720.120667 
159 	 41.678688 	 283.323761 	 296.225128 	 1.773093 	 98565.796875 	 680.010254 
160 	 41.678688 	 283.323761 	 297.642914 	 1.547153 	 98561.570312 	 719.753723 
161 	 41.678688 	 283.323761 	 299.366211 	 2.943451 	 98103.476562 	 717.632446 
162 	 41.678688 	 283.323761 	 299.704681 	 2.584340 	 98229.156250 	 713.004517 
163 	 41.678688 	 283.323761 	 299.727081 	 3.826699 	 98079.507812 	 668.136108 
164 	 41.678688 	 283.323761 	 298.292175 	 3.566212 	 97765.570312 	 700.361145 
165 	 41.678688 	 283.323761 	 297.975555 	 1.719770 	 97984.023438 	 707.826233 
166 	 41.678688 	 283.323761 	 297.825562 	 4.338582 	 97568.523438 	 684.387085 
167 	 41.678688 	 283.323761 	 292.516235 	 4.909819 	 97255.742188 	 699.986084 
168 	 41.678688 	 283.323761 	 288.209320 	 2.487833 	 98363.156250 	 598.935059 
169 	 41.678688 	 283.323761 	 287.352844 	 4.065428 	 98566.882812 	 663.435669 
170 	 41.678688 	 283.323761 	 290.704346 	 2.629063 	 98611.039062 	 680.165283 
171 	 41.678688 	 283.323761 	 293.769287 	 1.294291 	 98790.132812 	 689.037109 
172 	 41.678688 	 283.323761 	 296.034454 	 0.736524 	 99185.601562 	 693.175232 
173 	 41.678688 	 283.323761 	 296.491943 	 1.010494 	 99415.742188 	 707.876343 
174 	 41.678688 	 283.323761 	 296.513367 	 1.616328 	 99262.523438 	 696.115112 
175 	 41.678688 	 283.323761 	 297.143219 	 3.177840 	 98452.523438 	 701.224854 
176 	 41.678688 	 283.323761 	 295.315582 	 2.638954 	 97853.523438 	 685.606506 
177 	 41.678688 	 283.323761 	 290.803436 	 2.609058 	 98177.718750 	 637.039185 
178 	 41.678688 	 283.323761 	 288.840637 	 1.967040 	 98251.703125 	 425.923126 
179 	 41.678688 	 283.323761 	 288.451477 	 3.632965 	 98607.757812 	 659.343262 
180 	 41.678688 	 283.323761 	 291.492310 	 1.668267 	 99114.968750 	 686.970398 
181 	 41.678688 	 283.323761 	 297.894348 	 2.443893 	 98791.453125 	 720.223572 
182 	 41.678688 	 283.323761 	 300.811157 	 2.683113 	 98288.429688 	 730.613770 
183 	 41.678688 	 283.323761 	 298.107971 	 4.384019 	 97803.406250 	 585.401855 
184 	 41.678688 	 283.323761 	 292.559235 	 1.905693 	 98649.046875 	 691.877075 
185 	 41.678688 	 283.323761 	 292.424683 	 2.318721 	 98846.476562 	 548.397949 
186 	 41.678688 	 283.323761 	 292.485443 	 1.483989 	 98689.453125 	 655.450867 
187 	 41.678688 	 283.323761 	 292.994751 	 1.361075 	 98650.507812 	 603.147339 
188 	 41.678688 	 283.323761 	 292.307220 	 1.653274 	 98695.429688 	 667.572632 
189 	 41.678688 	 283.323761 	 294.814209 	 1.227046 	 98855.398438 	 617.747498 
190 	 41.678688 	 283.323761 	 297.957123 	 3.192447 	 98702.632812 	 667.252441 
191 	 41.678688 	 283.323761 	 299.130188 	 2.189064 	 98490.976562 	 720.386475 
192 	 41.678688 	 283.323761 	 304.510315 	 1.751833 	 98408.289062 	 760.952209 
193 	 41.678688 	 283.323761 	 308.342926 	 4.024456 	 98048.781250 	 757.295532 
194 	 41.678688 	 283.323761 	 301.965393 	 2.513563 	 98683.953125 	 734.691956 
195 	 41.678688 	 283.323761 	 300.013306 	 1.990571 	 98815.109375 	 629.797363 
196 	 41.678688 	 283.323761 	 300.612854 	 1.806698 	 98952.382812 	 709.324646 
197 	 41.678688 	 283.323761 	 302.245239 	 3.550588 	 98624.500000 	 698.329712 
198 	 41.678688 	 283.323761 	 300.292358 	 2.446636 	 98234.046875 	 711.716309 
199 	 41.678688 	 283.323761 	 300.272156 	 1.344988 	 98319.406250 	 706.427246 
200 	 41.678688 	 283.323761 	 301.386353 	 2.349844 	 97969.687500 	 664.366150 
201 	 41.678688 	 283.323761 	 298.427032 	 2.970092 	 97998.992188 	 659.891113 
202 	 41.678688 	 283.323761 	 294.385193 	 1.894713 	 98758.328125 	 621.427307 
203 	 41.678688 	 283.323761 	 294.198547 	 2.936836 	 98927.679688 	 681.637451 
204 	 41.678688 	 283.323761 	 294.753784 	 2.255353 	 99106.960938 	 638.500732 
205 	 41.678688 	 283.323761 	 294.230347 	 1.677818 	 99209.226562 	 679.721924 
206 	 41.678688 	 283.323761 	 296.304260 	 2.749937 	 99242.460938 	 675.915527 
207 	 41.678688 	 283.323761 	 296.281219 	 4.587208 	 99028.726562 	 587.574890 
208 	 41.678688 	 283.323761 	 296.708771 	 2.259301 	 98801.890625 	 631.505188 
209 	 41.678688 	 283.323761 	 298.204926 	 0.718416 	 99001.867188 	 695.786621 
210 	 41.678688 	 283.323761 	 299.648956 	 0.757204 	 98782.703125 	 654.895569 
211 	 41.678688 	 283.323761 	 300.483856 	 1.466021 	 98640.140625 	 725.452271 
212 	 41.678688 	 283.323761 	 299.464722 	 1.964377 	 99129.906250 	 704.466064 
213 	 41.678688 	 283.323761 	 297.051727 	 1.752351 	 99659.179688 	 567.604614 
214 	 41.678688 	 283.323761 	 297.863831 	 2.519860 	 99337.476562 	 652.235352 
215 	 41.678688 	 283.323761 	 300.208099 	 2.515962 	 98853.257812 	 705.967896 
216 	 41.678688 	 283.323761 	 302.427460 	 1.522650 	 98819.851562 	 719.981567 
217 	 41.678688 	 283.323761 	 301.354523 	 2.008068 	 98537.960938 	 703.276489 
218 	 41.678688 	 283.323761 	 301.743683 	 3.471163 	 98202.406250 	 682.065918 
219 	 41.678688 	 283.323761 	 295.545563 	 2.149799 	 99046.117188 	 662.374756 
220 	 41.678688 	 283.323761 	 297.252716 	 4.076731 	 99278.421875 	 679.631348 
221 	 41.678688 	 283.323761 	 299.162628 	 5.286878 	 98703.179688 	 650.300293 
222 	 41.678688 	 283.323761 	 299.470642 	 3.699833 	 97984.796875 	 606.751648 
223 	 41.678688 	 283.323761 	 293.669647 	 3.760499 	 98772.328125 	 653.467773 
224 	 41.678688 	 283.323761 	 293.770813 	 2.540899 	 99440.617188 	 579.945129 
225 	 41.678688 	 283.323761 	 295.974945 	 1.195027 	 99461.273438 	 667.058105 
226 	 41.678688 	 283.323761 	 297.779083 	 2.093875 	 99066.968750 	 644.677856 
227 	 41.678688 	 283.323761 	 297.502655 	 1.579165 	 98813.843750 	 672.494873 
228 	 41.678688 	 283.323761 	 298.238281 	 2.156471 	 98822.140625 	 626.523071 
229 	 41.678688 	 283.323761 	 298.257416 	 2.904602 	 98848.328125 	 656.228516 
230 	 41.678688 	 283.323761 	 300.487946 	 3.618221 	 98566.609375 	 679.789795 
231 	 41.678688 	 283.323761 	 301.647888 	 2.112776 	 98191.609375 	 683.746826 
232 	 41.678688 	 283.323761 	 302.379578 	 2.366318 	 98271.531250 	 613.765625 
233 	 41.678688 	 283.323761 	 300.415253 	 1.946387 	 98290.617188 	 635.621521 
234 	 41.678688 	 283.323761 	 300.780396 	 2.300836 	 97980.648438 	 684.396851 
235 	 41.678688 	 283.323761 	 294.580200 	 4.073634 	 98202.570312 	 652.040771 
236 	 41.678688 	 283.323761 	 290.237915 	 2.555954 	 99310.500000 	 589.376770 
237 	 41.678688 	 283.323761 	 292.329010 	 2.685223 	 99793.031250 	 602.729370 
238 	 41.678688 	 283.323761 	 295.432648 	 4.022291 	 99457.726562 	 614.696899 
239 	 41.678688 	 283.323761 	 297.753021 	 5.260981 	 98716.906250 	 612.501465 
240 	 41.678688 	 283.323761 	 296.754211 	 2.562607 	 98177.257812 	 657.440552 
241 	 41.678688 	 283.323761 	 294.413025 	 1.164977 	 98589.656250 	 635.537964 
242 	 41.678688 	 283.323761 	 295.636108 	 0.971736 	 98994.320312 	 639.395508 
243 	 41.678688 	 283.323761 	 299.727600 	 2.208836 	 99235.921875 	 652.059753 
244 	 41.678688 	 283.323761 	 301.646515 	 2.382219 	 98991.632812 	 657.041016 
245 	 41.678688 	 283.323761 	 300.262817 	 2.458895 	 98664.023438 	 527.493164 
246 	 41.678688 	 283.323761 	 295.830780 	 2.127037 	 99346.890625 	 564.323486 
247 	 41.678688 	 283.323761 	 292.560760 	 3.318511 	 99428.640625 	 509.988373 
248 	 41.678688 	 283.323761 	 296.669739 	 4.206192 	 99128.023438 	 590.301270 
249 	 41.678688 	 283.323761 	 299.344513 	 2.498306 	 98575.570312 	 563.265503 
250 	 41.678688 	 283.323761 	 298.860107 	 1.649014 	 99235.617188 	 614.709961 
251 	 41.678688 	 283.323761 	 300.256165 	 3.524011 	 99022.148438 	 634.354980 
252 	 41.678688 	 283.323761 	 298.159027 	 2.833987 	 98963.062500 	 620.237000 
253 	 41.678688 	 283.323761 	 292.857880 	 2.275055 	 99260.703125 	 510.198669 
254 	 41.678688 	 283.323761 	 298.084229 	 2.420201 	 98612.789062 	 588.659790 
255 	 41.678688 	 283.323761 	 297.229614 	 2.818515 	 98054.429688 	 580.669312 
256 	 41.678688 	 283.323761 	 292.528442 	 1.212266 	 98212.171875 	 560.841248 
257 	 41.678688 	 283.323761 	 291.627502 	 1.466666 	 97987.976562 	 437.545288 
258 	 41.678688 	 283.323761 	 289.744293 	 3.173958 	 98065.796875 	 520.027588 
259 	 41.678688 	 283.323761 	 288.164032 	 1.748487 	 98733.468750 	 519.859741 
260 	 41.678688 	 283.323761 	 286.964081 	 1.718203 	 98901.046875 	 497.109863 
261 	 41.678688 	 283.323761 	 286.481232 	 1.409887 	 98463.156250 	 454.460999 
262 	 41.678688 	 283.323761 	 286.024261 	 1.689490 	 98393.703125 	 451.478912 
263 	 41.678688 	 283.323761 	 287.162170 	 2.029686 	 98276.742188 	 437.263855 
264 	 41.678688 	 283.323761 	 289.474792 	 2.598030 	 98661.789062 	 521.786011 
265 	 41.678688 	 283.323761 	 291.031708 	 1.162066 	 99454.007812 	 568.310242 
266 	 41.678688 	 283.323761 	 289.003754 	 0.546723 	 99711.679688 	 547.862061 
267 	 41.678688 	 283.323761 	 292.952118 	 1.090696 	 99364.390625 	 572.270264 
268 	 41.678688 	 283.323761 	 292.305084 	 0.891200 	 98995.500000 	 558.831482 
269 	 41.678688 	 283.323761 	 292.867493 	 1.136485 	 98930.546875 	 562.436279 
270 	 41.678688 	 283.323761 	 296.336182 	 3.108633 	 98932.343750 	 530.592285 
271 	 41.678688 	 283.323761 	 295.164490 	 2.060987 	 98807.046875 	 576.004517 
272 	 41.678688 	 283.323761 	 293.218353 	 1.400609 	 98826.250000 	 520.356934 
273 	 41.678688 	 283.323761 	 292.638947 	 0.869663 	 99046.328125 	 558.953430 
274 	 41.678688 	 283.323761 	 293.280945 	 1.873963 	 98979.757812 	 534.875916 
275 	 41.678688 	 283.323761 	 289.259918 	 2.459639 	 99317.523438 	 487.802765 
276 	 41.678688 	 283.323761 	 286.686768 	 1.371159 	 99916.250000 	 508.138092 
277 	 41.678688 	 283.323761 	 291.280243 	 3.159135 	 99437.710938 	 524.422852 
278 	 41.678688 	 283.323761 	 284.636169 	 3.468483 	 100142.500000 	 501.044739 
279 	 41.678688 	 283.323761 	 284.049957 	 3.430425 	 99752.242188 	 478.002014 
280 	 41.678688 	 283.323761 	 293.738770 	 3.565733 	 98127.296875 	 518.791138 
281 	 41.678688 	 283.323761 	 287.726318 	 1.751018 	 98456.226562 	 502.405090 
282 	 41.678688 	 283.323761 	 290.626801 	 3.222611 	 98797.843750 	 514.772949 
283 	 41.678688 	 283.323761 	 283.899048 	 1.410583 	 99897.929688 	 479.471497 
284 	 41.678688 	 283.323761 	 289.113922 	 3.221781 	 99496.617188 	 484.139160 
285 	 41.678688 	 283.323761 	 289.899841 	 3.308844 	 99503.093750 	 509.063416 
286 	 41.678688 	 283.323761 	 281.573914 	 2.372787 	 100629.101562 	 446.419617 
287 	 41.678688 	 283.323761 	 286.078033 	 3.849659 	 99929.601562 	 470.151245 
288 	 41.678688 	 283.323761 	 291.635193 	 1.692626 	 99790.156250 	 516.524658 
289 	 41.678688 	 283.323761 	 294.060486 	 3.054803 	 99512.328125 	 486.313019 
290 	 41.678688 	 283.323761 	 293.439423 	 2.488974 	 99305.148438 	 517.800415 
291 	 41.678688 	 283.323761 	 295.322083 	 1.827332 	 99421.031250 	 530.881042 
292 	 41.678688 	 283.323761 	 295.323212 	 2.307307 	 99355.710938 	 519.183533 
293 	 41.678688 	 283.323761 	 293.770569 	 4.450350 	 98530.546875 	 441.988434 
294 	 41.678688 	 283.323761 	 284.734497 	 4.988309 	 97347.437500 	 445.882019 
295 	 41.678688 	 283.323761 	 280.946350 	 4.085700 	 98418.070312 	 442.028259 
296 	 41.678688 	 283.323761 	 283.253693 	 3.243009 	 98864.617188 	 434.869507 
297 	 41.678688 	 283.323761 	 283.643738 	 3.648734 	 98483.070312 	 375.382660 
298 	 41.678688 	 283.323761 	 279.834045 	 3.087755 	 99046.148438 	 445.923157 
299 	 41.678688 	 283.323761 	 281.972290 	 1.743489 	 99528.203125 	 412.400818 
300 	 41.678688 	 283.323761 	 285.039154 	 2.878186 	 99038.992188 	 442.585144 
301 	 41.678688 	 283.323761 	 283.503296 	 2.427760 	 99222.617188 	 437.281281 
302 	 41.678688 	 283.323761 	 280.966339 	 0.669099 	 99412.937500 	 424.359680 
303 	 41.678688 	 283.323761 	 284.178711 	 0.990322 	 99095.312500 	 411.617676 
304 	 41.678688 	 283.323761 	 283.654053 	 1.718893 	 99314.023438 	 385.382172 
305 	 41.678688 	 283.323761 	 288.013184 	 3.146552 	 98915.687500 	 405.740692 
306 	 41.678688 	 283.323761 	 288.573517 	 2.005507 	 98549.976562 	 467.649109 
307 	 41.678688 	 283.323761 	 284.694061 	 1.731256 	 98921.976562 	 431.845703 
308 	 41.678688 	 283.323761 	 286.941345 	 1.497996 	 99063.992188 	 440.135071 
309 	 41.678688 	 283.323761 	 288.706970 	 3.631525 	 99070.898438 	 440.483887 
310 	 41.678688 	 283.323761 	 287.610382 	 1.604992 	 98770.726562 	 412.199219 
311 	 41.678688 	 283.323761 	 289.019867 	 1.330452 	 98913.710938 	 466.387299 
312 	 41.678688 	 283.323761 	 286.355621 	 3.211818 	 98510.562500 	 398.428680 
313 	 41.678688 	 283.323761 	 280.524628 	 2.809382 	 99206.570312 	 393.654236 
314 	 41.678688 	 283.323761 	 281.721771 	 2.379812 	 99114.343750 	 386.080383 
315 	 41.678688 	 283.323761 	 285.026642 	 3.426021 	 98697.171875 	 402.880280 
316 	 41.678688 	 283.323761 	 286.240448 	 4.571161 	 98158.453125 	 402.124451 
317 	 41.678688 	 283.323761 	 284.668793 	 4.112016 	 97486.468750 	 425.068817 
318 	 41.678688 	 283.323761 	 276.482147 	 2.691422 	 98820.320312 	 370.898071 
319 	 41.678688 	 283.323761 	 278.211914 	 1.638668 	 99663.617188 	 383.195984 
320 	 41.678688 	 283.323761 	 279.104553 	 1.715148 	 100326.796875 	 396.672028 
321 	 41.678688 	 283.323761 	 283.635681 	 3.071161 	 100100.898438 	 381.685242 
322 	 41.678688 	 283.323761 	 286.777466 	 5.975440 	 98990.093750 	 393.440460 
323 	 41.678688 	 283.323761 	 281.059601 	 3.878450 	 97378.406250 	 378.539398 
324 	 41.678688 	 283.323761 	 276.765228 	 3.283187 	 97845.882812 	 350.336456 
325 	 41.678688 	 283.323761 	 273.894318 	 3.083649 	 97488.921875 	 373.682434 
326 	 41.678688 	 283.323761 	 270.527710 	 3.709045 	 97488.710938 	 347.879395 
327 	 41.678688 	 283.323761 	 268.016907 	 2.217826 	 99042.046875 	 321.372894 
328 	 41.678688 	 283.323761 	 271.279694 	 2.829242 	 99842.398438 	 331.925232 
329 	 41.678688 	 283.323761 	 278.041046 	 2.288914 	 98958.640625 	 346.786194 
330 	 41.678688 	 283.323761 	 278.642944 	 1.767630 	 98326.078125 	 375.820312 
331 	 41.678688 	 283.323761 	 275.816284 	 0.887964 	 98466.046875 	 349.544403 
332 	 41.678688 	 283.323761 	 274.834900 	 2.004886 	 97978.382812 	 359.481781 
333 	 41.678688 	 283.323761 	 277.878998 	 2.736594 	 98348.007812 	 361.680756 
334 	 41.678688 	 283.323761 	 279.960571 	 4.785985 	 97492.390625 	 394.030701 
335 	 41.678688 	 283.323761 	 270.760712 	 2.737881 	 98041.273438 	 316.813354 
336 	 41.678688 	 283.323761 	 267.107574 	 2.420028 	 98411.968750 	 315.997131 
337 	 41.678688 	 283.323761 	 266.847137 	 3.356446 	 98715.406250 	 274.306946 
338 	 41.678688 	 283.323761 	 272.540222 	 5.028566 	 97914.132812 	 353.325500 
339 	 41.678688 	 283.323761 	 268.875610 	 3.748471 	 99995.968750 	 307.767242 
340 	 41.678688 	 283.323761 	 267.511627 	 1.404759 	 101287.000000 	 305.174438 
341 	 41.678688 	 283.323761 	 270.421570 	 3.353611 	 100978.296875 	 336.080963 
342 	 41.678688 	 283.323761 	 275.654694 	 2.595230 	 99955.046875 	 380.666473 
343 	 41.678688 	 283.323761 	 275.196472 	 1.115535 	 99614.203125 	 366.175537 
344 	 41.678688 	 283.323761 	 275.777283 	 2.378371 	 99067.671875 	 346.672516 
345 	 41.678688 	 283.323761 	 278.621338 	 3.076769 	 98655.812500 	 359.174835 
346 	 41.678688 	 283.323761 	 278.970642 	 3.872380 	 99029.523438 	 350.761047 
347 	 41.678688 	 283.323761 	 280.855347 	 1.911377 	 98162.070312 	 383.576965 
348 	 41.678688 	 283.323761 	 279.389435 	 4.462044 	 96985.476562 	 360.935577 
349 	 41.678688 	 283.323761 	 275.587097 	 3.965548 	 97904.671875 	 357.914246 
350 	 41.678688 	 283.323761 	 272.191956 	 2.415353 	 99179.343750 	 330.667480 
351 	 41.678688 	 283.323761 	 275.908417 	 2.765333 	 99170.437500 	 356.345551 
352 	 41.678688 	 283.323761 	 276.313690 	 1.158698 	 98808.218750 	 346.188995 
353 	 41.678688 	 283.323761 	 274.650787 	 1.979596 	 98256.351562 	 350.322449 
354 	 41.678688 	 283.323761 	 271.038391 	 4.230979 	 98002.679688 	 347.017822 
355 	 41.678688 	 283.323761 	 269.449341 	 2.960432 	 99186.171875 	 308.746338 
356 	 41.678688 	 283.323761 	 272.415070 	 3.041930 	 99518.687500 	 336.092163 
357 	 41.678688 	 283.323761 	 272.318359 	 1.520034 	 99572.390625 	 335.646851 
358 	 41.678688 	 283.323761 	 272.359985 	 2.038324 	 99970.531250 	 359.044434 
359 	 41.678688 	 283.323761 	 269.849030 	 3.632295 	 99408.250000 	 344.283386 
360 	 41.678688 	 283.323761 	 271.452820 	 3.391989 	 99108.382812 	 320.270844 
361 	 41.678688 	 283.323761 	 272.917419 	 1.231445 	 99114.609375 	 335.915161 
362 	 41.678688 	 283.323761 	 276.361572 	 1.251337 	 99217.710938 	 365.848663 
363 	 41.678688 	 283.323761 	 278.934540 	 2.053317 	 99344.140625 	 363.841736 
364 	 41.678688 	 283.323761 	 286.361938 	 3.986864 	 97846.226562 	 389.803894 
