# 0: Day of Year [-] 	 1: lat [deg] 	 2: lon [deg] 	 3: tas [K] 	 4: sfcWind [m s-1] 	 5: ps [Pa] 	 6: Total Downwelling Rad Flux [W m-2] 
0 	 41.678688 	 283.323761 	 270.849792 	 4.573125 	 96706.617188 	 325.174591 
1 	 41.678688 	 283.323761 	 266.521149 	 1.981679 	 97727.843750 	 278.091675 
2 	 41.678688 	 283.323761 	 268.390839 	 5.060946 	 97168.273438 	 332.664551 
3 	 41.678688 	 283.323761 	 262.721222 	 3.567651 	 99416.406250 	 297.543304 
4 	 41.678688 	 283.323761 	 266.357849 	 3.036879 	 99898.960938 	 317.043549 
5 	 41.678688 	 283.323761 	 275.875885 	 2.897519 	 99547.617188 	 356.695007 
6 	 41.678688 	 283.323761 	 279.634338 	 3.860293 	 98897.617188 	 361.257477 
7 	 41.678688 	 283.323761 	 279.240753 	 2.776414 	 98244.273438 	 359.936646 
8 	 41.678688 	 283.323761 	 272.561798 	 2.746217 	 98644.812500 	 358.253174 
9 	 41.678688 	 283.323761 	 270.175720 	 2.884225 	 99068.843750 	 327.221436 
10 	 41.678688 	 283.323761 	 269.940430 	 1.642795 	 99584.023438 	 327.078278 
11 	 41.678688 	 283.323761 	 273.050934 	 3.236018 	 98959.359375 	 347.811890 
12 	 41.678688 	 283.323761 	 278.259827 	 2.673937 	 98472.203125 	 368.955383 
13 	 41.678688 	 283.323761 	 280.153015 	 2.278677 	 98598.750000 	 369.291992 
14 	 41.678688 	 283.323761 	 278.838776 	 1.462808 	 98876.906250 	 360.679810 
15 	 41.678688 	 283.323761 	 280.722931 	 2.950087 	 98902.890625 	 358.246582 
16 	 41.678688 	 283.323761 	 278.494171 	 2.694645 	 98701.429688 	 399.347870 
17 	 41.678688 	 283.323761 	 270.970642 	 3.033610 	 99690.531250 	 367.119476 
18 	 41.678688 	 283.323761 	 270.704498 	 1.622319 	 100680.601562 	 315.044342 
19 	 41.678688 	 283.323761 	 272.515198 	 2.016303 	 100965.601562 	 350.711121 
20 	 41.678688 	 283.323761 	 276.373230 	 4.680593 	 100601.000000 	 315.957611 
21 	 41.678688 	 283.323761 	 284.066833 	 5.161647 	 99707.312500 	 392.189270 
22 	 41.678688 	 283.323761 	 283.263641 	 4.301266 	 98587.406250 	 408.183228 
23 	 41.678688 	 283.323761 	 274.911499 	 1.629747 	 98989.320312 	 354.294403 
24 	 41.678688 	 283.323761 	 277.412476 	 2.100947 	 98868.742188 	 355.134277 
25 	 41.678688 	 283.323761 	 279.641388 	 3.145252 	 98617.421875 	 381.304443 
26 	 41.678688 	 283.323761 	 283.252869 	 3.721604 	 98311.851562 	 368.872498 
27 	 41.678688 	 283.323761 	 283.310181 	 3.586730 	 96985.359375 	 388.896729 
28 	 41.678688 	 283.323761 	 273.461243 	 3.843713 	 96169.718750 	 360.251770 
29 	 41.678688 	 283.323761 	 270.356201 	 4.012535 	 96442.492188 	 357.577087 
30 	 41.678688 	 283.323761 	 272.139404 	 2.817779 	 98044.156250 	 360.278473 
31 	 41.678688 	 283.323761 	 277.262207 	 3.022621 	 98290.296875 	 382.111877 
32 	 41.678688 	 283.323761 	 274.955475 	 2.140146 	 98611.046875 	 352.882812 
33 	 41.678688 	 283.323761 	 271.003448 	 4.023071 	 98720.812500 	 336.983551 
34 	 41.678688 	 283.323761 	 270.708923 	 6.799870 	 96679.156250 	 343.245758 
35 	 41.678688 	 283.323761 	 271.639160 	 3.569051 	 97665.226562 	 373.670105 
36 	 41.678688 	 283.323761 	 270.155823 	 1.889550 	 97649.382812 	 312.062836 
37 	 41.678688 	 283.323761 	 272.995148 	 4.197157 	 96889.750000 	 419.228973 
38 	 41.678688 	 283.323761 	 268.490417 	 2.107475 	 98811.039062 	 355.408875 
39 	 41.678688 	 283.323761 	 274.894012 	 2.726809 	 98498.406250 	 347.555786 
40 	 41.678688 	 283.323761 	 267.716980 	 4.210933 	 99079.703125 	 335.716675 
41 	 41.678688 	 283.323761 	 266.869873 	 3.212741 	 99207.523438 	 353.260681 
42 	 41.678688 	 283.323761 	 270.859833 	 2.396751 	 99041.703125 	 347.054749 
43 	 41.678688 	 283.323761 	 277.513794 	 3.219879 	 98245.382812 	 351.052368 
44 	 41.678688 	 283.323761 	 276.759186 	 4.111636 	 96771.476562 	 397.405548 
45 	 41.678688 	 283.323761 	 272.942657 	 5.207811 	 97895.617188 	 397.496979 
46 	 41.678688 	 283.323761 	 270.651459 	 1.877375 	 99436.492188 	 372.090149 
47 	 41.678688 	 283.323761 	 277.218231 	 4.282955 	 97828.796875 	 345.727112 
48 	 41.678688 	 283.323761 	 272.911987 	 4.499818 	 96394.093750 	 430.337372 
49 	 41.678688 	 283.323761 	 270.623016 	 2.758451 	 98083.718750 	 324.006256 
50 	 41.678688 	 283.323761 	 272.896545 	 2.625373 	 98274.882812 	 413.539429 
51 	 41.678688 	 283.323761 	 270.768005 	 2.219889 	 99428.000000 	 433.828247 
52 	 41.678688 	 283.323761 	 280.738281 	 6.428027 	 98486.843750 	 371.429138 
53 	 41.678688 	 283.323761 	 269.050537 	 5.875351 	 97236.250000 	 415.399567 
54 	 41.678688 	 283.323761 	 265.461212 	 3.015066 	 99344.312500 	 325.775970 
55 	 41.678688 	 283.323761 	 272.247253 	 2.573997 	 99053.390625 	 397.622559 
56 	 41.678688 	 283.323761 	 271.950562 	 2.661934 	 98462.203125 	 433.777283 
57 	 41.678688 	 283.323761 	 273.307770 	 2.456177 	 98396.898438 	 416.413635 
58 	 41.678688 	 283.323761 	 278.590027 	 4.189591 	 97785.617188 	 383.182983 
59 	 41.678688 	 283.323761 	 271.441864 	 5.322389 	 97431.117188 	 417.095032 
60 	 41.678688 	 283.323761 	 268.320618 	 4.449522 	 98211.500000 	 407.451050 
61 	 41.678688 	 283.323761 	 268.594269 	 4.034125 	 98819.226562 	 403.920715 
62 	 41.678688 	 283.323761 	 274.955200 	 2.779631 	 99172.578125 	 439.521912 
63 	 41.678688 	 283.323761 	 281.287445 	 1.814138 	 99472.289062 	 456.038635 
64 	 41.678688 	 283.323761 	 284.074615 	 2.548702 	 99567.617188 	 487.341705 
65 	 41.678688 	 283.323761 	 284.200989 	 1.197466 	 99674.273438 	 504.654785 
66 	 41.678688 	 283.323761 	 284.807892 	 2.373956 	 99294.148438 	 447.594055 
67 	 41.678688 	 283.323761 	 285.693878 	 3.162330 	 98325.023438 	 405.710327 
68 	 41.678688 	 283.323761 	 284.528778 	 3.213276 	 96695.273438 	 431.211548 
69 	 41.678688 	 283.323761 	 277.318817 	 5.154002 	 96702.476562 	 460.558777 
70 	 41.678688 	 283.323761 	 275.338989 	 4.718705 	 97694.507812 	 462.294830 
71 	 41.678688 	 283.323761 	 275.389618 	 2.619270 	 98767.296875 	 466.717163 
72 	 41.678688 	 283.323761 	 273.966980 	 2.739997 	 99174.812500 	 445.365906 
73 	 41.678688 	 283.323761 	 270.370789 	 3.208565 	 99973.492188 	 387.870239 
74 	 41.678688 	 283.323761 	 271.619598 	 3.556213 	 99900.820312 	 354.098694 
75 	 41.678688 	 283.323761 	 274.266968 	 2.113131 	 98642.429688 	 355.580261 
76 	 41.678688 	 283.323761 	 273.057739 	 2.839338 	 99101.953125 	 419.474060 
77 	 41.678688 	 283.323761 	 273.274078 	 1.410527 	 99537.312500 	 399.456848 
78 	 41.678688 	 283.323761 	 280.481964 	 4.003980 	 99183.468750 	 372.919617 
79 	 41.678688 	 283.323761 	 281.426544 	 2.386418 	 98807.656250 	 502.375305 
80 	 41.678688 	 283.323761 	 284.298523 	 4.004478 	 98831.273438 	 478.911194 
81 	 41.678688 	 283.323761 	 284.140778 	 4.541862 	 98027.703125 	 390.922577 
82 	 41.678688 	 283.323761 	 277.437073 	 3.546137 	 99041.203125 	 371.228302 
83 	 41.678688 	 283.323761 	 282.498016 	 3.453795 	 98905.726562 	 411.453003 
84 	 41.678688 	 283.323761 	 286.039825 	 1.009418 	 98078.867188 	 423.536682 
85 	 41.678688 	 283.323761 	 284.238312 	 1.143443 	 98071.851562 	 446.299622 
86 	 41.678688 	 283.323761 	 285.039551 	 2.513962 	 98451.023438 	 526.001709 
87 	 41.678688 	 283.323761 	 282.107697 	 2.175266 	 98570.546875 	 480.730011 
88 	 41.678688 	 283.323761 	 281.332581 	 1.284655 	 98490.023438 	 395.026123 
89 	 41.678688 	 283.323761 	 281.904083 	 2.173919 	 98358.718750 	 500.151215 
90 	 41.678688 	 283.323761 	 282.137512 	 4.505350 	 98809.789062 	 517.532104 
91 	 41.678688 	 283.323761 	 282.605103 	 3.010334 	 99083.500000 	 551.753784 
92 	 41.678688 	 283.323761 	 285.001038 	 0.862689 	 99108.132812 	 560.258667 
93 	 41.678688 	 283.323761 	 286.747742 	 2.517924 	 99123.601562 	 537.042236 
94 	 41.678688 	 283.323761 	 288.541351 	 3.856286 	 98761.343750 	 518.948975 
95 	 41.678688 	 283.323761 	 286.978912 	 3.263284 	 98180.742188 	 426.723999 
96 	 41.678688 	 283.323761 	 282.599304 	 2.995467 	 98277.023438 	 578.825439 
97 	 41.678688 	 283.323761 	 281.671326 	 1.560969 	 99436.359375 	 551.443604 
98 	 41.678688 	 283.323761 	 287.080658 	 3.649741 	 99182.429688 	 579.632324 
99 	 41.678688 	 283.323761 	 287.580322 	 3.945015 	 98404.882812 	 578.052002 
100 	 41.678688 	 283.323761 	 281.680817 	 2.949913 	 99118.898438 	 542.934631 
101 	 41.678688 	 283.323761 	 284.442657 	 3.565160 	 98606.523438 	 421.580688 
102 	 41.678688 	 283.323761 	 284.200104 	 4.223165 	 97843.148438 	 593.203369 
103 	 41.678688 	 283.323761 	 281.964478 	 1.710885 	 98941.976562 	 517.248657 
104 	 41.678688 	 283.323761 	 284.736481 	 4.406196 	 98818.250000 	 455.588257 
105 	 41.678688 	 283.323761 	 290.153046 	 4.237420 	 97535.117188 	 499.378296 
106 	 41.678688 	 283.323761 	 287.841248 	 4.729384 	 96964.609375 	 569.072754 
107 	 41.678688 	 283.323761 	 277.507233 	 4.773281 	 98067.867188 	 571.964966 
108 	 41.678688 	 283.323761 	 278.716614 	 2.758012 	 99841.773438 	 550.994934 
109 	 41.678688 	 283.323761 	 284.174927 	 5.302396 	 99692.859375 	 505.175110 
110 	 41.678688 	 283.323761 	 290.236725 	 3.637829 	 98901.703125 	 629.489990 
111 	 41.678688 	 283.323761 	 291.060974 	 3.021490 	 99364.187500 	 619.813965 
112 	 41.678688 	 283.323761 	 294.635559 	 4.098417 	 98738.648438 	 536.034180 
113 	 41.678688 	 283.323761 	 287.186310 	 3.059370 	 97724.843750 	 451.802734 
114 	 41.678688 	 283.323761 	 277.790344 	 4.294005 	 98075.562500 	 555.164917 
115 	 41.678688 	 283.323761 	 278.651794 	 3.211483 	 98770.757812 	 402.946381 
116 	 41.678688 	 283.323761 	 285.684235 	 1.900486 	 99192.539062 	 432.532288 
117 	 41.678688 	 283.323761 	 292.342987 	 3.808733 	 99119.523438 	 586.817261 
118 	 41.678688 	 283.323761 	 295.193512 	 3.634144 	 99112.273438 	 640.311279 
119 	 41.678688 	 283.323761 	 294.468384 	 3.232450 	 99004.296875 	 560.922180 
120 	 41.678688 	 283.323761 	 284.286530 	 3.576085 	 99360.882812 	 570.171021 
121 	 41.678688 	 283.323761 	 284.233856 	 1.574652 	 99717.382812 	 595.281250 
122 	 41.678688 	 283.323761 	 288.143097 	 2.247545 	 98954.101562 	 618.131470 
123 	 41.678688 	 283.323761 	 291.033173 	 3.071742 	 98157.117188 	 567.312195 
124 	 41.678688 	 283.323761 	 286.393738 	 3.135325 	 97908.757812 	 623.335876 
125 	 41.678688 	 283.323761 	 285.995514 	 2.861183 	 98351.796875 	 613.288269 
126 	 41.678688 	 283.323761 	 287.479767 	 1.399119 	 98848.953125 	 575.911621 
127 	 41.678688 	 283.323761 	 293.132355 	 1.038741 	 98848.343750 	 672.725952 
128 	 41.678688 	 283.323761 	 299.414307 	 3.267351 	 98316.359375 	 673.513428 
129 	 41.678688 	 283.323761 	 300.388580 	 2.898068 	 98377.726562 	 676.913452 
130 	 41.678688 	 283.323761 	 295.715759 	 1.884790 	 98602.218750 	 664.890015 
131 	 41.678688 	 283.323761 	 298.400421 	 2.739476 	 98184.000000 	 632.291016 
132 	 41.678688 	 283.323761 	 286.210144 	 4.421957 	 98257.351562 	 613.102905 
133 	 41.678688 	 283.323761 	 283.622498 	 2.484794 	 98955.171875 	 606.587830 
134 	 41.678688 	 283.323761 	 291.292145 	 3.180013 	 98661.039062 	 599.049927 
135 	 41.678688 	 283.323761 	 295.643097 	 4.201777 	 97920.789062 	 662.841064 
136 	 41.678688 	 283.323761 	 285.920929 	 4.525801 	 97748.320312 	 649.250366 
137 	 41.678688 	 283.323761 	 282.222504 	 3.219356 	 98357.476562 	 605.969360 
138 	 41.678688 	 283.323761 	 289.341461 	 2.460303 	 98447.617188 	 592.862122 
139 	 41.678688 	 283.323761 	 302.174713 	 3.986343 	 98138.210938 	 711.531250 
140 	 41.678688 	 283.323761 	 300.675140 	 2.524720 	 98475.476562 	 687.957642 
141 	 41.678688 	 283.323761 	 296.558990 	 2.045691 	 98649.406250 	 636.666992 
142 	 41.678688 	 283.323761 	 296.890289 	 3.139237 	 98334.960938 	 582.617493 
143 	 41.678688 	 283.323761 	 294.701996 	 2.117133 	 98537.406250 	 658.937012 
144 	 41.678688 	 283.323761 	 302.815155 	 4.380579 	 97724.929688 	 729.024719 
145 	 41.678688 	 283.323761 	 297.066589 	 3.854150 	 97642.546875 	 624.482544 
146 	 41.678688 	 283.323761 	 289.522217 	 4.286155 	 98065.898438 	 647.213501 
147 	 41.678688 	 283.323761 	 284.404388 	 4.770968 	 98850.210938 	 579.431641 
148 	 41.678688 	 283.323761 	 285.516693 	 3.336355 	 99278.656250 	 502.579224 
149 	 41.678688 	 283.323761 	 293.289551 	 4.271272 	 98119.906250 	 611.192200 
150 	 41.678688 	 283.323761 	 290.784302 	 2.675909 	 98960.953125 	 669.157715 
151 	 41.678688 	 283.323761 	 291.580414 	 4.329008 	 99152.531250 	 613.758911 
152 	 41.678688 	 283.323761 	 297.658386 	 4.975880 	 98430.398438 	 653.280151 
153 	 41.678688 	 283.323761 	 299.747650 	 1.577145 	 98640.976562 	 708.076050 
154 	 41.678688 	 283.323761 	 302.792969 	 4.108902 	 98313.601562 	 711.336182 
155 	 41.678688 	 283.323761 	 299.472351 	 4.464881 	 98621.726562 	 719.935181 
156 	 41.678688 	 283.323761 	 293.803192 	 1.722670 	 99460.546875 	 617.542725 
157 	 41.678688 	 283.323761 	 296.206024 	 2.006767 	 99136.187500 	 585.993835 
158 	 41.678688 	 283.323761 	 298.803223 	 4.619927 	 98189.046875 	 701.242493 
159 	 41.678688 	 283.323761 	 296.921173 	 5.278272 	 97685.203125 	 665.694336 
160 	 41.678688 	 283.323761 	 288.855499 	 3.268412 	 98338.531250 	 667.928223 
161 	 41.678688 	 283.323761 	 286.138489 	 2.328481 	 98865.476562 	 593.854248 
162 	 41.678688 	 283.323761 	 290.209442 	 1.466234 	 99042.648438 	 659.134155 
163 	 41.678688 	 283.323761 	 290.587067 	 2.771097 	 98919.156250 	 538.039673 
164 	 41.678688 	 283.323761 	 289.180878 	 1.185711 	 98984.882812 	 645.491333 
165 	 41.678688 	 283.323761 	 289.606140 	 2.268125 	 98945.679688 	 550.872986 
166 	 41.678688 	 283.323761 	 293.252045 	 2.177705 	 98548.796875 	 563.613464 
167 	 41.678688 	 283.323761 	 293.740356 	 1.433122 	 98197.250000 	 538.381714 
168 	 41.678688 	 283.323761 	 287.699402 	 4.459594 	 98466.382812 	 681.810547 
169 	 41.678688 	 283.323761 	 289.807098 	 1.142842 	 99235.093750 	 674.076660 
170 	 41.678688 	 283.323761 	 292.714569 	 2.115783 	 99072.867188 	 667.169250 
171 	 41.678688 	 283.323761 	 293.854156 	 3.331928 	 98692.976562 	 588.243408 
172 	 41.678688 	 283.323761 	 293.330597 	 0.885264 	 98655.898438 	 674.613403 
173 	 41.678688 	 283.323761 	 297.265045 	 2.975299 	 98490.296875 	 675.654053 
174 	 41.678688 	 283.323761 	 294.767365 	 5.295709 	 97863.773438 	 625.137390 
175 	 41.678688 	 283.323761 	 290.811676 	 2.133921 	 99016.703125 	 676.880615 
176 	 41.678688 	 283.323761 	 292.227783 	 1.483838 	 99647.273438 	 687.431641 
177 	 41.678688 	 283.323761 	 293.785187 	 1.809588 	 99604.226562 	 697.289673 
178 	 41.678688 	 283.323761 	 296.781769 	 1.686799 	 99081.726562 	 702.607300 
179 	 41.678688 	 283.323761 	 297.758820 	 2.518095 	 99010.046875 	 681.421753 
180 	 41.678688 	 283.323761 	 298.119263 	 2.465896 	 98564.359375 	 564.062012 
181 	 41.678688 	 283.323761 	 297.101074 	 1.702634 	 98508.226562 	 588.375366 
182 	 41.678688 	 283.323761 	 299.029816 	 3.433706 	 97897.523438 	 726.830017 
183 	 41.678688 	 283.323761 	 294.531555 	 3.069637 	 98434.250000 	 558.913574 
184 	 41.678688 	 283.323761 	 290.369995 	 2.355896 	 99039.367188 	 547.319458 
185 	 41.678688 	 283.323761 	 297.230072 	 2.722950 	 98701.398438 	 653.566895 
186 	 41.678688 	 283.323761 	 300.301453 	 3.606134 	 97963.789062 	 727.746033 
187 	 41.678688 	 283.323761 	 296.303497 	 1.355840 	 98413.843750 	 685.064697 
188 	 41.678688 	 283.323761 	 301.701080 	 2.510670 	 98140.609375 	 745.392334 
189 	 41.678688 	 283.323761 	 301.306427 	 3.546525 	 97574.429688 	 720.208740 
190 	 41.678688 	 283.323761 	 292.399689 	 4.115905 	 97928.242188 	 659.356567 
191 	 41.678688 	 283.323761 	 290.542389 	 1.972652 	 98887.578125 	 657.101562 
192 	 41.678688 	 283.323761 	 293.547119 	 1.980683 	 99051.328125 	 674.605957 
193 	 41.678688 	 283.323761 	 298.837952 	 4.249916 	 98495.476562 	 692.809570 
194 	 41.678688 	 283.323761 	 300.166046 	 3.244854 	 98199.359375 	 699.792603 
195 	 41.678688 	 283.323761 	 301.760956 	 4.143823 	 97867.742188 	 647.292847 
196 	 41.678688 	 283.323761 	 293.318970 	 3.383381 	 98286.187500 	 680.395569 
197 	 41.678688 	 283.323761 	 290.532104 	 1.139028 	 98426.953125 	 666.322510 
198 	 41.678688 	 283.323761 	 292.950378 	 2.548298 	 98572.156250 	 660.284302 
199 	 41.678688 	 283.323761 	 297.050385 	 4.877513 	 98692.453125 	 706.652100 
200 	 41.678688 	 283.323761 	 297.114929 	 1.753095 	 98380.523438 	 645.497986 
201 	 41.678688 	 283.323761 	 295.133972 	 3.692349 	 98101.726562 	 576.044189 
202 	 41.678688 	 283.323761 	 297.386383 	 1.547854 	 98381.617188 	 708.365234 
203 	 41.678688 	 283.323761 	 300.489349 	 2.258664 	 98223.281250 	 713.936646 
204 	 41.678688 	 283.323761 	 300.059723 	 2.260757 	 97898.679688 	 535.843933 
205 	 41.678688 	 283.323761 	 300.767334 	 2.755004 	 97885.406250 	 694.620422 
206 	 41.678688 	 283.323761 	 304.039185 	 3.923777 	 97639.429688 	 741.382324 
207 	 41.678688 	 283.323761 	 296.145813 	 3.042120 	 98049.601562 	 683.974121 
208 	 41.678688 	 283.323761 	 290.902710 	 2.828325 	 98411.578125 	 634.464050 
209 	 41.678688 	 283.323761 	 290.112427 	 1.265041 	 99067.023438 	 636.054443 
210 	 41.678688 	 283.323761 	 297.122894 	 3.865591 	 98660.367188 	 577.246643 
211 	 41.678688 	 283.323761 	 306.781647 	 3.627892 	 98055.671875 	 690.390015 
212 	 41.678688 	 283.323761 	 305.480804 	 3.272114 	 98113.359375 	 732.613892 
213 	 41.678688 	 283.323761 	 304.338623 	 1.489618 	 98608.906250 	 707.900757 
214 	 41.678688 	 283.323761 	 305.053650 	 1.594457 	 98595.937500 	 720.552551 
215 	 41.678688 	 283.323761 	 302.546204 	 1.539284 	 98497.257812 	 705.593384 
216 	 41.678688 	 283.323761 	 302.247101 	 1.678472 	 98549.851562 	 655.856934 
217 	 41.678688 	 283.323761 	 301.661438 	 1.947528 	 98518.921875 	 707.320801 
218 	 41.678688 	 283.323761 	 302.765442 	 3.183027 	 98369.093750 	 718.818054 
219 	 41.678688 	 283.323761 	 300.383270 	 2.035102 	 99027.843750 	 679.108459 
220 	 41.678688 	 283.323761 	 303.339874 	 3.236059 	 98666.750000 	 703.708008 
221 	 41.678688 	 283.323761 	 305.167725 	 2.817889 	 98575.453125 	 703.709106 
222 	 41.678688 	 283.323761 	 302.426636 	 1.062457 	 99007.976562 	 689.811829 
223 	 41.678688 	 283.323761 	 301.917938 	 1.245964 	 98936.976562 	 693.082886 
224 	 41.678688 	 283.323761 	 301.962738 	 1.956141 	 99173.007812 	 705.088196 
225 	 41.678688 	 283.323761 	 301.903076 	 1.872259 	 99227.609375 	 695.567810 
226 	 41.678688 	 283.323761 	 304.294464 	 4.015966 	 98565.742188 	 672.649170 
227 	 41.678688 	 283.323761 	 303.153168 	 2.280550 	 98291.656250 	 661.941895 
228 	 41.678688 	 283.323761 	 302.217682 	 1.613171 	 98376.351562 	 679.993591 
229 	 41.678688 	 283.323761 	 303.116852 	 3.273833 	 98058.968750 	 668.299561 
230 	 41.678688 	 283.323761 	 298.719391 	 1.623397 	 98212.617188 	 671.533813 
231 	 41.678688 	 283.323761 	 296.757935 	 1.829226 	 98302.843750 	 570.297180 
232 	 41.678688 	 283.323761 	 294.949158 	 2.348052 	 98390.046875 	 503.470581 
233 	 41.678688 	 283.323761 	 297.100464 	 2.432978 	 98559.562500 	 656.578857 
234 	 41.678688 	 283.323761 	 297.741180 	 1.909219 	 98798.859375 	 631.940002 
235 	 41.678688 	 283.323761 	 297.226288 	 1.587003 	 98773.343750 	 642.238037 
236 	 41.678688 	 283.323761 	 299.336182 	 3.570620 	 98442.523438 	 673.916443 
237 	 41.678688 	 283.323761 	 299.362915 	 1.886677 	 98457.117188 	 636.468262 
238 	 41.678688 	 283.323761 	 298.916809 	 1.116341 	 98729.523438 	 664.746216 
239 	 41.678688 	 283.323761 	 302.531433 	 4.440077 	 98384.640625 	 674.745117 
240 	 41.678688 	 283.323761 	 304.960114 	 4.220242 	 97741.460938 	 661.957886 
241 	 41.678688 	 283.323761 	 298.658661 	 2.123562 	 98822.640625 	 641.895386 
242 	 41.678688 	 283.323761 	 300.531464 	 3.118429 	 98664.593750 	 652.950928 
243 	 41.678688 	 283.323761 	 296.549194 	 1.986031 	 99088.781250 	 617.705383 
244 	 41.678688 	 283.323761 	 296.555237 	 2.097022 	 99320.781250 	 605.522400 
245 	 41.678688 	 283.323761 	 293.744080 	 2.107432 	 99606.570312 	 579.095459 
246 	 41.678688 	 283.323761 	 293.008575 	 2.943319 	 99495.757812 	 445.184723 
247 	 41.678688 	 283.323761 	 290.493591 	 3.346390 	 99790.351562 	 593.083740 
248 	 41.678688 	 283.323761 	 290.210785 	 3.593814 	 100048.703125 	 403.018097 
249 	 41.678688 	 283.323761 	 292.197021 	 3.794021 	 99815.343750 	 449.125214 
250 	 41.678688 	 283.323761 	 294.222870 	 3.169061 	 99392.671875 	 540.945801 
251 	 41.678688 	 283.323761 	 294.389893 	 1.751776 	 99193.882812 	 510.034882 
252 	 41.678688 	 283.323761 	 295.606110 	 1.204143 	 99295.046875 	 611.724304 
253 	 41.678688 	 283.323761 	 294.812073 	 0.874860 	 99409.843750 	 608.155945 
254 	 41.678688 	 283.323761 	 294.615417 	 1.775577 	 99202.000000 	 567.842224 
255 	 41.678688 	 283.323761 	 295.047577 	 2.262460 	 98775.289062 	 624.997803 
256 	 41.678688 	 283.323761 	 296.702545 	 3.022290 	 98611.562500 	 619.096680 
257 	 41.678688 	 283.323761 	 296.093872 	 2.176473 	 98844.460938 	 633.394958 
258 	 41.678688 	 283.323761 	 294.930481 	 2.430359 	 98983.750000 	 585.038635 
259 	 41.678688 	 283.323761 	 291.548462 	 3.804791 	 98538.156250 	 450.889404 
260 	 41.678688 	 283.323761 	 286.440277 	 3.868036 	 99294.906250 	 421.692993 
261 	 41.678688 	 283.323761 	 288.158173 	 4.081128 	 98768.390625 	 410.770691 
262 	 41.678688 	 283.323761 	 288.784698 	 3.062247 	 98666.976562 	 549.201965 
263 	 41.678688 	 283.323761 	 290.181671 	 1.745234 	 99121.109375 	 555.559814 
264 	 41.678688 	 283.323761 	 288.148438 	 1.799491 	 99532.023438 	 543.094360 
265 	 41.678688 	 283.323761 	 292.543213 	 3.356873 	 99242.070312 	 534.678223 
266 	 41.678688 	 283.323761 	 294.611145 	 1.789936 	 99241.179688 	 519.968323 
267 	 41.678688 	 283.323761 	 296.092987 	 1.996719 	 99404.882812 	 588.865662 
268 	 41.678688 	 283.323761 	 296.010590 	 2.077689 	 99438.453125 	 580.474854 
269 	 41.678688 	 283.323761 	 296.425995 	 1.305982 	 99525.906250 	 582.291504 
270 	 41.678688 	 283.323761 	 295.515320 	 0.764422 	 99460.093750 	 564.407593 
271 	 41.678688 	 283.323761 	 293.889374 	 0.790702 	 99148.531250 	 462.724152 
272 	 41.678688 	 283.323761 	 294.675720 	 1.008596 	 98861.648438 	 573.256958 
273 	 41.678688 	 283.323761 	 294.738464 	 0.877909 	 98895.296875 	 541.744507 
274 	 41.678688 	 283.323761 	 293.569305 	 0.729179 	 99109.898438 	 549.408081 
275 	 41.678688 	 283.323761 	 293.548187 	 1.354763 	 99314.593750 	 534.128845 
276 	 41.678688 	 283.323761 	 292.957245 	 1.185700 	 99296.640625 	 541.036133 
277 	 41.678688 	 283.323761 	 293.285095 	 1.985572 	 99117.929688 	 537.252747 
278 	 41.678688 	 283.323761 	 289.431732 	 2.560539 	 98440.093750 	 406.321411 
279 	 41.678688 	 283.323761 	 282.326599 	 2.935604 	 97801.953125 	 412.204376 
280 	 41.678688 	 283.323761 	 282.399506 	 3.783452 	 98033.429688 	 489.078918 
281 	 41.678688 	 283.323761 	 284.222290 	 3.015051 	 98484.359375 	 473.601410 
282 	 41.678688 	 283.323761 	 282.190277 	 1.147418 	 99038.851562 	 468.338745 
283 	 41.678688 	 283.323761 	 287.415253 	 3.406631 	 98886.742188 	 443.688232 
284 	 41.678688 	 283.323761 	 292.537659 	 3.404566 	 98792.656250 	 527.756165 
285 	 41.678688 	 283.323761 	 293.006927 	 3.561060 	 98770.523438 	 472.823364 
286 	 41.678688 	 283.323761 	 284.381592 	 2.382556 	 98864.226562 	 451.075684 
287 	 41.678688 	 283.323761 	 288.759796 	 3.405918 	 98497.796875 	 438.849365 
288 	 41.678688 	 283.323761 	 282.774261 	 2.835037 	 98289.398438 	 428.867432 
289 	 41.678688 	 283.323761 	 283.536987 	 2.935742 	 98637.117188 	 456.221161 
290 	 41.678688 	 283.323761 	 287.016785 	 2.903592 	 99030.421875 	 483.014282 
291 	 41.678688 	 283.323761 	 291.318390 	 2.900656 	 99109.023438 	 503.357117 
292 	 41.678688 	 283.323761 	 290.007355 	 1.091240 	 99494.289062 	 453.262573 
293 	 41.678688 	 283.323761 	 291.337463 	 1.778349 	 99771.859375 	 443.038239 
294 	 41.678688 	 283.323761 	 291.295685 	 2.658860 	 100041.796875 	 457.020508 
295 	 41.678688 	 283.323761 	 291.614624 	 3.511423 	 99725.179688 	 464.322021 
296 	 41.678688 	 283.323761 	 287.308502 	 3.608775 	 98880.546875 	 405.676208 
297 	 41.678688 	 283.323761 	 280.397125 	 3.177009 	 98824.773438 	 444.930939 
298 	 41.678688 	 283.323761 	 279.983337 	 2.592265 	 99265.968750 	 451.384094 
299 	 41.678688 	 283.323761 	 277.694427 	 3.390699 	 99388.718750 	 437.620056 
300 	 41.678688 	 283.323761 	 275.769775 	 2.185983 	 99719.062500 	 413.110504 
301 	 41.678688 	 283.323761 	 279.453613 	 3.679958 	 98542.617188 	 406.598572 
302 	 41.678688 	 283.323761 	 280.407379 	 2.984409 	 98778.250000 	 402.019653 
303 	 41.678688 	 283.323761 	 276.331360 	 1.588750 	 99864.687500 	 430.898499 
304 	 41.678688 	 283.323761 	 279.341736 	 2.352985 	 99609.343750 	 404.563232 
305 	 41.678688 	 283.323761 	 283.737122 	 1.088047 	 99635.171875 	 430.503723 
306 	 41.678688 	 283.323761 	 283.682159 	 0.940714 	 99702.140625 	 382.991486 
307 	 41.678688 	 283.323761 	 285.083405 	 0.888532 	 99440.492188 	 405.325897 
308 	 41.678688 	 283.323761 	 284.734192 	 2.022334 	 99140.546875 	 409.845428 
309 	 41.678688 	 283.323761 	 282.778809 	 1.840430 	 99097.031250 	 415.174408 
310 	 41.678688 	 283.323761 	 283.468414 	 1.656371 	 98918.570312 	 419.539978 
311 	 41.678688 	 283.323761 	 287.902313 	 3.159086 	 98245.101562 	 399.571930 
312 	 41.678688 	 283.323761 	 285.441315 	 3.112956 	 97099.648438 	 427.020020 
313 	 41.678688 	 283.323761 	 278.460419 	 2.356667 	 98380.117188 	 378.343933 
314 	 41.678688 	 283.323761 	 278.782318 	 3.501250 	 98184.890625 	 381.282654 
315 	 41.678688 	 283.323761 	 276.627380 	 4.708060 	 98693.609375 	 372.250549 
316 	 41.678688 	 283.323761 	 273.619812 	 1.887658 	 99861.257812 	 307.925568 
317 	 41.678688 	 283.323761 	 276.051331 	 2.020535 	 99772.109375 	 338.076294 
318 	 41.678688 	 283.323761 	 274.433502 	 3.431346 	 100304.796875 	 338.579407 
319 	 41.678688 	 283.323761 	 285.562286 	 5.695591 	 98827.046875 	 393.650848 
320 	 41.678688 	 283.323761 	 281.994812 	 3.191873 	 97780.382812 	 390.149872 
321 	 41.678688 	 283.323761 	 275.368378 	 2.079271 	 98240.906250 	 353.361603 
322 	 41.678688 	 283.323761 	 274.981506 	 4.445117 	 97809.570312 	 370.264191 
323 	 41.678688 	 283.323761 	 272.334656 	 4.245264 	 98104.953125 	 380.020935 
324 	 41.678688 	 283.323761 	 269.946136 	 3.084394 	 98958.203125 	 321.452911 
325 	 41.678688 	 283.323761 	 274.249451 	 2.689858 	 98725.656250 	 371.564240 
326 	 41.678688 	 283.323761 	 274.883057 	 1.979564 	 98720.031250 	 350.524536 
327 	 41.678688 	 283.323761 	 276.234833 	 2.266080 	 98407.742188 	 359.889465 
328 	 41.678688 	 283.323761 	 277.423981 	 1.844380 	 98816.882812 	 384.972961 
329 	 41.678688 	 283.323761 	 277.008240 	 2.700862 	 98833.851562 	 364.089508 
330 	 41.678688 	 283.323761 	 276.787689 	 3.362959 	 97740.976562 	 331.831085 
331 	 41.678688 	 283.323761 	 271.271606 	 3.505088 	 98168.117188 	 334.342133 
332 	 41.678688 	 283.323761 	 270.780212 	 2.464617 	 99090.617188 	 284.136658 
333 	 41.678688 	 283.323761 	 274.918793 	 2.680584 	 98867.812500 	 382.674652 
334 	 41.678688 	 283.323761 	 273.012604 	 1.531503 	 98965.453125 	 341.901733 
335 	 41.678688 	 283.323761 	 272.050781 	 1.636347 	 99550.882812 	 337.303497 
336 	 41.678688 	 283.323761 	 274.951263 	 3.103065 	 99434.257812 	 356.131775 
337 	 41.678688 	 283.323761 	 280.639465 	 4.695652 	 99014.609375 	 384.926788 
338 	 41.678688 	 283.323761 	 285.169312 	 2.476483 	 98260.882812 	 385.656982 
339 	 41.678688 	 283.323761 	 282.779633 	 1.775208 	 97849.468750 	 421.786835 
340 	 41.678688 	 283.323761 	 278.545471 	 1.985366 	 98604.281250 	 345.352600 
341 	 41.678688 	 283.323761 	 285.277954 	 3.996441 	 96776.453125 	 387.662354 
342 	 41.678688 	 283.323761 	 279.579651 	 4.242323 	 96877.578125 	 390.541992 
343 	 41.678688 	 283.323761 	 278.263794 	 5.634222 	 96469.437500 	 365.074097 
344 	 41.678688 	 283.323761 	 273.020905 	 4.177661 	 98040.882812 	 345.827209 
345 	 41.678688 	 283.323761 	 271.858368 	 2.144115 	 98830.289062 	 297.842926 
346 	 41.678688 	 283.323761 	 272.310822 	 2.822995 	 98396.398438 	 361.884155 
347 	 41.678688 	 283.323761 	 271.131714 	 1.364522 	 98705.101562 	 334.473633 
348 	 41.678688 	 283.323761 	 269.518738 	 4.048556 	 98330.296875 	 336.305054 
349 	 41.678688 	 283.323761 	 268.044617 	 2.420796 	 99116.609375 	 328.268494 
350 	 41.678688 	 283.323761 	 271.861267 	 3.257833 	 99264.437500 	 318.732758 
351 	 41.678688 	 283.323761 	 273.415649 	 2.405668 	 98487.203125 	 350.607239 
352 	 41.678688 	 283.323761 	 276.002258 	 1.422633 	 98126.687500 	 343.655121 
353 	 41.678688 	 283.323761 	 275.339691 	 0.920399 	 98515.210938 	 348.199707 
354 	 41.678688 	 283.323761 	 276.900452 	 4.635232 	 98758.148438 	 342.672546 
355 	 41.678688 	 283.323761 	 278.134399 	 5.483239 	 97024.500000 	 359.462036 
356 	 41.678688 	 283.323761 	 275.844055 	 4.012551 	 97405.570312 	 344.434021 
357 	 41.678688 	 283.323761 	 274.358093 	 1.409330 	 97938.609375 	 324.252991 
358 	 41.678688 	 283.323761 	 274.614380 	 1.536717 	 98444.710938 	 351.290863 
359 	 41.678688 	 283.323761 	 273.478088 	 2.622632 	 98868.179688 	 313.411133 
360 	 41.678688 	 283.323761 	 276.280090 	 3.882242 	 97755.359375 	 350.363800 
361 	 41.678688 	 283.323761 	 275.551910 	 1.319707 	 98285.726562 	 364.946503 
362 	 41.678688 	 283.323761 	 275.695496 	 2.105133 	 98297.281250 	 350.297089 
363 	 41.678688 	 283.323761 	 277.134369 	 4.047181 	 96906.992188 	 366.915466 
364 	 41.678688 	 283.323761 	 273.890167 	 3.798111 	 96969.757812 	 360.812378 
