# 0: Day of Year [-] 	 1: lat [deg] 	 2: lon [deg] 	 3: tas [K] 	 4: sfcWind [m s-1] 	 5: ps [Pa] 	 6: Total Downwelling Rad Flux [W m-2] 
0 	 41.678688 	 283.323761 	 266.423828 	 1.940753 	 98080.367188 	 290.803772 
1 	 41.678688 	 283.323761 	 259.984283 	 4.552719 	 98286.828125 	 300.035583 
2 	 41.678688 	 283.323761 	 257.883698 	 2.870908 	 99418.593750 	 267.626709 
3 	 41.678688 	 283.323761 	 258.709259 	 1.510469 	 99495.578125 	 272.883301 
4 	 41.678688 	 283.323761 	 265.176056 	 1.716539 	 99204.953125 	 332.461243 
5 	 41.678688 	 283.323761 	 266.761017 	 1.531065 	 99804.898438 	 311.739075 
6 	 41.678688 	 283.323761 	 274.104431 	 3.108362 	 99642.367188 	 335.020996 
7 	 41.678688 	 283.323761 	 276.724915 	 2.894947 	 99158.226562 	 342.026215 
8 	 41.678688 	 283.323761 	 279.611053 	 4.825033 	 98466.976562 	 322.477539 
9 	 41.678688 	 283.323761 	 278.898895 	 3.971531 	 97500.406250 	 398.938934 
10 	 41.678688 	 283.323761 	 269.113647 	 1.276460 	 99257.398438 	 265.113586 
11 	 41.678688 	 283.323761 	 269.884644 	 3.835192 	 97026.750000 	 363.543304 
12 	 41.678688 	 283.323761 	 258.603821 	 3.622569 	 98714.593750 	 280.117340 
13 	 41.678688 	 283.323761 	 258.522919 	 3.750513 	 99981.273438 	 256.082764 
14 	 41.678688 	 283.323761 	 275.601410 	 5.258113 	 98932.242188 	 338.371552 
15 	 41.678688 	 283.323761 	 280.681305 	 4.142313 	 98459.890625 	 373.858093 
16 	 41.678688 	 283.323761 	 281.294434 	 3.571414 	 98461.203125 	 385.298401 
17 	 41.678688 	 283.323761 	 277.464081 	 2.740459 	 98944.117188 	 335.132385 
18 	 41.678688 	 283.323761 	 277.767181 	 3.846526 	 98294.851562 	 350.418304 
19 	 41.678688 	 283.323761 	 265.072937 	 2.507786 	 100354.500000 	 306.450012 
20 	 41.678688 	 283.323761 	 266.184204 	 0.821133 	 100991.898438 	 301.851990 
21 	 41.678688 	 283.323761 	 269.272186 	 1.040225 	 100474.000000 	 332.312622 
22 	 41.678688 	 283.323761 	 276.685303 	 2.992133 	 99410.281250 	 340.450714 
23 	 41.678688 	 283.323761 	 278.928802 	 3.275734 	 96665.882812 	 347.228607 
24 	 41.678688 	 283.323761 	 272.653748 	 4.380003 	 96901.617188 	 363.845123 
25 	 41.678688 	 283.323761 	 268.951874 	 2.440388 	 98390.296875 	 333.835785 
26 	 41.678688 	 283.323761 	 270.708099 	 2.765801 	 99075.617188 	 291.945160 
27 	 41.678688 	 283.323761 	 277.242798 	 3.591900 	 98965.148438 	 336.642334 
28 	 41.678688 	 283.323761 	 282.850342 	 4.227676 	 98151.117188 	 362.445740 
29 	 41.678688 	 283.323761 	 281.081238 	 3.739638 	 97537.398438 	 373.707458 
30 	 41.678688 	 283.323761 	 275.597687 	 1.700208 	 97445.023438 	 369.890778 
31 	 41.678688 	 283.323761 	 276.704895 	 2.799824 	 97793.789062 	 383.617859 
32 	 41.678688 	 283.323761 	 275.363831 	 1.084520 	 98738.851562 	 386.182892 
33 	 41.678688 	 283.323761 	 278.160187 	 2.790564 	 99217.382812 	 382.128906 
34 	 41.678688 	 283.323761 	 279.008484 	 1.353249 	 99320.468750 	 380.133911 
35 	 41.678688 	 283.323761 	 275.408508 	 2.157931 	 99445.578125 	 356.663818 
36 	 41.678688 	 283.323761 	 274.667450 	 2.526054 	 100022.398438 	 414.171753 
37 	 41.678688 	 283.323761 	 283.248260 	 4.892920 	 99066.046875 	 387.477570 
38 	 41.678688 	 283.323761 	 280.859436 	 1.648365 	 98904.203125 	 390.405823 
39 	 41.678688 	 283.323761 	 281.308960 	 4.210255 	 98022.648438 	 400.641418 
40 	 41.678688 	 283.323761 	 270.595398 	 5.090147 	 98572.882812 	 390.526855 
41 	 41.678688 	 283.323761 	 270.471497 	 2.646509 	 99431.226562 	 307.997131 
42 	 41.678688 	 283.323761 	 276.320770 	 3.332856 	 98483.382812 	 412.045166 
43 	 41.678688 	 283.323761 	 270.937988 	 2.155915 	 99596.328125 	 403.751770 
44 	 41.678688 	 283.323761 	 275.187439 	 4.123334 	 99143.351562 	 389.216522 
45 	 41.678688 	 283.323761 	 277.338196 	 3.082171 	 98053.601562 	 383.291931 
46 	 41.678688 	 283.323761 	 272.997894 	 3.511822 	 98546.343750 	 432.180359 
47 	 41.678688 	 283.323761 	 276.372498 	 1.893780 	 98319.312500 	 415.374573 
48 	 41.678688 	 283.323761 	 279.817017 	 2.841487 	 97557.726562 	 333.807434 
49 	 41.678688 	 283.323761 	 273.767792 	 2.406856 	 97604.921875 	 426.804382 
50 	 41.678688 	 283.323761 	 267.170135 	 3.347425 	 97978.453125 	 400.356812 
51 	 41.678688 	 283.323761 	 266.441254 	 2.933266 	 98807.320312 	 373.174805 
52 	 41.678688 	 283.323761 	 270.749420 	 2.784204 	 99391.398438 	 393.429443 
53 	 41.678688 	 283.323761 	 277.977600 	 4.207774 	 99396.226562 	 435.036011 
54 	 41.678688 	 283.323761 	 286.037262 	 6.733909 	 97866.921875 	 422.958923 
55 	 41.678688 	 283.323761 	 280.705658 	 2.713575 	 98083.132812 	 418.328064 
56 	 41.678688 	 283.323761 	 276.303894 	 4.240386 	 97664.562500 	 367.485962 
57 	 41.678688 	 283.323761 	 268.952789 	 3.804661 	 97309.023438 	 416.615112 
58 	 41.678688 	 283.323761 	 268.589996 	 3.783463 	 98156.851562 	 420.218262 
59 	 41.678688 	 283.323761 	 269.392456 	 3.121145 	 98846.171875 	 415.139282 
60 	 41.678688 	 283.323761 	 266.426208 	 2.867608 	 99809.796875 	 392.146118 
61 	 41.678688 	 283.323761 	 268.871490 	 3.317734 	 99519.203125 	 336.883850 
62 	 41.678688 	 283.323761 	 271.539185 	 2.435675 	 98487.000000 	 424.947998 
63 	 41.678688 	 283.323761 	 273.819000 	 2.373541 	 98472.953125 	 380.629517 
64 	 41.678688 	 283.323761 	 276.414703 	 2.424518 	 98252.609375 	 369.864868 
65 	 41.678688 	 283.323761 	 277.403625 	 1.797617 	 98410.960938 	 455.737366 
66 	 41.678688 	 283.323761 	 276.718567 	 2.223262 	 98216.500000 	 357.453735 
67 	 41.678688 	 283.323761 	 273.246948 	 4.070059 	 97225.210938 	 355.448242 
68 	 41.678688 	 283.323761 	 271.500610 	 5.269029 	 97957.820312 	 435.466248 
69 	 41.678688 	 283.323761 	 276.147034 	 2.876793 	 98258.468750 	 449.664185 
70 	 41.678688 	 283.323761 	 277.235291 	 2.591233 	 97340.156250 	 398.868744 
71 	 41.678688 	 283.323761 	 270.969147 	 3.717812 	 96792.203125 	 394.008209 
72 	 41.678688 	 283.323761 	 269.767456 	 5.125695 	 97038.437500 	 450.141754 
73 	 41.678688 	 283.323761 	 272.516937 	 2.239039 	 97588.640625 	 431.016479 
74 	 41.678688 	 283.323761 	 274.074677 	 3.063707 	 97367.031250 	 431.474854 
75 	 41.678688 	 283.323761 	 272.758087 	 2.998790 	 97732.117188 	 452.184845 
76 	 41.678688 	 283.323761 	 276.729126 	 4.530062 	 97560.226562 	 421.035400 
77 	 41.678688 	 283.323761 	 277.164337 	 5.537601 	 95846.117188 	 492.733521 
78 	 41.678688 	 283.323761 	 272.227753 	 4.971626 	 96391.203125 	 472.729980 
79 	 41.678688 	 283.323761 	 273.293732 	 3.535333 	 97697.257812 	 472.919739 
80 	 41.678688 	 283.323761 	 275.097473 	 2.136392 	 98454.531250 	 467.851959 
81 	 41.678688 	 283.323761 	 281.740295 	 3.372076 	 98499.351562 	 502.714661 
82 	 41.678688 	 283.323761 	 284.466187 	 4.545951 	 97383.273438 	 365.381134 
83 	 41.678688 	 283.323761 	 271.972961 	 4.533041 	 97384.000000 	 496.487823 
84 	 41.678688 	 283.323761 	 267.470245 	 4.306159 	 98332.960938 	 492.644470 
85 	 41.678688 	 283.323761 	 272.757965 	 2.079575 	 99184.218750 	 477.651794 
86 	 41.678688 	 283.323761 	 275.945190 	 3.079980 	 99048.296875 	 395.639099 
87 	 41.678688 	 283.323761 	 279.481750 	 4.154015 	 97247.117188 	 477.810760 
88 	 41.678688 	 283.323761 	 276.094299 	 5.321557 	 97157.460938 	 521.975281 
89 	 41.678688 	 283.323761 	 276.824280 	 3.762295 	 97897.140625 	 352.906647 
90 	 41.678688 	 283.323761 	 278.776245 	 4.335796 	 96848.351562 	 531.393677 
91 	 41.678688 	 283.323761 	 270.961578 	 3.466207 	 98896.578125 	 505.493591 
92 	 41.678688 	 283.323761 	 278.129150 	 3.069786 	 99455.398438 	 516.466797 
93 	 41.678688 	 283.323761 	 283.127289 	 1.362647 	 100078.796875 	 512.176880 
94 	 41.678688 	 283.323761 	 284.523346 	 3.776261 	 100158.101562 	 481.339600 
95 	 41.678688 	 283.323761 	 287.788391 	 4.563761 	 99485.671875 	 488.064880 
96 	 41.678688 	 283.323761 	 289.945526 	 3.945186 	 98808.437500 	 558.952393 
97 	 41.678688 	 283.323761 	 290.694946 	 2.679062 	 98543.476562 	 531.896912 
98 	 41.678688 	 283.323761 	 289.977783 	 3.882553 	 98140.773438 	 554.084290 
99 	 41.678688 	 283.323761 	 281.168549 	 4.110723 	 98055.406250 	 502.145203 
100 	 41.678688 	 283.323761 	 280.830658 	 2.553895 	 98264.632812 	 539.056580 
101 	 41.678688 	 283.323761 	 281.273376 	 1.706566 	 98495.546875 	 536.432312 
102 	 41.678688 	 283.323761 	 280.632385 	 1.678864 	 99249.242188 	 400.243774 
103 	 41.678688 	 283.323761 	 286.960785 	 3.586053 	 99301.570312 	 543.641541 
104 	 41.678688 	 283.323761 	 290.476074 	 5.960960 	 98148.429688 	 461.392914 
105 	 41.678688 	 283.323761 	 288.027832 	 4.653139 	 97136.523438 	 504.805054 
106 	 41.678688 	 283.323761 	 282.895966 	 2.256824 	 98460.273438 	 586.517212 
107 	 41.678688 	 283.323761 	 282.330353 	 2.944647 	 98929.789062 	 402.780060 
108 	 41.678688 	 283.323761 	 282.991852 	 2.935390 	 97955.476562 	 465.005615 
109 	 41.678688 	 283.323761 	 284.070374 	 2.858831 	 98150.421875 	 580.398132 
110 	 41.678688 	 283.323761 	 282.687744 	 2.885518 	 98416.078125 	 507.369019 
111 	 41.678688 	 283.323761 	 280.881409 	 1.322543 	 98919.359375 	 563.319641 
112 	 41.678688 	 283.323761 	 286.433929 	 2.723584 	 98445.242188 	 549.485352 
113 	 41.678688 	 283.323761 	 284.714783 	 1.398868 	 98902.156250 	 597.344360 
114 	 41.678688 	 283.323761 	 289.845093 	 3.034461 	 98397.953125 	 610.364746 
115 	 41.678688 	 283.323761 	 290.272034 	 1.665200 	 98586.500000 	 598.037354 
116 	 41.678688 	 283.323761 	 292.199677 	 1.803471 	 98620.093750 	 643.110107 
117 	 41.678688 	 283.323761 	 294.169006 	 2.807115 	 98311.093750 	 647.072632 
118 	 41.678688 	 283.323761 	 288.898895 	 4.262664 	 97972.656250 	 615.320435 
119 	 41.678688 	 283.323761 	 280.578918 	 3.249385 	 98803.593750 	 603.211243 
120 	 41.678688 	 283.323761 	 282.970001 	 2.724726 	 98876.593750 	 588.124146 
121 	 41.678688 	 283.323761 	 288.305328 	 2.352525 	 98858.046875 	 615.474915 
122 	 41.678688 	 283.323761 	 288.854797 	 2.670360 	 99335.343750 	 618.195068 
123 	 41.678688 	 283.323761 	 291.362335 	 3.681429 	 99022.773438 	 623.804626 
124 	 41.678688 	 283.323761 	 291.349701 	 3.376750 	 98398.617188 	 598.531372 
125 	 41.678688 	 283.323761 	 291.476685 	 1.902986 	 98855.882812 	 599.603577 
126 	 41.678688 	 283.323761 	 295.342010 	 2.655372 	 98600.851562 	 635.832214 
127 	 41.678688 	 283.323761 	 296.874146 	 1.437786 	 98540.000000 	 668.578735 
128 	 41.678688 	 283.323761 	 293.486786 	 2.027447 	 98414.257812 	 568.862000 
129 	 41.678688 	 283.323761 	 282.777924 	 3.088666 	 99135.210938 	 481.742676 
130 	 41.678688 	 283.323761 	 285.660553 	 0.907655 	 99340.226562 	 580.004639 
131 	 41.678688 	 283.323761 	 284.857941 	 2.257367 	 99193.773438 	 400.776611 
132 	 41.678688 	 283.323761 	 285.845367 	 3.153683 	 99460.203125 	 423.965515 
133 	 41.678688 	 283.323761 	 288.167542 	 2.102192 	 99497.523438 	 508.595184 
134 	 41.678688 	 283.323761 	 290.807373 	 1.359670 	 98806.593750 	 657.645752 
135 	 41.678688 	 283.323761 	 292.017975 	 1.617991 	 98251.898438 	 667.407227 
136 	 41.678688 	 283.323761 	 291.860992 	 2.017051 	 98477.953125 	 666.906128 
137 	 41.678688 	 283.323761 	 290.106140 	 1.880755 	 98813.226562 	 647.944641 
138 	 41.678688 	 283.323761 	 291.000427 	 4.823770 	 98704.046875 	 589.164917 
139 	 41.678688 	 283.323761 	 292.258453 	 5.177621 	 98002.750000 	 499.989624 
140 	 41.678688 	 283.323761 	 284.876709 	 5.855453 	 98362.453125 	 647.723816 
141 	 41.678688 	 283.323761 	 282.790222 	 3.070803 	 99041.453125 	 619.256470 
142 	 41.678688 	 283.323761 	 283.298553 	 1.306745 	 99409.406250 	 624.715820 
143 	 41.678688 	 283.323761 	 288.300201 	 3.624750 	 99197.023438 	 642.317017 
144 	 41.678688 	 283.323761 	 296.064728 	 4.745991 	 98218.296875 	 640.063110 
145 	 41.678688 	 283.323761 	 292.654846 	 1.608616 	 98771.406250 	 675.418701 
146 	 41.678688 	 283.323761 	 295.809662 	 3.383209 	 98231.437500 	 651.543701 
147 	 41.678688 	 283.323761 	 293.332550 	 2.998719 	 98147.312500 	 685.171448 
148 	 41.678688 	 283.323761 	 290.411682 	 2.422927 	 98545.742188 	 578.371155 
149 	 41.678688 	 283.323761 	 295.606140 	 4.307528 	 97658.976562 	 692.813232 
150 	 41.678688 	 283.323761 	 290.627563 	 3.775617 	 97492.679688 	 650.978149 
151 	 41.678688 	 283.323761 	 287.810883 	 2.067083 	 97769.828125 	 617.167480 
152 	 41.678688 	 283.323761 	 287.839203 	 1.853318 	 98165.093750 	 605.767334 
153 	 41.678688 	 283.323761 	 290.648529 	 1.135873 	 98774.312500 	 639.348022 
154 	 41.678688 	 283.323761 	 292.974243 	 2.615420 	 99040.937500 	 646.187866 
155 	 41.678688 	 283.323761 	 294.946747 	 3.767668 	 99201.539062 	 693.710632 
156 	 41.678688 	 283.323761 	 295.395508 	 4.104474 	 98918.523438 	 684.434570 
157 	 41.678688 	 283.323761 	 298.978790 	 4.713015 	 98277.453125 	 727.802979 
158 	 41.678688 	 283.323761 	 300.258057 	 2.635006 	 98084.406250 	 737.231445 
159 	 41.678688 	 283.323761 	 300.722473 	 2.963692 	 98065.359375 	 659.756104 
160 	 41.678688 	 283.323761 	 299.276672 	 2.240319 	 98596.296875 	 715.810608 
161 	 41.678688 	 283.323761 	 299.124084 	 4.485006 	 98760.453125 	 705.820190 
162 	 41.678688 	 283.323761 	 296.660736 	 3.845161 	 97813.921875 	 573.865601 
163 	 41.678688 	 283.323761 	 294.861542 	 1.639907 	 98284.632812 	 710.114014 
164 	 41.678688 	 283.323761 	 295.099121 	 2.602217 	 98219.617188 	 659.905212 
165 	 41.678688 	 283.323761 	 289.780609 	 5.015028 	 98584.851562 	 653.340210 
166 	 41.678688 	 283.323761 	 287.824646 	 3.512320 	 99201.132812 	 655.010742 
167 	 41.678688 	 283.323761 	 290.339569 	 2.802896 	 99120.679688 	 667.742371 
168 	 41.678688 	 283.323761 	 293.759399 	 2.636949 	 98710.226562 	 691.784424 
169 	 41.678688 	 283.323761 	 294.600769 	 1.699806 	 98635.203125 	 661.613708 
170 	 41.678688 	 283.323761 	 292.985596 	 1.094267 	 98530.148438 	 687.837402 
171 	 41.678688 	 283.323761 	 295.370392 	 1.868049 	 97959.843750 	 676.670166 
172 	 41.678688 	 283.323761 	 294.152405 	 2.434703 	 98295.500000 	 704.439941 
173 	 41.678688 	 283.323761 	 293.512848 	 1.139523 	 98717.539062 	 684.867676 
174 	 41.678688 	 283.323761 	 297.049225 	 1.552358 	 98764.460938 	 713.848816 
175 	 41.678688 	 283.323761 	 298.056641 	 2.785925 	 98357.273438 	 632.314514 
176 	 41.678688 	 283.323761 	 298.373230 	 3.066967 	 98577.656250 	 657.694336 
177 	 41.678688 	 283.323761 	 295.845428 	 2.158845 	 99362.796875 	 579.591370 
178 	 41.678688 	 283.323761 	 293.775177 	 3.845787 	 99480.773438 	 655.730957 
179 	 41.678688 	 283.323761 	 297.235504 	 4.034566 	 98786.820312 	 694.235352 
180 	 41.678688 	 283.323761 	 297.803314 	 3.763145 	 98180.953125 	 703.821777 
181 	 41.678688 	 283.323761 	 294.076599 	 3.358519 	 98121.273438 	 656.538513 
182 	 41.678688 	 283.323761 	 291.256073 	 3.271499 	 98646.390625 	 679.308899 
183 	 41.678688 	 283.323761 	 290.705109 	 1.914265 	 98967.453125 	 667.050659 
184 	 41.678688 	 283.323761 	 290.375610 	 2.736152 	 99033.648438 	 674.028076 
185 	 41.678688 	 283.323761 	 289.652069 	 1.100237 	 99467.046875 	 648.335449 
186 	 41.678688 	 283.323761 	 292.435028 	 0.780247 	 99346.390625 	 646.219910 
187 	 41.678688 	 283.323761 	 293.657227 	 2.454637 	 98975.773438 	 659.625366 
188 	 41.678688 	 283.323761 	 295.336792 	 1.632360 	 98738.890625 	 667.192932 
189 	 41.678688 	 283.323761 	 297.695496 	 1.253882 	 98502.750000 	 729.263916 
190 	 41.678688 	 283.323761 	 299.071869 	 2.878075 	 97939.562500 	 709.300964 
191 	 41.678688 	 283.323761 	 298.160889 	 1.893392 	 98104.750000 	 578.032227 
192 	 41.678688 	 283.323761 	 292.939819 	 2.866799 	 98400.156250 	 677.354065 
193 	 41.678688 	 283.323761 	 293.606689 	 0.953438 	 98807.882812 	 683.545288 
194 	 41.678688 	 283.323761 	 296.124573 	 2.122249 	 98508.250000 	 651.423950 
195 	 41.678688 	 283.323761 	 299.092621 	 1.500889 	 98296.539062 	 701.538940 
196 	 41.678688 	 283.323761 	 298.060974 	 0.784741 	 98230.429688 	 703.513794 
197 	 41.678688 	 283.323761 	 298.769684 	 1.358859 	 98409.906250 	 682.191772 
198 	 41.678688 	 283.323761 	 296.890991 	 1.582515 	 98405.273438 	 646.812439 
199 	 41.678688 	 283.323761 	 296.621246 	 3.758350 	 97994.546875 	 671.433472 
200 	 41.678688 	 283.323761 	 294.305420 	 1.216380 	 98228.781250 	 666.072205 
201 	 41.678688 	 283.323761 	 297.144684 	 1.916863 	 98430.390625 	 700.641113 
202 	 41.678688 	 283.323761 	 299.223450 	 4.117809 	 98715.726562 	 695.658569 
203 	 41.678688 	 283.323761 	 298.131927 	 3.842563 	 98842.757812 	 535.100342 
204 	 41.678688 	 283.323761 	 298.750244 	 4.471363 	 98645.906250 	 685.019653 
205 	 41.678688 	 283.323761 	 298.718140 	 3.309180 	 98198.789062 	 573.466797 
206 	 41.678688 	 283.323761 	 296.527161 	 1.505594 	 98608.687500 	 655.506897 
207 	 41.678688 	 283.323761 	 297.159698 	 1.095388 	 98642.093750 	 674.873352 
208 	 41.678688 	 283.323761 	 299.673035 	 2.685877 	 98228.656250 	 725.367798 
209 	 41.678688 	 283.323761 	 301.876465 	 1.818667 	 98066.179688 	 716.680786 
210 	 41.678688 	 283.323761 	 300.348083 	 3.775596 	 97882.992188 	 711.773804 
211 	 41.678688 	 283.323761 	 297.899170 	 1.656034 	 98646.492188 	 517.989441 
212 	 41.678688 	 283.323761 	 297.278198 	 2.710967 	 98640.382812 	 695.934631 
213 	 41.678688 	 283.323761 	 295.565491 	 2.130179 	 98854.382812 	 674.852844 
214 	 41.678688 	 283.323761 	 298.397095 	 3.780548 	 98426.132812 	 625.758362 
215 	 41.678688 	 283.323761 	 298.795898 	 4.330898 	 97972.140625 	 659.868896 
216 	 41.678688 	 283.323761 	 293.307404 	 1.457934 	 98867.476562 	 656.863281 
217 	 41.678688 	 283.323761 	 294.248077 	 1.951042 	 98963.906250 	 509.213867 
218 	 41.678688 	 283.323761 	 296.358795 	 3.102203 	 98516.500000 	 634.994629 
219 	 41.678688 	 283.323761 	 297.071350 	 4.216860 	 98173.703125 	 618.386902 
220 	 41.678688 	 283.323761 	 293.259430 	 1.441521 	 98216.156250 	 590.603699 
221 	 41.678688 	 283.323761 	 292.667450 	 1.193788 	 98959.093750 	 645.152893 
222 	 41.678688 	 283.323761 	 294.101868 	 1.028161 	 99002.531250 	 654.775879 
223 	 41.678688 	 283.323761 	 295.682404 	 1.599161 	 99063.773438 	 667.052612 
224 	 41.678688 	 283.323761 	 295.333435 	 3.323626 	 98944.046875 	 468.090668 
225 	 41.678688 	 283.323761 	 295.848877 	 1.995068 	 98680.476562 	 658.983276 
226 	 41.678688 	 283.323761 	 295.265472 	 0.840865 	 98914.742188 	 606.687378 
227 	 41.678688 	 283.323761 	 296.372894 	 2.435723 	 98762.460938 	 677.152832 
228 	 41.678688 	 283.323761 	 299.468109 	 4.092963 	 97747.421875 	 682.197266 
229 	 41.678688 	 283.323761 	 296.274078 	 2.372373 	 97536.617188 	 655.217102 
230 	 41.678688 	 283.323761 	 292.025665 	 3.297301 	 97586.656250 	 483.120605 
231 	 41.678688 	 283.323761 	 292.085846 	 5.072189 	 97739.429688 	 577.354614 
232 	 41.678688 	 283.323761 	 290.814362 	 3.630726 	 98591.546875 	 613.058716 
233 	 41.678688 	 283.323761 	 288.932678 	 2.319339 	 98563.687500 	 456.218689 
234 	 41.678688 	 283.323761 	 293.423859 	 2.637091 	 97951.703125 	 624.600464 
235 	 41.678688 	 283.323761 	 292.311523 	 1.177537 	 98307.296875 	 490.205017 
236 	 41.678688 	 283.323761 	 293.503998 	 2.016220 	 98389.656250 	 465.845673 
237 	 41.678688 	 283.323761 	 290.803284 	 2.711753 	 98833.921875 	 598.106750 
238 	 41.678688 	 283.323761 	 288.415253 	 0.951577 	 99369.296875 	 481.583954 
239 	 41.678688 	 283.323761 	 290.856110 	 1.173330 	 99483.710938 	 578.208008 
240 	 41.678688 	 283.323761 	 292.329010 	 1.199918 	 99547.867188 	 617.444580 
241 	 41.678688 	 283.323761 	 292.396118 	 1.923357 	 99328.828125 	 514.114990 
242 	 41.678688 	 283.323761 	 293.874786 	 1.729185 	 98946.351562 	 518.474304 
243 	 41.678688 	 283.323761 	 294.023621 	 1.824838 	 98918.859375 	 643.183838 
244 	 41.678688 	 283.323761 	 295.531311 	 1.708928 	 98910.328125 	 624.314819 
245 	 41.678688 	 283.323761 	 296.421600 	 1.777151 	 98593.757812 	 556.695435 
246 	 41.678688 	 283.323761 	 298.916962 	 3.238941 	 98348.773438 	 595.249451 
247 	 41.678688 	 283.323761 	 296.615417 	 2.389969 	 98358.468750 	 599.387268 
248 	 41.678688 	 283.323761 	 294.878082 	 2.851337 	 99001.906250 	 603.425964 
249 	 41.678688 	 283.323761 	 293.102600 	 0.875934 	 99315.562500 	 607.141296 
250 	 41.678688 	 283.323761 	 293.426666 	 0.987008 	 99497.492188 	 586.589417 
251 	 41.678688 	 283.323761 	 294.294312 	 2.001227 	 99270.960938 	 549.568115 
252 	 41.678688 	 283.323761 	 295.898041 	 1.984610 	 98724.351562 	 616.672668 
253 	 41.678688 	 283.323761 	 293.569397 	 2.809790 	 98434.890625 	 604.579346 
254 	 41.678688 	 283.323761 	 288.029633 	 1.868440 	 99424.976562 	 555.886719 
255 	 41.678688 	 283.323761 	 290.293213 	 2.860361 	 99602.453125 	 571.626282 
256 	 41.678688 	 283.323761 	 292.188354 	 3.826017 	 99533.328125 	 556.203308 
257 	 41.678688 	 283.323761 	 293.430603 	 3.983227 	 98818.789062 	 458.073303 
258 	 41.678688 	 283.323761 	 286.054016 	 2.594293 	 99023.203125 	 457.562805 
259 	 41.678688 	 283.323761 	 285.546967 	 0.466766 	 99675.382812 	 546.137390 
260 	 41.678688 	 283.323761 	 290.080811 	 0.888466 	 99463.742188 	 563.327332 
261 	 41.678688 	 283.323761 	 292.102020 	 1.455587 	 99130.359375 	 570.330200 
262 	 41.678688 	 283.323761 	 292.733856 	 2.430992 	 98841.726562 	 569.788147 
263 	 41.678688 	 283.323761 	 292.774017 	 3.123214 	 98577.609375 	 563.356201 
264 	 41.678688 	 283.323761 	 293.140411 	 2.986593 	 98174.976562 	 522.096802 
265 	 41.678688 	 283.323761 	 288.033905 	 2.912338 	 98130.906250 	 541.479431 
266 	 41.678688 	 283.323761 	 289.541077 	 3.729683 	 98595.132812 	 534.897583 
267 	 41.678688 	 283.323761 	 296.353149 	 3.197980 	 98453.359375 	 561.619141 
268 	 41.678688 	 283.323761 	 289.239197 	 2.233034 	 98920.273438 	 475.883514 
269 	 41.678688 	 283.323761 	 284.189453 	 3.330257 	 99067.570312 	 478.091064 
270 	 41.678688 	 283.323761 	 282.381073 	 0.987891 	 99724.843750 	 501.372681 
271 	 41.678688 	 283.323761 	 285.271667 	 2.039416 	 99457.679688 	 508.837830 
272 	 41.678688 	 283.323761 	 288.996368 	 1.598623 	 99202.468750 	 528.648438 
273 	 41.678688 	 283.323761 	 291.527679 	 3.230272 	 99025.578125 	 544.789062 
274 	 41.678688 	 283.323761 	 291.635254 	 2.981827 	 98514.031250 	 537.044556 
275 	 41.678688 	 283.323761 	 284.920929 	 2.592985 	 99109.781250 	 487.487762 
276 	 41.678688 	 283.323761 	 285.983002 	 2.102948 	 99273.523438 	 531.469727 
277 	 41.678688 	 283.323761 	 290.565643 	 3.048280 	 98353.718750 	 518.085999 
278 	 41.678688 	 283.323761 	 288.376801 	 2.210127 	 98605.812500 	 510.958191 
279 	 41.678688 	 283.323761 	 285.481140 	 2.391386 	 99224.890625 	 479.924438 
280 	 41.678688 	 283.323761 	 294.172882 	 3.836112 	 98662.906250 	 536.094421 
281 	 41.678688 	 283.323761 	 295.348419 	 2.804829 	 98733.976562 	 536.411072 
282 	 41.678688 	 283.323761 	 293.707153 	 3.786897 	 98596.492188 	 451.998169 
283 	 41.678688 	 283.323761 	 284.357391 	 3.619926 	 98869.640625 	 441.367401 
284 	 41.678688 	 283.323761 	 280.479279 	 1.342920 	 99820.820312 	 460.855591 
285 	 41.678688 	 283.323761 	 280.939758 	 1.518558 	 99785.343750 	 459.258087 
286 	 41.678688 	 283.323761 	 281.102295 	 1.502511 	 100382.898438 	 400.325378 
287 	 41.678688 	 283.323761 	 283.125916 	 3.519793 	 100014.296875 	 451.766602 
288 	 41.678688 	 283.323761 	 287.179016 	 2.424249 	 99190.671875 	 409.751831 
289 	 41.678688 	 283.323761 	 287.712433 	 2.155709 	 99263.593750 	 460.573425 
290 	 41.678688 	 283.323761 	 282.230316 	 0.833908 	 99333.242188 	 436.047119 
291 	 41.678688 	 283.323761 	 282.272888 	 0.877456 	 99197.367188 	 448.229309 
292 	 41.678688 	 283.323761 	 288.782928 	 2.416179 	 98456.718750 	 460.923309 
293 	 41.678688 	 283.323761 	 283.832123 	 3.185690 	 99010.757812 	 425.988007 
294 	 41.678688 	 283.323761 	 278.811035 	 1.641112 	 100060.898438 	 449.483093 
295 	 41.678688 	 283.323761 	 279.774750 	 2.209223 	 100163.703125 	 429.584534 
296 	 41.678688 	 283.323761 	 284.381378 	 3.573650 	 99684.289062 	 441.648773 
297 	 41.678688 	 283.323761 	 284.197357 	 3.678323 	 98984.843750 	 381.877014 
298 	 41.678688 	 283.323761 	 277.070557 	 3.912059 	 99568.820312 	 448.590668 
299 	 41.678688 	 283.323761 	 276.081940 	 0.888045 	 99785.632812 	 409.795471 
300 	 41.678688 	 283.323761 	 280.429810 	 1.876716 	 99462.039062 	 421.393036 
301 	 41.678688 	 283.323761 	 281.911774 	 1.399159 	 99044.046875 	 424.958191 
302 	 41.678688 	 283.323761 	 282.382477 	 1.343207 	 99008.726562 	 426.647827 
303 	 41.678688 	 283.323761 	 284.053253 	 2.149163 	 99077.367188 	 387.880981 
304 	 41.678688 	 283.323761 	 286.008057 	 2.624346 	 98995.273438 	 400.779602 
305 	 41.678688 	 283.323761 	 282.694061 	 2.819663 	 99801.796875 	 438.268188 
306 	 41.678688 	 283.323761 	 279.241150 	 1.735963 	 100426.398438 	 410.236816 
307 	 41.678688 	 283.323761 	 284.518005 	 2.566818 	 99828.148438 	 394.797729 
308 	 41.678688 	 283.323761 	 287.422516 	 3.903787 	 99377.031250 	 429.546692 
309 	 41.678688 	 283.323761 	 284.236847 	 4.363739 	 97880.343750 	 388.762329 
310 	 41.678688 	 283.323761 	 275.737671 	 2.539199 	 98317.132812 	 354.006531 
311 	 41.678688 	 283.323761 	 274.660095 	 1.749904 	 99664.476562 	 366.074860 
312 	 41.678688 	 283.323761 	 276.921692 	 3.712468 	 100351.601562 	 392.626892 
313 	 41.678688 	 283.323761 	 283.306244 	 3.027943 	 100116.601562 	 396.638336 
314 	 41.678688 	 283.323761 	 286.819672 	 2.958352 	 99611.562500 	 434.719849 
315 	 41.678688 	 283.323761 	 287.183716 	 1.833926 	 98661.468750 	 411.473541 
316 	 41.678688 	 283.323761 	 283.505463 	 2.521832 	 98209.500000 	 392.826202 
317 	 41.678688 	 283.323761 	 276.588135 	 3.190291 	 98148.093750 	 370.412689 
318 	 41.678688 	 283.323761 	 274.796478 	 2.507127 	 98992.296875 	 364.081970 
319 	 41.678688 	 283.323761 	 273.392517 	 0.956524 	 99647.437500 	 336.730713 
320 	 41.678688 	 283.323761 	 274.864502 	 1.612870 	 99399.992188 	 347.710785 
321 	 41.678688 	 283.323761 	 275.280090 	 1.515042 	 99367.421875 	 359.642242 
322 	 41.678688 	 283.323761 	 274.180267 	 0.972568 	 99225.281250 	 334.986115 
323 	 41.678688 	 283.323761 	 275.546082 	 2.631686 	 99372.421875 	 361.377350 
324 	 41.678688 	 283.323761 	 272.609863 	 0.988088 	 100062.703125 	 352.715973 
325 	 41.678688 	 283.323761 	 275.382843 	 2.686621 	 100257.796875 	 345.035461 
326 	 41.678688 	 283.323761 	 279.327820 	 2.678937 	 99665.390625 	 350.814392 
327 	 41.678688 	 283.323761 	 277.455536 	 1.770478 	 99221.390625 	 383.415924 
328 	 41.678688 	 283.323761 	 282.758087 	 4.094695 	 98266.828125 	 384.372864 
329 	 41.678688 	 283.323761 	 281.891235 	 4.436703 	 97926.187500 	 343.160248 
330 	 41.678688 	 283.323761 	 271.901001 	 2.604528 	 99974.398438 	 336.683044 
331 	 41.678688 	 283.323761 	 275.981506 	 4.473652 	 98700.187500 	 385.583801 
332 	 41.678688 	 283.323761 	 274.951508 	 4.055236 	 97643.992188 	 337.689575 
333 	 41.678688 	 283.323761 	 272.303436 	 3.748935 	 97920.953125 	 360.374084 
334 	 41.678688 	 283.323761 	 269.839722 	 2.645197 	 99723.351562 	 315.415466 
335 	 41.678688 	 283.323761 	 277.159912 	 4.958030 	 99753.117188 	 334.902863 
336 	 41.678688 	 283.323761 	 284.972565 	 4.038521 	 98752.656250 	 376.145782 
337 	 41.678688 	 283.323761 	 286.244324 	 2.439392 	 96712.062500 	 389.847168 
338 	 41.678688 	 283.323761 	 275.528442 	 5.391811 	 96307.656250 	 374.884949 
339 	 41.678688 	 283.323761 	 271.330200 	 4.777443 	 97682.867188 	 324.475647 
340 	 41.678688 	 283.323761 	 269.775391 	 3.455723 	 98530.031250 	 348.167511 
341 	 41.678688 	 283.323761 	 270.646698 	 4.652434 	 98441.117188 	 306.976318 
342 	 41.678688 	 283.323761 	 268.226685 	 1.917777 	 100012.500000 	 303.178436 
343 	 41.678688 	 283.323761 	 269.752106 	 1.466026 	 100140.296875 	 311.869446 
344 	 41.678688 	 283.323761 	 270.297394 	 3.910588 	 99759.359375 	 324.086121 
345 	 41.678688 	 283.323761 	 266.892670 	 2.627065 	 99984.656250 	 289.534576 
346 	 41.678688 	 283.323761 	 265.845795 	 0.358077 	 99683.468750 	 272.775665 
347 	 41.678688 	 283.323761 	 269.027832 	 0.745179 	 99518.476562 	 308.487335 
348 	 41.678688 	 283.323761 	 271.380035 	 2.473526 	 98779.726562 	 288.714447 
349 	 41.678688 	 283.323761 	 273.928528 	 5.005174 	 96625.273438 	 368.017975 
350 	 41.678688 	 283.323761 	 274.057129 	 3.087810 	 96928.273438 	 345.391022 
351 	 41.678688 	 283.323761 	 270.589905 	 3.670264 	 96929.101562 	 351.428223 
352 	 41.678688 	 283.323761 	 268.111877 	 4.007195 	 97838.562500 	 315.315155 
353 	 41.678688 	 283.323761 	 268.322388 	 2.293758 	 99224.789062 	 313.597656 
354 	 41.678688 	 283.323761 	 273.114502 	 4.233526 	 99172.921875 	 311.031494 
355 	 41.678688 	 283.323761 	 278.687927 	 4.192913 	 98721.812500 	 333.917419 
356 	 41.678688 	 283.323761 	 282.476685 	 2.538401 	 97928.718750 	 382.212433 
357 	 41.678688 	 283.323761 	 279.622284 	 3.758200 	 97842.757812 	 344.418976 
358 	 41.678688 	 283.323761 	 273.337036 	 4.444453 	 97014.101562 	 343.577606 
359 	 41.678688 	 283.323761 	 268.236511 	 0.921484 	 98720.382812 	 332.222107 
360 	 41.678688 	 283.323761 	 269.230072 	 3.810692 	 98282.578125 	 334.751129 
361 	 41.678688 	 283.323761 	 264.733734 	 3.730106 	 98241.757812 	 291.115662 
362 	 41.678688 	 283.323761 	 267.807922 	 2.832824 	 98373.906250 	 332.751404 
363 	 41.678688 	 283.323761 	 267.469238 	 2.552315 	 98725.351562 	 303.273132 
364 	 41.678688 	 283.323761 	 272.874481 	 2.773871 	 98549.312500 	 319.874512 
