# 0: Day of Year [-] 	 1: lat [deg] 	 2: lon [deg] 	 3: tas [K] 	 4: sfcWind [m s-1] 	 5: ps [Pa] 	 6: Total Downwelling Rad Flux [W m-2] 
0 	 41.678688 	 283.323761 	 276.066040 	 3.140814 	 99496.843750 	 354.438232 
1 	 41.678688 	 283.323761 	 279.462280 	 1.273529 	 98476.968750 	 358.162201 
2 	 41.678688 	 283.323761 	 275.621552 	 2.372253 	 98924.960938 	 370.417419 
3 	 41.678688 	 283.323761 	 273.721161 	 1.367626 	 99287.796875 	 347.933350 
4 	 41.678688 	 283.323761 	 274.749908 	 2.217439 	 99179.859375 	 328.348450 
5 	 41.678688 	 283.323761 	 274.222687 	 2.472171 	 99424.156250 	 321.736023 
6 	 41.678688 	 283.323761 	 277.688263 	 1.857362 	 98743.539062 	 378.482056 
7 	 41.678688 	 283.323761 	 274.291168 	 1.898051 	 98707.640625 	 345.376343 
8 	 41.678688 	 283.323761 	 276.603973 	 4.425530 	 96952.421875 	 379.783051 
9 	 41.678688 	 283.323761 	 271.403473 	 4.928100 	 96910.062500 	 349.283539 
10 	 41.678688 	 283.323761 	 269.976959 	 3.556832 	 98628.867188 	 287.467346 
11 	 41.678688 	 283.323761 	 272.299835 	 2.001298 	 99736.179688 	 331.560364 
12 	 41.678688 	 283.323761 	 275.273285 	 3.871356 	 99746.843750 	 341.630554 
13 	 41.678688 	 283.323761 	 269.972870 	 2.187774 	 100051.898438 	 308.124451 
14 	 41.678688 	 283.323761 	 271.589386 	 2.001016 	 99416.812500 	 351.746887 
15 	 41.678688 	 283.323761 	 271.689728 	 0.712511 	 99547.703125 	 336.821594 
16 	 41.678688 	 283.323761 	 275.534943 	 1.811325 	 99583.343750 	 348.799316 
17 	 41.678688 	 283.323761 	 276.800354 	 3.050714 	 99459.843750 	 355.422791 
18 	 41.678688 	 283.323761 	 283.578522 	 4.578478 	 98519.062500 	 386.686127 
19 	 41.678688 	 283.323761 	 278.842499 	 2.413646 	 98551.617188 	 364.942902 
20 	 41.678688 	 283.323761 	 280.579254 	 4.061712 	 98105.257812 	 320.732239 
21 	 41.678688 	 283.323761 	 275.489807 	 6.002773 	 97025.078125 	 370.602539 
22 	 41.678688 	 283.323761 	 273.560211 	 1.891305 	 98685.468750 	 335.394623 
23 	 41.678688 	 283.323761 	 273.468658 	 1.735363 	 99332.351562 	 377.356720 
24 	 41.678688 	 283.323761 	 273.014160 	 1.466431 	 99427.562500 	 385.361633 
25 	 41.678688 	 283.323761 	 270.648041 	 3.544386 	 98623.976562 	 333.014893 
26 	 41.678688 	 283.323761 	 272.517120 	 3.074688 	 98786.789062 	 350.595551 
27 	 41.678688 	 283.323761 	 273.324371 	 2.517544 	 99187.226562 	 356.015015 
28 	 41.678688 	 283.323761 	 275.721985 	 3.615471 	 98795.953125 	 332.579681 
29 	 41.678688 	 283.323761 	 265.658569 	 4.416700 	 99768.992188 	 352.251770 
30 	 41.678688 	 283.323761 	 267.047943 	 2.270443 	 100357.000000 	 333.170654 
31 	 41.678688 	 283.323761 	 269.487610 	 1.643178 	 100142.500000 	 331.172791 
32 	 41.678688 	 283.323761 	 273.164734 	 2.390357 	 99139.937500 	 338.834961 
33 	 41.678688 	 283.323761 	 270.978302 	 3.165717 	 98079.617188 	 395.701111 
34 	 41.678688 	 283.323761 	 266.194458 	 1.619355 	 99502.117188 	 334.969208 
35 	 41.678688 	 283.323761 	 271.607727 	 1.538231 	 99024.476562 	 384.208679 
36 	 41.678688 	 283.323761 	 271.006378 	 2.096107 	 98204.421875 	 356.519348 
37 	 41.678688 	 283.323761 	 269.250427 	 2.472644 	 98581.031250 	 350.670807 
38 	 41.678688 	 283.323761 	 269.836517 	 2.656816 	 99029.320312 	 363.133026 
39 	 41.678688 	 283.323761 	 275.195007 	 3.034615 	 98621.320312 	 323.582214 
40 	 41.678688 	 283.323761 	 277.639648 	 2.762457 	 98319.953125 	 401.364532 
41 	 41.678688 	 283.323761 	 272.290985 	 3.027895 	 98087.343750 	 369.720825 
42 	 41.678688 	 283.323761 	 268.539398 	 2.213390 	 98742.148438 	 371.606018 
43 	 41.678688 	 283.323761 	 269.506378 	 1.212216 	 98625.976562 	 348.975708 
44 	 41.678688 	 283.323761 	 274.612915 	 3.164633 	 98250.156250 	 340.829529 
45 	 41.678688 	 283.323761 	 275.358276 	 3.536809 	 98250.226562 	 419.995728 
46 	 41.678688 	 283.323761 	 276.632568 	 2.553745 	 98310.218750 	 332.004944 
47 	 41.678688 	 283.323761 	 277.679932 	 2.728731 	 98259.296875 	 450.280579 
48 	 41.678688 	 283.323761 	 279.626862 	 5.739417 	 97098.976562 	 380.318970 
49 	 41.678688 	 283.323761 	 276.153107 	 2.955159 	 97419.750000 	 364.626099 
50 	 41.678688 	 283.323761 	 278.674713 	 2.147246 	 97673.578125 	 396.597351 
51 	 41.678688 	 283.323761 	 282.514282 	 4.231873 	 96925.890625 	 390.112518 
52 	 41.678688 	 283.323761 	 273.387573 	 3.475971 	 96888.210938 	 397.102356 
53 	 41.678688 	 283.323761 	 270.209656 	 4.933572 	 96903.476562 	 418.398468 
54 	 41.678688 	 283.323761 	 270.469421 	 3.348236 	 97369.906250 	 361.180878 
55 	 41.678688 	 283.323761 	 270.343262 	 3.558532 	 98493.492188 	 396.706879 
56 	 41.678688 	 283.323761 	 271.010498 	 2.660433 	 99308.796875 	 396.042480 
57 	 41.678688 	 283.323761 	 278.579132 	 5.558695 	 98041.476562 	 410.577423 
58 	 41.678688 	 283.323761 	 275.320251 	 3.674431 	 98081.906250 	 445.656128 
59 	 41.678688 	 283.323761 	 278.376343 	 3.206237 	 97779.093750 	 415.316772 
60 	 41.678688 	 283.323761 	 275.809937 	 3.324804 	 98561.523438 	 469.364258 
61 	 41.678688 	 283.323761 	 279.470367 	 4.163965 	 98789.859375 	 376.818359 
62 	 41.678688 	 283.323761 	 287.331024 	 4.573750 	 98102.312500 	 427.107697 
63 	 41.678688 	 283.323761 	 278.867645 	 1.495238 	 98666.507812 	 444.282013 
64 	 41.678688 	 283.323761 	 277.786255 	 3.398242 	 98658.742188 	 394.974884 
65 	 41.678688 	 283.323761 	 274.641846 	 1.958907 	 99672.476562 	 402.008575 
66 	 41.678688 	 283.323761 	 284.755585 	 4.075310 	 99331.203125 	 514.159241 
67 	 41.678688 	 283.323761 	 289.878387 	 4.161359 	 99141.523438 	 510.278229 
68 	 41.678688 	 283.323761 	 289.141418 	 5.148376 	 98648.117188 	 421.947876 
69 	 41.678688 	 283.323761 	 287.328613 	 1.668213 	 99085.437500 	 526.101685 
70 	 41.678688 	 283.323761 	 288.337006 	 2.335569 	 99315.273438 	 496.739655 
71 	 41.678688 	 283.323761 	 291.707855 	 4.113903 	 98527.328125 	 556.439209 
72 	 41.678688 	 283.323761 	 284.439789 	 4.343598 	 98119.226562 	 385.562683 
73 	 41.678688 	 283.323761 	 274.005219 	 2.291451 	 99927.773438 	 468.421356 
74 	 41.678688 	 283.323761 	 279.399109 	 1.877021 	 99416.328125 	 406.926025 
75 	 41.678688 	 283.323761 	 279.315674 	 1.113944 	 99181.898438 	 481.749878 
76 	 41.678688 	 283.323761 	 286.459442 	 4.483218 	 98296.867188 	 431.648346 
77 	 41.678688 	 283.323761 	 283.289001 	 4.333066 	 97374.976562 	 456.259705 
78 	 41.678688 	 283.323761 	 271.672241 	 4.691704 	 98148.257812 	 336.997437 
79 	 41.678688 	 283.323761 	 275.965881 	 4.001013 	 99021.492188 	 471.159302 
80 	 41.678688 	 283.323761 	 279.346802 	 2.064413 	 99011.703125 	 489.268036 
81 	 41.678688 	 283.323761 	 284.565155 	 2.289688 	 98511.898438 	 423.802490 
82 	 41.678688 	 283.323761 	 281.732574 	 1.694313 	 98448.140625 	 446.721161 
83 	 41.678688 	 283.323761 	 282.916718 	 3.171920 	 98652.882812 	 482.883972 
84 	 41.678688 	 283.323761 	 287.262939 	 5.703789 	 98282.632812 	 407.098389 
85 	 41.678688 	 283.323761 	 286.175171 	 3.727754 	 97884.398438 	 543.664673 
86 	 41.678688 	 283.323761 	 277.399994 	 4.023801 	 98551.109375 	 519.982056 
87 	 41.678688 	 283.323761 	 278.031555 	 2.643444 	 98711.007812 	 507.278595 
88 	 41.678688 	 283.323761 	 279.990692 	 1.905298 	 98501.007812 	 414.448212 
89 	 41.678688 	 283.323761 	 284.201904 	 2.790231 	 97071.476562 	 509.361725 
90 	 41.678688 	 283.323761 	 280.207642 	 2.965735 	 96660.468750 	 371.149445 
91 	 41.678688 	 283.323761 	 283.098938 	 4.336903 	 97503.023438 	 567.813354 
92 	 41.678688 	 283.323761 	 283.233002 	 1.878772 	 98830.929688 	 533.957703 
93 	 41.678688 	 283.323761 	 288.357544 	 3.575753 	 98922.703125 	 545.204407 
94 	 41.678688 	 283.323761 	 288.444763 	 3.470196 	 98771.859375 	 473.557495 
95 	 41.678688 	 283.323761 	 288.856415 	 3.105948 	 98352.578125 	 571.510071 
96 	 41.678688 	 283.323761 	 287.293579 	 1.782019 	 99124.382812 	 582.738770 
97 	 41.678688 	 283.323761 	 292.225800 	 5.473409 	 98717.890625 	 585.767944 
98 	 41.678688 	 283.323761 	 283.285217 	 2.776903 	 98761.898438 	 485.173157 
99 	 41.678688 	 283.323761 	 278.731842 	 1.833588 	 99169.273438 	 491.964966 
100 	 41.678688 	 283.323761 	 279.115662 	 1.144082 	 98676.476562 	 512.999878 
101 	 41.678688 	 283.323761 	 275.453552 	 1.664164 	 98246.179688 	 423.130432 
102 	 41.678688 	 283.323761 	 277.918854 	 4.060181 	 98671.648438 	 563.314331 
103 	 41.678688 	 283.323761 	 281.247192 	 3.472651 	 99337.796875 	 545.752380 
104 	 41.678688 	 283.323761 	 288.216278 	 3.234462 	 99203.906250 	 567.314819 
105 	 41.678688 	 283.323761 	 289.751831 	 3.069877 	 99261.523438 	 596.388611 
106 	 41.678688 	 283.323761 	 291.364319 	 2.839645 	 99200.601562 	 544.868103 
107 	 41.678688 	 283.323761 	 294.318573 	 2.913428 	 99224.601562 	 631.022095 
108 	 41.678688 	 283.323761 	 293.879944 	 2.444194 	 98949.617188 	 627.198975 
109 	 41.678688 	 283.323761 	 292.915771 	 2.467685 	 99076.703125 	 623.207825 
110 	 41.678688 	 283.323761 	 291.222046 	 1.767771 	 99693.289062 	 607.389038 
111 	 41.678688 	 283.323761 	 292.139893 	 2.913335 	 99515.156250 	 628.607056 
112 	 41.678688 	 283.323761 	 286.102814 	 2.433464 	 99764.328125 	 514.474487 
113 	 41.678688 	 283.323761 	 290.803009 	 4.494746 	 99105.476562 	 587.211060 
114 	 41.678688 	 283.323761 	 292.558685 	 4.191311 	 98288.101562 	 607.735596 
115 	 41.678688 	 283.323761 	 284.729523 	 2.924212 	 98980.226562 	 402.933167 
116 	 41.678688 	 283.323761 	 283.488007 	 2.621159 	 98899.359375 	 594.220215 
117 	 41.678688 	 283.323761 	 285.934357 	 0.860598 	 98927.437500 	 546.539490 
118 	 41.678688 	 283.323761 	 287.640686 	 2.260849 	 98935.859375 	 604.586243 
119 	 41.678688 	 283.323761 	 286.547424 	 3.074242 	 99241.406250 	 625.795471 
120 	 41.678688 	 283.323761 	 284.125214 	 1.802600 	 99419.656250 	 587.414368 
121 	 41.678688 	 283.323761 	 289.675018 	 2.738447 	 98917.367188 	 621.331421 
122 	 41.678688 	 283.323761 	 289.342346 	 2.929095 	 98421.273438 	 523.394348 
123 	 41.678688 	 283.323761 	 285.314606 	 1.775006 	 99168.718750 	 578.961365 
124 	 41.678688 	 283.323761 	 293.294952 	 2.999629 	 98683.062500 	 652.997864 
125 	 41.678688 	 283.323761 	 295.006439 	 2.661458 	 98411.843750 	 613.353760 
126 	 41.678688 	 283.323761 	 295.580597 	 1.689874 	 98575.898438 	 629.650513 
127 	 41.678688 	 283.323761 	 294.597504 	 1.569519 	 98684.070312 	 631.034912 
128 	 41.678688 	 283.323761 	 293.054169 	 2.580903 	 98715.921875 	 628.431641 
129 	 41.678688 	 283.323761 	 292.146210 	 2.558550 	 98511.156250 	 502.729187 
130 	 41.678688 	 283.323761 	 292.442871 	 1.614341 	 98187.906250 	 586.271851 
131 	 41.678688 	 283.323761 	 293.768524 	 2.701186 	 98019.492188 	 672.653259 
132 	 41.678688 	 283.323761 	 295.396118 	 4.841250 	 97334.023438 	 597.778198 
133 	 41.678688 	 283.323761 	 285.590210 	 3.928061 	 98613.687500 	 633.303040 
134 	 41.678688 	 283.323761 	 282.711731 	 2.992975 	 99392.140625 	 619.347778 
135 	 41.678688 	 283.323761 	 280.745789 	 1.175017 	 99873.921875 	 550.084167 
136 	 41.678688 	 283.323761 	 285.869141 	 2.765101 	 99257.117188 	 492.947388 
137 	 41.678688 	 283.323761 	 288.857025 	 2.310226 	 98940.648438 	 560.661621 
138 	 41.678688 	 283.323761 	 291.866089 	 4.192729 	 98542.281250 	 622.498047 
139 	 41.678688 	 283.323761 	 295.637695 	 2.883230 	 98267.453125 	 663.794617 
140 	 41.678688 	 283.323761 	 294.054138 	 3.867842 	 98014.843750 	 605.042480 
141 	 41.678688 	 283.323761 	 289.070038 	 2.439861 	 98551.453125 	 652.798340 
142 	 41.678688 	 283.323761 	 295.962280 	 2.136561 	 98943.398438 	 692.015503 
143 	 41.678688 	 283.323761 	 298.643616 	 2.787757 	 98824.257812 	 706.485657 
144 	 41.678688 	 283.323761 	 298.618408 	 4.884720 	 98046.078125 	 655.980103 
145 	 41.678688 	 283.323761 	 285.923218 	 5.740831 	 98443.960938 	 625.245483 
146 	 41.678688 	 283.323761 	 283.621918 	 2.402514 	 99201.898438 	 630.078369 
147 	 41.678688 	 283.323761 	 289.358398 	 4.593269 	 98783.906250 	 559.652649 
148 	 41.678688 	 283.323761 	 297.965851 	 5.666255 	 97900.656250 	 694.039185 
149 	 41.678688 	 283.323761 	 294.895691 	 1.286455 	 98555.546875 	 646.963745 
150 	 41.678688 	 283.323761 	 291.824341 	 2.078480 	 99103.093750 	 482.320892 
151 	 41.678688 	 283.323761 	 295.177338 	 3.523553 	 98908.039062 	 591.924927 
152 	 41.678688 	 283.323761 	 294.438446 	 2.533466 	 98380.296875 	 590.579712 
153 	 41.678688 	 283.323761 	 291.499664 	 2.473138 	 98836.421875 	 667.129395 
154 	 41.678688 	 283.323761 	 291.254059 	 1.825565 	 99311.093750 	 597.443909 
155 	 41.678688 	 283.323761 	 294.823242 	 4.272316 	 99292.421875 	 677.329834 
156 	 41.678688 	 283.323761 	 297.314606 	 4.675822 	 98671.843750 	 676.438477 
157 	 41.678688 	 283.323761 	 296.472748 	 2.247723 	 98410.890625 	 715.323364 
158 	 41.678688 	 283.323761 	 294.378754 	 1.811423 	 98627.156250 	 543.343384 
159 	 41.678688 	 283.323761 	 300.625916 	 4.435227 	 98155.273438 	 682.383911 
160 	 41.678688 	 283.323761 	 301.256165 	 3.839734 	 97957.437500 	 741.540771 
161 	 41.678688 	 283.323761 	 301.886261 	 3.017191 	 98096.656250 	 732.704712 
162 	 41.678688 	 283.323761 	 298.558838 	 2.623374 	 98191.867188 	 659.691040 
163 	 41.678688 	 283.323761 	 301.106201 	 3.920474 	 97871.000000 	 744.075195 
164 	 41.678688 	 283.323761 	 298.245758 	 4.604442 	 97832.640625 	 719.047607 
165 	 41.678688 	 283.323761 	 289.614349 	 2.312905 	 99116.187500 	 640.604858 
166 	 41.678688 	 283.323761 	 292.153198 	 1.749551 	 99001.570312 	 623.239136 
167 	 41.678688 	 283.323761 	 292.451477 	 1.370054 	 99244.679688 	 679.823181 
168 	 41.678688 	 283.323761 	 296.955627 	 4.445704 	 99210.468750 	 683.601746 
169 	 41.678688 	 283.323761 	 298.368195 	 4.057701 	 98875.742188 	 642.878540 
170 	 41.678688 	 283.323761 	 299.940399 	 3.026104 	 98664.726562 	 739.771667 
171 	 41.678688 	 283.323761 	 297.863983 	 2.194646 	 98247.250000 	 669.389404 
172 	 41.678688 	 283.323761 	 298.452148 	 2.127720 	 98129.343750 	 724.601196 
173 	 41.678688 	 283.323761 	 301.674591 	 2.434612 	 98088.562500 	 758.685120 
174 	 41.678688 	 283.323761 	 302.316437 	 1.674578 	 98191.828125 	 745.530884 
175 	 41.678688 	 283.323761 	 299.818390 	 1.201631 	 98585.812500 	 736.406494 
176 	 41.678688 	 283.323761 	 298.332245 	 2.098286 	 98192.671875 	 660.467590 
177 	 41.678688 	 283.323761 	 293.158020 	 3.515795 	 98432.773438 	 682.322632 
178 	 41.678688 	 283.323761 	 292.122742 	 1.618742 	 99042.859375 	 675.643188 
179 	 41.678688 	 283.323761 	 296.763062 	 4.492998 	 98621.031250 	 701.145142 
180 	 41.678688 	 283.323761 	 298.288025 	 2.313255 	 98081.070312 	 639.401550 
181 	 41.678688 	 283.323761 	 296.520905 	 0.834392 	 98163.250000 	 712.330200 
182 	 41.678688 	 283.323761 	 298.118134 	 1.660829 	 98168.593750 	 671.119873 
183 	 41.678688 	 283.323761 	 294.430817 	 2.865394 	 98890.359375 	 666.890442 
184 	 41.678688 	 283.323761 	 294.171478 	 2.785139 	 99122.726562 	 658.503540 
185 	 41.678688 	 283.323761 	 303.234802 	 4.510947 	 97890.078125 	 734.779968 
186 	 41.678688 	 283.323761 	 302.155365 	 4.273345 	 97429.757812 	 726.873291 
187 	 41.678688 	 283.323761 	 295.378937 	 2.318721 	 97984.703125 	 692.259399 
188 	 41.678688 	 283.323761 	 296.219574 	 3.168550 	 97750.937500 	 656.072632 
189 	 41.678688 	 283.323761 	 290.715088 	 3.394010 	 98126.187500 	 649.050903 
190 	 41.678688 	 283.323761 	 287.337860 	 2.753453 	 98492.281250 	 538.231628 
191 	 41.678688 	 283.323761 	 287.793945 	 1.789098 	 98695.218750 	 589.412476 
192 	 41.678688 	 283.323761 	 288.927124 	 1.558091 	 98894.257812 	 606.926758 
193 	 41.678688 	 283.323761 	 289.945709 	 1.160212 	 99125.023438 	 652.835815 
194 	 41.678688 	 283.323761 	 291.575317 	 1.691872 	 98838.382812 	 656.166016 
195 	 41.678688 	 283.323761 	 293.243896 	 3.923216 	 97843.523438 	 516.158875 
196 	 41.678688 	 283.323761 	 294.057587 	 1.401823 	 97697.812500 	 642.403809 
197 	 41.678688 	 283.323761 	 293.877747 	 2.133555 	 98029.226562 	 666.693726 
198 	 41.678688 	 283.323761 	 298.505188 	 3.172411 	 98179.937500 	 700.407593 
199 	 41.678688 	 283.323761 	 297.487244 	 3.776765 	 98120.671875 	 602.184143 
200 	 41.678688 	 283.323761 	 295.666473 	 1.424108 	 98716.453125 	 662.495850 
201 	 41.678688 	 283.323761 	 296.847290 	 2.326960 	 98773.007812 	 708.825562 
202 	 41.678688 	 283.323761 	 296.706268 	 1.170759 	 98672.773438 	 699.246643 
203 	 41.678688 	 283.323761 	 300.351868 	 3.399990 	 98488.476562 	 726.025330 
204 	 41.678688 	 283.323761 	 301.591461 	 3.387378 	 97875.453125 	 720.568176 
205 	 41.678688 	 283.323761 	 299.369354 	 2.976805 	 97774.429688 	 678.625122 
206 	 41.678688 	 283.323761 	 297.205414 	 1.345696 	 98152.429688 	 680.709839 
207 	 41.678688 	 283.323761 	 297.882568 	 1.218804 	 98566.679688 	 705.307861 
208 	 41.678688 	 283.323761 	 296.548096 	 1.848826 	 98686.976562 	 660.960999 
209 	 41.678688 	 283.323761 	 300.471588 	 2.924485 	 98406.656250 	 715.080688 
210 	 41.678688 	 283.323761 	 303.254486 	 4.449706 	 97844.437500 	 697.976990 
211 	 41.678688 	 283.323761 	 299.115234 	 1.634748 	 98271.468750 	 684.054077 
212 	 41.678688 	 283.323761 	 298.182068 	 1.810935 	 98691.179688 	 549.502625 
213 	 41.678688 	 283.323761 	 298.736938 	 1.578776 	 98584.132812 	 693.075928 
214 	 41.678688 	 283.323761 	 300.530579 	 2.024281 	 98248.976562 	 697.092529 
215 	 41.678688 	 283.323761 	 301.115967 	 1.971440 	 98152.421875 	 705.118652 
216 	 41.678688 	 283.323761 	 303.752716 	 2.182292 	 98274.453125 	 707.231689 
217 	 41.678688 	 283.323761 	 301.886505 	 1.900059 	 98379.187500 	 697.190918 
218 	 41.678688 	 283.323761 	 295.724701 	 3.347319 	 98365.593750 	 683.735596 
219 	 41.678688 	 283.323761 	 292.340424 	 2.623480 	 99169.406250 	 626.864441 
220 	 41.678688 	 283.323761 	 293.260559 	 2.102164 	 99522.500000 	 650.410278 
221 	 41.678688 	 283.323761 	 295.260742 	 1.151380 	 99448.562500 	 651.016663 
222 	 41.678688 	 283.323761 	 297.300049 	 1.065896 	 99270.492188 	 676.882690 
223 	 41.678688 	 283.323761 	 298.849945 	 0.703105 	 99231.281250 	 688.423462 
224 	 41.678688 	 283.323761 	 299.787994 	 1.427025 	 98883.500000 	 687.860962 
225 	 41.678688 	 283.323761 	 304.043610 	 3.160805 	 98603.117188 	 696.224670 
226 	 41.678688 	 283.323761 	 302.813446 	 2.154569 	 98671.906250 	 696.185669 
227 	 41.678688 	 283.323761 	 300.538696 	 1.197405 	 98613.656250 	 682.939575 
228 	 41.678688 	 283.323761 	 299.457489 	 1.858420 	 98443.382812 	 626.773743 
229 	 41.678688 	 283.323761 	 299.487427 	 2.747288 	 98597.187500 	 690.441406 
230 	 41.678688 	 283.323761 	 298.662354 	 1.772564 	 98996.773438 	 666.296143 
231 	 41.678688 	 283.323761 	 299.396698 	 1.425442 	 98702.640625 	 674.841064 
232 	 41.678688 	 283.323761 	 298.965515 	 1.636335 	 98376.546875 	 597.549133 
233 	 41.678688 	 283.323761 	 299.517334 	 1.250934 	 98382.929688 	 661.756348 
234 	 41.678688 	 283.323761 	 296.196106 	 4.269994 	 98942.601562 	 638.615784 
235 	 41.678688 	 283.323761 	 293.368286 	 2.501539 	 99444.132812 	 611.042175 
236 	 41.678688 	 283.323761 	 295.042419 	 1.894975 	 99177.226562 	 628.549927 
237 	 41.678688 	 283.323761 	 299.803955 	 3.490576 	 98440.562500 	 551.286743 
238 	 41.678688 	 283.323761 	 299.793457 	 1.749573 	 98454.007812 	 660.077454 
239 	 41.678688 	 283.323761 	 297.844849 	 2.935604 	 98469.578125 	 639.921387 
240 	 41.678688 	 283.323761 	 293.094910 	 3.468497 	 99107.406250 	 594.667236 
241 	 41.678688 	 283.323761 	 288.491180 	 2.904243 	 99502.843750 	 589.842896 
242 	 41.678688 	 283.323761 	 289.895416 	 1.907656 	 99738.226562 	 581.248901 
243 	 41.678688 	 283.323761 	 292.074890 	 2.960862 	 99548.281250 	 472.349609 
244 	 41.678688 	 283.323761 	 291.178650 	 3.211235 	 99308.906250 	 466.880280 
245 	 41.678688 	 283.323761 	 291.315643 	 1.934298 	 98534.031250 	 594.913208 
246 	 41.678688 	 283.323761 	 287.073120 	 2.895047 	 98826.437500 	 577.407593 
247 	 41.678688 	 283.323761 	 284.755981 	 2.109186 	 98692.023438 	 532.480896 
248 	 41.678688 	 283.323761 	 284.188812 	 1.503682 	 99055.187500 	 528.493286 
249 	 41.678688 	 283.323761 	 290.174408 	 3.459604 	 98852.617188 	 471.771515 
250 	 41.678688 	 283.323761 	 295.121155 	 2.138387 	 98955.148438 	 597.839600 
251 	 41.678688 	 283.323761 	 300.127228 	 3.366620 	 98675.476562 	 627.095093 
252 	 41.678688 	 283.323761 	 297.232697 	 2.698316 	 98600.578125 	 589.379089 
253 	 41.678688 	 283.323761 	 291.423737 	 2.206977 	 99169.789062 	 594.344421 
254 	 41.678688 	 283.323761 	 290.636169 	 1.331767 	 99388.453125 	 577.662170 
255 	 41.678688 	 283.323761 	 291.240875 	 2.454836 	 99291.851562 	 545.893005 
256 	 41.678688 	 283.323761 	 296.855103 	 3.413383 	 98772.992188 	 598.904785 
257 	 41.678688 	 283.323761 	 299.322174 	 2.143258 	 98453.570312 	 614.958740 
258 	 41.678688 	 283.323761 	 296.460693 	 1.007562 	 98529.960938 	 595.932861 
259 	 41.678688 	 283.323761 	 296.992188 	 1.207390 	 98655.429688 	 590.567688 
260 	 41.678688 	 283.323761 	 299.744446 	 1.815608 	 98583.390625 	 611.600159 
261 	 41.678688 	 283.323761 	 298.815430 	 1.910020 	 98646.421875 	 540.176880 
262 	 41.678688 	 283.323761 	 297.528931 	 2.653067 	 98645.382812 	 515.709106 
263 	 41.678688 	 283.323761 	 295.139740 	 2.423305 	 98461.421875 	 534.315796 
264 	 41.678688 	 283.323761 	 290.483124 	 2.649606 	 98059.453125 	 418.241119 
265 	 41.678688 	 283.323761 	 286.582031 	 1.606362 	 99049.546875 	 514.589111 
266 	 41.678688 	 283.323761 	 288.128082 	 2.695871 	 99361.929688 	 533.354736 
267 	 41.678688 	 283.323761 	 290.865692 	 3.960369 	 98987.242188 	 546.526611 
268 	 41.678688 	 283.323761 	 292.245514 	 2.010764 	 98494.359375 	 567.594299 
269 	 41.678688 	 283.323761 	 293.179840 	 2.244136 	 98778.156250 	 556.708130 
270 	 41.678688 	 283.323761 	 300.024353 	 2.998791 	 98693.328125 	 580.424744 
271 	 41.678688 	 283.323761 	 297.435242 	 2.003556 	 98810.929688 	 571.218750 
272 	 41.678688 	 283.323761 	 294.512268 	 1.676333 	 99252.187500 	 545.179749 
273 	 41.678688 	 283.323761 	 293.519379 	 1.567667 	 99465.570312 	 495.017914 
274 	 41.678688 	 283.323761 	 294.592010 	 2.146021 	 99310.562500 	 535.614563 
275 	 41.678688 	 283.323761 	 294.825012 	 2.461595 	 98641.046875 	 551.942261 
276 	 41.678688 	 283.323761 	 293.527710 	 1.524136 	 98472.656250 	 452.427185 
277 	 41.678688 	 283.323761 	 293.568817 	 1.327184 	 98588.492188 	 448.901642 
278 	 41.678688 	 283.323761 	 291.103943 	 3.582075 	 98059.546875 	 511.547241 
279 	 41.678688 	 283.323761 	 286.197235 	 1.900730 	 99064.750000 	 493.377991 
280 	 41.678688 	 283.323761 	 288.087830 	 1.695006 	 99264.546875 	 493.866791 
281 	 41.678688 	 283.323761 	 285.996918 	 1.546848 	 99851.156250 	 488.487305 
282 	 41.678688 	 283.323761 	 289.279327 	 4.000146 	 99621.390625 	 437.375244 
283 	 41.678688 	 283.323761 	 289.079773 	 4.892832 	 98017.921875 	 422.293671 
284 	 41.678688 	 283.323761 	 279.986389 	 4.617122 	 97825.617188 	 445.684601 
285 	 41.678688 	 283.323761 	 280.036774 	 3.424636 	 98649.078125 	 454.965759 
286 	 41.678688 	 283.323761 	 283.727905 	 1.766111 	 98771.101562 	 458.194183 
287 	 41.678688 	 283.323761 	 284.413971 	 2.859860 	 98645.921875 	 396.497375 
288 	 41.678688 	 283.323761 	 285.311340 	 4.062438 	 97342.203125 	 460.482300 
289 	 41.678688 	 283.323761 	 282.799744 	 3.913774 	 97583.226562 	 451.576355 
290 	 41.678688 	 283.323761 	 282.273254 	 4.519125 	 97735.007812 	 402.291046 
291 	 41.678688 	 283.323761 	 280.825806 	 4.141157 	 98356.843750 	 455.660187 
292 	 41.678688 	 283.323761 	 281.093323 	 2.161900 	 98845.867188 	 442.507233 
293 	 41.678688 	 283.323761 	 284.733887 	 2.785465 	 98380.093750 	 406.225128 
294 	 41.678688 	 283.323761 	 279.583527 	 3.684913 	 98583.140625 	 399.149811 
295 	 41.678688 	 283.323761 	 277.510040 	 2.666619 	 99160.476562 	 408.083618 
296 	 41.678688 	 283.323761 	 277.543884 	 2.416702 	 99258.843750 	 351.287506 
297 	 41.678688 	 283.323761 	 282.960175 	 3.904945 	 97481.289062 	 403.934998 
298 	 41.678688 	 283.323761 	 277.207367 	 5.234022 	 97783.023438 	 452.664246 
299 	 41.678688 	 283.323761 	 275.660400 	 2.278346 	 98668.289062 	 334.910248 
300 	 41.678688 	 283.323761 	 280.501099 	 2.903885 	 98202.773438 	 371.851868 
301 	 41.678688 	 283.323761 	 278.524750 	 2.311173 	 98350.546875 	 407.520660 
302 	 41.678688 	 283.323761 	 280.632416 	 3.155289 	 98162.343750 	 420.361145 
303 	 41.678688 	 283.323761 	 280.220001 	 4.460066 	 98230.726562 	 390.035553 
304 	 41.678688 	 283.323761 	 277.155151 	 3.778698 	 99295.257812 	 382.515106 
305 	 41.678688 	 283.323761 	 275.362335 	 2.594917 	 99847.617188 	 390.282257 
306 	 41.678688 	 283.323761 	 274.142059 	 3.102312 	 99844.906250 	 367.763031 
307 	 41.678688 	 283.323761 	 280.262115 	 2.580235 	 98647.500000 	 416.772247 
308 	 41.678688 	 283.323761 	 279.923340 	 1.604243 	 99052.218750 	 411.017883 
309 	 41.678688 	 283.323761 	 283.609772 	 5.031806 	 99085.539062 	 371.167725 
310 	 41.678688 	 283.323761 	 281.257355 	 4.353233 	 97545.218750 	 378.690521 
311 	 41.678688 	 283.323761 	 280.583527 	 3.772589 	 98250.687500 	 402.302521 
312 	 41.678688 	 283.323761 	 279.387848 	 2.028898 	 98697.546875 	 372.344055 
313 	 41.678688 	 283.323761 	 279.098419 	 2.237785 	 99269.531250 	 409.748566 
314 	 41.678688 	 283.323761 	 278.831268 	 1.649401 	 99387.132812 	 362.640411 
315 	 41.678688 	 283.323761 	 277.722870 	 1.551208 	 99505.539062 	 377.300751 
316 	 41.678688 	 283.323761 	 283.714722 	 4.047454 	 98898.882812 	 369.578094 
317 	 41.678688 	 283.323761 	 276.703186 	 4.516928 	 98380.398438 	 401.425751 
318 	 41.678688 	 283.323761 	 274.216766 	 1.625194 	 100020.398438 	 367.738892 
319 	 41.678688 	 283.323761 	 277.562927 	 1.961630 	 100100.898438 	 373.206696 
320 	 41.678688 	 283.323761 	 279.808136 	 0.553383 	 100262.203125 	 384.037201 
321 	 41.678688 	 283.323761 	 279.985596 	 2.555444 	 100142.296875 	 377.065613 
322 	 41.678688 	 283.323761 	 286.585510 	 4.072400 	 98723.601562 	 391.910675 
323 	 41.678688 	 283.323761 	 285.500488 	 4.348964 	 96937.718750 	 419.827209 
324 	 41.678688 	 283.323761 	 278.716003 	 2.961376 	 98307.179688 	 373.723541 
325 	 41.678688 	 283.323761 	 276.583160 	 1.258337 	 99249.757812 	 360.164917 
326 	 41.678688 	 283.323761 	 278.345215 	 1.033470 	 99773.609375 	 399.346283 
327 	 41.678688 	 283.323761 	 280.440033 	 2.960559 	 99929.328125 	 371.331635 
328 	 41.678688 	 283.323761 	 284.752686 	 2.080980 	 99311.070312 	 414.289124 
329 	 41.678688 	 283.323761 	 287.576721 	 3.405653 	 98656.617188 	 417.552490 
330 	 41.678688 	 283.323761 	 281.948914 	 2.520123 	 98941.250000 	 409.982666 
331 	 41.678688 	 283.323761 	 280.968903 	 4.321007 	 99271.109375 	 363.712616 
332 	 41.678688 	 283.323761 	 279.852203 	 3.751305 	 98682.656250 	 394.580719 
333 	 41.678688 	 283.323761 	 273.998962 	 4.450782 	 99529.921875 	 369.075012 
334 	 41.678688 	 283.323761 	 272.991180 	 1.336686 	 100392.203125 	 345.256592 
335 	 41.678688 	 283.323761 	 272.224243 	 1.989010 	 100167.101562 	 294.852509 
336 	 41.678688 	 283.323761 	 280.751923 	 3.875024 	 98883.343750 	 383.865692 
337 	 41.678688 	 283.323761 	 276.472656 	 1.905708 	 99200.468750 	 337.426025 
338 	 41.678688 	 283.323761 	 277.996552 	 1.650357 	 98305.968750 	 345.619446 
339 	 41.678688 	 283.323761 	 274.465027 	 2.656201 	 98186.101562 	 367.552979 
340 	 41.678688 	 283.323761 	 276.848358 	 2.635865 	 98303.726562 	 347.041626 
341 	 41.678688 	 283.323761 	 276.566650 	 2.064513 	 97870.953125 	 333.670807 
342 	 41.678688 	 283.323761 	 274.797699 	 4.707589 	 97407.406250 	 360.397522 
343 	 41.678688 	 283.323761 	 272.327362 	 2.428624 	 99151.078125 	 317.640167 
344 	 41.678688 	 283.323761 	 270.918396 	 0.991951 	 100322.398438 	 303.303802 
345 	 41.678688 	 283.323761 	 272.661682 	 1.582288 	 100304.000000 	 323.007294 
346 	 41.678688 	 283.323761 	 272.781342 	 3.144419 	 100052.101562 	 334.924469 
347 	 41.678688 	 283.323761 	 280.100708 	 4.766357 	 98226.851562 	 351.725311 
348 	 41.678688 	 283.323761 	 273.237122 	 4.957002 	 97292.156250 	 318.953125 
349 	 41.678688 	 283.323761 	 271.968597 	 3.907781 	 98550.296875 	 319.348816 
350 	 41.678688 	 283.323761 	 271.990723 	 2.429662 	 100132.703125 	 331.078979 
351 	 41.678688 	 283.323761 	 277.399841 	 4.953306 	 99770.859375 	 335.151794 
352 	 41.678688 	 283.323761 	 275.254578 	 1.022607 	 99214.109375 	 302.149750 
353 	 41.678688 	 283.323761 	 276.666229 	 1.671722 	 99673.320312 	 364.474823 
354 	 41.678688 	 283.323761 	 285.154297 	 2.539492 	 98961.031250 	 421.189331 
355 	 41.678688 	 283.323761 	 279.327576 	 2.315030 	 99488.117188 	 353.676514 
356 	 41.678688 	 283.323761 	 287.244690 	 3.280907 	 99221.906250 	 401.713715 
357 	 41.678688 	 283.323761 	 285.882233 	 2.509697 	 98999.593750 	 399.097504 
358 	 41.678688 	 283.323761 	 288.232666 	 4.751095 	 98054.593750 	 397.241150 
359 	 41.678688 	 283.323761 	 279.712677 	 1.521883 	 97432.281250 	 335.137817 
360 	 41.678688 	 283.323761 	 273.745148 	 4.130340 	 97699.593750 	 341.071960 
361 	 41.678688 	 283.323761 	 270.457672 	 2.263000 	 98769.156250 	 296.778381 
362 	 41.678688 	 283.323761 	 269.948364 	 1.890354 	 98491.343750 	 298.852356 
363 	 41.678688 	 283.323761 	 269.709045 	 2.775295 	 98840.289062 	 318.907959 
364 	 41.678688 	 283.323761 	 270.542236 	 2.539052 	 99357.523438 	 316.805725 
