# 0: Day of Year [-] 	 1: lat [deg] 	 2: lon [deg] 	 3: tas [K] 	 4: sfcWind [m s-1] 	 5: ps [Pa] 	 6: Total Downwelling Rad Flux [W m-2] 
0 	 41.678688 	 283.323761 	 265.902008 	 2.880215 	 98152.687500 	 295.857574 
1 	 41.678688 	 283.323761 	 266.719818 	 3.333142 	 98208.593750 	 283.539612 
2 	 41.678688 	 283.323761 	 266.316925 	 4.247015 	 97942.648438 	 310.246613 
3 	 41.678688 	 283.323761 	 269.099823 	 4.045836 	 97960.343750 	 331.244904 
4 	 41.678688 	 283.323761 	 258.223236 	 1.686455 	 99687.460938 	 291.109497 
5 	 41.678688 	 283.323761 	 268.534973 	 4.222912 	 97413.453125 	 315.577179 
6 	 41.678688 	 283.323761 	 264.409180 	 4.064862 	 97333.296875 	 315.388336 
7 	 41.678688 	 283.323761 	 267.426758 	 3.102610 	 98144.773438 	 352.391479 
8 	 41.678688 	 283.323761 	 262.931702 	 2.858209 	 99255.453125 	 282.046570 
9 	 41.678688 	 283.323761 	 272.146271 	 2.431280 	 98607.351562 	 336.685028 
10 	 41.678688 	 283.323761 	 267.841553 	 1.909799 	 98933.382812 	 316.392609 
11 	 41.678688 	 283.323761 	 269.361694 	 1.739291 	 99011.882812 	 330.260468 
12 	 41.678688 	 283.323761 	 269.052490 	 1.827443 	 98780.796875 	 335.091522 
13 	 41.678688 	 283.323761 	 277.190033 	 3.737609 	 97812.117188 	 372.016937 
14 	 41.678688 	 283.323761 	 280.725250 	 3.131299 	 97109.859375 	 337.291382 
15 	 41.678688 	 283.323761 	 279.145538 	 2.164415 	 97487.828125 	 383.840729 
16 	 41.678688 	 283.323761 	 278.861420 	 1.525181 	 98556.476562 	 374.550873 
17 	 41.678688 	 283.323761 	 277.723846 	 1.159465 	 99385.953125 	 357.190369 
18 	 41.678688 	 283.323761 	 274.010498 	 1.328651 	 99501.242188 	 337.805206 
19 	 41.678688 	 283.323761 	 277.923096 	 2.031314 	 99407.992188 	 353.027588 
20 	 41.678688 	 283.323761 	 275.233795 	 3.014980 	 99216.171875 	 397.555420 
21 	 41.678688 	 283.323761 	 272.983917 	 5.179052 	 97545.273438 	 359.600281 
22 	 41.678688 	 283.323761 	 262.199280 	 4.580573 	 97708.890625 	 320.850952 
23 	 41.678688 	 283.323761 	 266.663422 	 3.652800 	 98151.328125 	 322.422974 
24 	 41.678688 	 283.323761 	 271.620605 	 3.309764 	 98262.546875 	 353.069153 
25 	 41.678688 	 283.323761 	 270.188263 	 2.020313 	 98368.476562 	 358.231537 
26 	 41.678688 	 283.323761 	 267.161713 	 2.310246 	 98510.281250 	 339.300690 
27 	 41.678688 	 283.323761 	 269.587769 	 2.460362 	 98282.953125 	 340.149170 
28 	 41.678688 	 283.323761 	 269.248474 	 2.417921 	 98183.726562 	 333.843933 
29 	 41.678688 	 283.323761 	 261.585083 	 2.192275 	 98904.539062 	 319.552582 
30 	 41.678688 	 283.323761 	 259.576050 	 1.551399 	 99882.796875 	 311.503571 
31 	 41.678688 	 283.323761 	 263.009766 	 1.740478 	 99907.390625 	 329.494263 
32 	 41.678688 	 283.323761 	 271.470428 	 2.547363 	 98822.250000 	 353.653473 
33 	 41.678688 	 283.323761 	 267.055115 	 2.224547 	 99178.492188 	 359.359924 
34 	 41.678688 	 283.323761 	 267.652039 	 1.592310 	 99367.828125 	 373.316162 
35 	 41.678688 	 283.323761 	 270.683960 	 4.289578 	 98019.179688 	 317.192169 
36 	 41.678688 	 283.323761 	 268.185822 	 4.153509 	 95739.328125 	 357.548431 
37 	 41.678688 	 283.323761 	 264.507996 	 1.776996 	 96971.046875 	 322.189209 
38 	 41.678688 	 283.323761 	 258.999359 	 3.461304 	 98221.539062 	 337.790710 
39 	 41.678688 	 283.323761 	 262.105988 	 2.690279 	 98911.539062 	 340.990723 
40 	 41.678688 	 283.323761 	 263.916046 	 2.403792 	 99120.523438 	 345.559753 
41 	 41.678688 	 283.323761 	 260.725830 	 1.312364 	 99844.187500 	 322.739990 
42 	 41.678688 	 283.323761 	 272.871613 	 3.681436 	 98422.796875 	 383.267609 
43 	 41.678688 	 283.323761 	 274.211975 	 2.786154 	 98033.578125 	 402.168182 
44 	 41.678688 	 283.323761 	 272.829926 	 1.705433 	 98520.492188 	 422.943634 
45 	 41.678688 	 283.323761 	 273.917084 	 3.237664 	 97772.296875 	 376.247559 
46 	 41.678688 	 283.323761 	 275.077820 	 2.516760 	 96772.226562 	 360.742554 
47 	 41.678688 	 283.323761 	 267.398926 	 3.255272 	 96882.851562 	 347.564697 
48 	 41.678688 	 283.323761 	 267.549500 	 4.388474 	 97120.820312 	 375.090973 
49 	 41.678688 	 283.323761 	 265.382050 	 2.237392 	 97840.140625 	 396.688660 
50 	 41.678688 	 283.323761 	 264.434082 	 0.720413 	 98605.820312 	 377.130676 
51 	 41.678688 	 283.323761 	 267.240234 	 1.454912 	 98608.656250 	 390.033997 
52 	 41.678688 	 283.323761 	 268.716980 	 2.141754 	 98584.851562 	 382.154053 
53 	 41.678688 	 283.323761 	 272.005310 	 3.327538 	 98228.203125 	 398.090576 
54 	 41.678688 	 283.323761 	 270.913727 	 2.884682 	 98673.359375 	 371.069580 
55 	 41.678688 	 283.323761 	 280.804443 	 3.775323 	 97983.773438 	 444.873291 
56 	 41.678688 	 283.323761 	 275.699097 	 2.378716 	 97378.312500 	 404.341980 
57 	 41.678688 	 283.323761 	 269.674988 	 5.048847 	 96956.742188 	 442.554138 
58 	 41.678688 	 283.323761 	 265.410156 	 4.709918 	 98317.539062 	 386.934265 
59 	 41.678688 	 283.323761 	 266.091827 	 0.736409 	 99587.117188 	 414.375183 
60 	 41.678688 	 283.323761 	 271.588928 	 1.700725 	 99305.406250 	 323.415558 
61 	 41.678688 	 283.323761 	 278.670227 	 2.873710 	 98607.117188 	 402.535950 
62 	 41.678688 	 283.323761 	 281.334930 	 3.388497 	 98503.421875 	 402.427277 
63 	 41.678688 	 283.323761 	 278.574127 	 3.852232 	 98754.726562 	 451.895874 
64 	 41.678688 	 283.323761 	 277.606445 	 2.104499 	 99118.046875 	 453.223175 
65 	 41.678688 	 283.323761 	 276.927826 	 1.713799 	 99264.898438 	 394.704254 
66 	 41.678688 	 283.323761 	 279.152588 	 1.630826 	 98914.968750 	 359.535217 
67 	 41.678688 	 283.323761 	 276.102692 	 2.922429 	 98679.773438 	 358.419647 
68 	 41.678688 	 283.323761 	 275.660767 	 3.154470 	 98387.812500 	 413.146790 
69 	 41.678688 	 283.323761 	 275.495544 	 1.865024 	 99194.750000 	 459.521698 
70 	 41.678688 	 283.323761 	 276.327911 	 3.537841 	 99033.546875 	 364.501709 
71 	 41.678688 	 283.323761 	 278.480225 	 2.633227 	 98046.859375 	 453.689850 
72 	 41.678688 	 283.323761 	 275.382111 	 1.744975 	 98567.781250 	 459.821320 
73 	 41.678688 	 283.323761 	 276.027740 	 2.404989 	 98303.250000 	 345.625946 
74 	 41.678688 	 283.323761 	 275.112366 	 3.478400 	 98731.023438 	 447.250671 
75 	 41.678688 	 283.323761 	 274.304932 	 1.879801 	 99760.062500 	 463.381775 
76 	 41.678688 	 283.323761 	 276.250427 	 0.835504 	 99753.343750 	 474.649506 
77 	 41.678688 	 283.323761 	 279.927551 	 1.630706 	 99215.531250 	 385.569458 
78 	 41.678688 	 283.323761 	 282.951508 	 1.492204 	 98205.539062 	 509.424805 
79 	 41.678688 	 283.323761 	 280.786591 	 2.897542 	 97688.406250 	 495.701477 
80 	 41.678688 	 283.323761 	 277.472595 	 4.172956 	 98260.492188 	 527.814148 
81 	 41.678688 	 283.323761 	 277.649261 	 2.274279 	 98511.382812 	 488.070435 
82 	 41.678688 	 283.323761 	 276.840363 	 3.622208 	 98063.273438 	 478.310120 
83 	 41.678688 	 283.323761 	 270.666229 	 4.452494 	 98451.773438 	 484.736969 
84 	 41.678688 	 283.323761 	 274.450470 	 2.227139 	 98497.179688 	 483.288147 
85 	 41.678688 	 283.323761 	 279.394592 	 1.555093 	 98172.476562 	 501.562439 
86 	 41.678688 	 283.323761 	 278.965454 	 2.359585 	 98332.023438 	 514.658936 
87 	 41.678688 	 283.323761 	 275.633148 	 0.712525 	 98785.226562 	 493.206146 
88 	 41.678688 	 283.323761 	 277.602509 	 0.768461 	 98920.648438 	 477.351074 
89 	 41.678688 	 283.323761 	 281.692596 	 2.449543 	 98530.257812 	 358.332825 
90 	 41.678688 	 283.323761 	 282.054657 	 2.031600 	 97321.132812 	 392.353241 
91 	 41.678688 	 283.323761 	 278.663086 	 3.050474 	 97734.953125 	 475.947388 
92 	 41.678688 	 283.323761 	 276.910187 	 3.180874 	 98615.773438 	 386.669800 
93 	 41.678688 	 283.323761 	 285.467072 	 3.739689 	 96754.093750 	 420.816223 
94 	 41.678688 	 283.323761 	 282.385925 	 3.859658 	 96221.609375 	 488.483978 
95 	 41.678688 	 283.323761 	 275.819275 	 4.204063 	 96331.101562 	 464.139587 
96 	 41.678688 	 283.323761 	 274.910767 	 3.599857 	 96537.273438 	 391.387207 
97 	 41.678688 	 283.323761 	 275.294220 	 3.751471 	 97191.718750 	 540.217590 
98 	 41.678688 	 283.323761 	 274.962189 	 2.583476 	 97918.367188 	 525.495056 
99 	 41.678688 	 283.323761 	 274.629517 	 2.706266 	 98250.406250 	 529.018982 
100 	 41.678688 	 283.323761 	 275.558197 	 1.132990 	 98743.328125 	 489.765961 
101 	 41.678688 	 283.323761 	 277.343597 	 1.891549 	 98578.859375 	 523.775085 
102 	 41.678688 	 283.323761 	 276.644104 	 2.664628 	 98454.000000 	 512.560181 
103 	 41.678688 	 283.323761 	 275.061249 	 0.871629 	 98622.140625 	 416.226959 
104 	 41.678688 	 283.323761 	 276.733398 	 2.471867 	 98306.156250 	 536.026001 
105 	 41.678688 	 283.323761 	 281.902863 	 4.980327 	 96720.929688 	 533.439941 
106 	 41.678688 	 283.323761 	 275.170776 	 4.717760 	 96989.906250 	 439.574005 
107 	 41.678688 	 283.323761 	 275.558350 	 4.402474 	 97734.960938 	 540.901245 
108 	 41.678688 	 283.323761 	 278.529022 	 2.435194 	 98540.046875 	 529.403320 
109 	 41.678688 	 283.323761 	 283.232483 	 3.373326 	 97329.468750 	 393.694489 
110 	 41.678688 	 283.323761 	 279.099182 	 4.732207 	 96630.812500 	 443.457764 
111 	 41.678688 	 283.323761 	 278.789154 	 3.065647 	 98184.992188 	 505.244751 
112 	 41.678688 	 283.323761 	 281.290466 	 2.800653 	 98518.179688 	 417.215454 
113 	 41.678688 	 283.323761 	 283.362518 	 2.594616 	 98394.296875 	 412.101868 
114 	 41.678688 	 283.323761 	 287.241577 	 3.471770 	 97987.023438 	 543.908081 
115 	 41.678688 	 283.323761 	 286.570831 	 3.489742 	 98530.531250 	 593.854614 
116 	 41.678688 	 283.323761 	 288.443451 	 2.731255 	 99210.546875 	 623.957886 
117 	 41.678688 	 283.323761 	 295.292542 	 4.005041 	 98697.710938 	 639.129272 
118 	 41.678688 	 283.323761 	 293.143005 	 3.035667 	 98449.359375 	 479.048523 
119 	 41.678688 	 283.323761 	 285.865051 	 3.382936 	 98690.140625 	 600.978760 
120 	 41.678688 	 283.323761 	 282.442749 	 1.101108 	 99387.203125 	 590.326294 
121 	 41.678688 	 283.323761 	 285.325806 	 2.436914 	 99007.296875 	 559.924194 
122 	 41.678688 	 283.323761 	 286.525482 	 2.745404 	 98136.320312 	 616.096130 
123 	 41.678688 	 283.323761 	 286.373230 	 1.885011 	 98384.257812 	 616.396240 
124 	 41.678688 	 283.323761 	 289.771149 	 2.039312 	 98440.046875 	 601.061646 
125 	 41.678688 	 283.323761 	 294.233521 	 3.522862 	 97950.070312 	 645.001648 
126 	 41.678688 	 283.323761 	 290.626007 	 3.039740 	 97671.187500 	 600.142212 
127 	 41.678688 	 283.323761 	 280.419434 	 4.738099 	 97988.187500 	 412.610321 
128 	 41.678688 	 283.323761 	 278.470490 	 3.247816 	 98601.492188 	 541.176758 
129 	 41.678688 	 283.323761 	 283.083466 	 1.138674 	 98317.203125 	 598.939575 
130 	 41.678688 	 283.323761 	 286.974701 	 2.043395 	 97337.148438 	 560.287537 
131 	 41.678688 	 283.323761 	 283.247803 	 3.374506 	 97373.500000 	 529.334045 
132 	 41.678688 	 283.323761 	 281.292511 	 2.186556 	 97822.093750 	 536.750977 
133 	 41.678688 	 283.323761 	 282.905609 	 2.253727 	 97628.453125 	 531.986938 
134 	 41.678688 	 283.323761 	 280.004883 	 2.480656 	 97251.140625 	 581.800659 
135 	 41.678688 	 283.323761 	 281.187195 	 3.717475 	 97668.343750 	 596.492676 
136 	 41.678688 	 283.323761 	 283.229279 	 1.163343 	 98037.773438 	 496.990662 
137 	 41.678688 	 283.323761 	 285.303497 	 2.298907 	 97758.078125 	 444.448975 
138 	 41.678688 	 283.323761 	 286.950989 	 2.345566 	 98093.726562 	 631.710571 
139 	 41.678688 	 283.323761 	 287.909729 	 1.987027 	 98412.570312 	 637.323547 
140 	 41.678688 	 283.323761 	 290.154755 	 3.639560 	 98681.601562 	 534.394897 
141 	 41.678688 	 283.323761 	 294.821533 	 3.697364 	 98536.578125 	 696.216431 
142 	 41.678688 	 283.323761 	 298.503387 	 2.623291 	 98330.476562 	 665.419495 
143 	 41.678688 	 283.323761 	 294.422974 	 2.960496 	 98387.468750 	 670.310486 
144 	 41.678688 	 283.323761 	 293.428070 	 1.677834 	 98515.609375 	 662.265686 
145 	 41.678688 	 283.323761 	 291.214966 	 2.267449 	 98739.281250 	 667.375854 
146 	 41.678688 	 283.323761 	 294.430756 	 3.466207 	 98507.281250 	 557.534180 
147 	 41.678688 	 283.323761 	 297.690125 	 3.446742 	 98199.351562 	 684.761658 
148 	 41.678688 	 283.323761 	 288.414307 	 3.717391 	 99102.890625 	 498.332489 
149 	 41.678688 	 283.323761 	 289.723175 	 4.981493 	 99257.203125 	 629.478638 
150 	 41.678688 	 283.323761 	 295.694916 	 4.673781 	 98767.609375 	 661.643433 
151 	 41.678688 	 283.323761 	 297.064850 	 3.950692 	 98574.742188 	 675.451538 
152 	 41.678688 	 283.323761 	 294.823303 	 1.971413 	 98997.687500 	 694.522644 
153 	 41.678688 	 283.323761 	 294.660828 	 3.323523 	 98623.078125 	 624.340271 
154 	 41.678688 	 283.323761 	 288.953186 	 3.520446 	 98520.218750 	 598.981445 
155 	 41.678688 	 283.323761 	 284.856995 	 3.879898 	 99195.296875 	 644.230591 
156 	 41.678688 	 283.323761 	 284.751801 	 2.652497 	 99636.562500 	 595.344788 
157 	 41.678688 	 283.323761 	 293.627136 	 5.260092 	 98473.281250 	 601.231201 
158 	 41.678688 	 283.323761 	 298.198029 	 2.508406 	 98274.070312 	 702.976440 
159 	 41.678688 	 283.323761 	 298.037720 	 2.495267 	 98212.156250 	 696.279175 
160 	 41.678688 	 283.323761 	 298.275879 	 3.377101 	 97596.367188 	 707.509521 
161 	 41.678688 	 283.323761 	 294.796600 	 2.831468 	 97954.843750 	 687.388489 
162 	 41.678688 	 283.323761 	 298.378174 	 4.094228 	 97222.273438 	 517.325745 
163 	 41.678688 	 283.323761 	 289.942474 	 3.677615 	 98344.351562 	 626.398132 
164 	 41.678688 	 283.323761 	 286.067627 	 2.354079 	 98835.000000 	 412.833038 
165 	 41.678688 	 283.323761 	 287.525543 	 1.128047 	 98972.500000 	 627.943298 
166 	 41.678688 	 283.323761 	 290.251862 	 0.787570 	 99057.593750 	 654.101440 
167 	 41.678688 	 283.323761 	 291.601929 	 1.302638 	 99116.117188 	 680.668701 
168 	 41.678688 	 283.323761 	 295.091766 	 2.047674 	 98906.546875 	 699.834351 
169 	 41.678688 	 283.323761 	 293.356384 	 3.438806 	 98869.781250 	 561.157776 
170 	 41.678688 	 283.323761 	 296.058472 	 2.357200 	 98659.843750 	 707.860107 
171 	 41.678688 	 283.323761 	 297.290680 	 3.419176 	 98436.242188 	 718.678894 
172 	 41.678688 	 283.323761 	 299.400024 	 5.166391 	 97708.218750 	 715.102234 
173 	 41.678688 	 283.323761 	 294.119080 	 3.489778 	 97822.843750 	 690.643677 
174 	 41.678688 	 283.323761 	 290.367676 	 1.927725 	 98093.781250 	 672.675171 
175 	 41.678688 	 283.323761 	 289.865936 	 2.213639 	 98194.773438 	 671.596680 
176 	 41.678688 	 283.323761 	 288.874695 	 1.739651 	 98662.429688 	 545.839600 
177 	 41.678688 	 283.323761 	 291.960693 	 1.079998 	 99184.640625 	 660.662598 
178 	 41.678688 	 283.323761 	 292.386871 	 1.371155 	 99464.359375 	 599.364563 
179 	 41.678688 	 283.323761 	 293.440948 	 2.698871 	 99133.921875 	 672.911621 
180 	 41.678688 	 283.323761 	 291.946503 	 4.199896 	 98760.976562 	 560.344727 
181 	 41.678688 	 283.323761 	 294.899658 	 2.973473 	 98279.687500 	 606.264526 
182 	 41.678688 	 283.323761 	 295.953186 	 1.830672 	 98231.796875 	 643.738281 
183 	 41.678688 	 283.323761 	 294.392059 	 1.608557 	 98687.718750 	 679.714722 
184 	 41.678688 	 283.323761 	 295.355194 	 0.618177 	 98783.140625 	 702.937866 
185 	 41.678688 	 283.323761 	 298.708740 	 1.613838 	 98590.679688 	 715.651978 
186 	 41.678688 	 283.323761 	 300.904144 	 1.868310 	 98490.132812 	 722.366333 
187 	 41.678688 	 283.323761 	 303.288086 	 2.253682 	 98484.343750 	 672.243652 
188 	 41.678688 	 283.323761 	 302.924927 	 3.308167 	 98245.281250 	 729.547607 
189 	 41.678688 	 283.323761 	 299.590271 	 1.896156 	 98286.046875 	 687.611816 
190 	 41.678688 	 283.323761 	 298.094147 	 1.233605 	 98350.867188 	 685.741089 
191 	 41.678688 	 283.323761 	 292.061371 	 2.338743 	 98535.171875 	 484.095642 
192 	 41.678688 	 283.323761 	 293.038544 	 2.179709 	 98822.046875 	 641.748962 
193 	 41.678688 	 283.323761 	 292.798737 	 0.742059 	 98871.273438 	 688.994751 
194 	 41.678688 	 283.323761 	 293.291687 	 0.934139 	 98779.976562 	 688.153076 
195 	 41.678688 	 283.323761 	 291.102631 	 1.280433 	 98806.992188 	 481.351929 
196 	 41.678688 	 283.323761 	 298.479706 	 2.799712 	 98430.898438 	 707.544312 
197 	 41.678688 	 283.323761 	 300.124603 	 3.252284 	 98262.562500 	 656.761353 
198 	 41.678688 	 283.323761 	 297.469055 	 3.529693 	 98335.031250 	 718.416138 
199 	 41.678688 	 283.323761 	 293.352997 	 2.185935 	 98566.273438 	 679.155640 
200 	 41.678688 	 283.323761 	 292.678040 	 1.094830 	 98500.203125 	 637.503967 
201 	 41.678688 	 283.323761 	 293.069855 	 1.752796 	 98561.601562 	 641.599854 
202 	 41.678688 	 283.323761 	 292.308563 	 0.911304 	 98848.757812 	 546.762695 
203 	 41.678688 	 283.323761 	 292.729950 	 1.112809 	 98864.296875 	 627.593445 
204 	 41.678688 	 283.323761 	 294.513428 	 1.377575 	 98650.968750 	 630.783386 
205 	 41.678688 	 283.323761 	 297.620483 	 2.882771 	 98551.398438 	 690.874268 
206 	 41.678688 	 283.323761 	 303.528473 	 3.573571 	 97969.437500 	 666.202881 
207 	 41.678688 	 283.323761 	 303.097351 	 3.258295 	 98223.281250 	 684.632935 
208 	 41.678688 	 283.323761 	 299.606506 	 3.060984 	 98114.093750 	 615.960693 
209 	 41.678688 	 283.323761 	 297.533020 	 1.877644 	 98036.421875 	 637.017944 
210 	 41.678688 	 283.323761 	 297.249420 	 1.587737 	 98221.187500 	 610.715942 
211 	 41.678688 	 283.323761 	 296.564026 	 3.176330 	 98147.851562 	 673.216614 
212 	 41.678688 	 283.323761 	 295.689392 	 2.135205 	 97996.718750 	 510.650696 
213 	 41.678688 	 283.323761 	 294.539032 	 2.429960 	 97694.937500 	 610.367310 
214 	 41.678688 	 283.323761 	 294.342804 	 2.618523 	 97863.492188 	 662.249268 
215 	 41.678688 	 283.323761 	 293.009155 	 1.940789 	 98262.851562 	 663.555115 
216 	 41.678688 	 283.323761 	 292.735565 	 0.708276 	 98684.773438 	 629.620972 
217 	 41.678688 	 283.323761 	 295.414886 	 1.803678 	 98666.453125 	 670.502075 
218 	 41.678688 	 283.323761 	 295.940277 	 5.228824 	 98069.320312 	 477.750061 
219 	 41.678688 	 283.323761 	 295.548187 	 3.077350 	 97913.078125 	 639.320740 
220 	 41.678688 	 283.323761 	 291.391968 	 3.255475 	 98772.703125 	 655.618042 
221 	 41.678688 	 283.323761 	 291.795502 	 1.360637 	 99519.007812 	 643.109009 
222 	 41.678688 	 283.323761 	 294.837799 	 2.545584 	 99437.742188 	 609.266602 
223 	 41.678688 	 283.323761 	 297.515594 	 4.288568 	 98753.507812 	 535.467041 
224 	 41.678688 	 283.323761 	 293.489960 	 2.759568 	 98686.007812 	 650.952759 
225 	 41.678688 	 283.323761 	 290.498383 	 1.846264 	 98898.062500 	 572.066162 
226 	 41.678688 	 283.323761 	 297.394318 	 3.793791 	 98169.976562 	 660.264648 
227 	 41.678688 	 283.323761 	 295.711426 	 2.048467 	 98150.476562 	 631.154724 
228 	 41.678688 	 283.323761 	 295.240875 	 3.482964 	 98015.531250 	 653.705383 
229 	 41.678688 	 283.323761 	 293.897644 	 1.655770 	 98619.906250 	 639.394531 
230 	 41.678688 	 283.323761 	 298.834473 	 4.085135 	 98478.140625 	 664.688782 
231 	 41.678688 	 283.323761 	 302.236847 	 3.155066 	 98180.773438 	 627.681519 
232 	 41.678688 	 283.323761 	 304.728516 	 3.017721 	 98313.968750 	 678.826538 
233 	 41.678688 	 283.323761 	 304.859924 	 2.277654 	 98516.140625 	 687.381592 
234 	 41.678688 	 283.323761 	 305.317200 	 2.558456 	 98491.070312 	 681.350830 
235 	 41.678688 	 283.323761 	 304.829895 	 2.652855 	 98159.640625 	 656.891296 
236 	 41.678688 	 283.323761 	 303.143280 	 3.513829 	 97983.328125 	 672.068481 
237 	 41.678688 	 283.323761 	 300.658630 	 2.904165 	 98664.531250 	 662.224609 
238 	 41.678688 	 283.323761 	 299.103088 	 4.199874 	 98708.851562 	 655.824646 
239 	 41.678688 	 283.323761 	 293.071930 	 1.981257 	 99464.687500 	 581.250732 
240 	 41.678688 	 283.323761 	 298.359497 	 4.109533 	 99082.273438 	 660.144531 
241 	 41.678688 	 283.323761 	 300.720032 	 3.788528 	 98323.992188 	 668.535706 
242 	 41.678688 	 283.323761 	 301.752655 	 2.621747 	 98112.398438 	 547.588867 
243 	 41.678688 	 283.323761 	 296.725983 	 3.344428 	 98962.148438 	 635.887634 
244 	 41.678688 	 283.323761 	 291.906525 	 1.749416 	 99685.679688 	 596.484009 
245 	 41.678688 	 283.323761 	 293.362152 	 3.805943 	 99503.320312 	 511.241821 
246 	 41.678688 	 283.323761 	 293.902802 	 3.436408 	 99009.859375 	 524.476318 
247 	 41.678688 	 283.323761 	 291.976837 	 1.419666 	 98929.117188 	 450.963837 
248 	 41.678688 	 283.323761 	 292.460236 	 0.722942 	 99077.359375 	 604.703613 
249 	 41.678688 	 283.323761 	 296.552979 	 0.921381 	 98988.257812 	 614.576294 
250 	 41.678688 	 283.323761 	 299.451477 	 1.214100 	 99113.406250 	 626.353394 
251 	 41.678688 	 283.323761 	 301.183746 	 1.965201 	 98973.750000 	 626.445923 
252 	 41.678688 	 283.323761 	 299.364075 	 1.437149 	 99071.562500 	 612.999023 
253 	 41.678688 	 283.323761 	 298.478088 	 3.087825 	 98627.171875 	 566.081909 
254 	 41.678688 	 283.323761 	 293.709320 	 2.599613 	 99185.140625 	 601.092896 
255 	 41.678688 	 283.323761 	 291.549042 	 2.148003 	 99686.789062 	 544.695801 
256 	 41.678688 	 283.323761 	 297.181152 	 3.507068 	 99033.906250 	 548.708130 
257 	 41.678688 	 283.323761 	 300.509064 	 2.229714 	 98566.500000 	 594.691101 
258 	 41.678688 	 283.323761 	 299.947266 	 1.001662 	 98827.843750 	 606.475159 
259 	 41.678688 	 283.323761 	 300.932129 	 1.963742 	 98721.726562 	 614.050598 
260 	 41.678688 	 283.323761 	 298.454102 	 1.356378 	 98871.546875 	 471.594116 
261 	 41.678688 	 283.323761 	 300.614014 	 2.289524 	 98835.000000 	 568.070190 
262 	 41.678688 	 283.323761 	 298.780609 	 2.248584 	 98920.843750 	 602.087708 
263 	 41.678688 	 283.323761 	 298.305145 	 3.801817 	 98733.000000 	 474.468689 
264 	 41.678688 	 283.323761 	 290.118164 	 3.660132 	 98437.273438 	 537.854858 
265 	 41.678688 	 283.323761 	 287.326233 	 1.871337 	 98981.117188 	 534.106445 
266 	 41.678688 	 283.323761 	 290.617249 	 3.199171 	 98601.632812 	 534.597168 
267 	 41.678688 	 283.323761 	 284.383087 	 1.974169 	 99370.421875 	 510.743591 
268 	 41.678688 	 283.323761 	 282.379974 	 1.617808 	 99460.976562 	 402.708923 
269 	 41.678688 	 283.323761 	 285.242096 	 1.399928 	 99505.898438 	 453.503296 
270 	 41.678688 	 283.323761 	 291.352875 	 2.361951 	 99429.351562 	 534.613708 
271 	 41.678688 	 283.323761 	 295.776703 	 2.512032 	 99601.437500 	 495.898560 
272 	 41.678688 	 283.323761 	 294.818604 	 2.010061 	 99117.257812 	 476.378052 
273 	 41.678688 	 283.323761 	 293.978271 	 1.957275 	 98976.812500 	 500.216522 
274 	 41.678688 	 283.323761 	 295.670502 	 2.636785 	 98114.953125 	 508.478577 
275 	 41.678688 	 283.323761 	 287.256226 	 2.998308 	 98166.562500 	 529.892578 
276 	 41.678688 	 283.323761 	 287.623871 	 1.206455 	 98545.289062 	 524.127075 
277 	 41.678688 	 283.323761 	 286.165131 	 2.962723 	 98138.460938 	 500.858368 
278 	 41.678688 	 283.323761 	 283.386658 	 2.603907 	 99219.921875 	 504.976257 
279 	 41.678688 	 283.323761 	 284.828247 	 4.076848 	 99082.648438 	 379.116699 
280 	 41.678688 	 283.323761 	 284.046997 	 2.838193 	 98644.617188 	 449.007935 
281 	 41.678688 	 283.323761 	 286.053375 	 2.353589 	 98691.617188 	 496.301147 
282 	 41.678688 	 283.323761 	 288.553345 	 2.636112 	 98769.523438 	 491.980042 
283 	 41.678688 	 283.323761 	 285.030670 	 1.806093 	 100020.398438 	 481.617065 
284 	 41.678688 	 283.323761 	 288.209686 	 3.113157 	 99962.570312 	 492.775269 
285 	 41.678688 	 283.323761 	 289.097626 	 3.098962 	 99288.343750 	 501.197632 
286 	 41.678688 	 283.323761 	 291.795349 	 3.370620 	 98381.468750 	 518.936890 
287 	 41.678688 	 283.323761 	 291.056702 	 2.398900 	 98574.539062 	 480.902771 
288 	 41.678688 	 283.323761 	 292.087891 	 5.530421 	 98089.968750 	 403.382416 
289 	 41.678688 	 283.323761 	 280.639038 	 3.099152 	 99319.226562 	 468.138245 
290 	 41.678688 	 283.323761 	 282.656860 	 2.059169 	 99498.171875 	 447.077026 
291 	 41.678688 	 283.323761 	 288.061554 	 3.270414 	 99059.726562 	 463.552429 
292 	 41.678688 	 283.323761 	 294.619781 	 2.794069 	 98706.171875 	 496.322906 
293 	 41.678688 	 283.323761 	 294.227966 	 2.928822 	 98770.210938 	 505.895233 
294 	 41.678688 	 283.323761 	 295.701904 	 3.575622 	 98462.101562 	 497.472778 
295 	 41.678688 	 283.323761 	 289.851135 	 1.772407 	 98852.953125 	 408.281097 
296 	 41.678688 	 283.323761 	 289.325226 	 2.968547 	 98926.882812 	 436.282257 
297 	 41.678688 	 283.323761 	 292.636200 	 5.624592 	 98150.703125 	 432.163910 
298 	 41.678688 	 283.323761 	 283.640808 	 6.477213 	 97066.093750 	 458.011780 
299 	 41.678688 	 283.323761 	 277.812103 	 3.268420 	 98878.523438 	 409.123016 
300 	 41.678688 	 283.323761 	 279.012268 	 2.316276 	 99237.203125 	 415.808472 
301 	 41.678688 	 283.323761 	 280.028503 	 3.253160 	 98604.203125 	 380.691528 
302 	 41.678688 	 283.323761 	 279.761505 	 2.678840 	 98461.367188 	 366.643097 
303 	 41.678688 	 283.323761 	 279.930481 	 3.285201 	 98283.398438 	 395.225281 
304 	 41.678688 	 283.323761 	 279.440704 	 3.040715 	 98668.281250 	 425.680054 
305 	 41.678688 	 283.323761 	 279.834717 	 3.299080 	 99036.632812 	 404.138031 
306 	 41.678688 	 283.323761 	 276.259064 	 2.422154 	 100530.296875 	 423.252075 
307 	 41.678688 	 283.323761 	 276.405090 	 3.914092 	 100475.296875 	 346.620789 
308 	 41.678688 	 283.323761 	 282.069580 	 3.141301 	 99670.117188 	 437.450165 
309 	 41.678688 	 283.323761 	 285.028168 	 2.018793 	 99070.750000 	 396.561584 
310 	 41.678688 	 283.323761 	 283.950500 	 1.954820 	 98776.968750 	 413.776978 
311 	 41.678688 	 283.323761 	 280.947418 	 1.757234 	 99271.929688 	 411.920197 
312 	 41.678688 	 283.323761 	 278.527771 	 3.070764 	 99522.242188 	 404.398071 
313 	 41.678688 	 283.323761 	 273.981873 	 1.095505 	 100042.500000 	 375.497589 
314 	 41.678688 	 283.323761 	 278.167786 	 4.198752 	 99666.109375 	 333.722198 
315 	 41.678688 	 283.323761 	 279.261688 	 1.352932 	 99434.992188 	 378.585785 
316 	 41.678688 	 283.323761 	 275.593567 	 1.055331 	 99699.523438 	 380.363770 
317 	 41.678688 	 283.323761 	 280.473389 	 2.299120 	 99524.117188 	 355.028961 
318 	 41.678688 	 283.323761 	 283.640045 	 2.505913 	 99742.656250 	 397.859222 
319 	 41.678688 	 283.323761 	 286.650696 	 1.497438 	 99709.281250 	 403.912201 
320 	 41.678688 	 283.323761 	 286.852173 	 1.291847 	 99786.859375 	 418.076447 
321 	 41.678688 	 283.323761 	 286.354279 	 2.220282 	 99355.421875 	 407.189758 
322 	 41.678688 	 283.323761 	 278.313660 	 4.034180 	 100123.296875 	 403.878967 
323 	 41.678688 	 283.323761 	 273.416443 	 1.083054 	 100976.601562 	 367.609253 
324 	 41.678688 	 283.323761 	 272.382751 	 0.502090 	 100711.703125 	 348.858154 
325 	 41.678688 	 283.323761 	 273.236542 	 0.839385 	 100488.703125 	 345.281189 
326 	 41.678688 	 283.323761 	 272.835144 	 0.483971 	 100249.000000 	 322.523682 
327 	 41.678688 	 283.323761 	 276.173859 	 0.540731 	 99919.789062 	 359.741180 
328 	 41.678688 	 283.323761 	 281.625610 	 1.258845 	 99841.093750 	 430.124512 
329 	 41.678688 	 283.323761 	 279.030823 	 2.219786 	 99768.203125 	 344.777588 
330 	 41.678688 	 283.323761 	 282.421021 	 2.606068 	 99056.687500 	 380.541229 
331 	 41.678688 	 283.323761 	 284.383789 	 2.201837 	 97978.617188 	 418.188080 
332 	 41.678688 	 283.323761 	 281.296051 	 1.469913 	 98559.062500 	 400.593872 
333 	 41.678688 	 283.323761 	 278.763702 	 2.511889 	 99168.187500 	 353.382629 
334 	 41.678688 	 283.323761 	 284.550812 	 4.444149 	 98653.976562 	 399.438751 
335 	 41.678688 	 283.323761 	 284.262451 	 3.644005 	 97362.773438 	 387.254456 
336 	 41.678688 	 283.323761 	 274.198853 	 2.635128 	 98170.820312 	 345.761627 
337 	 41.678688 	 283.323761 	 272.625031 	 2.589288 	 98139.632812 	 331.324158 
338 	 41.678688 	 283.323761 	 270.488190 	 2.486352 	 98155.882812 	 318.092957 
339 	 41.678688 	 283.323761 	 270.060608 	 3.391330 	 98401.343750 	 289.240265 
340 	 41.678688 	 283.323761 	 270.154785 	 3.006797 	 97674.500000 	 290.517334 
341 	 41.678688 	 283.323761 	 269.129791 	 3.490406 	 97749.617188 	 290.523865 
342 	 41.678688 	 283.323761 	 273.506409 	 3.925724 	 96958.007812 	 357.287811 
343 	 41.678688 	 283.323761 	 267.729645 	 4.497783 	 96752.968750 	 292.393738 
344 	 41.678688 	 283.323761 	 273.143585 	 4.767152 	 96882.406250 	 325.301727 
345 	 41.678688 	 283.323761 	 271.505981 	 4.724425 	 97012.250000 	 321.777954 
346 	 41.678688 	 283.323761 	 269.648926 	 3.988698 	 97738.789062 	 307.773499 
347 	 41.678688 	 283.323761 	 270.591400 	 3.700951 	 98060.109375 	 307.106873 
348 	 41.678688 	 283.323761 	 269.108459 	 3.160683 	 98972.242188 	 302.466522 
349 	 41.678688 	 283.323761 	 271.176636 	 3.156483 	 99568.640625 	 335.903748 
350 	 41.678688 	 283.323761 	 270.200745 	 1.911322 	 100055.796875 	 321.300110 
351 	 41.678688 	 283.323761 	 272.944763 	 3.314143 	 100280.500000 	 313.469879 
352 	 41.678688 	 283.323761 	 274.660980 	 4.112607 	 98215.656250 	 338.125000 
353 	 41.678688 	 283.323761 	 273.545715 	 2.343892 	 98236.976562 	 358.305664 
354 	 41.678688 	 283.323761 	 274.494324 	 2.717346 	 97719.796875 	 337.037384 
355 	 41.678688 	 283.323761 	 272.068604 	 3.948183 	 97813.976562 	 346.206665 
356 	 41.678688 	 283.323761 	 273.326599 	 2.911561 	 98694.773438 	 342.189484 
357 	 41.678688 	 283.323761 	 279.631775 	 4.860016 	 98263.601562 	 327.764191 
358 	 41.678688 	 283.323761 	 275.344238 	 2.396190 	 99367.000000 	 333.119690 
359 	 41.678688 	 283.323761 	 272.108063 	 1.264533 	 100268.500000 	 330.226715 
360 	 41.678688 	 283.323761 	 275.661896 	 2.585514 	 99886.843750 	 349.184692 
361 	 41.678688 	 283.323761 	 286.130524 	 4.419802 	 98465.992188 	 382.281036 
362 	 41.678688 	 283.323761 	 280.796356 	 2.741798 	 97233.796875 	 352.044952 
363 	 41.678688 	 283.323761 	 271.105225 	 4.306740 	 97743.093750 	 321.011108 
364 	 41.678688 	 283.323761 	 268.904633 	 2.506411 	 99648.656250 	 304.734070 
