# 0: Day of Year [-] 	 1: lat [deg] 	 2: lon [deg] 	 3: tas [K] 	 4: sfcWind [m s-1] 	 5: ps [Pa] 	 6: Total Downwelling Rad Flux [W m-2] 
0 	 41.678688 	 283.323761 	 272.260620 	 1.921700 	 99850.390625 	 308.428680 
1 	 41.678688 	 283.323761 	 281.222931 	 3.109498 	 98953.273438 	 360.212097 
2 	 41.678688 	 283.323761 	 274.590912 	 3.192738 	 98471.656250 	 365.859619 
3 	 41.678688 	 283.323761 	 270.884216 	 1.564793 	 99157.703125 	 324.034302 
4 	 41.678688 	 283.323761 	 272.581635 	 2.138369 	 99388.843750 	 330.958832 
5 	 41.678688 	 283.323761 	 272.528625 	 1.481906 	 100081.000000 	 309.068298 
6 	 41.678688 	 283.323761 	 278.237732 	 3.277227 	 99465.312500 	 341.609772 
7 	 41.678688 	 283.323761 	 288.420990 	 3.232835 	 97028.500000 	 401.394104 
8 	 41.678688 	 283.323761 	 283.014038 	 3.428394 	 96371.773438 	 412.664154 
9 	 41.678688 	 283.323761 	 280.721069 	 2.769738 	 97746.382812 	 356.749969 
10 	 41.678688 	 283.323761 	 282.877136 	 1.843769 	 98577.078125 	 396.930542 
11 	 41.678688 	 283.323761 	 285.017639 	 3.524601 	 98699.882812 	 398.466064 
12 	 41.678688 	 283.323761 	 287.998138 	 4.146879 	 98541.796875 	 413.720062 
13 	 41.678688 	 283.323761 	 289.910156 	 3.783801 	 97855.820312 	 416.328308 
14 	 41.678688 	 283.323761 	 279.052734 	 4.665108 	 97430.062500 	 352.121979 
15 	 41.678688 	 283.323761 	 279.491882 	 2.555983 	 97371.960938 	 357.006165 
16 	 41.678688 	 283.323761 	 278.716339 	 1.551973 	 98602.906250 	 367.444733 
17 	 41.678688 	 283.323761 	 281.160461 	 2.676597 	 99254.109375 	 356.629639 
18 	 41.678688 	 283.323761 	 279.567566 	 3.409647 	 97384.796875 	 375.539337 
19 	 41.678688 	 283.323761 	 273.677795 	 4.206329 	 96946.687500 	 356.123169 
20 	 41.678688 	 283.323761 	 273.826843 	 4.239719 	 97453.570312 	 379.791077 
21 	 41.678688 	 283.323761 	 272.172211 	 1.526004 	 98958.437500 	 343.298920 
22 	 41.678688 	 283.323761 	 274.349182 	 2.504578 	 99594.671875 	 360.526459 
23 	 41.678688 	 283.323761 	 276.798187 	 5.944447 	 98748.171875 	 338.117584 
24 	 41.678688 	 283.323761 	 279.089966 	 2.554175 	 96509.046875 	 365.246338 
25 	 41.678688 	 283.323761 	 277.977386 	 1.869061 	 96552.132812 	 364.072906 
26 	 41.678688 	 283.323761 	 273.974609 	 1.944591 	 96701.078125 	 359.046631 
27 	 41.678688 	 283.323761 	 272.007416 	 3.001066 	 96880.976562 	 373.749573 
28 	 41.678688 	 283.323761 	 271.408966 	 3.574550 	 97825.632812 	 365.483948 
29 	 41.678688 	 283.323761 	 270.802368 	 1.606145 	 98901.429688 	 320.292542 
30 	 41.678688 	 283.323761 	 276.213104 	 2.721045 	 99105.726562 	 392.414917 
31 	 41.678688 	 283.323761 	 284.759918 	 4.568375 	 98098.242188 	 383.621674 
32 	 41.678688 	 283.323761 	 278.121185 	 3.537582 	 95644.687500 	 353.113098 
33 	 41.678688 	 283.323761 	 272.043457 	 5.536048 	 96072.226562 	 325.735962 
34 	 41.678688 	 283.323761 	 270.532043 	 5.071164 	 97961.343750 	 362.502899 
35 	 41.678688 	 283.323761 	 272.426300 	 2.599430 	 99696.679688 	 360.000732 
36 	 41.678688 	 283.323761 	 274.586853 	 0.916174 	 100258.101562 	 381.229004 
37 	 41.678688 	 283.323761 	 281.697235 	 1.627654 	 99925.343750 	 423.792480 
38 	 41.678688 	 283.323761 	 283.587952 	 2.138023 	 99485.000000 	 418.354156 
39 	 41.678688 	 283.323761 	 282.163147 	 3.546998 	 98543.976562 	 384.825989 
40 	 41.678688 	 283.323761 	 270.607025 	 5.215692 	 98451.546875 	 418.330566 
41 	 41.678688 	 283.323761 	 267.753845 	 2.060489 	 99389.992188 	 366.453796 
42 	 41.678688 	 283.323761 	 272.730499 	 2.650537 	 98576.226562 	 375.983887 
43 	 41.678688 	 283.323761 	 272.829956 	 2.102103 	 99057.382812 	 419.792633 
44 	 41.678688 	 283.323761 	 276.470032 	 2.459106 	 98702.289062 	 420.287598 
45 	 41.678688 	 283.323761 	 274.143890 	 2.531024 	 98906.976562 	 387.055420 
46 	 41.678688 	 283.323761 	 275.840332 	 3.485324 	 99396.023438 	 419.708984 
47 	 41.678688 	 283.323761 	 281.938080 	 4.622524 	 98923.101562 	 389.386810 
48 	 41.678688 	 283.323761 	 285.096741 	 4.782871 	 98403.742188 	 390.961365 
49 	 41.678688 	 283.323761 	 281.021820 	 1.653203 	 97257.078125 	 372.546082 
50 	 41.678688 	 283.323761 	 276.494385 	 3.140417 	 96251.140625 	 422.128662 
51 	 41.678688 	 283.323761 	 273.450195 	 3.754859 	 97230.726562 	 395.400208 
52 	 41.678688 	 283.323761 	 269.572144 	 2.594505 	 98598.132812 	 421.631866 
53 	 41.678688 	 283.323761 	 275.254303 	 2.436823 	 99150.828125 	 381.342316 
54 	 41.678688 	 283.323761 	 280.991852 	 2.860098 	 98969.460938 	 435.089966 
55 	 41.678688 	 283.323761 	 281.642609 	 1.017895 	 99066.187500 	 468.718048 
56 	 41.678688 	 283.323761 	 283.145233 	 1.569331 	 99298.476562 	 465.884705 
57 	 41.678688 	 283.323761 	 284.065613 	 1.943289 	 99615.570312 	 466.502930 
58 	 41.678688 	 283.323761 	 285.564117 	 3.772455 	 98767.203125 	 435.025970 
59 	 41.678688 	 283.323761 	 286.695862 	 3.624895 	 96838.460938 	 413.838837 
60 	 41.678688 	 283.323761 	 277.169769 	 4.268194 	 96027.328125 	 464.465210 
61 	 41.678688 	 283.323761 	 263.731750 	 4.139525 	 97840.132812 	 396.354462 
62 	 41.678688 	 283.323761 	 271.728729 	 3.809025 	 98846.046875 	 400.537598 
63 	 41.678688 	 283.323761 	 279.018005 	 3.449793 	 98988.703125 	 437.422485 
64 	 41.678688 	 283.323761 	 281.736420 	 2.667703 	 98860.656250 	 467.077148 
65 	 41.678688 	 283.323761 	 276.536102 	 3.219524 	 98598.546875 	 447.422485 
66 	 41.678688 	 283.323761 	 278.663513 	 2.410518 	 98008.382812 	 459.126770 
67 	 41.678688 	 283.323761 	 282.978851 	 2.575936 	 96875.906250 	 463.638306 
68 	 41.678688 	 283.323761 	 278.452301 	 2.092476 	 96364.531250 	 367.552094 
69 	 41.678688 	 283.323761 	 275.694672 	 3.517105 	 96878.523438 	 436.758881 
70 	 41.678688 	 283.323761 	 274.865845 	 3.630264 	 97210.382812 	 481.937561 
71 	 41.678688 	 283.323761 	 275.453003 	 4.720286 	 97300.601562 	 461.762512 
72 	 41.678688 	 283.323761 	 277.717682 	 4.227785 	 97888.156250 	 459.807037 
73 	 41.678688 	 283.323761 	 279.874817 	 2.459089 	 98587.281250 	 505.524109 
74 	 41.678688 	 283.323761 	 277.403442 	 1.207576 	 98870.953125 	 459.833771 
75 	 41.678688 	 283.323761 	 280.697144 	 2.796083 	 98619.906250 	 432.675903 
76 	 41.678688 	 283.323761 	 281.038971 	 3.823567 	 98307.718750 	 509.190369 
77 	 41.678688 	 283.323761 	 279.725342 	 2.353455 	 98460.117188 	 500.310791 
78 	 41.678688 	 283.323761 	 279.579315 	 1.736514 	 98501.476562 	 503.122253 
79 	 41.678688 	 283.323761 	 279.316681 	 1.494557 	 98461.296875 	 488.449127 
80 	 41.678688 	 283.323761 	 279.131714 	 2.224836 	 97725.812500 	 508.859497 
81 	 41.678688 	 283.323761 	 271.737946 	 5.035178 	 97581.726562 	 479.330933 
82 	 41.678688 	 283.323761 	 276.398743 	 3.939345 	 97785.976562 	 465.681580 
83 	 41.678688 	 283.323761 	 282.718445 	 4.003462 	 97692.039062 	 362.745239 
84 	 41.678688 	 283.323761 	 276.143951 	 2.704364 	 99226.382812 	 489.625580 
85 	 41.678688 	 283.323761 	 277.612091 	 0.929953 	 99818.500000 	 504.152222 
86 	 41.678688 	 283.323761 	 284.253815 	 2.637524 	 99703.117188 	 525.168274 
87 	 41.678688 	 283.323761 	 286.038330 	 3.951729 	 99334.859375 	 442.022217 
88 	 41.678688 	 283.323761 	 289.675507 	 3.719568 	 98541.000000 	 562.258972 
89 	 41.678688 	 283.323761 	 288.701965 	 1.246159 	 98290.890625 	 487.087128 
90 	 41.678688 	 283.323761 	 288.230713 	 1.310346 	 98452.796875 	 551.528687 
91 	 41.678688 	 283.323761 	 289.790527 	 3.795297 	 98504.429688 	 447.744232 
92 	 41.678688 	 283.323761 	 285.292542 	 4.482321 	 97983.296875 	 486.210175 
93 	 41.678688 	 283.323761 	 279.098419 	 2.773787 	 99208.171875 	 500.766571 
94 	 41.678688 	 283.323761 	 279.980560 	 1.350172 	 99860.882812 	 537.963074 
95 	 41.678688 	 283.323761 	 282.025421 	 1.611563 	 100005.101562 	 547.434204 
96 	 41.678688 	 283.323761 	 284.217743 	 2.038762 	 99919.640625 	 556.877197 
97 	 41.678688 	 283.323761 	 287.264404 	 2.796581 	 99522.046875 	 515.009094 
98 	 41.678688 	 283.323761 	 288.483704 	 2.320409 	 99066.156250 	 579.109497 
99 	 41.678688 	 283.323761 	 286.541473 	 1.727710 	 99583.328125 	 580.865112 
100 	 41.678688 	 283.323761 	 292.828949 	 4.007567 	 99175.578125 	 615.301636 
101 	 41.678688 	 283.323761 	 294.222778 	 3.127840 	 99098.390625 	 629.307190 
102 	 41.678688 	 283.323761 	 293.149323 	 3.392245 	 98854.460938 	 616.828125 
103 	 41.678688 	 283.323761 	 294.134308 	 4.035765 	 98347.312500 	 620.774780 
104 	 41.678688 	 283.323761 	 291.437653 	 3.579540 	 97748.421875 	 536.165039 
105 	 41.678688 	 283.323761 	 283.298340 	 4.243019 	 97772.226562 	 582.180786 
106 	 41.678688 	 283.323761 	 282.005371 	 2.556315 	 98529.148438 	 431.204742 
107 	 41.678688 	 283.323761 	 281.367737 	 3.831864 	 98725.820312 	 598.285278 
108 	 41.678688 	 283.323761 	 278.901306 	 2.047412 	 99215.140625 	 508.474121 
109 	 41.678688 	 283.323761 	 288.801788 	 5.042970 	 98572.070312 	 575.118958 
110 	 41.678688 	 283.323761 	 290.656982 	 2.321025 	 97977.781250 	 569.007935 
111 	 41.678688 	 283.323761 	 289.904297 	 3.239205 	 97987.039062 	 436.985504 
112 	 41.678688 	 283.323761 	 289.584320 	 3.415375 	 97238.218750 	 584.363281 
113 	 41.678688 	 283.323761 	 283.000671 	 3.735274 	 97625.382812 	 403.838196 
114 	 41.678688 	 283.323761 	 283.987854 	 4.205394 	 97747.906250 	 418.921509 
115 	 41.678688 	 283.323761 	 286.801239 	 1.143777 	 98434.976562 	 473.482391 
116 	 41.678688 	 283.323761 	 288.431641 	 2.492262 	 98374.976562 	 568.915771 
117 	 41.678688 	 283.323761 	 290.245514 	 1.950892 	 98508.773438 	 595.944580 
118 	 41.678688 	 283.323761 	 291.591888 	 2.555685 	 98434.921875 	 630.484253 
119 	 41.678688 	 283.323761 	 293.684540 	 4.109505 	 97787.851562 	 631.243408 
120 	 41.678688 	 283.323761 	 289.275024 	 3.273757 	 97135.390625 	 527.434631 
121 	 41.678688 	 283.323761 	 278.461243 	 4.625247 	 97662.156250 	 516.681946 
122 	 41.678688 	 283.323761 	 277.703644 	 3.381503 	 98364.929688 	 554.524292 
123 	 41.678688 	 283.323761 	 279.115631 	 1.740591 	 99193.828125 	 569.376343 
124 	 41.678688 	 283.323761 	 283.316101 	 4.402390 	 98788.070312 	 420.632477 
125 	 41.678688 	 283.323761 	 283.777466 	 4.134220 	 97702.281250 	 538.034912 
126 	 41.678688 	 283.323761 	 280.959076 	 4.167409 	 98139.218750 	 518.523193 
127 	 41.678688 	 283.323761 	 281.369965 	 1.560941 	 98739.101562 	 516.999329 
128 	 41.678688 	 283.323761 	 284.337891 	 1.675411 	 98668.523438 	 628.413696 
129 	 41.678688 	 283.323761 	 284.022888 	 2.258343 	 99196.226562 	 426.031860 
130 	 41.678688 	 283.323761 	 288.259155 	 6.065797 	 99418.500000 	 456.959534 
131 	 41.678688 	 283.323761 	 291.449371 	 2.271851 	 98975.992188 	 668.374329 
132 	 41.678688 	 283.323761 	 289.910034 	 1.898676 	 98482.273438 	 475.218445 
133 	 41.678688 	 283.323761 	 296.520966 	 2.012988 	 98412.070312 	 690.941284 
134 	 41.678688 	 283.323761 	 298.031708 	 1.218395 	 98817.953125 	 696.977173 
135 	 41.678688 	 283.323761 	 296.794098 	 1.316832 	 98926.687500 	 650.055908 
136 	 41.678688 	 283.323761 	 298.159760 	 2.815445 	 98543.882812 	 654.869019 
137 	 41.678688 	 283.323761 	 289.576752 	 3.336910 	 98847.976562 	 598.755066 
138 	 41.678688 	 283.323761 	 286.408783 	 2.833838 	 99142.851562 	 571.314880 
139 	 41.678688 	 283.323761 	 285.313782 	 3.318533 	 99183.906250 	 626.552124 
140 	 41.678688 	 283.323761 	 284.262146 	 2.882147 	 99064.687500 	 598.850830 
141 	 41.678688 	 283.323761 	 284.578400 	 1.921078 	 98725.570312 	 527.844666 
142 	 41.678688 	 283.323761 	 285.759705 	 1.483785 	 98498.890625 	 506.835632 
143 	 41.678688 	 283.323761 	 283.596527 	 2.522307 	 98428.296875 	 497.954193 
144 	 41.678688 	 283.323761 	 287.408936 	 3.603485 	 98487.117188 	 586.280029 
145 	 41.678688 	 283.323761 	 288.929169 	 2.554680 	 98647.992188 	 652.030334 
146 	 41.678688 	 283.323761 	 289.599609 	 1.011336 	 99046.156250 	 659.072266 
147 	 41.678688 	 283.323761 	 293.741058 	 2.647208 	 99449.796875 	 686.587769 
148 	 41.678688 	 283.323761 	 295.031677 	 3.574223 	 99096.781250 	 599.217773 
149 	 41.678688 	 283.323761 	 296.009369 	 2.465058 	 98606.250000 	 685.809692 
150 	 41.678688 	 283.323761 	 298.785431 	 2.325078 	 98369.937500 	 692.278809 
151 	 41.678688 	 283.323761 	 300.100739 	 3.172529 	 98403.343750 	 708.257019 
152 	 41.678688 	 283.323761 	 295.090668 	 2.991654 	 99021.171875 	 669.017273 
153 	 41.678688 	 283.323761 	 292.610870 	 3.059345 	 98801.671875 	 605.835266 
154 	 41.678688 	 283.323761 	 291.690552 	 2.625355 	 99204.687500 	 680.915771 
155 	 41.678688 	 283.323761 	 293.627319 	 1.214536 	 99329.132812 	 685.328003 
156 	 41.678688 	 283.323761 	 297.174072 	 0.659339 	 99321.476562 	 711.845459 
157 	 41.678688 	 283.323761 	 296.510773 	 1.080840 	 98883.406250 	 654.987366 
158 	 41.678688 	 283.323761 	 298.695770 	 1.694927 	 98233.656250 	 720.662842 
159 	 41.678688 	 283.323761 	 294.830383 	 1.118252 	 98427.890625 	 648.283142 
160 	 41.678688 	 283.323761 	 295.309418 	 2.187257 	 98796.078125 	 643.153564 
161 	 41.678688 	 283.323761 	 296.704865 	 2.936485 	 98700.117188 	 690.360840 
162 	 41.678688 	 283.323761 	 297.557220 	 1.719560 	 98382.851562 	 652.574463 
163 	 41.678688 	 283.323761 	 297.554932 	 1.064597 	 98425.023438 	 712.458496 
164 	 41.678688 	 283.323761 	 298.457733 	 2.802366 	 98132.093750 	 714.128906 
165 	 41.678688 	 283.323761 	 296.013916 	 3.340114 	 97790.718750 	 597.578064 
166 	 41.678688 	 283.323761 	 290.186005 	 3.905007 	 98140.343750 	 676.626099 
167 	 41.678688 	 283.323761 	 288.371887 	 2.490740 	 98522.593750 	 554.455078 
168 	 41.678688 	 283.323761 	 288.229218 	 1.845312 	 98712.773438 	 564.234985 
169 	 41.678688 	 283.323761 	 288.846893 	 1.367021 	 99109.890625 	 596.636841 
170 	 41.678688 	 283.323761 	 289.994843 	 0.227911 	 99517.601562 	 675.003906 
171 	 41.678688 	 283.323761 	 292.211182 	 1.112575 	 99596.000000 	 693.825928 
172 	 41.678688 	 283.323761 	 294.955597 	 1.920814 	 99349.039062 	 701.500183 
173 	 41.678688 	 283.323761 	 297.057892 	 1.752456 	 99177.773438 	 715.226807 
174 	 41.678688 	 283.323761 	 298.441986 	 1.484808 	 99057.226562 	 714.716797 
175 	 41.678688 	 283.323761 	 299.146332 	 0.939820 	 98923.367188 	 715.761475 
176 	 41.678688 	 283.323761 	 299.056702 	 0.628669 	 98730.617188 	 724.114929 
177 	 41.678688 	 283.323761 	 299.241241 	 0.857405 	 98517.078125 	 696.579773 
178 	 41.678688 	 283.323761 	 299.118408 	 1.250565 	 98536.273438 	 657.808716 
179 	 41.678688 	 283.323761 	 296.558014 	 2.825414 	 98733.328125 	 697.477539 
180 	 41.678688 	 283.323761 	 296.998322 	 3.389904 	 99461.171875 	 716.099609 
181 	 41.678688 	 283.323761 	 296.068115 	 1.571812 	 99712.187500 	 704.792358 
182 	 41.678688 	 283.323761 	 297.915527 	 1.846637 	 98974.203125 	 687.645508 
183 	 41.678688 	 283.323761 	 300.734100 	 2.143260 	 98231.429688 	 735.465942 
184 	 41.678688 	 283.323761 	 299.270996 	 3.445205 	 97772.953125 	 626.145569 
185 	 41.678688 	 283.323761 	 297.061493 	 2.586779 	 97735.226562 	 606.858643 
186 	 41.678688 	 283.323761 	 293.233917 	 0.991294 	 98307.507812 	 597.553345 
187 	 41.678688 	 283.323761 	 294.223511 	 1.248019 	 98343.320312 	 640.486267 
188 	 41.678688 	 283.323761 	 292.488861 	 1.461224 	 98429.781250 	 518.337646 
189 	 41.678688 	 283.323761 	 294.929688 	 2.350092 	 98755.968750 	 557.562744 
190 	 41.678688 	 283.323761 	 295.955536 	 1.891711 	 98714.296875 	 581.558105 
191 	 41.678688 	 283.323761 	 298.516388 	 1.769128 	 98662.656250 	 665.517090 
192 	 41.678688 	 283.323761 	 299.314087 	 3.570900 	 98421.046875 	 669.313843 
193 	 41.678688 	 283.323761 	 298.554932 	 1.856009 	 98781.531250 	 715.478943 
194 	 41.678688 	 283.323761 	 299.963348 	 2.739792 	 98751.226562 	 685.146484 
195 	 41.678688 	 283.323761 	 299.472961 	 2.287782 	 98789.828125 	 699.428711 
196 	 41.678688 	 283.323761 	 299.751251 	 2.214071 	 98732.437500 	 717.369263 
197 	 41.678688 	 283.323761 	 301.772400 	 2.868801 	 98316.640625 	 699.485657 
198 	 41.678688 	 283.323761 	 304.255676 	 2.289782 	 98201.796875 	 739.540527 
199 	 41.678688 	 283.323761 	 302.643646 	 1.444713 	 98548.507812 	 725.145996 
200 	 41.678688 	 283.323761 	 299.144196 	 3.457980 	 98688.296875 	 668.344360 
201 	 41.678688 	 283.323761 	 297.450134 	 3.816438 	 98513.210938 	 569.771606 
202 	 41.678688 	 283.323761 	 296.550781 	 2.877836 	 98324.812500 	 706.910400 
203 	 41.678688 	 283.323761 	 296.441193 	 2.517209 	 98363.179688 	 689.267700 
204 	 41.678688 	 283.323761 	 298.218353 	 1.941926 	 98433.507812 	 713.250244 
205 	 41.678688 	 283.323761 	 297.998260 	 2.387788 	 98098.476562 	 670.369995 
206 	 41.678688 	 283.323761 	 299.894165 	 4.006398 	 97854.703125 	 663.974182 
207 	 41.678688 	 283.323761 	 298.549988 	 3.684592 	 97609.296875 	 648.639526 
208 	 41.678688 	 283.323761 	 296.464661 	 2.012973 	 97707.460938 	 700.380615 
209 	 41.678688 	 283.323761 	 293.864838 	 1.271437 	 97888.578125 	 560.143555 
210 	 41.678688 	 283.323761 	 296.540894 	 1.366808 	 98013.273438 	 693.396362 
211 	 41.678688 	 283.323761 	 296.911987 	 3.620948 	 98329.742188 	 577.740601 
212 	 41.678688 	 283.323761 	 295.594391 	 2.037453 	 98436.812500 	 570.825867 
213 	 41.678688 	 283.323761 	 294.958984 	 2.120844 	 98799.062500 	 583.703613 
214 	 41.678688 	 283.323761 	 295.634888 	 2.407248 	 98523.062500 	 687.641052 
215 	 41.678688 	 283.323761 	 293.465973 	 1.937245 	 99018.476562 	 657.899292 
216 	 41.678688 	 283.323761 	 296.644989 	 3.526059 	 99259.156250 	 652.550842 
217 	 41.678688 	 283.323761 	 298.172424 	 2.434927 	 99082.218750 	 660.618652 
218 	 41.678688 	 283.323761 	 298.621826 	 4.017792 	 98912.289062 	 590.916565 
219 	 41.678688 	 283.323761 	 297.796570 	 4.270185 	 98610.750000 	 623.558899 
220 	 41.678688 	 283.323761 	 294.900482 	 1.415257 	 98420.500000 	 635.190308 
221 	 41.678688 	 283.323761 	 294.221039 	 1.701850 	 98500.171875 	 566.909912 
222 	 41.678688 	 283.323761 	 296.368530 	 3.211480 	 98313.578125 	 691.124695 
223 	 41.678688 	 283.323761 	 293.935516 	 3.000574 	 98166.437500 	 630.393372 
224 	 41.678688 	 283.323761 	 293.640778 	 1.701882 	 98706.101562 	 657.941956 
225 	 41.678688 	 283.323761 	 294.919739 	 1.499813 	 98844.429688 	 590.390991 
226 	 41.678688 	 283.323761 	 298.547913 	 3.286026 	 98336.601562 	 670.557007 
227 	 41.678688 	 283.323761 	 295.554047 	 1.895789 	 98732.210938 	 613.998047 
228 	 41.678688 	 283.323761 	 300.490387 	 2.898799 	 98415.953125 	 637.068481 
229 	 41.678688 	 283.323761 	 301.340515 	 1.993106 	 98327.617188 	 702.471130 
230 	 41.678688 	 283.323761 	 298.849365 	 2.406647 	 98620.640625 	 644.747803 
231 	 41.678688 	 283.323761 	 300.688080 	 2.816396 	 98410.820312 	 670.526123 
232 	 41.678688 	 283.323761 	 301.288574 	 3.779593 	 98222.062500 	 635.577515 
233 	 41.678688 	 283.323761 	 301.303986 	 3.874473 	 97950.742188 	 656.164307 
234 	 41.678688 	 283.323761 	 294.218353 	 2.746401 	 98806.046875 	 643.000977 
235 	 41.678688 	 283.323761 	 291.653442 	 2.069645 	 99071.953125 	 617.694824 
236 	 41.678688 	 283.323761 	 293.008728 	 0.706287 	 99032.531250 	 620.019043 
237 	 41.678688 	 283.323761 	 298.724426 	 3.301527 	 98734.953125 	 659.206787 
238 	 41.678688 	 283.323761 	 302.968506 	 3.282454 	 98544.250000 	 671.894653 
239 	 41.678688 	 283.323761 	 302.006439 	 3.262349 	 98477.703125 	 663.934082 
240 	 41.678688 	 283.323761 	 299.649353 	 2.708581 	 98361.437500 	 664.315063 
241 	 41.678688 	 283.323761 	 295.873413 	 1.863805 	 98814.828125 	 631.112671 
242 	 41.678688 	 283.323761 	 295.733887 	 1.654226 	 99157.523438 	 609.032959 
243 	 41.678688 	 283.323761 	 297.984711 	 1.506309 	 99165.976562 	 658.834961 
244 	 41.678688 	 283.323761 	 297.978882 	 1.987137 	 99140.468750 	 645.430176 
245 	 41.678688 	 283.323761 	 301.366394 	 3.144044 	 98680.406250 	 637.295654 
246 	 41.678688 	 283.323761 	 301.568420 	 2.894572 	 98461.757812 	 652.095093 
247 	 41.678688 	 283.323761 	 301.471466 	 3.252968 	 98035.273438 	 598.331543 
248 	 41.678688 	 283.323761 	 297.325897 	 2.351604 	 98898.031250 	 633.923035 
249 	 41.678688 	 283.323761 	 294.435730 	 1.609798 	 99639.921875 	 523.940186 
250 	 41.678688 	 283.323761 	 298.878448 	 2.594323 	 99492.671875 	 618.230164 
251 	 41.678688 	 283.323761 	 298.507568 	 1.158697 	 99145.812500 	 606.525635 
252 	 41.678688 	 283.323761 	 298.525085 	 1.948779 	 98707.757812 	 613.895386 
253 	 41.678688 	 283.323761 	 299.096008 	 2.407989 	 98472.632812 	 601.315613 
254 	 41.678688 	 283.323761 	 299.511475 	 2.533252 	 98432.531250 	 601.554016 
255 	 41.678688 	 283.323761 	 297.593445 	 0.741352 	 98741.179688 	 611.926697 
256 	 41.678688 	 283.323761 	 297.597015 	 1.783864 	 99038.906250 	 602.752014 
257 	 41.678688 	 283.323761 	 297.686951 	 2.193963 	 99132.101562 	 563.222290 
258 	 41.678688 	 283.323761 	 297.847595 	 2.803640 	 98840.546875 	 621.908142 
259 	 41.678688 	 283.323761 	 293.880402 	 3.968445 	 98238.523438 	 598.644165 
260 	 41.678688 	 283.323761 	 287.605469 	 2.899568 	 99375.703125 	 546.455444 
261 	 41.678688 	 283.323761 	 288.449615 	 2.978392 	 99656.070312 	 547.237549 
262 	 41.678688 	 283.323761 	 295.161499 	 3.944983 	 99188.242188 	 581.569702 
263 	 41.678688 	 283.323761 	 297.964722 	 3.091091 	 98808.023438 	 546.993652 
264 	 41.678688 	 283.323761 	 296.049805 	 1.793168 	 98673.031250 	 486.025055 
265 	 41.678688 	 283.323761 	 291.553711 	 2.542585 	 98668.203125 	 475.183533 
266 	 41.678688 	 283.323761 	 288.211273 	 2.307709 	 99116.882812 	 511.752197 
267 	 41.678688 	 283.323761 	 286.295166 	 0.951202 	 99276.906250 	 494.923035 
268 	 41.678688 	 283.323761 	 291.626587 	 1.103581 	 99298.312500 	 551.090637 
269 	 41.678688 	 283.323761 	 293.251160 	 2.074648 	 99199.523438 	 534.760742 
270 	 41.678688 	 283.323761 	 294.042511 	 1.955649 	 99186.476562 	 558.983215 
271 	 41.678688 	 283.323761 	 293.028107 	 1.646077 	 99131.406250 	 554.737366 
272 	 41.678688 	 283.323761 	 293.553345 	 1.763881 	 99248.828125 	 539.168213 
273 	 41.678688 	 283.323761 	 290.225525 	 2.902981 	 99550.179688 	 489.741699 
274 	 41.678688 	 283.323761 	 295.278168 	 1.650029 	 99027.148438 	 567.518677 
275 	 41.678688 	 283.323761 	 293.687744 	 0.403899 	 99346.007812 	 553.139038 
276 	 41.678688 	 283.323761 	 294.182556 	 0.972951 	 99369.523438 	 544.344360 
277 	 41.678688 	 283.323761 	 297.368530 	 2.541150 	 99414.492188 	 551.844788 
278 	 41.678688 	 283.323761 	 294.803253 	 1.155647 	 99638.070312 	 539.558289 
279 	 41.678688 	 283.323761 	 296.456055 	 1.589806 	 99334.953125 	 552.979492 
280 	 41.678688 	 283.323761 	 295.501709 	 1.756904 	 98875.789062 	 525.929810 
281 	 41.678688 	 283.323761 	 296.147217 	 3.122395 	 98414.492188 	 514.335327 
282 	 41.678688 	 283.323761 	 290.509644 	 1.917518 	 99085.523438 	 509.349609 
283 	 41.678688 	 283.323761 	 289.195862 	 2.403684 	 99324.539062 	 502.007202 
284 	 41.678688 	 283.323761 	 290.074005 	 2.207917 	 99300.703125 	 508.159088 
285 	 41.678688 	 283.323761 	 290.847076 	 3.080604 	 99280.906250 	 505.838684 
286 	 41.678688 	 283.323761 	 290.647675 	 4.907279 	 99216.351562 	 440.619141 
287 	 41.678688 	 283.323761 	 291.731049 	 5.752137 	 99301.203125 	 425.632416 
288 	 41.678688 	 283.323761 	 289.706146 	 3.429537 	 99176.742188 	 530.977051 
289 	 41.678688 	 283.323761 	 284.136383 	 1.063573 	 99113.546875 	 466.780579 
290 	 41.678688 	 283.323761 	 286.354309 	 1.760591 	 99208.210938 	 479.521423 
291 	 41.678688 	 283.323761 	 285.476807 	 2.283354 	 99065.093750 	 384.164062 
292 	 41.678688 	 283.323761 	 282.155212 	 3.037586 	 99442.601562 	 461.315155 
293 	 41.678688 	 283.323761 	 279.944183 	 1.574207 	 100001.296875 	 428.892944 
294 	 41.678688 	 283.323761 	 278.944611 	 0.847506 	 100049.500000 	 432.562012 
295 	 41.678688 	 283.323761 	 278.397614 	 0.715716 	 99667.546875 	 435.456543 
296 	 41.678688 	 283.323761 	 282.514221 	 2.299266 	 99358.828125 	 383.473389 
297 	 41.678688 	 283.323761 	 280.215424 	 1.901858 	 99797.039062 	 428.463165 
298 	 41.678688 	 283.323761 	 278.719177 	 1.271634 	 100535.898438 	 416.858337 
299 	 41.678688 	 283.323761 	 280.805786 	 1.803934 	 100706.398438 	 419.909241 
300 	 41.678688 	 283.323761 	 282.363403 	 1.415176 	 100625.601562 	 406.983337 
301 	 41.678688 	 283.323761 	 287.476135 	 2.588420 	 100177.703125 	 484.395874 
302 	 41.678688 	 283.323761 	 286.752197 	 2.887724 	 99778.593750 	 470.350220 
303 	 41.678688 	 283.323761 	 282.257812 	 1.031913 	 99704.343750 	 406.256195 
304 	 41.678688 	 283.323761 	 284.584961 	 1.300700 	 99365.343750 	 424.744568 
305 	 41.678688 	 283.323761 	 283.673584 	 0.858755 	 99624.726562 	 429.417175 
306 	 41.678688 	 283.323761 	 285.079315 	 2.227577 	 99727.859375 	 431.914001 
307 	 41.678688 	 283.323761 	 282.339172 	 4.292832 	 99613.546875 	 368.669800 
308 	 41.678688 	 283.323761 	 279.445831 	 3.250241 	 100235.000000 	 371.627411 
309 	 41.678688 	 283.323761 	 276.084167 	 1.274551 	 100541.898438 	 384.465881 
310 	 41.678688 	 283.323761 	 276.193329 	 0.417432 	 100218.703125 	 389.751404 
311 	 41.678688 	 283.323761 	 276.096954 	 0.558636 	 100153.203125 	 393.067932 
312 	 41.678688 	 283.323761 	 278.981567 	 1.057062 	 100180.898438 	 396.001068 
313 	 41.678688 	 283.323761 	 281.160736 	 1.882700 	 100451.398438 	 403.126160 
314 	 41.678688 	 283.323761 	 285.130890 	 2.884240 	 100356.000000 	 435.554504 
315 	 41.678688 	 283.323761 	 285.449768 	 1.935414 	 99869.351562 	 435.213104 
316 	 41.678688 	 283.323761 	 282.795624 	 1.967276 	 99789.773438 	 392.473846 
317 	 41.678688 	 283.323761 	 284.454987 	 4.418403 	 99428.406250 	 399.969208 
318 	 41.678688 	 283.323761 	 288.067719 	 3.774161 	 98466.562500 	 405.443695 
319 	 41.678688 	 283.323761 	 280.617096 	 3.326007 	 98929.851562 	 378.078339 
320 	 41.678688 	 283.323761 	 279.880524 	 2.469909 	 99411.812500 	 398.950867 
321 	 41.678688 	 283.323761 	 276.757874 	 3.412594 	 99534.023438 	 387.645142 
322 	 41.678688 	 283.323761 	 276.927948 	 2.100188 	 99751.937500 	 360.223145 
323 	 41.678688 	 283.323761 	 276.767670 	 1.516845 	 99588.562500 	 385.847107 
324 	 41.678688 	 283.323761 	 281.246643 	 2.931904 	 99408.179688 	 349.958832 
325 	 41.678688 	 283.323761 	 284.707489 	 3.353188 	 98175.671875 	 416.775726 
326 	 41.678688 	 283.323761 	 277.717133 	 3.575686 	 98726.296875 	 378.763824 
327 	 41.678688 	 283.323761 	 276.043213 	 2.588369 	 100157.898438 	 389.438049 
328 	 41.678688 	 283.323761 	 282.734131 	 5.265148 	 99572.929688 	 369.445160 
329 	 41.678688 	 283.323761 	 281.733856 	 4.819890 	 98034.609375 	 377.501984 
330 	 41.678688 	 283.323761 	 274.288330 	 5.927546 	 98410.226562 	 381.987732 
331 	 41.678688 	 283.323761 	 272.059479 	 1.690003 	 99252.023438 	 304.110840 
332 	 41.678688 	 283.323761 	 273.697723 	 0.949546 	 99791.796875 	 366.204712 
333 	 41.678688 	 283.323761 	 273.089111 	 0.646650 	 99735.203125 	 358.173157 
334 	 41.678688 	 283.323761 	 279.806274 	 2.977102 	 98898.343750 	 366.653656 
335 	 41.678688 	 283.323761 	 279.077698 	 2.970632 	 98615.953125 	 381.156799 
336 	 41.678688 	 283.323761 	 276.614288 	 1.997888 	 99297.359375 	 378.387695 
337 	 41.678688 	 283.323761 	 274.070709 	 1.896195 	 100122.500000 	 349.653442 
338 	 41.678688 	 283.323761 	 282.263580 	 4.859752 	 100119.703125 	 394.282471 
339 	 41.678688 	 283.323761 	 288.033325 	 5.709207 	 99270.406250 	 416.258484 
340 	 41.678688 	 283.323761 	 287.821289 	 4.269241 	 98280.632812 	 436.343628 
341 	 41.678688 	 283.323761 	 281.363159 	 2.867938 	 98626.546875 	 357.183167 
342 	 41.678688 	 283.323761 	 278.593933 	 2.092149 	 99018.656250 	 326.938721 
343 	 41.678688 	 283.323761 	 281.191315 	 3.505058 	 97970.046875 	 367.690704 
344 	 41.678688 	 283.323761 	 282.213165 	 2.282891 	 96852.640625 	 363.556000 
345 	 41.678688 	 283.323761 	 277.210938 	 4.790897 	 97331.453125 	 375.456970 
346 	 41.678688 	 283.323761 	 273.833923 	 2.082761 	 99198.109375 	 348.888550 
347 	 41.678688 	 283.323761 	 274.767853 	 2.174446 	 99046.726562 	 357.520508 
348 	 41.678688 	 283.323761 	 275.864349 	 1.548847 	 98775.476562 	 346.664795 
349 	 41.678688 	 283.323761 	 275.487122 	 1.740271 	 99131.507812 	 362.529083 
350 	 41.678688 	 283.323761 	 276.012573 	 2.922782 	 98383.976562 	 366.244019 
351 	 41.678688 	 283.323761 	 273.582916 	 3.590570 	 97791.992188 	 304.734802 
352 	 41.678688 	 283.323761 	 277.728882 	 4.620850 	 97583.312500 	 364.103851 
353 	 41.678688 	 283.323761 	 274.933990 	 2.551873 	 98737.632812 	 335.591522 
354 	 41.678688 	 283.323761 	 275.903778 	 2.918308 	 99406.843750 	 337.666443 
355 	 41.678688 	 283.323761 	 283.366882 	 3.981010 	 99717.656250 	 378.756348 
356 	 41.678688 	 283.323761 	 290.555573 	 6.592571 	 98735.093750 	 406.773102 
357 	 41.678688 	 283.323761 	 283.753967 	 4.224732 	 98034.882812 	 372.275146 
358 	 41.678688 	 283.323761 	 274.527435 	 1.860507 	 99170.257812 	 305.973328 
359 	 41.678688 	 283.323761 	 274.580505 	 2.095403 	 98716.320312 	 327.621521 
360 	 41.678688 	 283.323761 	 273.358154 	 3.268366 	 98337.742188 	 350.282288 
361 	 41.678688 	 283.323761 	 270.978241 	 2.129449 	 98936.757812 	 332.838257 
362 	 41.678688 	 283.323761 	 271.211395 	 1.370743 	 99690.343750 	 312.683014 
363 	 41.678688 	 283.323761 	 270.902893 	 2.517984 	 100096.101562 	 340.603027 
364 	 41.678688 	 283.323761 	 269.982758 	 1.505086 	 100503.101562 	 325.529541 
