# 0: Day of Year [-] 	 1: lat [deg] 	 2: lon [deg] 	 3: tas [K] 	 4: sfcWind [m s-1] 	 5: ps [Pa] 	 6: Total Downwelling Rad Flux [W m-2] 
0 	 41.678688 	 283.323761 	 279.669861 	 4.941285 	 98790.273438 	 319.010925 
1 	 41.678688 	 283.323761 	 281.932343 	 4.622133 	 96544.132812 	 412.714630 
2 	 41.678688 	 283.323761 	 275.588165 	 3.055367 	 96229.617188 	 360.995483 
3 	 41.678688 	 283.323761 	 275.118134 	 3.350000 	 97181.367188 	 364.135223 
4 	 41.678688 	 283.323761 	 276.666870 	 2.542681 	 97669.890625 	 334.220520 
5 	 41.678688 	 283.323761 	 276.529144 	 1.011742 	 97552.382812 	 311.587341 
6 	 41.678688 	 283.323761 	 274.180878 	 3.377607 	 97083.367188 	 358.590149 
7 	 41.678688 	 283.323761 	 272.231567 	 2.945855 	 97408.320312 	 344.503967 
8 	 41.678688 	 283.323761 	 270.188416 	 4.000850 	 97865.640625 	 324.629425 
9 	 41.678688 	 283.323761 	 268.828674 	 3.639530 	 98606.906250 	 339.117523 
10 	 41.678688 	 283.323761 	 268.103149 	 3.212064 	 99070.640625 	 307.559753 
11 	 41.678688 	 283.323761 	 266.363892 	 2.143696 	 99736.062500 	 302.849091 
12 	 41.678688 	 283.323761 	 267.751678 	 2.237927 	 99868.390625 	 310.070557 
13 	 41.678688 	 283.323761 	 270.617096 	 4.671010 	 99158.773438 	 293.081329 
14 	 41.678688 	 283.323761 	 273.120422 	 4.653652 	 98304.656250 	 331.028442 
15 	 41.678688 	 283.323761 	 273.572540 	 3.283804 	 98218.468750 	 332.521881 
16 	 41.678688 	 283.323761 	 272.879364 	 0.807508 	 98694.929688 	 334.682983 
17 	 41.678688 	 283.323761 	 274.196808 	 1.401462 	 99302.437500 	 331.338745 
18 	 41.678688 	 283.323761 	 274.540344 	 2.129322 	 99557.460938 	 342.668427 
19 	 41.678688 	 283.323761 	 278.179474 	 4.903987 	 98840.218750 	 335.304901 
20 	 41.678688 	 283.323761 	 270.816742 	 4.531703 	 97081.210938 	 358.398956 
21 	 41.678688 	 283.323761 	 264.764282 	 4.287192 	 97519.523438 	 308.667725 
22 	 41.678688 	 283.323761 	 267.637390 	 2.272590 	 98385.593750 	 289.452240 
23 	 41.678688 	 283.323761 	 268.284271 	 2.203102 	 98775.796875 	 329.258911 
24 	 41.678688 	 283.323761 	 267.687469 	 3.628549 	 98553.296875 	 346.561523 
25 	 41.678688 	 283.323761 	 263.291992 	 1.842661 	 99393.742188 	 310.289154 
26 	 41.678688 	 283.323761 	 267.277039 	 1.848967 	 98909.203125 	 353.710083 
27 	 41.678688 	 283.323761 	 266.596588 	 1.822835 	 98326.203125 	 348.850952 
28 	 41.678688 	 283.323761 	 263.761749 	 2.593545 	 98634.179688 	 319.853516 
29 	 41.678688 	 283.323761 	 261.840607 	 3.686836 	 99440.078125 	 314.814148 
30 	 41.678688 	 283.323761 	 263.379883 	 2.850835 	 99854.132812 	 316.362946 
31 	 41.678688 	 283.323761 	 264.934021 	 1.268864 	 99395.906250 	 324.934387 
32 	 41.678688 	 283.323761 	 268.391113 	 3.527935 	 98301.273438 	 336.974792 
33 	 41.678688 	 283.323761 	 268.456146 	 2.003171 	 98316.000000 	 365.421997 
34 	 41.678688 	 283.323761 	 265.677704 	 1.804163 	 98365.640625 	 339.794098 
35 	 41.678688 	 283.323761 	 263.786377 	 0.921418 	 98467.031250 	 327.999451 
36 	 41.678688 	 283.323761 	 264.892731 	 0.894198 	 98556.117188 	 326.462769 
37 	 41.678688 	 283.323761 	 271.720398 	 2.917884 	 98858.109375 	 374.018127 
38 	 41.678688 	 283.323761 	 279.114532 	 4.145790 	 98480.593750 	 371.291565 
39 	 41.678688 	 283.323761 	 280.972382 	 3.426712 	 96916.453125 	 403.865265 
40 	 41.678688 	 283.323761 	 274.993744 	 1.577676 	 96160.593750 	 356.895599 
41 	 41.678688 	 283.323761 	 273.485229 	 1.873191 	 96293.328125 	 394.502228 
42 	 41.678688 	 283.323761 	 270.179993 	 3.064873 	 96701.601562 	 319.148651 
43 	 41.678688 	 283.323761 	 266.395081 	 2.920282 	 97827.609375 	 362.746948 
44 	 41.678688 	 283.323761 	 264.630890 	 1.827124 	 98914.750000 	 349.594238 
45 	 41.678688 	 283.323761 	 269.571472 	 3.663585 	 98482.578125 	 374.601624 
46 	 41.678688 	 283.323761 	 262.612061 	 3.606261 	 99379.570312 	 347.799408 
47 	 41.678688 	 283.323761 	 264.090179 	 1.363412 	 100065.296875 	 314.181183 
48 	 41.678688 	 283.323761 	 270.012848 	 2.246920 	 99821.906250 	 357.129303 
49 	 41.678688 	 283.323761 	 270.310516 	 3.966131 	 98749.171875 	 366.011536 
50 	 41.678688 	 283.323761 	 266.788025 	 5.705253 	 97091.156250 	 415.791290 
51 	 41.678688 	 283.323761 	 268.309265 	 5.321966 	 96303.703125 	 418.386566 
52 	 41.678688 	 283.323761 	 261.684692 	 3.501304 	 97093.843750 	 348.218231 
53 	 41.678688 	 283.323761 	 261.774719 	 4.367281 	 97134.101562 	 380.608978 
54 	 41.678688 	 283.323761 	 267.467621 	 4.595134 	 97160.421875 	 406.818787 
55 	 41.678688 	 283.323761 	 269.511017 	 1.218138 	 98009.781250 	 398.377686 
56 	 41.678688 	 283.323761 	 270.365936 	 0.642301 	 98142.179688 	 351.687927 
57 	 41.678688 	 283.323761 	 273.145874 	 1.293826 	 98154.898438 	 349.528107 
58 	 41.678688 	 283.323761 	 269.283539 	 0.969422 	 98156.093750 	 435.844910 
59 	 41.678688 	 283.323761 	 269.717773 	 2.901141 	 97096.500000 	 337.043335 
60 	 41.678688 	 283.323761 	 271.257721 	 5.182901 	 96242.460938 	 401.072327 
61 	 41.678688 	 283.323761 	 270.590302 	 4.169931 	 96694.726562 	 376.684448 
62 	 41.678688 	 283.323761 	 269.027679 	 3.137306 	 97852.781250 	 411.987335 
63 	 41.678688 	 283.323761 	 270.005341 	 1.175318 	 98340.546875 	 413.278595 
64 	 41.678688 	 283.323761 	 272.839508 	 1.244861 	 97794.843750 	 402.035187 
65 	 41.678688 	 283.323761 	 270.943176 	 1.909914 	 97654.359375 	 443.160919 
66 	 41.678688 	 283.323761 	 277.086395 	 3.080632 	 97637.773438 	 386.754761 
67 	 41.678688 	 283.323761 	 268.690125 	 3.246322 	 97035.421875 	 353.695099 
68 	 41.678688 	 283.323761 	 270.224762 	 4.496170 	 96290.023438 	 378.375580 
69 	 41.678688 	 283.323761 	 270.897614 	 2.952073 	 97884.140625 	 364.436951 
70 	 41.678688 	 283.323761 	 268.009125 	 2.478579 	 98404.906250 	 426.446472 
71 	 41.678688 	 283.323761 	 269.138489 	 3.534726 	 98567.750000 	 455.204071 
72 	 41.678688 	 283.323761 	 267.906189 	 1.724784 	 99053.453125 	 433.888794 
73 	 41.678688 	 283.323761 	 275.674408 	 2.436586 	 98470.843750 	 493.870087 
74 	 41.678688 	 283.323761 	 283.799103 	 4.367822 	 96533.000000 	 392.058075 
75 	 41.678688 	 283.323761 	 276.080017 	 4.545300 	 95885.617188 	 477.529297 
76 	 41.678688 	 283.323761 	 271.330383 	 2.207577 	 98750.960938 	 428.107361 
77 	 41.678688 	 283.323761 	 280.920013 	 5.550263 	 98283.328125 	 366.942535 
78 	 41.678688 	 283.323761 	 278.576080 	 4.974032 	 96488.273438 	 452.223083 
79 	 41.678688 	 283.323761 	 275.632416 	 3.672479 	 97904.679688 	 406.755371 
80 	 41.678688 	 283.323761 	 274.745483 	 3.095446 	 97904.500000 	 508.442383 
81 	 41.678688 	 283.323761 	 272.157196 	 1.254785 	 97992.242188 	 326.909973 
82 	 41.678688 	 283.323761 	 272.724640 	 2.658092 	 97881.273438 	 432.266327 
83 	 41.678688 	 283.323761 	 271.028412 	 2.533402 	 98185.773438 	 474.826233 
84 	 41.678688 	 283.323761 	 271.822998 	 2.827267 	 98820.796875 	 391.232727 
85 	 41.678688 	 283.323761 	 274.708466 	 4.573447 	 99177.953125 	 358.994965 
86 	 41.678688 	 283.323761 	 277.341980 	 2.848966 	 97613.656250 	 404.724487 
87 	 41.678688 	 283.323761 	 277.479462 	 2.027285 	 96450.210938 	 418.049652 
88 	 41.678688 	 283.323761 	 275.586945 	 2.665714 	 96467.437500 	 369.787537 
89 	 41.678688 	 283.323761 	 274.951385 	 2.295340 	 96900.156250 	 375.876831 
90 	 41.678688 	 283.323761 	 277.504608 	 2.625127 	 97832.718750 	 552.383667 
91 	 41.678688 	 283.323761 	 277.167206 	 1.187803 	 98906.898438 	 515.138123 
92 	 41.678688 	 283.323761 	 283.697052 	 4.481253 	 98567.882812 	 457.537872 
93 	 41.678688 	 283.323761 	 282.502625 	 4.650102 	 97583.796875 	 539.344116 
94 	 41.678688 	 283.323761 	 275.887054 	 1.517240 	 98091.679688 	 441.448975 
95 	 41.678688 	 283.323761 	 275.842621 	 2.533003 	 97742.640625 	 506.373413 
96 	 41.678688 	 283.323761 	 274.055511 	 1.220891 	 98065.109375 	 451.312256 
97 	 41.678688 	 283.323761 	 277.222229 	 1.453452 	 98333.617188 	 542.026978 
98 	 41.678688 	 283.323761 	 276.971802 	 1.730180 	 98590.726562 	 351.264343 
99 	 41.678688 	 283.323761 	 284.554840 	 2.807292 	 98127.031250 	 479.512665 
100 	 41.678688 	 283.323761 	 286.248627 	 1.415006 	 97994.140625 	 431.826904 
101 	 41.678688 	 283.323761 	 285.773499 	 1.540096 	 98162.093750 	 437.876587 
102 	 41.678688 	 283.323761 	 282.715393 	 3.161264 	 97250.351562 	 569.255066 
103 	 41.678688 	 283.323761 	 279.486115 	 4.343646 	 97718.046875 	 446.173523 
104 	 41.678688 	 283.323761 	 280.516083 	 2.233399 	 98295.406250 	 559.073608 
105 	 41.678688 	 283.323761 	 280.943268 	 1.392666 	 98469.070312 	 532.051697 
106 	 41.678688 	 283.323761 	 286.553101 	 4.162889 	 98042.078125 	 424.635681 
107 	 41.678688 	 283.323761 	 287.333435 	 2.579547 	 96936.593750 	 603.697266 
108 	 41.678688 	 283.323761 	 286.312927 	 1.466341 	 96479.757812 	 557.080261 
109 	 41.678688 	 283.323761 	 281.207489 	 3.915172 	 96653.203125 	 407.422638 
110 	 41.678688 	 283.323761 	 281.607849 	 2.810920 	 97477.703125 	 569.281006 
111 	 41.678688 	 283.323761 	 281.563965 	 1.738207 	 98025.273438 	 541.601929 
112 	 41.678688 	 283.323761 	 282.081573 	 1.858616 	 98022.046875 	 391.427734 
113 	 41.678688 	 283.323761 	 280.272125 	 4.173321 	 96873.117188 	 552.919861 
114 	 41.678688 	 283.323761 	 275.398987 	 6.316168 	 95826.921875 	 386.299133 
115 	 41.678688 	 283.323761 	 281.224609 	 5.163628 	 97065.921875 	 593.120300 
116 	 41.678688 	 283.323761 	 283.289154 	 3.052076 	 98608.273438 	 471.145386 
117 	 41.678688 	 283.323761 	 288.836365 	 4.098369 	 98590.593750 	 497.470795 
118 	 41.678688 	 283.323761 	 283.444489 	 3.869156 	 98909.046875 	 399.754120 
119 	 41.678688 	 283.323761 	 284.487701 	 3.058856 	 99653.546875 	 608.668396 
120 	 41.678688 	 283.323761 	 288.440033 	 2.033634 	 99691.562500 	 556.312988 
121 	 41.678688 	 283.323761 	 291.131836 	 3.550864 	 99102.046875 	 595.942871 
122 	 41.678688 	 283.323761 	 291.816559 	 4.356049 	 98188.523438 	 642.704712 
123 	 41.678688 	 283.323761 	 289.792419 	 2.562774 	 98373.507812 	 613.516968 
124 	 41.678688 	 283.323761 	 294.290009 	 4.683507 	 97977.929688 	 591.761414 
125 	 41.678688 	 283.323761 	 295.406128 	 4.377860 	 98069.546875 	 469.572144 
126 	 41.678688 	 283.323761 	 292.863739 	 3.965147 	 98516.523438 	 530.399658 
127 	 41.678688 	 283.323761 	 292.492920 	 4.776824 	 98076.226562 	 548.018127 
128 	 41.678688 	 283.323761 	 287.181152 	 2.939657 	 99080.132812 	 655.782715 
129 	 41.678688 	 283.323761 	 287.455811 	 4.604003 	 99053.148438 	 474.443542 
130 	 41.678688 	 283.323761 	 285.886292 	 5.244261 	 97784.156250 	 611.032654 
131 	 41.678688 	 283.323761 	 281.250153 	 3.086541 	 98360.007812 	 479.215027 
132 	 41.678688 	 283.323761 	 279.303864 	 4.430482 	 98365.546875 	 616.075439 
133 	 41.678688 	 283.323761 	 282.408508 	 2.167807 	 99174.710938 	 615.016113 
134 	 41.678688 	 283.323761 	 288.632904 	 4.507194 	 99224.632812 	 537.256042 
135 	 41.678688 	 283.323761 	 297.430969 	 4.549207 	 98292.710938 	 627.186401 
136 	 41.678688 	 283.323761 	 293.985809 	 3.433642 	 98277.828125 	 508.899902 
137 	 41.678688 	 283.323761 	 293.940063 	 2.454838 	 98346.656250 	 640.298767 
138 	 41.678688 	 283.323761 	 292.179626 	 3.570901 	 97428.492188 	 570.220886 
139 	 41.678688 	 283.323761 	 283.911591 	 5.229129 	 98069.429688 	 563.062988 
140 	 41.678688 	 283.323761 	 283.426147 	 3.684284 	 99507.500000 	 623.098022 
141 	 41.678688 	 283.323761 	 284.652802 	 1.902642 	 99721.609375 	 577.785034 
142 	 41.678688 	 283.323761 	 290.732727 	 3.792130 	 98831.562500 	 601.908569 
143 	 41.678688 	 283.323761 	 288.296204 	 3.441734 	 98912.687500 	 596.818848 
144 	 41.678688 	 283.323761 	 286.254181 	 1.658402 	 99632.851562 	 639.195312 
145 	 41.678688 	 283.323761 	 291.321075 	 4.643358 	 99597.812500 	 667.305786 
146 	 41.678688 	 283.323761 	 294.074677 	 4.972488 	 99049.843750 	 684.587158 
147 	 41.678688 	 283.323761 	 295.528046 	 4.837428 	 98339.101562 	 574.233276 
148 	 41.678688 	 283.323761 	 294.931213 	 2.932159 	 97958.523438 	 609.703369 
149 	 41.678688 	 283.323761 	 292.971832 	 2.694468 	 98306.117188 	 587.263733 
150 	 41.678688 	 283.323761 	 296.866638 	 3.753781 	 98066.968750 	 637.723328 
151 	 41.678688 	 283.323761 	 294.297455 	 1.344535 	 98526.296875 	 652.213928 
152 	 41.678688 	 283.323761 	 293.335663 	 2.416050 	 98565.453125 	 586.762451 
153 	 41.678688 	 283.323761 	 291.292023 	 2.462772 	 98856.132812 	 528.622253 
154 	 41.678688 	 283.323761 	 291.183075 	 4.660696 	 98061.382812 	 607.552917 
155 	 41.678688 	 283.323761 	 290.467316 	 2.070064 	 98340.929688 	 657.524292 
156 	 41.678688 	 283.323761 	 293.939667 	 2.260486 	 98633.687500 	 698.386353 
157 	 41.678688 	 283.323761 	 292.852142 	 1.676204 	 99411.679688 	 658.650391 
158 	 41.678688 	 283.323761 	 293.417633 	 2.847234 	 99689.906250 	 701.107056 
159 	 41.678688 	 283.323761 	 292.424805 	 1.822112 	 99422.062500 	 653.221558 
160 	 41.678688 	 283.323761 	 293.206573 	 1.753161 	 98980.773438 	 635.471924 
161 	 41.678688 	 283.323761 	 294.253754 	 2.312403 	 98443.710938 	 638.557739 
162 	 41.678688 	 283.323761 	 296.180664 	 3.145122 	 97899.929688 	 658.395752 
163 	 41.678688 	 283.323761 	 297.353699 	 2.563831 	 97783.468750 	 710.223206 
164 	 41.678688 	 283.323761 	 297.215515 	 1.702022 	 97960.226562 	 690.914978 
165 	 41.678688 	 283.323761 	 295.115936 	 1.246682 	 98465.757812 	 703.294189 
166 	 41.678688 	 283.323761 	 298.776733 	 2.262649 	 98714.046875 	 723.739014 
167 	 41.678688 	 283.323761 	 298.810211 	 2.124820 	 98817.171875 	 678.767395 
168 	 41.678688 	 283.323761 	 298.240814 	 1.523663 	 98912.476562 	 640.661743 
169 	 41.678688 	 283.323761 	 296.960419 	 2.381421 	 98358.796875 	 669.424927 
170 	 41.678688 	 283.323761 	 293.127380 	 2.910252 	 98487.578125 	 498.093811 
171 	 41.678688 	 283.323761 	 292.191437 	 2.339484 	 98983.156250 	 692.295837 
172 	 41.678688 	 283.323761 	 296.012939 	 5.126815 	 99044.937500 	 724.269592 
173 	 41.678688 	 283.323761 	 296.333221 	 4.234458 	 98404.976562 	 591.919312 
174 	 41.678688 	 283.323761 	 295.623169 	 3.012253 	 97831.953125 	 617.154541 
175 	 41.678688 	 283.323761 	 293.385162 	 2.009194 	 98258.882812 	 648.313477 
176 	 41.678688 	 283.323761 	 292.833862 	 2.253136 	 98933.656250 	 605.317261 
177 	 41.678688 	 283.323761 	 291.515289 	 5.442035 	 98978.351562 	 562.504395 
178 	 41.678688 	 283.323761 	 296.550354 	 4.680193 	 98238.078125 	 547.925659 
179 	 41.678688 	 283.323761 	 294.166168 	 3.225720 	 98030.976562 	 642.851074 
180 	 41.678688 	 283.323761 	 292.923096 	 1.461921 	 98703.273438 	 687.492615 
181 	 41.678688 	 283.323761 	 295.350525 	 1.011949 	 98700.421875 	 682.550415 
182 	 41.678688 	 283.323761 	 296.075470 	 1.793144 	 98647.312500 	 644.826294 
183 	 41.678688 	 283.323761 	 294.322266 	 1.121882 	 98490.343750 	 528.493225 
184 	 41.678688 	 283.323761 	 300.793945 	 3.964977 	 97993.273438 	 724.569275 
185 	 41.678688 	 283.323761 	 300.910889 	 3.838123 	 98027.859375 	 719.986938 
186 	 41.678688 	 283.323761 	 296.023682 	 3.303094 	 97831.570312 	 732.006165 
187 	 41.678688 	 283.323761 	 292.603638 	 3.105989 	 98262.070312 	 656.778809 
188 	 41.678688 	 283.323761 	 291.868713 	 3.490087 	 98617.117188 	 646.922852 
189 	 41.678688 	 283.323761 	 292.574097 	 1.510858 	 98933.046875 	 680.138184 
190 	 41.678688 	 283.323761 	 294.083710 	 2.085630 	 98978.039062 	 670.428711 
191 	 41.678688 	 283.323761 	 294.457550 	 3.191130 	 98436.148438 	 505.169342 
192 	 41.678688 	 283.323761 	 296.169830 	 3.764915 	 97642.406250 	 578.215942 
193 	 41.678688 	 283.323761 	 294.414703 	 2.652722 	 98245.921875 	 612.735718 
194 	 41.678688 	 283.323761 	 295.156738 	 5.143883 	 97825.203125 	 569.394775 
195 	 41.678688 	 283.323761 	 292.098999 	 1.396053 	 98125.000000 	 664.873901 
196 	 41.678688 	 283.323761 	 293.135284 	 1.812214 	 98089.968750 	 685.512695 
197 	 41.678688 	 283.323761 	 293.396149 	 2.694810 	 97879.593750 	 669.213135 
198 	 41.678688 	 283.323761 	 289.623383 	 2.684325 	 98505.226562 	 657.245972 
199 	 41.678688 	 283.323761 	 289.079376 	 2.052062 	 98839.671875 	 569.308960 
200 	 41.678688 	 283.323761 	 290.570465 	 1.943950 	 99152.539062 	 632.594482 
201 	 41.678688 	 283.323761 	 292.071838 	 1.055096 	 99502.906250 	 677.164246 
202 	 41.678688 	 283.323761 	 293.801819 	 1.334157 	 99636.726562 	 671.356689 
203 	 41.678688 	 283.323761 	 293.713013 	 1.068112 	 99652.226562 	 678.210571 
204 	 41.678688 	 283.323761 	 294.355499 	 0.487549 	 99627.406250 	 691.462769 
205 	 41.678688 	 283.323761 	 296.438477 	 1.416088 	 99297.476562 	 695.127197 
206 	 41.678688 	 283.323761 	 298.155304 	 2.191937 	 98721.117188 	 716.034668 
207 	 41.678688 	 283.323761 	 299.436890 	 2.716389 	 98329.882812 	 682.105835 
208 	 41.678688 	 283.323761 	 299.419098 	 3.331425 	 98003.500000 	 680.630127 
209 	 41.678688 	 283.323761 	 294.433228 	 2.455133 	 98245.320312 	 694.260864 
210 	 41.678688 	 283.323761 	 293.376648 	 0.990526 	 98716.179688 	 666.844727 
211 	 41.678688 	 283.323761 	 297.491333 	 3.418986 	 98585.679688 	 669.604126 
212 	 41.678688 	 283.323761 	 304.889069 	 3.465631 	 98170.523438 	 728.361206 
213 	 41.678688 	 283.323761 	 301.497864 	 3.257720 	 98094.867188 	 703.828735 
214 	 41.678688 	 283.323761 	 298.384766 	 1.817778 	 98354.039062 	 707.642212 
215 	 41.678688 	 283.323761 	 299.516113 	 1.038733 	 98823.398438 	 703.580139 
216 	 41.678688 	 283.323761 	 299.731262 	 2.543404 	 98650.359375 	 677.558167 
217 	 41.678688 	 283.323761 	 297.803253 	 2.686315 	 98594.476562 	 679.819458 
218 	 41.678688 	 283.323761 	 292.933960 	 1.000005 	 99067.367188 	 647.742859 
219 	 41.678688 	 283.323761 	 298.032288 	 3.645162 	 98765.781250 	 632.971680 
220 	 41.678688 	 283.323761 	 301.667542 	 3.387105 	 98781.992188 	 661.204712 
221 	 41.678688 	 283.323761 	 300.400146 	 3.284409 	 98690.867188 	 669.390198 
222 	 41.678688 	 283.323761 	 298.795990 	 2.202498 	 98789.703125 	 628.201599 
223 	 41.678688 	 283.323761 	 294.984589 	 1.451834 	 98978.343750 	 499.790771 
224 	 41.678688 	 283.323761 	 296.129913 	 2.934300 	 98590.601562 	 608.447083 
225 	 41.678688 	 283.323761 	 291.965851 	 1.421963 	 99319.750000 	 639.053955 
226 	 41.678688 	 283.323761 	 294.736481 	 3.094099 	 99216.539062 	 643.332703 
227 	 41.678688 	 283.323761 	 296.279663 	 4.480609 	 98122.242188 	 551.650269 
228 	 41.678688 	 283.323761 	 294.282074 	 3.137638 	 97937.226562 	 656.345886 
229 	 41.678688 	 283.323761 	 294.036743 	 2.603119 	 98130.882812 	 643.556152 
230 	 41.678688 	 283.323761 	 289.717407 	 3.324960 	 98661.453125 	 624.196045 
231 	 41.678688 	 283.323761 	 289.501434 	 1.801377 	 99144.273438 	 617.992676 
232 	 41.678688 	 283.323761 	 290.360352 	 3.861982 	 99022.000000 	 448.796875 
233 	 41.678688 	 283.323761 	 296.529846 	 5.673529 	 97931.039062 	 630.333069 
234 	 41.678688 	 283.323761 	 289.840637 	 4.288514 	 97789.312500 	 424.249146 
235 	 41.678688 	 283.323761 	 291.768463 	 4.185189 	 98117.023438 	 647.839600 
236 	 41.678688 	 283.323761 	 293.067078 	 3.288223 	 98486.820312 	 629.859680 
237 	 41.678688 	 283.323761 	 292.578583 	 1.081346 	 98515.929688 	 626.078308 
238 	 41.678688 	 283.323761 	 294.690582 	 1.828128 	 98400.460938 	 571.533630 
239 	 41.678688 	 283.323761 	 294.337006 	 1.657897 	 98739.421875 	 640.985352 
240 	 41.678688 	 283.323761 	 298.065491 	 3.240691 	 98795.429688 	 638.365723 
241 	 41.678688 	 283.323761 	 295.590607 	 2.825635 	 99149.882812 	 576.475708 
242 	 41.678688 	 283.323761 	 288.138062 	 3.731014 	 99750.507812 	 506.146973 
243 	 41.678688 	 283.323761 	 286.622589 	 1.453276 	 100302.703125 	 575.850952 
244 	 41.678688 	 283.323761 	 290.467499 	 3.675299 	 99757.796875 	 511.133118 
245 	 41.678688 	 283.323761 	 299.530457 	 4.004930 	 98759.921875 	 641.417603 
246 	 41.678688 	 283.323761 	 302.618591 	 3.382597 	 98700.007812 	 627.504944 
247 	 41.678688 	 283.323761 	 300.576630 	 2.200125 	 99076.093750 	 582.799927 
248 	 41.678688 	 283.323761 	 300.194366 	 2.029733 	 98987.023438 	 632.578491 
249 	 41.678688 	 283.323761 	 301.665253 	 2.853117 	 98740.843750 	 624.400940 
250 	 41.678688 	 283.323761 	 298.613770 	 3.357312 	 98491.351562 	 611.283569 
251 	 41.678688 	 283.323761 	 292.080750 	 1.035869 	 99073.656250 	 583.248474 
252 	 41.678688 	 283.323761 	 295.990295 	 3.821887 	 98641.000000 	 497.769440 
253 	 41.678688 	 283.323761 	 299.658936 	 3.234812 	 98442.031250 	 600.115417 
254 	 41.678688 	 283.323761 	 296.046478 	 3.535211 	 97839.953125 	 494.728088 
255 	 41.678688 	 283.323761 	 288.096497 	 4.370079 	 97710.320312 	 490.060669 
256 	 41.678688 	 283.323761 	 283.762909 	 1.697121 	 99112.960938 	 514.093628 
257 	 41.678688 	 283.323761 	 284.706604 	 1.388761 	 99923.117188 	 493.778564 
258 	 41.678688 	 283.323761 	 287.546112 	 3.384972 	 99819.257812 	 488.889282 
259 	 41.678688 	 283.323761 	 288.223236 	 5.675261 	 98675.226562 	 400.492035 
260 	 41.678688 	 283.323761 	 286.649292 	 2.268312 	 97200.570312 	 504.049805 
261 	 41.678688 	 283.323761 	 285.082977 	 1.677663 	 97685.132812 	 478.838196 
262 	 41.678688 	 283.323761 	 286.857727 	 1.786038 	 97889.289062 	 463.719238 
263 	 41.678688 	 283.323761 	 286.928955 	 1.133461 	 98231.937500 	 478.866211 
264 	 41.678688 	 283.323761 	 286.573334 	 2.065357 	 98375.320312 	 418.093445 
265 	 41.678688 	 283.323761 	 286.289215 	 3.017980 	 98614.593750 	 415.204712 
266 	 41.678688 	 283.323761 	 285.888214 	 3.606540 	 98292.617188 	 463.014191 
267 	 41.678688 	 283.323761 	 286.667755 	 3.976894 	 97661.148438 	 497.702148 
268 	 41.678688 	 283.323761 	 285.328674 	 3.029022 	 98303.523438 	 540.303955 
269 	 41.678688 	 283.323761 	 287.564453 	 2.805118 	 98255.250000 	 427.052582 
270 	 41.678688 	 283.323761 	 284.548767 	 3.214372 	 98222.867188 	 501.697510 
271 	 41.678688 	 283.323761 	 279.351685 	 3.297937 	 98985.273438 	 472.242676 
272 	 41.678688 	 283.323761 	 281.232483 	 3.327220 	 99613.382812 	 488.973541 
273 	 41.678688 	 283.323761 	 286.710541 	 3.921483 	 98490.476562 	 437.923615 
274 	 41.678688 	 283.323761 	 280.067749 	 3.659478 	 98239.593750 	 410.893494 
275 	 41.678688 	 283.323761 	 280.185699 	 2.495440 	 98653.226562 	 473.895630 
276 	 41.678688 	 283.323761 	 281.153717 	 2.290205 	 98299.828125 	 393.552551 
277 	 41.678688 	 283.323761 	 280.164001 	 1.769475 	 98352.382812 	 458.164307 
278 	 41.678688 	 283.323761 	 281.779175 	 1.402078 	 98867.789062 	 479.426086 
279 	 41.678688 	 283.323761 	 285.860413 	 3.361318 	 98800.500000 	 465.942200 
280 	 41.678688 	 283.323761 	 287.864838 	 1.705945 	 98475.523438 	 502.196472 
281 	 41.678688 	 283.323761 	 290.631744 	 1.578956 	 98641.429688 	 513.545593 
282 	 41.678688 	 283.323761 	 291.742981 	 2.611898 	 98532.718750 	 512.190613 
283 	 41.678688 	 283.323761 	 287.178070 	 3.855094 	 98106.382812 	 474.174927 
284 	 41.678688 	 283.323761 	 281.630463 	 1.863237 	 98832.421875 	 478.559509 
285 	 41.678688 	 283.323761 	 281.470032 	 3.637299 	 98590.453125 	 378.403839 
286 	 41.678688 	 283.323761 	 280.563934 	 1.440055 	 98473.726562 	 413.222351 
287 	 41.678688 	 283.323761 	 280.186310 	 3.755795 	 97818.523438 	 341.788940 
288 	 41.678688 	 283.323761 	 281.044250 	 3.712670 	 97468.382812 	 463.447662 
289 	 41.678688 	 283.323761 	 280.302124 	 2.818298 	 98523.257812 	 430.298218 
290 	 41.678688 	 283.323761 	 278.588287 	 2.935537 	 99173.921875 	 422.701477 
291 	 41.678688 	 283.323761 	 285.720428 	 4.455132 	 97591.781250 	 445.576019 
292 	 41.678688 	 283.323761 	 281.559479 	 4.071601 	 97327.523438 	 427.445129 
293 	 41.678688 	 283.323761 	 283.227539 	 4.626730 	 97364.242188 	 431.487305 
294 	 41.678688 	 283.323761 	 279.226898 	 2.996724 	 98692.546875 	 413.834290 
295 	 41.678688 	 283.323761 	 280.804993 	 3.521925 	 98900.968750 	 428.616302 
296 	 41.678688 	 283.323761 	 280.357697 	 1.591972 	 99640.703125 	 424.801453 
297 	 41.678688 	 283.323761 	 280.050079 	 2.441702 	 99803.953125 	 427.405701 
298 	 41.678688 	 283.323761 	 283.863922 	 3.514558 	 99517.367188 	 433.765930 
299 	 41.678688 	 283.323761 	 286.922424 	 3.429846 	 99293.007812 	 435.420166 
300 	 41.678688 	 283.323761 	 289.387512 	 3.884398 	 98608.539062 	 448.449158 
301 	 41.678688 	 283.323761 	 282.752747 	 3.457154 	 98694.062500 	 402.941498 
302 	 41.678688 	 283.323761 	 276.709045 	 1.762747 	 99516.937500 	 352.908539 
303 	 41.678688 	 283.323761 	 278.768463 	 2.102089 	 99519.406250 	 390.737091 
304 	 41.678688 	 283.323761 	 284.830933 	 2.757154 	 98887.296875 	 448.377258 
305 	 41.678688 	 283.323761 	 284.435303 	 3.637478 	 97875.960938 	 406.783081 
306 	 41.678688 	 283.323761 	 273.055359 	 4.744592 	 97425.140625 	 362.334167 
307 	 41.678688 	 283.323761 	 269.706940 	 3.522257 	 98622.828125 	 341.522217 
308 	 41.678688 	 283.323761 	 271.057861 	 2.890402 	 99695.203125 	 344.758942 
309 	 41.678688 	 283.323761 	 270.031036 	 2.037215 	 100586.703125 	 361.375916 
310 	 41.678688 	 283.323761 	 275.018372 	 4.664652 	 99709.093750 	 328.461670 
311 	 41.678688 	 283.323761 	 276.225403 	 1.428477 	 99852.796875 	 354.757568 
312 	 41.678688 	 283.323761 	 274.796417 	 2.199976 	 100281.101562 	 382.422852 
313 	 41.678688 	 283.323761 	 281.718170 	 3.566514 	 99967.921875 	 397.092285 
314 	 41.678688 	 283.323761 	 285.539246 	 3.092577 	 99238.773438 	 400.338196 
315 	 41.678688 	 283.323761 	 277.423218 	 4.399734 	 98596.140625 	 415.269470 
316 	 41.678688 	 283.323761 	 272.257843 	 2.551518 	 99118.476562 	 367.204987 
317 	 41.678688 	 283.323761 	 277.253418 	 2.585258 	 98496.960938 	 393.123871 
318 	 41.678688 	 283.323761 	 276.934082 	 3.500851 	 97568.617188 	 375.395203 
319 	 41.678688 	 283.323761 	 271.858246 	 3.779967 	 97497.109375 	 358.529816 
320 	 41.678688 	 283.323761 	 269.362061 	 2.071313 	 97872.906250 	 310.431305 
321 	 41.678688 	 283.323761 	 269.424469 	 3.101897 	 98265.632812 	 344.355682 
322 	 41.678688 	 283.323761 	 270.629120 	 0.664120 	 98710.296875 	 320.037659 
323 	 41.678688 	 283.323761 	 270.975372 	 1.807749 	 98788.710938 	 359.001465 
324 	 41.678688 	 283.323761 	 270.472351 	 1.792986 	 98415.437500 	 329.390839 
325 	 41.678688 	 283.323761 	 275.406128 	 3.167775 	 97747.078125 	 357.859436 
326 	 41.678688 	 283.323761 	 275.461151 	 3.805668 	 98685.062500 	 395.138062 
327 	 41.678688 	 283.323761 	 271.506653 	 2.103957 	 100004.796875 	 351.625122 
328 	 41.678688 	 283.323761 	 270.307007 	 2.197749 	 100427.796875 	 322.928345 
329 	 41.678688 	 283.323761 	 276.395172 	 3.435555 	 99800.656250 	 377.555115 
330 	 41.678688 	 283.323761 	 280.725525 	 3.492756 	 99363.859375 	 405.999573 
331 	 41.678688 	 283.323761 	 284.952850 	 4.110394 	 99218.843750 	 407.847656 
332 	 41.678688 	 283.323761 	 284.816284 	 4.633152 	 98544.523438 	 403.640747 
333 	 41.678688 	 283.323761 	 277.718201 	 2.602830 	 98963.210938 	 349.963959 
334 	 41.678688 	 283.323761 	 275.757568 	 3.095088 	 99171.406250 	 349.178955 
335 	 41.678688 	 283.323761 	 272.237946 	 1.648528 	 100375.203125 	 331.579285 
336 	 41.678688 	 283.323761 	 276.649017 	 4.171848 	 100181.898438 	 343.465149 
337 	 41.678688 	 283.323761 	 283.377106 	 3.227829 	 99316.789062 	 385.410858 
338 	 41.678688 	 283.323761 	 284.823029 	 4.296940 	 97491.101562 	 406.892548 
339 	 41.678688 	 283.323761 	 274.243073 	 3.889715 	 98224.171875 	 359.532166 
340 	 41.678688 	 283.323761 	 273.317139 	 3.091388 	 98059.593750 	 321.629120 
341 	 41.678688 	 283.323761 	 274.194550 	 4.066970 	 97167.898438 	 346.380493 
342 	 41.678688 	 283.323761 	 274.521881 	 3.288932 	 97887.906250 	 340.253082 
343 	 41.678688 	 283.323761 	 275.401642 	 3.170191 	 99326.453125 	 326.649475 
344 	 41.678688 	 283.323761 	 283.890656 	 5.895294 	 98860.562500 	 377.316833 
345 	 41.678688 	 283.323761 	 279.609863 	 2.858124 	 98773.617188 	 346.339355 
346 	 41.678688 	 283.323761 	 271.641205 	 1.796397 	 99578.406250 	 339.635071 
347 	 41.678688 	 283.323761 	 268.565704 	 1.172421 	 100803.796875 	 303.095062 
348 	 41.678688 	 283.323761 	 274.911835 	 3.520930 	 100469.101562 	 315.647766 
349 	 41.678688 	 283.323761 	 284.782104 	 4.759072 	 98153.781250 	 387.323151 
350 	 41.678688 	 283.323761 	 274.823273 	 5.268165 	 97412.312500 	 380.796967 
351 	 41.678688 	 283.323761 	 272.449219 	 2.874682 	 98858.023438 	 316.660828 
352 	 41.678688 	 283.323761 	 269.968140 	 1.768934 	 100029.500000 	 301.861115 
353 	 41.678688 	 283.323761 	 267.480743 	 3.315539 	 100948.500000 	 314.481873 
354 	 41.678688 	 283.323761 	 269.209747 	 2.036928 	 100933.203125 	 305.304291 
355 	 41.678688 	 283.323761 	 271.035248 	 2.194909 	 100652.203125 	 301.643494 
356 	 41.678688 	 283.323761 	 276.133514 	 3.553507 	 100347.601562 	 326.879700 
357 	 41.678688 	 283.323761 	 280.742218 	 2.267675 	 99363.203125 	 358.937164 
358 	 41.678688 	 283.323761 	 276.559509 	 2.065662 	 98531.929688 	 344.043640 
359 	 41.678688 	 283.323761 	 272.111938 	 2.805911 	 98281.312500 	 344.108063 
360 	 41.678688 	 283.323761 	 271.895294 	 3.235996 	 98633.953125 	 353.015015 
361 	 41.678688 	 283.323761 	 269.685089 	 1.603317 	 99800.570312 	 302.284027 
362 	 41.678688 	 283.323761 	 272.403229 	 3.725660 	 99313.773438 	 313.233459 
363 	 41.678688 	 283.323761 	 274.990692 	 2.341524 	 97032.203125 	 352.235687 
364 	 41.678688 	 283.323761 	 270.732330 	 3.671535 	 97178.132812 	 339.512970 
