# 0: Day of Year [-] 	 1: lat [deg] 	 2: lon [deg] 	 3: tas [K] 	 4: sfcWind [m s-1] 	 5: ps [Pa] 	 6: Total Downwelling Rad Flux [W m-2] 
0 	 41.678688 	 283.323761 	 275.020142 	 3.430234 	 98116.703125 	 341.584686 
1 	 41.678688 	 283.323761 	 272.751404 	 3.434715 	 98265.617188 	 356.911835 
2 	 41.678688 	 283.323761 	 267.138947 	 2.422703 	 99557.539062 	 297.844482 
3 	 41.678688 	 283.323761 	 269.494537 	 1.939510 	 99863.187500 	 335.503998 
4 	 41.678688 	 283.323761 	 267.687317 	 1.873405 	 100009.398438 	 314.631531 
5 	 41.678688 	 283.323761 	 269.393311 	 3.489459 	 99229.148438 	 309.374512 
6 	 41.678688 	 283.323761 	 274.439728 	 2.878351 	 98401.640625 	 296.408630 
7 	 41.678688 	 283.323761 	 271.169739 	 2.891150 	 99087.757812 	 328.238922 
8 	 41.678688 	 283.323761 	 268.072052 	 1.923290 	 99456.140625 	 280.301392 
9 	 41.678688 	 283.323761 	 268.442200 	 1.949481 	 99163.078125 	 319.849304 
10 	 41.678688 	 283.323761 	 274.632263 	 4.511703 	 97715.359375 	 335.209229 
11 	 41.678688 	 283.323761 	 269.144073 	 4.990583 	 97554.421875 	 322.363617 
12 	 41.678688 	 283.323761 	 266.291962 	 3.263127 	 99427.757812 	 303.888519 
13 	 41.678688 	 283.323761 	 272.455719 	 4.044080 	 99155.523438 	 336.669189 
14 	 41.678688 	 283.323761 	 272.016388 	 2.367673 	 99055.250000 	 324.167389 
15 	 41.678688 	 283.323761 	 269.705292 	 1.586859 	 99489.546875 	 340.581085 
16 	 41.678688 	 283.323761 	 271.768311 	 3.363568 	 98744.710938 	 350.035431 
17 	 41.678688 	 283.323761 	 270.569397 	 2.220942 	 99532.250000 	 330.483673 
18 	 41.678688 	 283.323761 	 273.874664 	 3.892459 	 99463.343750 	 345.286346 
19 	 41.678688 	 283.323761 	 278.125275 	 1.697145 	 99078.023438 	 370.963806 
20 	 41.678688 	 283.323761 	 274.580750 	 1.624800 	 99299.570312 	 354.481812 
21 	 41.678688 	 283.323761 	 276.282593 	 1.923601 	 99342.343750 	 361.055634 
22 	 41.678688 	 283.323761 	 277.850372 	 2.878389 	 99179.000000 	 358.270813 
23 	 41.678688 	 283.323761 	 280.525452 	 5.118868 	 97383.562500 	 397.065979 
24 	 41.678688 	 283.323761 	 272.875488 	 4.087038 	 97650.460938 	 333.049530 
25 	 41.678688 	 283.323761 	 273.941772 	 3.011439 	 98091.640625 	 307.788788 
26 	 41.678688 	 283.323761 	 278.642822 	 3.161339 	 97572.929688 	 358.311951 
27 	 41.678688 	 283.323761 	 278.886719 	 5.338326 	 96867.203125 	 383.817383 
28 	 41.678688 	 283.323761 	 271.520996 	 3.730047 	 98842.507812 	 372.058014 
29 	 41.678688 	 283.323761 	 269.709473 	 1.822781 	 100033.601562 	 321.127380 
30 	 41.678688 	 283.323761 	 278.459717 	 3.512776 	 98739.367188 	 356.845581 
31 	 41.678688 	 283.323761 	 278.823364 	 2.405724 	 97914.046875 	 346.590332 
32 	 41.678688 	 283.323761 	 271.934601 	 2.180282 	 98948.070312 	 349.092224 
33 	 41.678688 	 283.323761 	 273.214752 	 2.809514 	 99153.093750 	 382.465057 
34 	 41.678688 	 283.323761 	 272.576019 	 2.653681 	 99586.679688 	 362.775360 
35 	 41.678688 	 283.323761 	 269.515106 	 3.137251 	 100688.601562 	 357.737122 
36 	 41.678688 	 283.323761 	 271.103668 	 3.668076 	 100995.000000 	 357.946777 
37 	 41.678688 	 283.323761 	 281.675812 	 4.811953 	 99312.851562 	 363.268677 
38 	 41.678688 	 283.323761 	 277.010040 	 3.363049 	 97991.140625 	 434.176086 
39 	 41.678688 	 283.323761 	 268.082764 	 2.654362 	 98478.062500 	 333.591980 
40 	 41.678688 	 283.323761 	 266.526581 	 2.179099 	 98445.179688 	 306.136566 
41 	 41.678688 	 283.323761 	 266.734009 	 3.456861 	 98861.476562 	 353.493225 
42 	 41.678688 	 283.323761 	 271.060883 	 3.375848 	 99382.882812 	 333.495483 
43 	 41.678688 	 283.323761 	 273.314240 	 2.053401 	 99077.890625 	 341.159454 
44 	 41.678688 	 283.323761 	 272.890259 	 3.430923 	 97633.343750 	 415.978821 
45 	 41.678688 	 283.323761 	 271.443268 	 3.388853 	 98547.257812 	 331.839111 
46 	 41.678688 	 283.323761 	 269.209991 	 4.483406 	 99032.273438 	 385.932465 
47 	 41.678688 	 283.323761 	 267.271973 	 2.189582 	 100495.703125 	 367.537750 
48 	 41.678688 	 283.323761 	 271.165894 	 4.373808 	 99876.648438 	 330.798706 
49 	 41.678688 	 283.323761 	 276.925140 	 2.855252 	 98949.523438 	 415.397888 
50 	 41.678688 	 283.323761 	 281.544464 	 3.827784 	 98109.593750 	 423.990448 
51 	 41.678688 	 283.323761 	 274.909302 	 3.650446 	 97976.382812 	 395.539124 
52 	 41.678688 	 283.323761 	 270.383453 	 2.508342 	 98619.656250 	 422.769104 
53 	 41.678688 	 283.323761 	 269.345459 	 3.950609 	 98497.617188 	 409.279663 
54 	 41.678688 	 283.323761 	 268.497070 	 3.958018 	 98422.210938 	 388.531433 
55 	 41.678688 	 283.323761 	 269.417511 	 3.395728 	 98395.617188 	 397.114838 
56 	 41.678688 	 283.323761 	 271.497040 	 1.741306 	 98013.656250 	 402.010468 
57 	 41.678688 	 283.323761 	 272.357788 	 2.139606 	 97288.656250 	 346.935089 
58 	 41.678688 	 283.323761 	 274.378693 	 2.578124 	 97553.593750 	 436.299316 
59 	 41.678688 	 283.323761 	 274.078369 	 1.677103 	 98061.078125 	 357.613159 
60 	 41.678688 	 283.323761 	 281.055542 	 2.674930 	 97254.632812 	 468.978760 
61 	 41.678688 	 283.323761 	 282.365204 	 1.958008 	 96941.101562 	 420.525024 
62 	 41.678688 	 283.323761 	 280.606445 	 2.871193 	 97287.390625 	 399.317688 
63 	 41.678688 	 283.323761 	 278.555206 	 3.528225 	 97492.890625 	 411.289490 
64 	 41.678688 	 283.323761 	 276.350555 	 3.436958 	 97980.859375 	 447.142639 
65 	 41.678688 	 283.323761 	 274.983246 	 2.948491 	 98980.062500 	 434.098938 
66 	 41.678688 	 283.323761 	 275.497406 	 2.131051 	 99905.843750 	 472.802155 
67 	 41.678688 	 283.323761 	 277.342712 	 4.775564 	 99829.726562 	 361.746613 
68 	 41.678688 	 283.323761 	 283.191467 	 5.144907 	 97982.523438 	 507.325867 
69 	 41.678688 	 283.323761 	 275.289551 	 4.794110 	 98592.953125 	 413.537292 
70 	 41.678688 	 283.323761 	 268.432892 	 2.424753 	 99581.906250 	 325.516724 
71 	 41.678688 	 283.323761 	 267.836151 	 2.099268 	 100072.796875 	 428.222931 
72 	 41.678688 	 283.323761 	 270.343689 	 1.813550 	 100360.703125 	 442.604767 
73 	 41.678688 	 283.323761 	 272.182190 	 1.759650 	 100960.898438 	 450.262207 
74 	 41.678688 	 283.323761 	 278.617035 	 3.148064 	 101012.500000 	 461.494019 
75 	 41.678688 	 283.323761 	 282.985199 	 3.158677 	 100643.203125 	 411.652130 
76 	 41.678688 	 283.323761 	 286.686615 	 1.079728 	 99812.148438 	 518.683167 
77 	 41.678688 	 283.323761 	 288.230316 	 2.714082 	 98998.078125 	 529.800964 
78 	 41.678688 	 283.323761 	 287.814087 	 3.114014 	 98224.453125 	 424.564087 
79 	 41.678688 	 283.323761 	 281.304504 	 2.957135 	 98852.031250 	 426.177551 
80 	 41.678688 	 283.323761 	 279.495850 	 1.837338 	 99185.000000 	 506.594940 
81 	 41.678688 	 283.323761 	 280.348541 	 2.145065 	 98751.421875 	 399.000610 
82 	 41.678688 	 283.323761 	 281.286560 	 3.459587 	 98092.859375 	 441.899170 
83 	 41.678688 	 283.323761 	 277.457397 	 3.124705 	 99282.156250 	 495.148193 
84 	 41.678688 	 283.323761 	 279.676483 	 3.332611 	 99955.492188 	 447.814819 
85 	 41.678688 	 283.323761 	 287.753967 	 4.869329 	 98608.210938 	 408.768585 
86 	 41.678688 	 283.323761 	 275.492310 	 4.601349 	 99938.101562 	 500.390594 
87 	 41.678688 	 283.323761 	 273.164856 	 3.411886 	 101049.203125 	 351.088745 
88 	 41.678688 	 283.323761 	 279.427063 	 3.261626 	 100763.203125 	 478.797791 
89 	 41.678688 	 283.323761 	 286.170776 	 2.458645 	 100446.203125 	 551.872437 
90 	 41.678688 	 283.323761 	 289.479584 	 2.558815 	 99850.742188 	 552.035645 
91 	 41.678688 	 283.323761 	 291.604462 	 1.842244 	 99420.492188 	 583.871338 
92 	 41.678688 	 283.323761 	 291.396545 	 1.971979 	 99177.906250 	 589.505737 
93 	 41.678688 	 283.323761 	 290.704163 	 2.537861 	 98698.226562 	 545.544495 
94 	 41.678688 	 283.323761 	 289.729248 	 1.603313 	 98694.960938 	 560.535889 
95 	 41.678688 	 283.323761 	 291.626221 	 2.242670 	 98648.328125 	 613.639282 
96 	 41.678688 	 283.323761 	 291.920349 	 3.769667 	 98351.632812 	 548.933411 
97 	 41.678688 	 283.323761 	 285.564209 	 1.420741 	 98990.656250 	 564.406494 
98 	 41.678688 	 283.323761 	 289.729462 	 2.599007 	 98571.750000 	 587.516235 
99 	 41.678688 	 283.323761 	 285.754059 	 3.212572 	 97866.117188 	 545.660645 
100 	 41.678688 	 283.323761 	 279.822083 	 2.698133 	 97782.406250 	 419.046753 
101 	 41.678688 	 283.323761 	 280.224548 	 2.835200 	 98419.203125 	 511.535645 
102 	 41.678688 	 283.323761 	 284.814026 	 3.994689 	 97896.273438 	 488.544861 
103 	 41.678688 	 283.323761 	 280.856201 	 3.495941 	 98233.953125 	 531.889343 
104 	 41.678688 	 283.323761 	 280.431305 	 3.045784 	 98423.406250 	 533.602722 
105 	 41.678688 	 283.323761 	 280.317780 	 3.590809 	 98388.210938 	 480.757080 
106 	 41.678688 	 283.323761 	 280.707855 	 4.618876 	 97269.882812 	 535.987183 
107 	 41.678688 	 283.323761 	 277.865479 	 4.006001 	 97661.312500 	 562.163147 
108 	 41.678688 	 283.323761 	 280.792816 	 2.152286 	 97478.859375 	 423.031525 
109 	 41.678688 	 283.323761 	 281.704254 	 3.601383 	 96905.726562 	 501.930908 
110 	 41.678688 	 283.323761 	 279.474609 	 2.031833 	 98024.218750 	 537.148682 
111 	 41.678688 	 283.323761 	 279.348297 	 2.646044 	 98842.046875 	 579.946716 
112 	 41.678688 	 283.323761 	 279.770905 	 3.267617 	 99745.562500 	 538.571167 
113 	 41.678688 	 283.323761 	 278.723175 	 3.208064 	 100005.500000 	 535.407837 
114 	 41.678688 	 283.323761 	 277.643158 	 5.397468 	 99231.226562 	 389.479919 
115 	 41.678688 	 283.323761 	 277.707581 	 3.903844 	 97610.468750 	 379.249481 
116 	 41.678688 	 283.323761 	 282.775238 	 2.623854 	 97326.476562 	 532.595032 
117 	 41.678688 	 283.323761 	 286.739105 	 2.946674 	 97537.226562 	 549.025330 
118 	 41.678688 	 283.323761 	 288.678162 	 2.028708 	 98295.492188 	 624.291382 
119 	 41.678688 	 283.323761 	 288.438385 	 2.396171 	 99803.687500 	 610.697876 
120 	 41.678688 	 283.323761 	 288.397308 	 3.139415 	 100151.101562 	 566.919067 
121 	 41.678688 	 283.323761 	 291.682648 	 2.244223 	 99471.601562 	 661.368530 
122 	 41.678688 	 283.323761 	 292.570251 	 3.295724 	 98517.406250 	 585.461975 
123 	 41.678688 	 283.323761 	 291.883545 	 4.124185 	 97532.968750 	 503.340820 
124 	 41.678688 	 283.323761 	 284.610352 	 3.738594 	 98079.750000 	 606.790894 
125 	 41.678688 	 283.323761 	 283.075104 	 1.934404 	 98917.007812 	 543.108032 
126 	 41.678688 	 283.323761 	 283.675415 	 0.587456 	 99033.156250 	 545.867859 
127 	 41.678688 	 283.323761 	 286.257080 	 0.674295 	 98746.171875 	 625.042603 
128 	 41.678688 	 283.323761 	 287.839722 	 2.365197 	 98440.453125 	 574.614014 
129 	 41.678688 	 283.323761 	 285.643402 	 2.625376 	 97966.539062 	 381.698334 
130 	 41.678688 	 283.323761 	 284.361359 	 3.477989 	 98107.953125 	 569.005127 
131 	 41.678688 	 283.323761 	 285.319366 	 1.956386 	 98977.273438 	 619.794312 
132 	 41.678688 	 283.323761 	 292.437714 	 2.155374 	 98884.476562 	 667.292908 
133 	 41.678688 	 283.323761 	 296.150940 	 3.160274 	 98425.460938 	 672.878235 
134 	 41.678688 	 283.323761 	 297.856323 	 3.400255 	 98272.781250 	 628.114014 
135 	 41.678688 	 283.323761 	 286.598267 	 3.409493 	 99104.570312 	 628.109741 
136 	 41.678688 	 283.323761 	 281.927643 	 2.202635 	 99917.546875 	 456.577179 
137 	 41.678688 	 283.323761 	 282.868591 	 3.348051 	 100044.398438 	 514.868530 
138 	 41.678688 	 283.323761 	 286.069122 	 4.458395 	 100048.500000 	 486.699097 
139 	 41.678688 	 283.323761 	 288.855896 	 4.050422 	 99442.296875 	 494.890381 
140 	 41.678688 	 283.323761 	 289.857941 	 3.942582 	 99123.757812 	 509.417328 
141 	 41.678688 	 283.323761 	 290.401520 	 2.784679 	 98970.718750 	 673.580383 
142 	 41.678688 	 283.323761 	 289.084442 	 3.949407 	 98384.093750 	 580.171997 
143 	 41.678688 	 283.323761 	 286.408295 	 4.067970 	 97558.109375 	 605.727722 
144 	 41.678688 	 283.323761 	 284.113831 	 4.570349 	 97756.023438 	 529.019409 
145 	 41.678688 	 283.323761 	 288.072906 	 3.311934 	 97512.898438 	 642.207886 
146 	 41.678688 	 283.323761 	 288.345947 	 3.041706 	 98116.406250 	 658.431885 
147 	 41.678688 	 283.323761 	 289.187836 	 3.572564 	 98403.242188 	 598.431396 
148 	 41.678688 	 283.323761 	 298.936310 	 5.786959 	 97230.632812 	 670.883423 
149 	 41.678688 	 283.323761 	 285.013489 	 3.174673 	 98193.960938 	 611.336060 
150 	 41.678688 	 283.323761 	 287.537018 	 2.546713 	 98224.812500 	 566.180542 
151 	 41.678688 	 283.323761 	 287.218262 	 1.638540 	 98490.718750 	 571.642700 
152 	 41.678688 	 283.323761 	 288.795410 	 2.085264 	 98843.429688 	 639.390259 
153 	 41.678688 	 283.323761 	 287.510620 	 2.971756 	 99407.906250 	 663.068848 
154 	 41.678688 	 283.323761 	 288.326691 	 1.575268 	 99513.343750 	 660.757690 
155 	 41.678688 	 283.323761 	 291.006805 	 1.504242 	 99318.960938 	 632.284912 
156 	 41.678688 	 283.323761 	 293.566711 	 4.159282 	 98497.640625 	 625.750977 
157 	 41.678688 	 283.323761 	 294.563782 	 3.906150 	 98173.117188 	 660.503662 
158 	 41.678688 	 283.323761 	 297.737488 	 3.138941 	 98336.031250 	 656.036926 
159 	 41.678688 	 283.323761 	 298.999634 	 2.785669 	 97973.398438 	 686.816650 
160 	 41.678688 	 283.323761 	 298.300201 	 3.350135 	 98102.992188 	 624.615967 
161 	 41.678688 	 283.323761 	 295.355469 	 2.294379 	 98459.976562 	 582.798218 
162 	 41.678688 	 283.323761 	 297.517792 	 5.430860 	 97693.117188 	 672.556519 
163 	 41.678688 	 283.323761 	 291.932770 	 4.348696 	 97320.343750 	 657.488403 
164 	 41.678688 	 283.323761 	 285.831879 	 3.709646 	 97801.476562 	 598.371704 
165 	 41.678688 	 283.323761 	 284.302765 	 2.667239 	 98430.406250 	 585.452576 
166 	 41.678688 	 283.323761 	 288.036987 	 2.014766 	 98995.281250 	 588.646729 
167 	 41.678688 	 283.323761 	 293.001526 	 0.805667 	 99466.390625 	 689.411133 
168 	 41.678688 	 283.323761 	 296.923096 	 1.864836 	 99402.460938 	 697.299316 
169 	 41.678688 	 283.323761 	 298.346161 	 1.155839 	 98914.093750 	 722.605347 
170 	 41.678688 	 283.323761 	 299.241760 	 1.590190 	 98723.843750 	 726.755981 
171 	 41.678688 	 283.323761 	 301.500366 	 3.375707 	 98739.859375 	 724.403320 
172 	 41.678688 	 283.323761 	 300.001251 	 3.683404 	 98578.812500 	 685.675659 
173 	 41.678688 	 283.323761 	 297.557587 	 2.432587 	 98501.531250 	 632.025146 
174 	 41.678688 	 283.323761 	 293.834473 	 2.546044 	 98478.476562 	 653.803101 
175 	 41.678688 	 283.323761 	 293.444275 	 1.649697 	 98963.906250 	 675.925842 
176 	 41.678688 	 283.323761 	 294.556091 	 1.606973 	 99241.023438 	 664.161499 
177 	 41.678688 	 283.323761 	 292.893372 	 2.290458 	 99446.882812 	 480.597046 
178 	 41.678688 	 283.323761 	 293.889893 	 3.421343 	 99617.406250 	 639.156799 
179 	 41.678688 	 283.323761 	 294.087891 	 3.261588 	 99657.023438 	 613.363525 
180 	 41.678688 	 283.323761 	 294.537323 	 2.527718 	 99526.601562 	 626.923462 
181 	 41.678688 	 283.323761 	 294.642395 	 2.276859 	 99117.789062 	 580.870972 
182 	 41.678688 	 283.323761 	 296.426056 	 2.983657 	 98756.531250 	 527.740417 
183 	 41.678688 	 283.323761 	 298.165283 	 2.873698 	 98272.656250 	 687.466492 
184 	 41.678688 	 283.323761 	 296.680115 	 2.046538 	 98043.039062 	 722.023682 
185 	 41.678688 	 283.323761 	 295.280304 	 1.184318 	 97960.109375 	 614.199890 
186 	 41.678688 	 283.323761 	 297.680115 	 2.983079 	 97773.742188 	 732.748291 
187 	 41.678688 	 283.323761 	 294.562378 	 2.217158 	 98219.132812 	 684.986206 
188 	 41.678688 	 283.323761 	 297.104950 	 1.601704 	 98156.960938 	 711.464294 
189 	 41.678688 	 283.323761 	 293.938385 	 3.724762 	 97957.273438 	 653.677917 
190 	 41.678688 	 283.323761 	 290.536346 	 3.110653 	 98529.117188 	 677.498169 
191 	 41.678688 	 283.323761 	 292.662292 	 1.525463 	 98461.171875 	 671.873352 
192 	 41.678688 	 283.323761 	 297.124786 	 2.283832 	 98106.992188 	 618.566406 
193 	 41.678688 	 283.323761 	 294.546600 	 2.509428 	 97887.148438 	 647.581238 
194 	 41.678688 	 283.323761 	 296.209930 	 2.313840 	 98170.492188 	 633.932556 
195 	 41.678688 	 283.323761 	 296.010132 	 0.969520 	 98557.476562 	 631.932251 
196 	 41.678688 	 283.323761 	 296.846283 	 0.985679 	 98705.421875 	 673.796265 
197 	 41.678688 	 283.323761 	 298.960083 	 0.662284 	 98359.046875 	 626.447876 
198 	 41.678688 	 283.323761 	 300.584137 	 1.419915 	 98084.218750 	 693.030823 
199 	 41.678688 	 283.323761 	 300.577454 	 1.322352 	 98158.296875 	 735.005981 
200 	 41.678688 	 283.323761 	 300.755585 	 4.025134 	 97885.000000 	 707.997192 
201 	 41.678688 	 283.323761 	 297.009369 	 2.497312 	 97748.703125 	 705.348267 
202 	 41.678688 	 283.323761 	 292.118286 	 1.855973 	 98254.281250 	 527.746460 
203 	 41.678688 	 283.323761 	 293.693604 	 1.717998 	 98317.437500 	 688.912476 
204 	 41.678688 	 283.323761 	 291.898376 	 2.198309 	 98387.023438 	 657.331421 
205 	 41.678688 	 283.323761 	 292.391724 	 1.117710 	 98666.148438 	 671.302856 
206 	 41.678688 	 283.323761 	 295.583801 	 3.780052 	 98817.656250 	 571.165833 
207 	 41.678688 	 283.323761 	 298.576874 	 4.883091 	 98806.992188 	 577.946167 
208 	 41.678688 	 283.323761 	 295.584778 	 3.198930 	 98520.218750 	 651.335327 
209 	 41.678688 	 283.323761 	 296.418945 	 1.566833 	 98786.117188 	 701.617249 
210 	 41.678688 	 283.323761 	 300.961700 	 4.211174 	 98396.406250 	 718.657471 
211 	 41.678688 	 283.323761 	 300.815125 	 2.005116 	 98369.523438 	 688.774658 
212 	 41.678688 	 283.323761 	 302.321198 	 4.813979 	 98379.007812 	 671.674683 
213 	 41.678688 	 283.323761 	 300.563080 	 2.427195 	 98365.382812 	 721.994812 
214 	 41.678688 	 283.323761 	 297.093567 	 1.890788 	 98766.523438 	 686.742676 
215 	 41.678688 	 283.323761 	 297.221619 	 1.430131 	 99502.671875 	 690.675049 
216 	 41.678688 	 283.323761 	 299.714722 	 3.581968 	 99605.921875 	 690.789917 
217 	 41.678688 	 283.323761 	 298.507996 	 4.432935 	 99467.898438 	 632.308960 
218 	 41.678688 	 283.323761 	 297.539581 	 4.366662 	 98845.000000 	 626.454529 
219 	 41.678688 	 283.323761 	 297.920624 	 3.265349 	 98486.367188 	 674.573853 
220 	 41.678688 	 283.323761 	 297.797791 	 2.088774 	 98307.687500 	 681.796509 
221 	 41.678688 	 283.323761 	 295.717041 	 4.355514 	 97728.000000 	 638.213745 
222 	 41.678688 	 283.323761 	 291.611084 	 2.481787 	 98681.687500 	 645.475037 
223 	 41.678688 	 283.323761 	 293.090759 	 2.365140 	 98868.117188 	 539.330505 
224 	 41.678688 	 283.323761 	 297.774170 	 3.084678 	 98190.609375 	 677.150757 
225 	 41.678688 	 283.323761 	 299.062103 	 2.571100 	 98078.953125 	 655.990051 
226 	 41.678688 	 283.323761 	 300.272797 	 3.475383 	 98199.570312 	 678.959534 
227 	 41.678688 	 283.323761 	 297.296417 	 1.617959 	 98794.773438 	 666.914429 
228 	 41.678688 	 283.323761 	 302.702820 	 3.521246 	 98189.210938 	 636.989624 
229 	 41.678688 	 283.323761 	 299.522369 	 1.131095 	 98390.250000 	 653.327942 
230 	 41.678688 	 283.323761 	 298.746155 	 3.076751 	 98643.906250 	 629.046997 
231 	 41.678688 	 283.323761 	 299.925903 	 2.994832 	 98679.617188 	 637.544922 
232 	 41.678688 	 283.323761 	 299.145508 	 1.942854 	 98627.140625 	 520.851074 
233 	 41.678688 	 283.323761 	 298.619324 	 2.318400 	 98366.726562 	 679.613831 
234 	 41.678688 	 283.323761 	 296.532990 	 2.442590 	 98304.921875 	 643.274170 
235 	 41.678688 	 283.323761 	 293.594757 	 2.316761 	 98589.093750 	 631.215698 
236 	 41.678688 	 283.323761 	 297.614288 	 3.936232 	 98700.890625 	 624.824829 
237 	 41.678688 	 283.323761 	 301.242859 	 4.914397 	 98268.476562 	 633.482239 
238 	 41.678688 	 283.323761 	 293.086578 	 4.259898 	 99052.796875 	 651.689819 
239 	 41.678688 	 283.323761 	 288.075287 	 1.422760 	 99571.390625 	 551.849060 
240 	 41.678688 	 283.323761 	 288.540985 	 1.336112 	 99096.976562 	 590.576660 
241 	 41.678688 	 283.323761 	 290.891785 	 1.812384 	 98991.210938 	 524.735901 
242 	 41.678688 	 283.323761 	 299.533936 	 3.712927 	 98279.398438 	 643.094299 
243 	 41.678688 	 283.323761 	 296.523193 	 1.738323 	 98919.140625 	 605.393921 
244 	 41.678688 	 283.323761 	 293.321320 	 1.887501 	 99495.179688 	 563.121643 
245 	 41.678688 	 283.323761 	 295.040009 	 2.213336 	 99487.789062 	 643.527832 
246 	 41.678688 	 283.323761 	 294.710999 	 3.541259 	 99342.398438 	 620.470581 
247 	 41.678688 	 283.323761 	 297.806610 	 4.339665 	 98983.359375 	 629.921631 
248 	 41.678688 	 283.323761 	 301.180206 	 3.443382 	 98751.929688 	 660.102295 
249 	 41.678688 	 283.323761 	 301.937317 	 2.684618 	 98684.179688 	 641.894653 
250 	 41.678688 	 283.323761 	 300.006958 	 1.716320 	 98774.789062 	 619.567993 
251 	 41.678688 	 283.323761 	 300.351929 	 2.741531 	 98859.976562 	 635.443115 
252 	 41.678688 	 283.323761 	 298.475891 	 2.813292 	 98988.882812 	 614.775574 
253 	 41.678688 	 283.323761 	 300.191772 	 2.973706 	 99150.687500 	 644.071228 
254 	 41.678688 	 283.323761 	 300.826324 	 3.677050 	 98959.671875 	 636.529663 
255 	 41.678688 	 283.323761 	 300.083313 	 3.759667 	 98360.226562 	 561.946899 
256 	 41.678688 	 283.323761 	 291.391296 	 5.322100 	 98125.953125 	 565.166992 
257 	 41.678688 	 283.323761 	 286.759674 	 2.182480 	 99181.296875 	 543.338257 
258 	 41.678688 	 283.323761 	 287.201355 	 1.724632 	 99276.523438 	 528.151978 
259 	 41.678688 	 283.323761 	 293.855316 	 1.981943 	 99063.296875 	 567.322388 
260 	 41.678688 	 283.323761 	 296.172974 	 2.518129 	 99056.406250 	 583.557007 
261 	 41.678688 	 283.323761 	 297.838867 	 3.898819 	 98842.960938 	 615.621277 
262 	 41.678688 	 283.323761 	 296.682648 	 3.859968 	 98276.117188 	 527.536926 
263 	 41.678688 	 283.323761 	 290.827667 	 3.275057 	 98168.093750 	 560.042969 
264 	 41.678688 	 283.323761 	 291.668671 	 2.604792 	 98592.828125 	 560.616882 
265 	 41.678688 	 283.323761 	 287.589233 	 1.819135 	 99108.242188 	 531.637695 
266 	 41.678688 	 283.323761 	 290.726105 	 3.625958 	 98741.570312 	 428.647400 
267 	 41.678688 	 283.323761 	 288.749878 	 2.068837 	 98546.703125 	 543.037231 
268 	 41.678688 	 283.323761 	 285.645355 	 2.244397 	 98815.242188 	 503.125854 
269 	 41.678688 	 283.323761 	 286.093872 	 1.650572 	 99109.820312 	 476.773010 
270 	 41.678688 	 283.323761 	 288.780853 	 1.985762 	 98973.273438 	 436.978271 
271 	 41.678688 	 283.323761 	 286.943359 	 2.320646 	 99091.687500 	 516.782471 
272 	 41.678688 	 283.323761 	 285.699066 	 3.142409 	 99557.437500 	 472.913208 
273 	 41.678688 	 283.323761 	 294.651123 	 4.015122 	 98652.789062 	 574.438599 
274 	 41.678688 	 283.323761 	 293.263550 	 3.906529 	 97934.843750 	 513.185913 
275 	 41.678688 	 283.323761 	 286.007812 	 2.016361 	 98975.476562 	 495.661865 
276 	 41.678688 	 283.323761 	 290.270630 	 3.238055 	 99404.937500 	 518.954102 
277 	 41.678688 	 283.323761 	 291.643280 	 4.051817 	 99485.531250 	 515.849487 
278 	 41.678688 	 283.323761 	 293.605042 	 3.590374 	 98913.617188 	 537.008789 
279 	 41.678688 	 283.323761 	 295.077606 	 3.336280 	 98529.726562 	 543.231079 
280 	 41.678688 	 283.323761 	 295.546173 	 3.684089 	 98371.796875 	 503.917419 
281 	 41.678688 	 283.323761 	 297.697205 	 2.886723 	 98240.632812 	 529.865967 
282 	 41.678688 	 283.323761 	 288.247681 	 2.346504 	 99250.273438 	 532.260132 
283 	 41.678688 	 283.323761 	 289.734039 	 3.384320 	 99821.742188 	 464.124634 
284 	 41.678688 	 283.323761 	 288.588379 	 3.793516 	 99449.570312 	 491.151978 
285 	 41.678688 	 283.323761 	 282.393799 	 1.200297 	 99568.289062 	 464.371246 
286 	 41.678688 	 283.323761 	 284.846252 	 1.573835 	 98968.492188 	 446.532257 
287 	 41.678688 	 283.323761 	 287.303589 	 2.478297 	 98405.617188 	 490.632477 
288 	 41.678688 	 283.323761 	 285.803925 	 2.847777 	 98813.460938 	 486.058228 
289 	 41.678688 	 283.323761 	 280.005890 	 1.634643 	 99640.632812 	 448.662445 
290 	 41.678688 	 283.323761 	 278.611572 	 0.638688 	 99965.882812 	 438.064514 
291 	 41.678688 	 283.323761 	 278.689178 	 0.315036 	 99976.023438 	 402.973816 
292 	 41.678688 	 283.323761 	 279.529877 	 0.634983 	 99951.046875 	 445.819275 
293 	 41.678688 	 283.323761 	 284.994202 	 2.063872 	 99618.820312 	 453.249756 
294 	 41.678688 	 283.323761 	 289.457336 	 1.283467 	 99145.523438 	 467.591339 
295 	 41.678688 	 283.323761 	 289.834625 	 1.219896 	 98707.796875 	 502.231750 
296 	 41.678688 	 283.323761 	 289.498779 	 2.019665 	 98253.250000 	 500.337463 
297 	 41.678688 	 283.323761 	 280.808136 	 1.194875 	 98612.703125 	 421.644958 
298 	 41.678688 	 283.323761 	 283.520050 	 3.529910 	 98687.906250 	 440.547668 
299 	 41.678688 	 283.323761 	 283.952667 	 2.430275 	 98782.882812 	 459.505981 
300 	 41.678688 	 283.323761 	 278.184814 	 2.662043 	 99304.179688 	 422.244141 
301 	 41.678688 	 283.323761 	 277.626129 	 1.406276 	 99629.367188 	 379.988831 
302 	 41.678688 	 283.323761 	 274.995941 	 2.782647 	 99324.117188 	 403.929596 
303 	 41.678688 	 283.323761 	 273.591675 	 1.904278 	 99986.187500 	 388.806274 
304 	 41.678688 	 283.323761 	 275.621979 	 2.733619 	 100014.796875 	 369.116241 
305 	 41.678688 	 283.323761 	 279.835388 	 2.178916 	 99668.828125 	 409.061676 
306 	 41.678688 	 283.323761 	 281.552338 	 1.063284 	 99774.820312 	 382.158691 
307 	 41.678688 	 283.323761 	 282.769073 	 1.266895 	 99832.726562 	 432.484406 
308 	 41.678688 	 283.323761 	 284.191742 	 1.609386 	 99441.179688 	 395.028320 
309 	 41.678688 	 283.323761 	 284.379333 	 1.678315 	 99032.960938 	 396.459137 
310 	 41.678688 	 283.323761 	 287.594025 	 2.214550 	 98628.546875 	 439.236176 
311 	 41.678688 	 283.323761 	 287.323334 	 2.378955 	 99244.890625 	 405.166199 
312 	 41.678688 	 283.323761 	 288.953247 	 4.310230 	 99335.492188 	 413.362640 
313 	 41.678688 	 283.323761 	 289.461517 	 3.429857 	 97945.523438 	 434.513062 
314 	 41.678688 	 283.323761 	 279.857758 	 2.913146 	 97496.906250 	 364.339966 
315 	 41.678688 	 283.323761 	 276.694336 	 3.364897 	 98717.039062 	 405.997314 
316 	 41.678688 	 283.323761 	 276.033386 	 2.565285 	 98911.570312 	 364.114258 
317 	 41.678688 	 283.323761 	 279.156494 	 3.305425 	 98162.656250 	 400.308777 
318 	 41.678688 	 283.323761 	 279.064240 	 3.753318 	 97417.539062 	 379.739655 
319 	 41.678688 	 283.323761 	 279.028442 	 4.405403 	 97254.921875 	 404.261932 
320 	 41.678688 	 283.323761 	 281.003601 	 3.663935 	 97804.312500 	 343.463654 
321 	 41.678688 	 283.323761 	 278.969086 	 2.801162 	 98168.492188 	 358.533997 
322 	 41.678688 	 283.323761 	 279.369324 	 5.041646 	 97068.882812 	 390.545593 
323 	 41.678688 	 283.323761 	 276.339294 	 4.988541 	 97554.156250 	 367.948181 
324 	 41.678688 	 283.323761 	 279.601044 	 2.936928 	 98578.296875 	 395.027832 
325 	 41.678688 	 283.323761 	 285.180786 	 2.556096 	 99251.343750 	 401.779114 
326 	 41.678688 	 283.323761 	 287.751984 	 3.541816 	 98895.140625 	 403.985413 
327 	 41.678688 	 283.323761 	 276.867340 	 2.343311 	 99361.429688 	 353.417572 
328 	 41.678688 	 283.323761 	 275.681732 	 2.793118 	 99082.476562 	 365.788635 
329 	 41.678688 	 283.323761 	 272.946167 	 3.893675 	 99317.476562 	 344.245148 
330 	 41.678688 	 283.323761 	 273.136963 	 3.540763 	 99516.843750 	 333.543457 
331 	 41.678688 	 283.323761 	 273.193390 	 1.933138 	 98948.312500 	 323.326385 
332 	 41.678688 	 283.323761 	 274.753052 	 2.653131 	 98318.656250 	 375.231750 
333 	 41.678688 	 283.323761 	 271.913666 	 2.077792 	 99284.601562 	 329.351562 
334 	 41.678688 	 283.323761 	 270.359161 	 1.720737 	 100227.000000 	 301.460938 
335 	 41.678688 	 283.323761 	 276.118347 	 3.106623 	 98454.890625 	 349.058594 
336 	 41.678688 	 283.323761 	 273.555298 	 2.480425 	 98353.250000 	 331.252960 
337 	 41.678688 	 283.323761 	 272.326752 	 2.047782 	 98868.078125 	 351.511993 
338 	 41.678688 	 283.323761 	 272.668915 	 2.775147 	 99833.460938 	 362.990936 
339 	 41.678688 	 283.323761 	 272.350189 	 3.044868 	 100399.703125 	 333.553833 
340 	 41.678688 	 283.323761 	 282.076263 	 6.303894 	 99094.046875 	 333.122620 
341 	 41.678688 	 283.323761 	 274.822021 	 3.292330 	 98953.937500 	 327.276001 
342 	 41.678688 	 283.323761 	 272.891052 	 2.101147 	 99349.031250 	 314.048706 
343 	 41.678688 	 283.323761 	 273.882599 	 4.340902 	 96825.906250 	 371.701660 
344 	 41.678688 	 283.323761 	 271.140533 	 5.132916 	 96741.437500 	 334.889130 
345 	 41.678688 	 283.323761 	 269.598450 	 3.678924 	 98321.296875 	 310.672058 
346 	 41.678688 	 283.323761 	 271.131042 	 2.647905 	 98540.710938 	 339.019348 
347 	 41.678688 	 283.323761 	 269.895142 	 1.747964 	 98105.476562 	 338.695801 
348 	 41.678688 	 283.323761 	 267.956024 	 1.092508 	 98677.890625 	 303.443207 
349 	 41.678688 	 283.323761 	 270.459076 	 1.769160 	 98929.421875 	 338.497131 
350 	 41.678688 	 283.323761 	 276.477448 	 3.593684 	 98480.601562 	 334.820618 
351 	 41.678688 	 283.323761 	 276.724060 	 3.325286 	 97608.578125 	 353.627563 
352 	 41.678688 	 283.323761 	 270.132477 	 3.453493 	 98439.210938 	 320.792755 
353 	 41.678688 	 283.323761 	 268.384216 	 4.023683 	 98953.257812 	 302.955353 
354 	 41.678688 	 283.323761 	 270.106720 	 2.750239 	 99857.968750 	 310.412567 
355 	 41.678688 	 283.323761 	 270.166382 	 1.396416 	 100400.203125 	 313.408264 
356 	 41.678688 	 283.323761 	 276.198669 	 4.264071 	 99947.367188 	 313.483978 
357 	 41.678688 	 283.323761 	 282.710266 	 2.141804 	 98570.218750 	 374.708466 
358 	 41.678688 	 283.323761 	 274.099670 	 1.283671 	 98277.421875 	 341.746796 
359 	 41.678688 	 283.323761 	 269.531311 	 1.488985 	 98321.492188 	 324.015533 
360 	 41.678688 	 283.323761 	 272.226562 	 3.133249 	 98315.242188 	 336.018341 
361 	 41.678688 	 283.323761 	 274.089447 	 2.668582 	 99098.757812 	 343.446136 
362 	 41.678688 	 283.323761 	 276.063843 	 3.936566 	 98526.750000 	 349.793549 
363 	 41.678688 	 283.323761 	 274.044922 	 3.260069 	 98559.070312 	 337.788757 
364 	 41.678688 	 283.323761 	 277.203003 	 2.668819 	 98168.476562 	 326.572754 
