# 0: Day of Year [-] 	 1: lat [deg] 	 2: lon [deg] 	 3: tas [K] 	 4: sfcWind [m s-1] 	 5: ps [Pa] 	 6: Total Downwelling Rad Flux [W m-2] 
0 	 41.678688 	 283.323761 	 269.854980 	 2.019973 	 98403.429688 	 318.840942 
1 	 41.678688 	 283.323761 	 270.736572 	 1.462029 	 98989.750000 	 348.930115 
2 	 41.678688 	 283.323761 	 271.231232 	 2.286675 	 99499.132812 	 322.868713 
3 	 41.678688 	 283.323761 	 275.581879 	 3.482712 	 99271.140625 	 333.534821 
4 	 41.678688 	 283.323761 	 276.618530 	 2.983140 	 97982.460938 	 370.702972 
5 	 41.678688 	 283.323761 	 269.930817 	 1.536536 	 98633.406250 	 310.627991 
6 	 41.678688 	 283.323761 	 271.777496 	 2.296196 	 98698.789062 	 315.183380 
7 	 41.678688 	 283.323761 	 274.480530 	 3.225597 	 97671.312500 	 375.759399 
8 	 41.678688 	 283.323761 	 271.473053 	 2.514924 	 97874.507812 	 331.893158 
9 	 41.678688 	 283.323761 	 271.373230 	 1.700244 	 98659.773438 	 346.009827 
10 	 41.678688 	 283.323761 	 271.201141 	 1.386074 	 99426.632812 	 336.166809 
11 	 41.678688 	 283.323761 	 272.466187 	 1.948767 	 100075.398438 	 353.435089 
12 	 41.678688 	 283.323761 	 272.720734 	 2.943243 	 100463.601562 	 331.481354 
13 	 41.678688 	 283.323761 	 281.227448 	 3.945471 	 99730.453125 	 383.759979 
14 	 41.678688 	 283.323761 	 285.186951 	 5.252350 	 98522.257812 	 371.514343 
15 	 41.678688 	 283.323761 	 278.687775 	 2.301146 	 97482.687500 	 376.530731 
16 	 41.678688 	 283.323761 	 275.637695 	 3.082562 	 98191.078125 	 362.625610 
17 	 41.678688 	 283.323761 	 272.441559 	 1.845078 	 99067.656250 	 312.167358 
18 	 41.678688 	 283.323761 	 275.370819 	 1.585429 	 99497.398438 	 356.740143 
19 	 41.678688 	 283.323761 	 277.544891 	 1.979348 	 100007.601562 	 368.192841 
20 	 41.678688 	 283.323761 	 282.498047 	 3.011240 	 99102.296875 	 360.097046 
21 	 41.678688 	 283.323761 	 286.713257 	 1.292491 	 97777.687500 	 404.248505 
22 	 41.678688 	 283.323761 	 283.903625 	 2.285319 	 97190.859375 	 419.183838 
23 	 41.678688 	 283.323761 	 277.304657 	 3.944115 	 96505.609375 	 381.421326 
24 	 41.678688 	 283.323761 	 275.498169 	 3.333740 	 97743.062500 	 397.312622 
25 	 41.678688 	 283.323761 	 274.664520 	 2.179922 	 98698.023438 	 351.816559 
26 	 41.678688 	 283.323761 	 282.598694 	 3.349968 	 98715.492188 	 395.683777 
27 	 41.678688 	 283.323761 	 279.993622 	 1.221973 	 98978.296875 	 353.033417 
28 	 41.678688 	 283.323761 	 273.972321 	 4.928179 	 98894.093750 	 371.617676 
29 	 41.678688 	 283.323761 	 270.225037 	 4.631083 	 98645.382812 	 304.452393 
30 	 41.678688 	 283.323761 	 270.441772 	 5.745710 	 96306.296875 	 336.348816 
31 	 41.678688 	 283.323761 	 272.514374 	 4.523024 	 96099.617188 	 352.806824 
32 	 41.678688 	 283.323761 	 271.227020 	 3.541543 	 96876.187500 	 348.761047 
33 	 41.678688 	 283.323761 	 270.692261 	 3.624783 	 97688.937500 	 369.980225 
34 	 41.678688 	 283.323761 	 273.790771 	 2.932946 	 98440.343750 	 345.631897 
35 	 41.678688 	 283.323761 	 274.578491 	 3.187422 	 99110.851562 	 358.426819 
36 	 41.678688 	 283.323761 	 271.019714 	 1.411037 	 100182.101562 	 366.510010 
37 	 41.678688 	 283.323761 	 273.154541 	 1.506092 	 100420.601562 	 374.798340 
38 	 41.678688 	 283.323761 	 276.842804 	 2.737287 	 99901.937500 	 370.406067 
39 	 41.678688 	 283.323761 	 281.568939 	 2.401386 	 99517.343750 	 355.901947 
40 	 41.678688 	 283.323761 	 285.328522 	 4.052736 	 99609.671875 	 390.302368 
41 	 41.678688 	 283.323761 	 286.636047 	 3.861705 	 97967.281250 	 415.902435 
42 	 41.678688 	 283.323761 	 282.771057 	 1.720744 	 97287.640625 	 412.261230 
43 	 41.678688 	 283.323761 	 279.594757 	 2.910787 	 97236.148438 	 375.393066 
44 	 41.678688 	 283.323761 	 274.524384 	 3.857291 	 97377.656250 	 378.286743 
45 	 41.678688 	 283.323761 	 272.423126 	 3.196904 	 98032.671875 	 391.567566 
46 	 41.678688 	 283.323761 	 273.223724 	 2.189220 	 98196.703125 	 353.317322 
47 	 41.678688 	 283.323761 	 273.198914 	 3.078311 	 98483.773438 	 372.746277 
48 	 41.678688 	 283.323761 	 274.851013 	 1.639643 	 98590.859375 	 411.525085 
49 	 41.678688 	 283.323761 	 278.758331 	 2.058946 	 98730.296875 	 424.862366 
50 	 41.678688 	 283.323761 	 279.771606 	 1.588697 	 98936.281250 	 421.159332 
51 	 41.678688 	 283.323761 	 285.052460 	 2.259996 	 98722.359375 	 459.398865 
52 	 41.678688 	 283.323761 	 284.509033 	 1.697662 	 99055.101562 	 419.666840 
53 	 41.678688 	 283.323761 	 286.712189 	 3.545233 	 98767.453125 	 392.203430 
54 	 41.678688 	 283.323761 	 286.366058 	 2.206688 	 98966.289062 	 469.687256 
55 	 41.678688 	 283.323761 	 288.895660 	 3.459224 	 98193.773438 	 422.378174 
56 	 41.678688 	 283.323761 	 285.746948 	 4.447877 	 96802.953125 	 399.431915 
57 	 41.678688 	 283.323761 	 276.264740 	 4.724602 	 97239.117188 	 448.562836 
58 	 41.678688 	 283.323761 	 272.275757 	 6.002911 	 97044.023438 	 328.651001 
59 	 41.678688 	 283.323761 	 270.002136 	 5.834836 	 97421.851562 	 377.357056 
60 	 41.678688 	 283.323761 	 273.642090 	 4.480453 	 97929.968750 	 425.980469 
61 	 41.678688 	 283.323761 	 275.873901 	 3.989210 	 98427.070312 	 431.593567 
62 	 41.678688 	 283.323761 	 275.132416 	 2.058023 	 98905.859375 	 408.797913 
63 	 41.678688 	 283.323761 	 274.601349 	 2.096101 	 98911.367188 	 411.761475 
64 	 41.678688 	 283.323761 	 274.898560 	 3.477528 	 98576.343750 	 380.473633 
65 	 41.678688 	 283.323761 	 275.771912 	 1.879546 	 98244.992188 	 385.595825 
66 	 41.678688 	 283.323761 	 276.249969 	 2.629782 	 98327.937500 	 442.718689 
67 	 41.678688 	 283.323761 	 276.199066 	 1.898315 	 98432.992188 	 429.691833 
68 	 41.678688 	 283.323761 	 283.358856 	 2.563373 	 97642.648438 	 506.402893 
69 	 41.678688 	 283.323761 	 284.586151 	 2.442844 	 97673.398438 	 492.424072 
70 	 41.678688 	 283.323761 	 282.653076 	 4.406104 	 97384.539062 	 495.877808 
71 	 41.678688 	 283.323761 	 276.139404 	 3.328940 	 97775.820312 	 466.449646 
72 	 41.678688 	 283.323761 	 273.926056 	 2.477810 	 98649.062500 	 441.586212 
73 	 41.678688 	 283.323761 	 275.641235 	 2.073756 	 99383.828125 	 479.513306 
74 	 41.678688 	 283.323761 	 276.847748 	 1.761538 	 99817.226562 	 466.156433 
75 	 41.678688 	 283.323761 	 280.137207 	 4.001779 	 98849.359375 	 377.751434 
76 	 41.678688 	 283.323761 	 276.820374 	 2.606272 	 97139.078125 	 397.919128 
77 	 41.678688 	 283.323761 	 276.899231 	 3.816711 	 97291.203125 	 424.091003 
78 	 41.678688 	 283.323761 	 277.553101 	 3.062913 	 98403.406250 	 475.383911 
79 	 41.678688 	 283.323761 	 274.865631 	 1.915229 	 99588.703125 	 480.366455 
80 	 41.678688 	 283.323761 	 282.571594 	 5.590961 	 98692.843750 	 388.127228 
81 	 41.678688 	 283.323761 	 284.231659 	 4.048547 	 96840.781250 	 495.094177 
82 	 41.678688 	 283.323761 	 271.120728 	 4.084289 	 98239.328125 	 495.733032 
83 	 41.678688 	 283.323761 	 275.278900 	 3.146545 	 98544.812500 	 473.387665 
84 	 41.678688 	 283.323761 	 278.320282 	 2.714528 	 98920.320312 	 497.360046 
85 	 41.678688 	 283.323761 	 282.394104 	 3.543655 	 98695.718750 	 512.815308 
86 	 41.678688 	 283.323761 	 281.858917 	 5.589897 	 97505.851562 	 375.065063 
87 	 41.678688 	 283.323761 	 274.941986 	 6.145705 	 97219.593750 	 508.944794 
88 	 41.678688 	 283.323761 	 276.641571 	 3.496226 	 98157.109375 	 454.858337 
89 	 41.678688 	 283.323761 	 277.984192 	 3.876797 	 98021.070312 	 455.818542 
90 	 41.678688 	 283.323761 	 275.953491 	 3.319110 	 98680.648438 	 497.559753 
91 	 41.678688 	 283.323761 	 275.185852 	 2.156338 	 99419.171875 	 483.517426 
92 	 41.678688 	 283.323761 	 276.281921 	 1.632820 	 99820.726562 	 469.041962 
93 	 41.678688 	 283.323761 	 278.594330 	 3.892157 	 100013.898438 	 379.727478 
94 	 41.678688 	 283.323761 	 283.291779 	 5.633670 	 99294.867188 	 398.094604 
95 	 41.678688 	 283.323761 	 282.800079 	 1.807845 	 98001.312500 	 457.064087 
96 	 41.678688 	 283.323761 	 283.988770 	 2.189339 	 97988.226562 	 534.800720 
97 	 41.678688 	 283.323761 	 282.932526 	 1.420705 	 98127.109375 	 481.408813 
98 	 41.678688 	 283.323761 	 282.607269 	 1.808997 	 98116.820312 	 475.126373 
99 	 41.678688 	 283.323761 	 282.806152 	 2.265082 	 98397.500000 	 410.274475 
100 	 41.678688 	 283.323761 	 282.002228 	 3.142789 	 98462.226562 	 570.499756 
101 	 41.678688 	 283.323761 	 280.146027 	 1.606141 	 98885.726562 	 541.694092 
102 	 41.678688 	 283.323761 	 282.625793 	 2.745435 	 98797.351562 	 426.400696 
103 	 41.678688 	 283.323761 	 286.270294 	 2.907136 	 98502.203125 	 532.557007 
104 	 41.678688 	 283.323761 	 285.778198 	 1.270287 	 99017.976562 	 516.833984 
105 	 41.678688 	 283.323761 	 289.911224 	 2.352825 	 98852.218750 	 598.334473 
106 	 41.678688 	 283.323761 	 290.350403 	 1.073312 	 99427.398438 	 599.866211 
107 	 41.678688 	 283.323761 	 288.198975 	 0.909380 	 99536.679688 	 537.760132 
108 	 41.678688 	 283.323761 	 291.237610 	 1.557893 	 98839.750000 	 597.754639 
109 	 41.678688 	 283.323761 	 288.966003 	 3.435812 	 97906.851562 	 485.503113 
110 	 41.678688 	 283.323761 	 281.363739 	 4.000881 	 98871.796875 	 564.331970 
111 	 41.678688 	 283.323761 	 281.691254 	 1.185412 	 99462.906250 	 569.418396 
112 	 41.678688 	 283.323761 	 287.579407 	 3.126656 	 98874.093750 	 512.323792 
113 	 41.678688 	 283.323761 	 291.268524 	 1.809522 	 98215.710938 	 580.694275 
114 	 41.678688 	 283.323761 	 292.500153 	 1.407237 	 98561.093750 	 605.676270 
115 	 41.678688 	 283.323761 	 288.195343 	 2.419175 	 98447.460938 	 453.667206 
116 	 41.678688 	 283.323761 	 284.419861 	 2.616324 	 99021.750000 	 586.006348 
117 	 41.678688 	 283.323761 	 284.253357 	 1.218728 	 99564.273438 	 595.040161 
118 	 41.678688 	 283.323761 	 286.408508 	 4.572797 	 99312.867188 	 471.199615 
119 	 41.678688 	 283.323761 	 292.005707 	 2.216029 	 98783.117188 	 635.563660 
120 	 41.678688 	 283.323761 	 294.505585 	 2.709369 	 98861.851562 	 656.159790 
121 	 41.678688 	 283.323761 	 294.232330 	 4.617510 	 98578.929688 	 644.719421 
122 	 41.678688 	 283.323761 	 290.974152 	 3.377533 	 98344.890625 	 462.576294 
123 	 41.678688 	 283.323761 	 290.015808 	 1.021440 	 97955.976562 	 629.616028 
124 	 41.678688 	 283.323761 	 290.474976 	 2.421277 	 97928.898438 	 545.911255 
125 	 41.678688 	 283.323761 	 288.684174 	 1.404340 	 97896.648438 	 506.302643 
126 	 41.678688 	 283.323761 	 288.646149 	 2.471852 	 97890.640625 	 439.424561 
127 	 41.678688 	 283.323761 	 286.237946 	 2.917336 	 98662.453125 	 565.832642 
128 	 41.678688 	 283.323761 	 285.668304 	 1.830182 	 99226.968750 	 567.415771 
129 	 41.678688 	 283.323761 	 293.017365 	 4.795321 	 98198.476562 	 639.382080 
130 	 41.678688 	 283.323761 	 293.917023 	 5.709988 	 97006.406250 	 617.182129 
131 	 41.678688 	 283.323761 	 287.966614 	 3.259782 	 97688.828125 	 537.688721 
132 	 41.678688 	 283.323761 	 288.632538 	 1.671723 	 98541.921875 	 639.973999 
133 	 41.678688 	 283.323761 	 289.824677 	 1.126636 	 98611.703125 	 564.672119 
134 	 41.678688 	 283.323761 	 289.629730 	 1.622477 	 98383.546875 	 649.087280 
135 	 41.678688 	 283.323761 	 289.004669 	 2.593853 	 98281.070312 	 602.701538 
136 	 41.678688 	 283.323761 	 289.070099 	 2.174652 	 98582.351562 	 648.581299 
137 	 41.678688 	 283.323761 	 291.758331 	 2.240557 	 98413.273438 	 577.568604 
138 	 41.678688 	 283.323761 	 292.206024 	 1.746345 	 98515.906250 	 534.700195 
139 	 41.678688 	 283.323761 	 296.168335 	 2.188249 	 98116.156250 	 703.921265 
140 	 41.678688 	 283.323761 	 297.897308 	 2.644479 	 97984.609375 	 702.911743 
141 	 41.678688 	 283.323761 	 297.991486 	 2.144882 	 98029.007812 	 688.329834 
142 	 41.678688 	 283.323761 	 297.648499 	 3.164981 	 98185.562500 	 698.677979 
143 	 41.678688 	 283.323761 	 297.987793 	 2.348075 	 98338.109375 	 682.246582 
144 	 41.678688 	 283.323761 	 294.780457 	 1.815480 	 98788.257812 	 704.427490 
145 	 41.678688 	 283.323761 	 295.310944 	 2.474886 	 98941.820312 	 591.088074 
146 	 41.678688 	 283.323761 	 296.116608 	 3.553370 	 98752.132812 	 680.181274 
147 	 41.678688 	 283.323761 	 292.568420 	 3.827082 	 98706.343750 	 707.660828 
148 	 41.678688 	 283.323761 	 289.677643 	 1.864170 	 99231.742188 	 665.209045 
149 	 41.678688 	 283.323761 	 296.115082 	 3.622653 	 98620.046875 	 669.288696 
150 	 41.678688 	 283.323761 	 295.449219 	 2.448222 	 98183.843750 	 551.087891 
151 	 41.678688 	 283.323761 	 290.418610 	 2.132704 	 98678.976562 	 483.264252 
152 	 41.678688 	 283.323761 	 292.402466 	 4.414739 	 98526.187500 	 616.784180 
153 	 41.678688 	 283.323761 	 298.412933 	 5.027692 	 97697.562500 	 720.018677 
154 	 41.678688 	 283.323761 	 291.996155 	 5.380926 	 97816.453125 	 655.032166 
155 	 41.678688 	 283.323761 	 287.049286 	 1.722861 	 99104.351562 	 642.567383 
156 	 41.678688 	 283.323761 	 292.232697 	 4.468811 	 99046.890625 	 689.557678 
157 	 41.678688 	 283.323761 	 296.206024 	 5.951689 	 98220.226562 	 628.883850 
158 	 41.678688 	 283.323761 	 290.067993 	 3.566509 	 98288.976562 	 655.015930 
159 	 41.678688 	 283.323761 	 288.302063 	 1.967427 	 98966.140625 	 655.159790 
160 	 41.678688 	 283.323761 	 291.368958 	 2.362852 	 99374.718750 	 672.447754 
161 	 41.678688 	 283.323761 	 297.763733 	 5.342615 	 98930.882812 	 724.426880 
162 	 41.678688 	 283.323761 	 299.751801 	 4.189000 	 98439.742188 	 708.223389 
163 	 41.678688 	 283.323761 	 298.671600 	 4.775104 	 98114.492188 	 682.378967 
164 	 41.678688 	 283.323761 	 297.796234 	 3.901755 	 97930.593750 	 714.948120 
165 	 41.678688 	 283.323761 	 292.843689 	 1.515754 	 98528.390625 	 685.946411 
166 	 41.678688 	 283.323761 	 297.115601 	 3.032367 	 98696.367188 	 715.145874 
167 	 41.678688 	 283.323761 	 300.247467 	 5.047982 	 98316.492188 	 604.198547 
168 	 41.678688 	 283.323761 	 296.391724 	 3.897607 	 97947.500000 	 655.403503 
169 	 41.678688 	 283.323761 	 291.633301 	 2.357115 	 98425.578125 	 673.067017 
170 	 41.678688 	 283.323761 	 289.045929 	 2.601233 	 98919.773438 	 647.833313 
171 	 41.678688 	 283.323761 	 289.669281 	 1.113026 	 99362.140625 	 662.872070 
172 	 41.678688 	 283.323761 	 292.440369 	 1.924533 	 99344.460938 	 695.870972 
173 	 41.678688 	 283.323761 	 297.571991 	 3.309786 	 99227.132812 	 715.664856 
174 	 41.678688 	 283.323761 	 299.391449 	 3.805670 	 98946.187500 	 716.482422 
175 	 41.678688 	 283.323761 	 299.491821 	 3.347536 	 98318.546875 	 717.777344 
176 	 41.678688 	 283.323761 	 297.980835 	 2.365253 	 97961.609375 	 609.252014 
177 	 41.678688 	 283.323761 	 293.393188 	 2.173129 	 98223.796875 	 653.547241 
178 	 41.678688 	 283.323761 	 293.602478 	 1.115947 	 98201.828125 	 667.020569 
179 	 41.678688 	 283.323761 	 295.141907 	 2.991058 	 97746.031250 	 680.158691 
180 	 41.678688 	 283.323761 	 293.005341 	 1.726805 	 98283.570312 	 549.732483 
181 	 41.678688 	 283.323761 	 296.368164 	 1.255285 	 98692.726562 	 695.401001 
182 	 41.678688 	 283.323761 	 295.606598 	 1.528230 	 98971.648438 	 633.995483 
183 	 41.678688 	 283.323761 	 296.615295 	 1.451935 	 98259.367188 	 661.126221 
184 	 41.678688 	 283.323761 	 295.520081 	 2.704742 	 97958.296875 	 685.822571 
185 	 41.678688 	 283.323761 	 291.849121 	 1.106193 	 98596.671875 	 674.854370 
186 	 41.678688 	 283.323761 	 296.903137 	 3.694563 	 98018.078125 	 715.503967 
187 	 41.678688 	 283.323761 	 293.286896 	 4.884247 	 97373.023438 	 654.271484 
188 	 41.678688 	 283.323761 	 289.760010 	 1.650594 	 98532.117188 	 671.785645 
189 	 41.678688 	 283.323761 	 292.230286 	 4.170571 	 98643.773438 	 540.165649 
190 	 41.678688 	 283.323761 	 293.487335 	 6.191907 	 97703.976562 	 644.189941 
191 	 41.678688 	 283.323761 	 290.587311 	 4.742887 	 97888.296875 	 556.307495 
192 	 41.678688 	 283.323761 	 293.890778 	 2.989575 	 98446.093750 	 709.904541 
193 	 41.678688 	 283.323761 	 293.134308 	 0.573774 	 98874.859375 	 617.738647 
194 	 41.678688 	 283.323761 	 296.534790 	 2.157121 	 98959.546875 	 708.137939 
195 	 41.678688 	 283.323761 	 299.011749 	 3.854655 	 98959.976562 	 713.076721 
196 	 41.678688 	 283.323761 	 299.361267 	 3.111918 	 98821.156250 	 727.427490 
197 	 41.678688 	 283.323761 	 299.812469 	 3.129840 	 98488.812500 	 717.609009 
198 	 41.678688 	 283.323761 	 300.079620 	 2.714553 	 98696.710938 	 684.843872 
199 	 41.678688 	 283.323761 	 298.002686 	 2.259399 	 98958.609375 	 710.579712 
200 	 41.678688 	 283.323761 	 301.538208 	 3.896574 	 98454.453125 	 715.165771 
201 	 41.678688 	 283.323761 	 301.778625 	 2.303302 	 98271.843750 	 711.772583 
202 	 41.678688 	 283.323761 	 299.174835 	 2.886089 	 98346.273438 	 719.620361 
203 	 41.678688 	 283.323761 	 297.037048 	 1.496156 	 98920.023438 	 694.542725 
204 	 41.678688 	 283.323761 	 299.755096 	 2.359644 	 98507.406250 	 728.509583 
205 	 41.678688 	 283.323761 	 295.604706 	 1.908816 	 98502.609375 	 619.566772 
206 	 41.678688 	 283.323761 	 294.078827 	 2.749095 	 98813.156250 	 568.292664 
207 	 41.678688 	 283.323761 	 296.441742 	 2.688259 	 98987.617188 	 608.070312 
208 	 41.678688 	 283.323761 	 300.090179 	 1.864316 	 98784.273438 	 693.619690 
209 	 41.678688 	 283.323761 	 300.852142 	 2.466777 	 98619.203125 	 707.837830 
210 	 41.678688 	 283.323761 	 300.083771 	 1.691615 	 98843.203125 	 708.809998 
211 	 41.678688 	 283.323761 	 300.159790 	 3.695518 	 98761.421875 	 656.191650 
212 	 41.678688 	 283.323761 	 292.044312 	 3.132827 	 99107.710938 	 647.637817 
213 	 41.678688 	 283.323761 	 291.773407 	 1.517123 	 98740.273438 	 637.100342 
214 	 41.678688 	 283.323761 	 292.936920 	 1.234967 	 98729.476562 	 581.241028 
215 	 41.678688 	 283.323761 	 294.932617 	 1.324322 	 98894.320312 	 643.223389 
216 	 41.678688 	 283.323761 	 296.774628 	 2.478212 	 99091.046875 	 689.861572 
217 	 41.678688 	 283.323761 	 297.393158 	 4.737356 	 98947.703125 	 615.031372 
218 	 41.678688 	 283.323761 	 295.528992 	 4.414656 	 99091.312500 	 555.645630 
219 	 41.678688 	 283.323761 	 297.543457 	 3.813484 	 98891.203125 	 672.837280 
220 	 41.678688 	 283.323761 	 297.163422 	 3.151205 	 98678.421875 	 688.914551 
221 	 41.678688 	 283.323761 	 295.067749 	 1.534780 	 98754.820312 	 635.401978 
222 	 41.678688 	 283.323761 	 294.494202 	 1.495174 	 98971.757812 	 610.776978 
223 	 41.678688 	 283.323761 	 298.782196 	 1.061740 	 98948.140625 	 644.774780 
224 	 41.678688 	 283.323761 	 298.652954 	 1.595129 	 98812.398438 	 613.550415 
225 	 41.678688 	 283.323761 	 299.275909 	 2.297871 	 98651.203125 	 638.740295 
226 	 41.678688 	 283.323761 	 300.403290 	 2.450446 	 98639.976562 	 691.262024 
227 	 41.678688 	 283.323761 	 302.002533 	 2.703191 	 98681.968750 	 701.525269 
228 	 41.678688 	 283.323761 	 301.814178 	 2.981623 	 98724.906250 	 698.252075 
229 	 41.678688 	 283.323761 	 301.079834 	 3.172837 	 98546.546875 	 674.828979 
230 	 41.678688 	 283.323761 	 296.002014 	 3.081860 	 99164.453125 	 659.093140 
231 	 41.678688 	 283.323761 	 297.243927 	 1.724926 	 99537.796875 	 612.602600 
232 	 41.678688 	 283.323761 	 296.913177 	 1.299197 	 99358.976562 	 643.365234 
233 	 41.678688 	 283.323761 	 298.485504 	 2.362746 	 99043.273438 	 663.846924 
234 	 41.678688 	 283.323761 	 300.697205 	 2.494359 	 98746.789062 	 682.504761 
235 	 41.678688 	 283.323761 	 299.701691 	 3.126238 	 98643.679688 	 669.813965 
236 	 41.678688 	 283.323761 	 295.569366 	 1.970738 	 98930.210938 	 636.004395 
237 	 41.678688 	 283.323761 	 294.691040 	 1.848057 	 98451.976562 	 538.251282 
238 	 41.678688 	 283.323761 	 293.333527 	 3.994255 	 98385.140625 	 645.916626 
239 	 41.678688 	 283.323761 	 288.185913 	 2.583938 	 99238.937500 	 587.381836 
240 	 41.678688 	 283.323761 	 296.023315 	 5.342177 	 98837.851562 	 609.300110 
241 	 41.678688 	 283.323761 	 296.494598 	 1.587615 	 98780.156250 	 503.982574 
242 	 41.678688 	 283.323761 	 295.349457 	 2.706221 	 98844.156250 	 579.840454 
243 	 41.678688 	 283.323761 	 296.013550 	 1.561275 	 99128.156250 	 628.247070 
244 	 41.678688 	 283.323761 	 297.194061 	 0.837553 	 99255.593750 	 643.340454 
245 	 41.678688 	 283.323761 	 298.686005 	 1.115705 	 99054.218750 	 636.095459 
246 	 41.678688 	 283.323761 	 302.170135 	 2.259268 	 98705.039062 	 655.367859 
247 	 41.678688 	 283.323761 	 302.925140 	 2.515843 	 98359.593750 	 639.611877 
248 	 41.678688 	 283.323761 	 302.191254 	 1.509112 	 98632.453125 	 653.137451 
249 	 41.678688 	 283.323761 	 300.935516 	 2.131105 	 98860.437500 	 608.705200 
250 	 41.678688 	 283.323761 	 300.290375 	 1.344876 	 99151.656250 	 629.454285 
251 	 41.678688 	 283.323761 	 300.025055 	 2.519156 	 99068.093750 	 626.203064 
252 	 41.678688 	 283.323761 	 301.216187 	 1.773697 	 98940.007812 	 626.644897 
253 	 41.678688 	 283.323761 	 298.042328 	 0.784823 	 99172.992188 	 608.213196 
254 	 41.678688 	 283.323761 	 298.758972 	 2.389923 	 99222.882812 	 618.157898 
255 	 41.678688 	 283.323761 	 298.622284 	 2.954577 	 98767.617188 	 618.090393 
256 	 41.678688 	 283.323761 	 293.720032 	 2.731463 	 98477.960938 	 561.105164 
257 	 41.678688 	 283.323761 	 288.407288 	 4.030868 	 99043.687500 	 570.037170 
258 	 41.678688 	 283.323761 	 288.204285 	 2.028329 	 99700.117188 	 542.512085 
259 	 41.678688 	 283.323761 	 289.961700 	 2.544012 	 99791.453125 	 540.248108 
260 	 41.678688 	 283.323761 	 292.563629 	 4.068850 	 99188.421875 	 483.282837 
261 	 41.678688 	 283.323761 	 294.519073 	 1.449609 	 99013.156250 	 552.497375 
262 	 41.678688 	 283.323761 	 294.574890 	 1.151066 	 99205.921875 	 566.234375 
263 	 41.678688 	 283.323761 	 300.542236 	 2.865809 	 98877.460938 	 587.674255 
264 	 41.678688 	 283.323761 	 301.259552 	 2.372054 	 99004.968750 	 571.477478 
265 	 41.678688 	 283.323761 	 298.793701 	 1.618437 	 99432.539062 	 539.128723 
266 	 41.678688 	 283.323761 	 300.503479 	 2.867415 	 99092.812500 	 551.531616 
267 	 41.678688 	 283.323761 	 299.614899 	 2.472031 	 98834.453125 	 487.270691 
268 	 41.678688 	 283.323761 	 301.497131 	 2.487414 	 98808.609375 	 592.786438 
269 	 41.678688 	 283.323761 	 297.253998 	 4.069748 	 98562.007812 	 476.184937 
270 	 41.678688 	 283.323761 	 289.498779 	 2.971541 	 98823.023438 	 530.687317 
271 	 41.678688 	 283.323761 	 289.245880 	 2.855816 	 98876.601562 	 528.725586 
272 	 41.678688 	 283.323761 	 292.629913 	 3.582920 	 97723.367188 	 524.731079 
273 	 41.678688 	 283.323761 	 284.624268 	 3.265891 	 97926.046875 	 414.551331 
274 	 41.678688 	 283.323761 	 286.221405 	 2.716024 	 98816.390625 	 532.402039 
275 	 41.678688 	 283.323761 	 289.574341 	 3.031058 	 98798.250000 	 476.430115 
276 	 41.678688 	 283.323761 	 289.878418 	 2.675778 	 98630.148438 	 521.436584 
277 	 41.678688 	 283.323761 	 287.863556 	 4.039535 	 98759.781250 	 518.500000 
278 	 41.678688 	 283.323761 	 280.242340 	 2.546978 	 99735.617188 	 466.384949 
279 	 41.678688 	 283.323761 	 280.417084 	 0.723934 	 100296.898438 	 469.535583 
280 	 41.678688 	 283.323761 	 283.805634 	 1.018122 	 100316.203125 	 487.013885 
281 	 41.678688 	 283.323761 	 288.865723 	 1.358655 	 100106.500000 	 497.139160 
282 	 41.678688 	 283.323761 	 288.951721 	 0.718677 	 100042.500000 	 496.331268 
283 	 41.678688 	 283.323761 	 289.003082 	 0.640923 	 99536.898438 	 496.053406 
284 	 41.678688 	 283.323761 	 290.331238 	 0.517234 	 99152.468750 	 502.377441 
285 	 41.678688 	 283.323761 	 291.962402 	 1.477090 	 98858.710938 	 500.897949 
286 	 41.678688 	 283.323761 	 294.276794 	 1.605909 	 98947.757812 	 502.738525 
287 	 41.678688 	 283.323761 	 292.807678 	 2.072758 	 98939.656250 	 504.477478 
288 	 41.678688 	 283.323761 	 294.792511 	 3.102110 	 98238.382812 	 507.763428 
289 	 41.678688 	 283.323761 	 288.371460 	 2.673693 	 97737.906250 	 470.993408 
290 	 41.678688 	 283.323761 	 284.914948 	 2.331711 	 98163.070312 	 446.575195 
291 	 41.678688 	 283.323761 	 289.941315 	 5.752827 	 98301.726562 	 465.847595 
292 	 41.678688 	 283.323761 	 282.565796 	 4.108028 	 97842.171875 	 436.347717 
293 	 41.678688 	 283.323761 	 278.643097 	 3.794851 	 99052.656250 	 395.563782 
294 	 41.678688 	 283.323761 	 275.076904 	 2.376205 	 99882.851562 	 387.297607 
295 	 41.678688 	 283.323761 	 273.283600 	 1.227246 	 100363.000000 	 400.373169 
296 	 41.678688 	 283.323761 	 275.020233 	 2.409114 	 99858.906250 	 405.462708 
297 	 41.678688 	 283.323761 	 281.868866 	 2.554308 	 99244.273438 	 424.019531 
298 	 41.678688 	 283.323761 	 283.360168 	 1.480913 	 99150.796875 	 439.318359 
299 	 41.678688 	 283.323761 	 283.211060 	 0.969566 	 98994.710938 	 439.858276 
300 	 41.678688 	 283.323761 	 285.671631 	 4.704494 	 97907.593750 	 417.429840 
301 	 41.678688 	 283.323761 	 281.258698 	 4.290642 	 98662.773438 	 426.003021 
302 	 41.678688 	 283.323761 	 280.641754 	 2.659483 	 99069.968750 	 395.190552 
303 	 41.678688 	 283.323761 	 289.540192 	 3.457294 	 98456.960938 	 448.166443 
304 	 41.678688 	 283.323761 	 289.624023 	 2.224609 	 98996.179688 	 458.123779 
305 	 41.678688 	 283.323761 	 292.533234 	 3.904417 	 98616.562500 	 468.488464 
306 	 41.678688 	 283.323761 	 287.127808 	 2.382051 	 99114.226562 	 447.428284 
307 	 41.678688 	 283.323761 	 288.431793 	 3.539360 	 98768.968750 	 449.168335 
308 	 41.678688 	 283.323761 	 292.417206 	 1.597831 	 98741.710938 	 422.971985 
309 	 41.678688 	 283.323761 	 293.102081 	 2.162514 	 98997.320312 	 469.774963 
310 	 41.678688 	 283.323761 	 292.329498 	 1.658966 	 99509.546875 	 459.489166 
311 	 41.678688 	 283.323761 	 291.853180 	 2.490539 	 99232.382812 	 410.108185 
312 	 41.678688 	 283.323761 	 289.629730 	 2.201137 	 99751.023438 	 451.547638 
313 	 41.678688 	 283.323761 	 287.978180 	 4.826375 	 99737.109375 	 426.455688 
314 	 41.678688 	 283.323761 	 289.997131 	 3.598988 	 99030.117188 	 410.365356 
315 	 41.678688 	 283.323761 	 284.677002 	 2.933197 	 99570.601562 	 403.265320 
316 	 41.678688 	 283.323761 	 281.337402 	 2.013787 	 99919.820312 	 392.431702 
317 	 41.678688 	 283.323761 	 284.047302 	 2.048223 	 99718.523438 	 392.039185 
318 	 41.678688 	 283.323761 	 282.922943 	 3.715118 	 99891.000000 	 394.336029 
319 	 41.678688 	 283.323761 	 287.720490 	 2.982444 	 99338.617188 	 448.400330 
320 	 41.678688 	 283.323761 	 287.695007 	 3.779683 	 98841.093750 	 430.280426 
321 	 41.678688 	 283.323761 	 282.973663 	 3.549810 	 98318.289062 	 367.890869 
322 	 41.678688 	 283.323761 	 277.690704 	 1.051084 	 99177.039062 	 375.663635 
323 	 41.678688 	 283.323761 	 282.949554 	 3.954733 	 99254.687500 	 363.243378 
324 	 41.678688 	 283.323761 	 280.491150 	 2.405417 	 98806.687500 	 383.178802 
325 	 41.678688 	 283.323761 	 274.257751 	 0.550840 	 98826.828125 	 348.796265 
326 	 41.678688 	 283.323761 	 273.593536 	 1.081090 	 98901.156250 	 327.526520 
327 	 41.678688 	 283.323761 	 276.938110 	 2.037014 	 99285.359375 	 340.545135 
328 	 41.678688 	 283.323761 	 281.877289 	 3.276528 	 99291.820312 	 394.102661 
329 	 41.678688 	 283.323761 	 287.828094 	 5.196100 	 98718.320312 	 413.934357 
330 	 41.678688 	 283.323761 	 280.810883 	 4.982409 	 97518.007812 	 359.568634 
331 	 41.678688 	 283.323761 	 276.547394 	 4.211109 	 97640.250000 	 371.368195 
332 	 41.678688 	 283.323761 	 279.942444 	 2.341661 	 98317.757812 	 372.981842 
333 	 41.678688 	 283.323761 	 276.869995 	 1.863068 	 98644.203125 	 388.196594 
334 	 41.678688 	 283.323761 	 274.787445 	 4.267123 	 98447.523438 	 334.346924 
335 	 41.678688 	 283.323761 	 273.659302 	 2.672261 	 99354.523438 	 339.268982 
336 	 41.678688 	 283.323761 	 274.202240 	 2.443016 	 100288.203125 	 326.851624 
337 	 41.678688 	 283.323761 	 283.441895 	 4.428605 	 99883.859375 	 362.014160 
338 	 41.678688 	 283.323761 	 289.318542 	 4.137509 	 98495.992188 	 417.199524 
339 	 41.678688 	 283.323761 	 284.264679 	 2.770561 	 97203.640625 	 388.761658 
340 	 41.678688 	 283.323761 	 279.357819 	 5.884068 	 97096.578125 	 398.437164 
341 	 41.678688 	 283.323761 	 280.763458 	 3.522077 	 98644.406250 	 357.049286 
342 	 41.678688 	 283.323761 	 278.566223 	 2.265886 	 99801.578125 	 364.395050 
343 	 41.678688 	 283.323761 	 278.570557 	 3.629949 	 100209.296875 	 332.988251 
344 	 41.678688 	 283.323761 	 284.898407 	 5.996308 	 99340.468750 	 377.252289 
345 	 41.678688 	 283.323761 	 280.199097 	 4.799263 	 97461.062500 	 408.356659 
346 	 41.678688 	 283.323761 	 275.016388 	 4.459980 	 97400.531250 	 347.903809 
347 	 41.678688 	 283.323761 	 274.046417 	 3.512988 	 97932.476562 	 342.115326 
348 	 41.678688 	 283.323761 	 271.333466 	 0.989720 	 98381.851562 	 311.922302 
349 	 41.678688 	 283.323761 	 272.441803 	 2.281616 	 98028.718750 	 336.759979 
350 	 41.678688 	 283.323761 	 269.666901 	 2.496270 	 98129.976562 	 296.096436 
351 	 41.678688 	 283.323761 	 272.073334 	 3.403674 	 98223.929688 	 332.596710 
352 	 41.678688 	 283.323761 	 270.537018 	 2.920810 	 99033.078125 	 293.807526 
353 	 41.678688 	 283.323761 	 275.110474 	 2.624295 	 97427.500000 	 354.620178 
354 	 41.678688 	 283.323761 	 274.033630 	 2.562904 	 98478.703125 	 372.875488 
355 	 41.678688 	 283.323761 	 272.222595 	 2.219262 	 99593.531250 	 337.552917 
356 	 41.678688 	 283.323761 	 271.198975 	 1.041778 	 99972.023438 	 308.128540 
357 	 41.678688 	 283.323761 	 272.896240 	 2.138387 	 100042.796875 	 338.213928 
358 	 41.678688 	 283.323761 	 276.562347 	 2.754843 	 99367.703125 	 343.998077 
359 	 41.678688 	 283.323761 	 277.995697 	 2.115669 	 99218.460938 	 344.770081 
360 	 41.678688 	 283.323761 	 279.108582 	 2.792302 	 99429.000000 	 322.569092 
361 	 41.678688 	 283.323761 	 284.766113 	 4.034709 	 98133.992188 	 379.491333 
362 	 41.678688 	 283.323761 	 274.014374 	 4.250094 	 97227.773438 	 346.841736 
363 	 41.678688 	 283.323761 	 273.459137 	 4.146728 	 97696.093750 	 310.430878 
364 	 41.678688 	 283.323761 	 279.142181 	 3.495979 	 97902.109375 	 359.107086 
