# 0: Day of Year [-] 	 1: lat [deg] 	 2: lon [deg] 	 3: tas [K] 	 4: sfcWind [m s-1] 	 5: ps [Pa] 	 6: Total Downwelling Rad Flux [W m-2] 
0 	 41.678688 	 283.323761 	 278.416260 	 1.325406 	 99504.023438 	 380.774963 
1 	 41.678688 	 283.323761 	 276.958130 	 1.305017 	 98350.820312 	 365.292358 
2 	 41.678688 	 283.323761 	 276.585266 	 2.488075 	 98237.812500 	 386.183411 
3 	 41.678688 	 283.323761 	 275.641205 	 4.192163 	 97844.320312 	 343.961426 
4 	 41.678688 	 283.323761 	 272.271393 	 3.476862 	 98677.273438 	 322.964478 
5 	 41.678688 	 283.323761 	 271.968536 	 2.752017 	 99359.007812 	 310.566284 
6 	 41.678688 	 283.323761 	 276.454193 	 2.135094 	 99542.000000 	 360.579285 
7 	 41.678688 	 283.323761 	 279.071045 	 3.640605 	 99432.343750 	 351.239929 
8 	 41.678688 	 283.323761 	 283.296234 	 3.058039 	 98158.132812 	 368.352783 
9 	 41.678688 	 283.323761 	 273.890045 	 5.910903 	 96286.468750 	 350.560669 
10 	 41.678688 	 283.323761 	 272.357330 	 4.799455 	 97388.312500 	 324.712341 
11 	 41.678688 	 283.323761 	 273.824219 	 1.918801 	 97925.000000 	 310.015137 
12 	 41.678688 	 283.323761 	 273.254456 	 3.678771 	 97647.359375 	 353.690033 
13 	 41.678688 	 283.323761 	 271.957825 	 4.122476 	 98248.843750 	 327.649750 
14 	 41.678688 	 283.323761 	 274.079102 	 2.736111 	 98825.718750 	 342.410339 
15 	 41.678688 	 283.323761 	 273.005432 	 1.780999 	 99080.039062 	 336.923584 
16 	 41.678688 	 283.323761 	 272.386688 	 2.266906 	 98661.062500 	 348.896729 
17 	 41.678688 	 283.323761 	 273.097809 	 2.777152 	 98344.437500 	 359.826141 
18 	 41.678688 	 283.323761 	 272.770966 	 4.105653 	 98465.890625 	 343.126312 
19 	 41.678688 	 283.323761 	 271.605896 	 2.888758 	 99216.906250 	 330.020996 
20 	 41.678688 	 283.323761 	 274.762726 	 3.168494 	 98740.023438 	 328.367737 
21 	 41.678688 	 283.323761 	 270.964020 	 2.521036 	 98759.468750 	 346.801849 
22 	 41.678688 	 283.323761 	 270.394043 	 2.702105 	 99125.953125 	 298.343262 
23 	 41.678688 	 283.323761 	 272.658752 	 4.917173 	 97189.046875 	 323.048523 
24 	 41.678688 	 283.323761 	 269.493805 	 2.163865 	 97792.023438 	 335.605011 
25 	 41.678688 	 283.323761 	 270.718811 	 1.422701 	 98461.593750 	 335.375244 
26 	 41.678688 	 283.323761 	 271.598846 	 1.274311 	 98821.289062 	 388.908264 
27 	 41.678688 	 283.323761 	 272.985077 	 2.331083 	 98963.273438 	 377.117706 
28 	 41.678688 	 283.323761 	 274.191498 	 4.195418 	 98591.500000 	 328.670685 
29 	 41.678688 	 283.323761 	 270.256134 	 5.109820 	 97634.882812 	 359.903137 
30 	 41.678688 	 283.323761 	 266.640564 	 3.689891 	 98808.328125 	 334.097382 
31 	 41.678688 	 283.323761 	 276.968353 	 3.945663 	 98119.562500 	 340.562439 
32 	 41.678688 	 283.323761 	 269.021118 	 2.858533 	 100068.101562 	 345.645935 
33 	 41.678688 	 283.323761 	 272.848206 	 4.399422 	 100432.898438 	 326.277771 
34 	 41.678688 	 283.323761 	 282.620178 	 4.068051 	 98184.843750 	 440.914154 
35 	 41.678688 	 283.323761 	 274.868988 	 2.875172 	 97937.617188 	 317.410950 
36 	 41.678688 	 283.323761 	 271.831940 	 3.540475 	 98757.757812 	 366.987000 
37 	 41.678688 	 283.323761 	 271.811768 	 1.615378 	 99752.078125 	 367.227142 
38 	 41.678688 	 283.323761 	 278.117218 	 2.105651 	 99592.679688 	 415.408142 
39 	 41.678688 	 283.323761 	 282.258362 	 1.794652 	 99621.898438 	 412.885437 
40 	 41.678688 	 283.323761 	 280.488464 	 2.113085 	 100465.000000 	 456.238281 
41 	 41.678688 	 283.323761 	 280.289307 	 3.716488 	 100902.703125 	 388.164093 
42 	 41.678688 	 283.323761 	 282.795197 	 3.785551 	 100613.000000 	 407.451111 
43 	 41.678688 	 283.323761 	 282.455750 	 2.650798 	 100165.101562 	 424.170990 
44 	 41.678688 	 283.323761 	 283.838745 	 3.534402 	 99708.609375 	 448.468536 
45 	 41.678688 	 283.323761 	 283.688873 	 3.746386 	 99241.867188 	 456.047241 
46 	 41.678688 	 283.323761 	 284.819550 	 4.797284 	 98317.093750 	 397.061646 
47 	 41.678688 	 283.323761 	 279.150085 	 3.956291 	 96721.859375 	 397.843964 
48 	 41.678688 	 283.323761 	 271.891846 	 4.600214 	 97698.351562 	 386.301025 
49 	 41.678688 	 283.323761 	 274.026184 	 3.998132 	 98245.039062 	 393.822540 
50 	 41.678688 	 283.323761 	 273.427887 	 2.685903 	 98498.421875 	 383.392273 
51 	 41.678688 	 283.323761 	 270.985962 	 1.796937 	 98506.976562 	 398.875427 
52 	 41.678688 	 283.323761 	 270.774933 	 2.927190 	 98419.007812 	 422.491394 
53 	 41.678688 	 283.323761 	 270.825745 	 1.340823 	 98669.023438 	 401.401855 
54 	 41.678688 	 283.323761 	 271.560089 	 0.897330 	 98955.976562 	 409.099304 
55 	 41.678688 	 283.323761 	 274.501770 	 2.591434 	 98541.687500 	 428.140350 
56 	 41.678688 	 283.323761 	 277.377197 	 4.266448 	 98306.156250 	 423.350372 
57 	 41.678688 	 283.323761 	 274.288330 	 1.784406 	 99465.000000 	 425.680298 
58 	 41.678688 	 283.323761 	 283.787567 	 3.926807 	 98740.609375 	 459.177979 
59 	 41.678688 	 283.323761 	 277.867401 	 3.904253 	 98257.382812 	 457.174988 
60 	 41.678688 	 283.323761 	 272.571777 	 3.613863 	 98695.460938 	 421.153198 
61 	 41.678688 	 283.323761 	 279.539948 	 4.111511 	 98569.273438 	 459.326660 
62 	 41.678688 	 283.323761 	 284.584167 	 3.652724 	 98267.750000 	 480.594421 
63 	 41.678688 	 283.323761 	 282.628693 	 2.180703 	 99332.328125 	 502.359650 
64 	 41.678688 	 283.323761 	 282.468597 	 2.419046 	 99777.703125 	 481.259949 
65 	 41.678688 	 283.323761 	 287.310791 	 2.040876 	 99499.398438 	 512.692139 
66 	 41.678688 	 283.323761 	 287.114868 	 2.458881 	 99692.921875 	 511.310486 
67 	 41.678688 	 283.323761 	 287.686401 	 5.025119 	 99383.242188 	 464.273804 
68 	 41.678688 	 283.323761 	 286.985962 	 5.870105 	 98157.742188 	 401.725311 
69 	 41.678688 	 283.323761 	 278.621277 	 3.679601 	 98360.421875 	 446.540405 
70 	 41.678688 	 283.323761 	 279.636292 	 2.828865 	 99093.796875 	 493.349579 
71 	 41.678688 	 283.323761 	 283.466248 	 3.471176 	 100007.898438 	 463.067047 
72 	 41.678688 	 283.323761 	 288.344635 	 4.761413 	 99641.242188 	 521.944458 
73 	 41.678688 	 283.323761 	 289.853821 	 3.458955 	 99386.421875 	 549.039856 
74 	 41.678688 	 283.323761 	 288.387878 	 2.439715 	 99610.890625 	 446.964874 
75 	 41.678688 	 283.323761 	 289.903992 	 3.452128 	 99051.718750 	 433.551910 
76 	 41.678688 	 283.323761 	 289.721313 	 1.573383 	 99106.796875 	 457.131409 
77 	 41.678688 	 283.323761 	 289.552765 	 3.722131 	 99091.453125 	 428.483795 
78 	 41.678688 	 283.323761 	 290.501038 	 3.383603 	 98589.843750 	 488.804230 
79 	 41.678688 	 283.323761 	 290.800537 	 2.847319 	 98379.812500 	 511.443817 
80 	 41.678688 	 283.323761 	 290.758270 	 0.895482 	 98588.117188 	 553.534729 
81 	 41.678688 	 283.323761 	 289.475372 	 1.869349 	 98579.976562 	 423.176086 
82 	 41.678688 	 283.323761 	 290.012848 	 1.774063 	 98089.101562 	 544.604614 
83 	 41.678688 	 283.323761 	 289.031952 	 1.162339 	 98311.000000 	 548.206909 
84 	 41.678688 	 283.323761 	 289.422516 	 3.201298 	 98021.078125 	 508.159851 
85 	 41.678688 	 283.323761 	 282.160919 	 2.161670 	 97961.382812 	 490.704956 
86 	 41.678688 	 283.323761 	 276.831726 	 4.262493 	 97731.726562 	 500.152893 
87 	 41.678688 	 283.323761 	 279.210571 	 3.917277 	 98828.468750 	 447.412476 
88 	 41.678688 	 283.323761 	 286.053528 	 4.236579 	 99072.296875 	 559.961792 
89 	 41.678688 	 283.323761 	 288.291473 	 5.686855 	 98670.601562 	 481.276794 
90 	 41.678688 	 283.323761 	 289.258148 	 4.942301 	 97659.890625 	 443.692169 
91 	 41.678688 	 283.323761 	 286.867981 	 4.121238 	 97226.617188 	 456.539246 
92 	 41.678688 	 283.323761 	 281.875916 	 2.804112 	 97693.429688 	 469.901062 
93 	 41.678688 	 283.323761 	 281.214905 	 3.413202 	 97371.843750 	 381.620148 
94 	 41.678688 	 283.323761 	 282.355743 	 2.910861 	 97555.062500 	 549.619141 
95 	 41.678688 	 283.323761 	 285.888245 	 1.788920 	 98025.281250 	 499.588623 
96 	 41.678688 	 283.323761 	 286.706329 	 3.700606 	 97405.507812 	 444.247192 
97 	 41.678688 	 283.323761 	 279.687378 	 3.212190 	 97382.437500 	 497.515015 
98 	 41.678688 	 283.323761 	 277.322998 	 2.740721 	 97852.210938 	 511.460571 
99 	 41.678688 	 283.323761 	 286.147614 	 2.236951 	 98071.617188 	 568.108154 
100 	 41.678688 	 283.323761 	 288.874023 	 1.783544 	 98685.937500 	 535.691223 
101 	 41.678688 	 283.323761 	 291.679230 	 2.184912 	 98758.976562 	 595.422241 
102 	 41.678688 	 283.323761 	 292.111359 	 3.220210 	 98582.757812 	 519.807739 
103 	 41.678688 	 283.323761 	 284.481689 	 3.521121 	 98282.757812 	 415.921082 
104 	 41.678688 	 283.323761 	 279.624847 	 3.775677 	 97509.296875 	 423.442566 
105 	 41.678688 	 283.323761 	 277.779053 	 3.162718 	 97349.953125 	 472.893005 
106 	 41.678688 	 283.323761 	 274.700012 	 2.815300 	 97350.851562 	 448.876770 
107 	 41.678688 	 283.323761 	 277.186279 	 2.697211 	 97574.289062 	 527.442444 
108 	 41.678688 	 283.323761 	 279.698792 	 1.390685 	 97864.046875 	 575.493408 
109 	 41.678688 	 283.323761 	 284.624237 	 2.202730 	 98070.750000 	 546.246216 
110 	 41.678688 	 283.323761 	 284.412720 	 2.113339 	 98084.101562 	 594.397217 
111 	 41.678688 	 283.323761 	 285.215332 	 2.764217 	 98486.171875 	 589.651489 
112 	 41.678688 	 283.323761 	 286.369507 	 1.444361 	 98607.406250 	 599.084473 
113 	 41.678688 	 283.323761 	 287.552155 	 1.073703 	 98194.382812 	 611.267944 
114 	 41.678688 	 283.323761 	 290.441681 	 2.547803 	 97506.171875 	 519.531006 
115 	 41.678688 	 283.323761 	 289.629395 	 1.102116 	 97796.328125 	 621.938293 
116 	 41.678688 	 283.323761 	 286.307526 	 2.895717 	 98270.656250 	 465.287598 
117 	 41.678688 	 283.323761 	 283.694519 	 1.637969 	 98226.796875 	 576.971191 
118 	 41.678688 	 283.323761 	 285.458069 	 1.901650 	 98047.960938 	 605.588623 
119 	 41.678688 	 283.323761 	 289.214111 	 4.037404 	 97413.078125 	 472.867920 
120 	 41.678688 	 283.323761 	 287.006927 	 3.944064 	 97924.750000 	 602.316956 
121 	 41.678688 	 283.323761 	 285.952393 	 3.283472 	 98432.101562 	 587.552612 
122 	 41.678688 	 283.323761 	 287.141968 	 3.115256 	 98121.250000 	 508.587585 
123 	 41.678688 	 283.323761 	 289.433960 	 4.137006 	 97287.890625 	 539.192627 
124 	 41.678688 	 283.323761 	 282.833160 	 2.904372 	 98241.507812 	 619.531616 
125 	 41.678688 	 283.323761 	 283.785736 	 2.932014 	 98631.812500 	 415.618835 
126 	 41.678688 	 283.323761 	 293.525024 	 4.941362 	 97458.328125 	 639.373718 
127 	 41.678688 	 283.323761 	 285.812897 	 3.916906 	 98055.679688 	 615.157104 
128 	 41.678688 	 283.323761 	 282.179321 	 1.441789 	 98559.648438 	 428.113800 
129 	 41.678688 	 283.323761 	 281.815125 	 3.586628 	 98346.406250 	 599.595215 
130 	 41.678688 	 283.323761 	 281.998596 	 3.046604 	 98682.976562 	 558.952087 
131 	 41.678688 	 283.323761 	 282.359985 	 3.594402 	 98207.140625 	 567.724304 
132 	 41.678688 	 283.323761 	 280.768799 	 1.694247 	 98977.843750 	 596.563965 
133 	 41.678688 	 283.323761 	 281.681152 	 3.883279 	 98599.843750 	 416.015381 
134 	 41.678688 	 283.323761 	 280.778107 	 3.702181 	 98042.289062 	 399.008514 
135 	 41.678688 	 283.323761 	 281.947296 	 2.188145 	 98295.773438 	 377.738251 
136 	 41.678688 	 283.323761 	 285.704926 	 3.011466 	 98365.078125 	 652.204285 
137 	 41.678688 	 283.323761 	 293.227692 	 2.475824 	 98833.812500 	 654.103638 
138 	 41.678688 	 283.323761 	 298.273254 	 4.290554 	 98364.468750 	 645.851440 
139 	 41.678688 	 283.323761 	 304.047668 	 3.378383 	 98053.726562 	 719.866943 
140 	 41.678688 	 283.323761 	 304.163330 	 3.890772 	 98069.656250 	 689.921387 
141 	 41.678688 	 283.323761 	 302.258026 	 3.676022 	 98122.203125 	 695.417358 
142 	 41.678688 	 283.323761 	 302.141235 	 3.846633 	 97863.671875 	 697.204285 
143 	 41.678688 	 283.323761 	 300.986694 	 4.627097 	 97752.687500 	 661.705200 
144 	 41.678688 	 283.323761 	 296.282959 	 2.410449 	 98203.656250 	 678.086304 
145 	 41.678688 	 283.323761 	 295.275604 	 1.001646 	 98753.093750 	 684.823303 
146 	 41.678688 	 283.323761 	 296.650391 	 2.917660 	 98812.070312 	 628.833008 
147 	 41.678688 	 283.323761 	 292.957825 	 2.088538 	 99144.351562 	 671.590576 
148 	 41.678688 	 283.323761 	 295.755859 	 1.959072 	 99109.742188 	 680.805420 
149 	 41.678688 	 283.323761 	 298.764801 	 2.352316 	 98888.093750 	 699.939453 
150 	 41.678688 	 283.323761 	 301.910339 	 3.579232 	 98318.257812 	 712.308228 
151 	 41.678688 	 283.323761 	 302.410675 	 2.695355 	 98378.906250 	 727.282959 
152 	 41.678688 	 283.323761 	 303.025238 	 1.670049 	 98648.546875 	 720.854370 
153 	 41.678688 	 283.323761 	 301.561218 	 2.053396 	 99063.812500 	 727.094482 
154 	 41.678688 	 283.323761 	 296.812744 	 3.272983 	 99296.929688 	 707.430481 
155 	 41.678688 	 283.323761 	 298.299408 	 3.873427 	 98963.179688 	 705.126892 
156 	 41.678688 	 283.323761 	 298.104553 	 2.510269 	 98430.226562 	 610.212952 
157 	 41.678688 	 283.323761 	 296.646423 	 2.436608 	 97972.648438 	 644.909851 
158 	 41.678688 	 283.323761 	 290.100220 	 4.122161 	 98084.703125 	 634.556519 
159 	 41.678688 	 283.323761 	 289.900970 	 3.041492 	 98245.070312 	 568.580750 
160 	 41.678688 	 283.323761 	 286.075958 	 5.044947 	 98505.539062 	 660.814087 
161 	 41.678688 	 283.323761 	 288.077667 	 2.638141 	 99011.617188 	 662.322144 
162 	 41.678688 	 283.323761 	 292.313660 	 2.061315 	 98771.382812 	 683.967896 
163 	 41.678688 	 283.323761 	 300.069214 	 4.180647 	 98306.921875 	 720.321899 
164 	 41.678688 	 283.323761 	 302.403107 	 3.116583 	 98272.101562 	 723.769531 
165 	 41.678688 	 283.323761 	 297.664215 	 3.307218 	 97975.343750 	 662.240662 
166 	 41.678688 	 283.323761 	 292.503540 	 4.617046 	 98368.656250 	 704.974976 
167 	 41.678688 	 283.323761 	 292.739166 	 1.658493 	 99059.679688 	 682.020752 
168 	 41.678688 	 283.323761 	 297.952911 	 2.117397 	 98755.523438 	 724.286194 
169 	 41.678688 	 283.323761 	 298.967712 	 3.533569 	 98211.656250 	 713.713501 
170 	 41.678688 	 283.323761 	 297.220032 	 2.327697 	 98244.257812 	 675.749512 
171 	 41.678688 	 283.323761 	 296.310486 	 1.738243 	 98842.093750 	 705.103882 
172 	 41.678688 	 283.323761 	 298.956268 	 2.647723 	 98567.507812 	 691.736694 
173 	 41.678688 	 283.323761 	 298.011139 	 1.633678 	 98671.656250 	 733.609009 
174 	 41.678688 	 283.323761 	 296.803040 	 4.972765 	 98574.593750 	 690.622925 
175 	 41.678688 	 283.323761 	 299.337585 	 3.781518 	 97703.632812 	 736.937256 
176 	 41.678688 	 283.323761 	 298.443329 	 2.671171 	 97808.953125 	 722.508423 
177 	 41.678688 	 283.323761 	 295.713745 	 2.311398 	 98209.226562 	 689.796387 
178 	 41.678688 	 283.323761 	 295.234680 	 2.000547 	 98314.906250 	 693.591187 
179 	 41.678688 	 283.323761 	 294.288300 	 1.835898 	 98119.406250 	 633.356567 
180 	 41.678688 	 283.323761 	 296.282074 	 2.069209 	 97701.492188 	 716.400757 
181 	 41.678688 	 283.323761 	 293.226501 	 2.548826 	 98070.523438 	 663.159424 
182 	 41.678688 	 283.323761 	 296.010284 	 4.637332 	 98371.492188 	 671.100098 
183 	 41.678688 	 283.323761 	 302.329071 	 3.915824 	 98107.726562 	 727.493408 
184 	 41.678688 	 283.323761 	 300.796814 	 3.731994 	 98165.671875 	 720.546448 
185 	 41.678688 	 283.323761 	 297.859100 	 3.102080 	 98134.343750 	 542.046021 
186 	 41.678688 	 283.323761 	 293.340698 	 2.442461 	 98531.437500 	 650.220032 
187 	 41.678688 	 283.323761 	 295.486389 	 1.661677 	 98648.906250 	 695.006836 
188 	 41.678688 	 283.323761 	 299.508026 	 4.792153 	 98121.507812 	 690.109436 
189 	 41.678688 	 283.323761 	 294.688477 	 3.203139 	 98120.773438 	 703.247742 
190 	 41.678688 	 283.323761 	 292.022186 	 1.172542 	 98829.250000 	 609.362671 
191 	 41.678688 	 283.323761 	 292.767792 	 2.202260 	 98992.351562 	 655.901733 
192 	 41.678688 	 283.323761 	 291.778961 	 3.253705 	 99260.218750 	 693.544067 
193 	 41.678688 	 283.323761 	 292.261200 	 1.912853 	 99672.617188 	 671.922852 
194 	 41.678688 	 283.323761 	 294.326874 	 4.957770 	 99299.343750 	 482.747772 
195 	 41.678688 	 283.323761 	 295.847717 	 5.049670 	 98329.656250 	 477.193970 
196 	 41.678688 	 283.323761 	 297.028748 	 1.669856 	 97968.531250 	 672.969971 
197 	 41.678688 	 283.323761 	 296.215332 	 1.827544 	 98476.117188 	 681.237305 
198 	 41.678688 	 283.323761 	 295.291382 	 0.945501 	 98832.773438 	 696.714600 
199 	 41.678688 	 283.323761 	 296.535828 	 3.481935 	 98711.148438 	 524.231384 
200 	 41.678688 	 283.323761 	 299.146698 	 2.944339 	 98201.656250 	 715.859985 
201 	 41.678688 	 283.323761 	 299.182831 	 2.420660 	 98333.156250 	 697.947266 
202 	 41.678688 	 283.323761 	 299.359589 	 2.659119 	 98239.906250 	 713.718445 
203 	 41.678688 	 283.323761 	 299.050140 	 0.957757 	 98410.906250 	 719.937866 
204 	 41.678688 	 283.323761 	 299.328125 	 1.683655 	 98411.632812 	 717.863281 
205 	 41.678688 	 283.323761 	 299.006775 	 1.411487 	 98796.343750 	 698.368103 
206 	 41.678688 	 283.323761 	 295.878784 	 0.951168 	 99153.742188 	 644.474304 
207 	 41.678688 	 283.323761 	 297.288666 	 1.501797 	 99197.617188 	 637.487610 
208 	 41.678688 	 283.323761 	 296.836975 	 1.615010 	 98761.078125 	 652.125366 
209 	 41.678688 	 283.323761 	 297.567230 	 2.054375 	 98550.710938 	 683.385620 
210 	 41.678688 	 283.323761 	 297.970306 	 2.274707 	 98211.546875 	 693.514343 
211 	 41.678688 	 283.323761 	 295.934631 	 3.130840 	 98228.882812 	 616.467285 
212 	 41.678688 	 283.323761 	 292.663574 	 1.999340 	 98788.523438 	 628.734619 
213 	 41.678688 	 283.323761 	 295.345337 	 2.227403 	 98818.539062 	 675.074158 
214 	 41.678688 	 283.323761 	 299.809418 	 4.201171 	 98371.000000 	 682.967285 
215 	 41.678688 	 283.323761 	 298.286041 	 2.701248 	 97930.148438 	 711.580933 
216 	 41.678688 	 283.323761 	 295.156219 	 1.511748 	 98311.703125 	 633.226318 
217 	 41.678688 	 283.323761 	 295.769653 	 1.090568 	 98262.937500 	 682.911865 
218 	 41.678688 	 283.323761 	 296.638336 	 0.795387 	 98378.406250 	 660.741943 
219 	 41.678688 	 283.323761 	 299.856903 	 3.146831 	 98575.890625 	 707.478027 
220 	 41.678688 	 283.323761 	 299.017914 	 3.283609 	 98383.046875 	 551.735474 
221 	 41.678688 	 283.323761 	 296.882660 	 2.729022 	 98486.726562 	 679.788574 
222 	 41.678688 	 283.323761 	 296.724640 	 1.529097 	 98696.523438 	 673.415283 
223 	 41.678688 	 283.323761 	 297.359253 	 1.620223 	 98529.718750 	 675.470459 
224 	 41.678688 	 283.323761 	 300.753937 	 2.792357 	 98477.320312 	 717.902527 
225 	 41.678688 	 283.323761 	 301.363220 	 2.756811 	 98632.156250 	 695.818237 
226 	 41.678688 	 283.323761 	 302.907623 	 3.191125 	 98244.281250 	 711.471680 
227 	 41.678688 	 283.323761 	 299.178619 	 3.771426 	 98179.156250 	 694.260620 
228 	 41.678688 	 283.323761 	 294.075653 	 1.437115 	 98849.046875 	 643.667358 
229 	 41.678688 	 283.323761 	 297.767181 	 2.580745 	 98812.773438 	 644.457825 
230 	 41.678688 	 283.323761 	 302.746735 	 1.919166 	 98410.757812 	 689.661560 
231 	 41.678688 	 283.323761 	 303.682556 	 3.011621 	 97989.789062 	 663.627380 
232 	 41.678688 	 283.323761 	 297.904053 	 2.701828 	 98625.343750 	 652.880188 
233 	 41.678688 	 283.323761 	 297.962128 	 1.952897 	 98970.492188 	 662.199707 
234 	 41.678688 	 283.323761 	 299.148041 	 4.255680 	 98687.578125 	 658.224854 
235 	 41.678688 	 283.323761 	 291.307007 	 3.776526 	 99551.617188 	 609.218994 
236 	 41.678688 	 283.323761 	 291.655457 	 1.940198 	 99525.601562 	 614.827332 
237 	 41.678688 	 283.323761 	 292.862366 	 2.691300 	 99188.062500 	 587.250549 
238 	 41.678688 	 283.323761 	 293.686462 	 1.479789 	 98824.781250 	 511.803314 
239 	 41.678688 	 283.323761 	 295.514771 	 1.317145 	 98488.773438 	 589.524414 
240 	 41.678688 	 283.323761 	 296.290802 	 1.602644 	 98521.656250 	 637.093262 
241 	 41.678688 	 283.323761 	 295.961853 	 3.243994 	 98431.937500 	 563.485779 
242 	 41.678688 	 283.323761 	 294.151154 	 2.393554 	 98564.710938 	 618.019348 
243 	 41.678688 	 283.323761 	 296.517517 	 2.044856 	 98735.390625 	 621.246948 
244 	 41.678688 	 283.323761 	 299.031250 	 2.224549 	 98380.101562 	 642.103271 
245 	 41.678688 	 283.323761 	 297.282501 	 1.491928 	 98405.687500 	 573.147217 
246 	 41.678688 	 283.323761 	 295.987671 	 1.815989 	 98792.687500 	 597.951660 
247 	 41.678688 	 283.323761 	 298.956238 	 2.151311 	 98458.546875 	 643.796265 
248 	 41.678688 	 283.323761 	 299.343353 	 2.906769 	 98195.726562 	 633.472656 
249 	 41.678688 	 283.323761 	 299.358582 	 2.667740 	 98308.296875 	 613.301514 
250 	 41.678688 	 283.323761 	 294.281952 	 1.692295 	 99190.359375 	 590.940857 
251 	 41.678688 	 283.323761 	 298.798767 	 2.589529 	 98937.453125 	 607.835266 
252 	 41.678688 	 283.323761 	 302.939240 	 2.195206 	 98889.117188 	 641.560486 
253 	 41.678688 	 283.323761 	 300.818481 	 1.421453 	 99327.859375 	 620.678589 
254 	 41.678688 	 283.323761 	 298.230164 	 1.502778 	 99169.546875 	 617.010498 
255 	 41.678688 	 283.323761 	 297.986908 	 1.970363 	 98652.898438 	 619.384827 
256 	 41.678688 	 283.323761 	 300.424042 	 1.878243 	 98621.109375 	 591.555420 
257 	 41.678688 	 283.323761 	 300.217743 	 2.745034 	 98400.742188 	 623.874023 
258 	 41.678688 	 283.323761 	 297.987793 	 2.809089 	 98232.890625 	 604.048340 
259 	 41.678688 	 283.323761 	 292.034485 	 2.124783 	 98977.476562 	 527.276367 
260 	 41.678688 	 283.323761 	 294.771820 	 3.757200 	 98772.468750 	 508.263123 
261 	 41.678688 	 283.323761 	 294.349579 	 1.069530 	 98484.156250 	 557.680115 
262 	 41.678688 	 283.323761 	 292.590515 	 2.392663 	 98995.156250 	 578.036133 
263 	 41.678688 	 283.323761 	 288.581360 	 1.216255 	 99518.882812 	 475.090210 
264 	 41.678688 	 283.323761 	 288.319550 	 1.708551 	 99557.812500 	 497.955322 
265 	 41.678688 	 283.323761 	 287.383850 	 2.974664 	 98931.820312 	 510.277344 
266 	 41.678688 	 283.323761 	 282.736603 	 1.566985 	 99538.039062 	 505.110291 
267 	 41.678688 	 283.323761 	 283.600311 	 1.002116 	 99671.843750 	 522.320557 
268 	 41.678688 	 283.323761 	 288.405457 	 1.729030 	 99247.226562 	 525.952148 
269 	 41.678688 	 283.323761 	 289.899963 	 1.236138 	 99422.343750 	 536.501221 
270 	 41.678688 	 283.323761 	 294.527222 	 3.225290 	 98855.320312 	 516.774353 
271 	 41.678688 	 283.323761 	 293.786804 	 3.564524 	 98197.703125 	 579.130371 
272 	 41.678688 	 283.323761 	 287.607635 	 3.268463 	 99030.679688 	 529.939270 
273 	 41.678688 	 283.323761 	 282.462097 	 1.971501 	 99651.093750 	 430.545532 
274 	 41.678688 	 283.323761 	 290.876221 	 3.459368 	 98838.117188 	 503.289124 
275 	 41.678688 	 283.323761 	 296.497498 	 3.403116 	 98233.906250 	 555.356567 
276 	 41.678688 	 283.323761 	 297.691193 	 3.788698 	 97719.562500 	 574.440247 
277 	 41.678688 	 283.323761 	 292.219910 	 2.776263 	 97972.843750 	 487.315277 
278 	 41.678688 	 283.323761 	 284.984924 	 2.703825 	 99063.109375 	 482.230713 
279 	 41.678688 	 283.323761 	 282.563629 	 1.551389 	 99881.210938 	 466.341492 
280 	 41.678688 	 283.323761 	 284.923828 	 3.178745 	 100209.398438 	 492.455322 
281 	 41.678688 	 283.323761 	 289.421173 	 4.676867 	 99636.367188 	 498.700073 
282 	 41.678688 	 283.323761 	 288.213654 	 3.147780 	 98721.132812 	 387.430603 
283 	 41.678688 	 283.323761 	 280.856537 	 6.124207 	 98324.476562 	 437.940948 
284 	 41.678688 	 283.323761 	 278.971069 	 4.092974 	 98647.781250 	 447.781677 
285 	 41.678688 	 283.323761 	 283.784515 	 2.887123 	 98359.796875 	 449.808228 
286 	 41.678688 	 283.323761 	 283.481842 	 1.535072 	 98555.078125 	 469.900452 
287 	 41.678688 	 283.323761 	 289.034058 	 3.084698 	 98635.843750 	 489.548096 
288 	 41.678688 	 283.323761 	 290.133911 	 3.065752 	 98789.640625 	 478.723419 
289 	 41.678688 	 283.323761 	 290.548859 	 2.745161 	 98701.492188 	 450.506500 
290 	 41.678688 	 283.323761 	 291.729248 	 2.643970 	 98497.648438 	 469.885925 
291 	 41.678688 	 283.323761 	 285.288940 	 3.342188 	 98873.898438 	 443.769501 
292 	 41.678688 	 283.323761 	 278.950073 	 1.873328 	 100126.296875 	 433.005615 
293 	 41.678688 	 283.323761 	 282.919189 	 4.465799 	 99780.906250 	 459.560547 
294 	 41.678688 	 283.323761 	 288.403534 	 4.256381 	 98927.093750 	 444.613617 
295 	 41.678688 	 283.323761 	 287.306458 	 3.568622 	 98271.492188 	 387.176361 
296 	 41.678688 	 283.323761 	 278.188568 	 3.365393 	 98755.070312 	 401.740021 
297 	 41.678688 	 283.323761 	 273.823212 	 4.241784 	 100051.101562 	 435.694458 
298 	 41.678688 	 283.323761 	 274.032532 	 1.160429 	 100502.203125 	 416.847595 
299 	 41.678688 	 283.323761 	 277.492859 	 2.413279 	 99722.023438 	 414.095062 
300 	 41.678688 	 283.323761 	 281.101746 	 2.553938 	 99097.578125 	 380.917450 
301 	 41.678688 	 283.323761 	 285.322693 	 4.216421 	 97015.562500 	 441.597046 
302 	 41.678688 	 283.323761 	 282.792511 	 4.117218 	 97465.203125 	 422.225464 
303 	 41.678688 	 283.323761 	 281.886047 	 2.388820 	 98434.273438 	 409.448914 
304 	 41.678688 	 283.323761 	 279.392273 	 1.922369 	 98925.882812 	 383.308929 
305 	 41.678688 	 283.323761 	 274.961731 	 1.633753 	 99884.992188 	 397.612854 
306 	 41.678688 	 283.323761 	 276.825806 	 4.773661 	 99322.906250 	 333.090820 
307 	 41.678688 	 283.323761 	 280.235596 	 3.142190 	 98645.023438 	 427.461243 
308 	 41.678688 	 283.323761 	 277.672241 	 1.149511 	 99187.148438 	 401.167114 
309 	 41.678688 	 283.323761 	 281.428528 	 3.729716 	 99512.843750 	 406.259399 
310 	 41.678688 	 283.323761 	 287.586487 	 5.313584 	 99054.929688 	 417.394714 
311 	 41.678688 	 283.323761 	 287.951569 	 5.528943 	 97574.531250 	 417.140503 
312 	 41.678688 	 283.323761 	 280.126434 	 3.716515 	 98251.382812 	 411.239319 
313 	 41.678688 	 283.323761 	 278.877991 	 3.371476 	 98899.539062 	 387.844238 
314 	 41.678688 	 283.323761 	 279.136108 	 3.992870 	 98941.031250 	 393.430054 
315 	 41.678688 	 283.323761 	 277.717407 	 3.349579 	 98978.273438 	 323.425262 
316 	 41.678688 	 283.323761 	 282.318970 	 1.881164 	 98452.562500 	 437.874878 
317 	 41.678688 	 283.323761 	 286.828979 	 3.690115 	 98222.351562 	 425.148743 
318 	 41.678688 	 283.323761 	 278.143616 	 1.609240 	 98856.210938 	 357.228729 
319 	 41.678688 	 283.323761 	 281.623657 	 3.151227 	 98839.578125 	 390.668549 
320 	 41.678688 	 283.323761 	 287.486511 	 4.529747 	 98718.210938 	 451.436279 
321 	 41.678688 	 283.323761 	 285.069489 	 4.129876 	 98190.210938 	 405.093872 
322 	 41.678688 	 283.323761 	 275.621399 	 3.479013 	 99250.429688 	 345.026550 
323 	 41.678688 	 283.323761 	 273.530121 	 1.484989 	 100490.296875 	 336.297577 
324 	 41.678688 	 283.323761 	 276.709076 	 4.022928 	 100487.796875 	 386.182922 
325 	 41.678688 	 283.323761 	 283.688171 	 2.939657 	 99480.976562 	 403.790131 
326 	 41.678688 	 283.323761 	 283.943298 	 2.575605 	 99200.390625 	 405.615173 
327 	 41.678688 	 283.323761 	 287.612610 	 3.648525 	 98295.593750 	 402.810669 
328 	 41.678688 	 283.323761 	 281.642273 	 1.483784 	 99127.453125 	 373.119995 
329 	 41.678688 	 283.323761 	 288.584198 	 5.251333 	 98325.632812 	 399.166840 
330 	 41.678688 	 283.323761 	 278.359070 	 4.530917 	 98778.578125 	 384.982880 
331 	 41.678688 	 283.323761 	 275.435486 	 2.756275 	 100140.398438 	 383.029419 
332 	 41.678688 	 283.323761 	 273.560516 	 2.801503 	 101047.101562 	 324.445618 
333 	 41.678688 	 283.323761 	 281.895752 	 5.595360 	 100469.703125 	 384.306885 
334 	 41.678688 	 283.323761 	 286.723663 	 5.117375 	 98884.703125 	 404.364838 
335 	 41.678688 	 283.323761 	 276.693787 	 1.923616 	 99832.187500 	 312.033356 
336 	 41.678688 	 283.323761 	 283.120331 	 5.419226 	 99060.937500 	 371.064514 
337 	 41.678688 	 283.323761 	 277.565918 	 5.158115 	 98114.617188 	 358.888519 
338 	 41.678688 	 283.323761 	 273.989105 	 3.224670 	 98591.906250 	 327.086914 
339 	 41.678688 	 283.323761 	 272.626587 	 2.012351 	 99271.281250 	 332.409241 
340 	 41.678688 	 283.323761 	 277.619415 	 2.694052 	 99055.906250 	 363.567810 
341 	 41.678688 	 283.323761 	 280.385498 	 4.079861 	 98467.632812 	 342.553436 
342 	 41.678688 	 283.323761 	 281.228149 	 3.704154 	 98499.429688 	 371.952545 
343 	 41.678688 	 283.323761 	 282.387054 	 3.991780 	 98288.851562 	 378.344055 
344 	 41.678688 	 283.323761 	 280.198608 	 4.425489 	 97717.359375 	 348.918884 
345 	 41.678688 	 283.323761 	 277.703888 	 2.873341 	 97979.117188 	 362.716064 
346 	 41.678688 	 283.323761 	 272.750519 	 3.434134 	 97933.843750 	 341.198395 
347 	 41.678688 	 283.323761 	 269.844055 	 2.657738 	 97802.078125 	 319.481934 
348 	 41.678688 	 283.323761 	 271.400269 	 1.909988 	 98177.640625 	 345.538239 
349 	 41.678688 	 283.323761 	 276.554535 	 3.491160 	 97645.812500 	 350.850952 
350 	 41.678688 	 283.323761 	 279.592255 	 3.830499 	 96864.867188 	 369.367584 
351 	 41.678688 	 283.323761 	 271.605713 	 4.079083 	 97490.562500 	 328.219116 
352 	 41.678688 	 283.323761 	 269.312042 	 4.147816 	 98477.882812 	 325.986511 
353 	 41.678688 	 283.323761 	 270.649994 	 2.461884 	 99278.671875 	 314.980408 
354 	 41.678688 	 283.323761 	 275.305389 	 2.948578 	 98748.671875 	 336.483429 
355 	 41.678688 	 283.323761 	 273.120697 	 1.697322 	 99176.953125 	 324.574402 
356 	 41.678688 	 283.323761 	 275.745758 	 2.983376 	 98763.117188 	 351.425598 
357 	 41.678688 	 283.323761 	 277.132874 	 2.067118 	 98893.593750 	 359.137299 
358 	 41.678688 	 283.323761 	 272.442932 	 1.511946 	 99768.328125 	 313.640289 
359 	 41.678688 	 283.323761 	 276.891174 	 3.159779 	 98917.281250 	 349.569397 
360 	 41.678688 	 283.323761 	 275.405487 	 3.254476 	 97974.648438 	 331.437958 
361 	 41.678688 	 283.323761 	 275.835846 	 2.141840 	 98324.742188 	 352.260254 
362 	 41.678688 	 283.323761 	 276.299774 	 2.211429 	 98627.390625 	 341.561188 
363 	 41.678688 	 283.323761 	 272.412323 	 5.226244 	 98513.578125 	 315.709686 
364 	 41.678688 	 283.323761 	 268.800201 	 2.930670 	 96665.359375 	 322.102356 
