# 0: Day of Year [-] 	 1: lat [deg] 	 2: lon [deg] 	 3: tas [K] 	 4: sfcWind [m s-1] 	 5: ps [Pa] 	 6: Total Downwelling Rad Flux [W m-2] 
0 	 41.678688 	 283.323761 	 275.403839 	 3.101202 	 98322.226562 	 344.516235 
1 	 41.678688 	 283.323761 	 270.046600 	 1.887102 	 98807.960938 	 318.731384 
2 	 41.678688 	 283.323761 	 271.888031 	 3.303623 	 99324.726562 	 328.870361 
3 	 41.678688 	 283.323761 	 274.757202 	 2.949418 	 99333.820312 	 339.200165 
4 	 41.678688 	 283.323761 	 271.190308 	 2.883515 	 99470.617188 	 347.638000 
5 	 41.678688 	 283.323761 	 268.934509 	 1.851751 	 100349.101562 	 305.102112 
6 	 41.678688 	 283.323761 	 269.231873 	 1.542354 	 99363.296875 	 340.652344 
7 	 41.678688 	 283.323761 	 267.969055 	 2.885769 	 98581.023438 	 302.291534 
8 	 41.678688 	 283.323761 	 268.762451 	 3.655192 	 98379.140625 	 303.020752 
9 	 41.678688 	 283.323761 	 266.921875 	 2.728573 	 98726.851562 	 316.943604 
10 	 41.678688 	 283.323761 	 268.118011 	 2.535502 	 99496.968750 	 310.865234 
11 	 41.678688 	 283.323761 	 272.616119 	 2.237408 	 99872.523438 	 327.008972 
12 	 41.678688 	 283.323761 	 272.038391 	 0.614687 	 100101.898438 	 332.619110 
13 	 41.678688 	 283.323761 	 273.962311 	 0.986758 	 99650.523438 	 347.231628 
14 	 41.678688 	 283.323761 	 272.267120 	 0.472698 	 98791.773438 	 331.727142 
15 	 41.678688 	 283.323761 	 272.729126 	 1.805694 	 98161.406250 	 337.491852 
16 	 41.678688 	 283.323761 	 273.546906 	 2.588771 	 98795.953125 	 354.041473 
17 	 41.678688 	 283.323761 	 276.035309 	 2.765014 	 97875.742188 	 301.802643 
18 	 41.678688 	 283.323761 	 273.286987 	 3.675111 	 97503.117188 	 364.050079 
19 	 41.678688 	 283.323761 	 271.885193 	 3.554904 	 98334.382812 	 376.614349 
20 	 41.678688 	 283.323761 	 270.117523 	 1.589018 	 99526.093750 	 361.977417 
21 	 41.678688 	 283.323761 	 273.977081 	 2.555309 	 99082.406250 	 382.010803 
22 	 41.678688 	 283.323761 	 272.866058 	 2.831627 	 99001.039062 	 372.849609 
23 	 41.678688 	 283.323761 	 270.331024 	 3.407218 	 98760.023438 	 357.279358 
24 	 41.678688 	 283.323761 	 267.606140 	 4.117259 	 98952.140625 	 325.394409 
25 	 41.678688 	 283.323761 	 268.476562 	 2.393609 	 99324.406250 	 333.871216 
26 	 41.678688 	 283.323761 	 267.786346 	 1.422754 	 99048.031250 	 298.071655 
27 	 41.678688 	 283.323761 	 270.958588 	 3.494512 	 97222.226562 	 325.522736 
28 	 41.678688 	 283.323761 	 266.873413 	 3.703854 	 97303.117188 	 331.521332 
29 	 41.678688 	 283.323761 	 268.465118 	 3.162271 	 97706.773438 	 326.597778 
30 	 41.678688 	 283.323761 	 271.013367 	 2.864534 	 98012.093750 	 357.753967 
31 	 41.678688 	 283.323761 	 273.336792 	 1.756335 	 98471.992188 	 366.177460 
32 	 41.678688 	 283.323761 	 273.809113 	 1.140929 	 98240.421875 	 362.080688 
33 	 41.678688 	 283.323761 	 273.894562 	 2.593834 	 97285.273438 	 352.989441 
34 	 41.678688 	 283.323761 	 265.063324 	 5.221371 	 98197.250000 	 339.081696 
35 	 41.678688 	 283.323761 	 268.672821 	 3.040715 	 99281.226562 	 328.070618 
36 	 41.678688 	 283.323761 	 274.821594 	 2.269933 	 99038.320312 	 379.715851 
37 	 41.678688 	 283.323761 	 277.293640 	 2.710730 	 98788.632812 	 392.005127 
38 	 41.678688 	 283.323761 	 282.662323 	 3.244935 	 97972.078125 	 378.250153 
39 	 41.678688 	 283.323761 	 278.950897 	 4.567758 	 96506.742188 	 427.357330 
40 	 41.678688 	 283.323761 	 269.731079 	 3.825804 	 98241.093750 	 385.861084 
41 	 41.678688 	 283.323761 	 268.797119 	 2.632293 	 99383.640625 	 382.717346 
42 	 41.678688 	 283.323761 	 271.894012 	 2.977301 	 99707.648438 	 369.632812 
43 	 41.678688 	 283.323761 	 274.990417 	 2.791594 	 99004.132812 	 344.824890 
44 	 41.678688 	 283.323761 	 273.866577 	 3.608096 	 99039.117188 	 393.002991 
45 	 41.678688 	 283.323761 	 271.598633 	 1.970891 	 100219.601562 	 383.930267 
46 	 41.678688 	 283.323761 	 272.506439 	 2.009913 	 100158.601562 	 327.594727 
47 	 41.678688 	 283.323761 	 274.987030 	 1.009063 	 99608.218750 	 379.274841 
48 	 41.678688 	 283.323761 	 277.566040 	 2.119073 	 99495.492188 	 423.574738 
49 	 41.678688 	 283.323761 	 284.838531 	 5.472331 	 98734.976562 	 385.167938 
50 	 41.678688 	 283.323761 	 282.489258 	 2.398453 	 97006.023438 	 459.101257 
51 	 41.678688 	 283.323761 	 280.932556 	 2.981554 	 97472.210938 	 388.654541 
52 	 41.678688 	 283.323761 	 279.577240 	 1.532905 	 98140.171875 	 451.488281 
53 	 41.678688 	 283.323761 	 282.207397 	 3.480752 	 98048.671875 	 371.788147 
54 	 41.678688 	 283.323761 	 280.796295 	 5.324016 	 96557.789062 	 425.187195 
55 	 41.678688 	 283.323761 	 276.249146 	 3.607898 	 98420.320312 	 436.070068 
56 	 41.678688 	 283.323761 	 275.104126 	 3.483437 	 98742.492188 	 341.487274 
57 	 41.678688 	 283.323761 	 277.505371 	 3.081127 	 96573.281250 	 382.826202 
58 	 41.678688 	 283.323761 	 273.229584 	 4.404350 	 97278.531250 	 431.955505 
59 	 41.678688 	 283.323761 	 273.095520 	 3.489128 	 98029.609375 	 427.823425 
60 	 41.678688 	 283.323761 	 273.544678 	 2.654346 	 98487.398438 	 430.380829 
61 	 41.678688 	 283.323761 	 274.388947 	 1.161127 	 98798.203125 	 438.030090 
62 	 41.678688 	 283.323761 	 277.504486 	 4.456977 	 97441.562500 	 355.056885 
63 	 41.678688 	 283.323761 	 277.068115 	 2.521802 	 95864.093750 	 357.486389 
64 	 41.678688 	 283.323761 	 274.884247 	 3.648900 	 96132.312500 	 430.178589 
65 	 41.678688 	 283.323761 	 274.108612 	 3.561614 	 97108.656250 	 467.298950 
66 	 41.678688 	 283.323761 	 271.712616 	 3.196606 	 98209.851562 	 436.260223 
67 	 41.678688 	 283.323761 	 273.760284 	 2.654649 	 98256.460938 	 442.253540 
68 	 41.678688 	 283.323761 	 274.920288 	 2.221344 	 98507.656250 	 456.579315 
69 	 41.678688 	 283.323761 	 277.561554 	 2.021846 	 98053.953125 	 386.296875 
70 	 41.678688 	 283.323761 	 276.714233 	 1.652937 	 97719.812500 	 408.382568 
71 	 41.678688 	 283.323761 	 272.155914 	 3.807052 	 98014.007812 	 472.646027 
72 	 41.678688 	 283.323761 	 272.843170 	 3.411858 	 98152.468750 	 429.148376 
73 	 41.678688 	 283.323761 	 268.569092 	 3.567369 	 98642.117188 	 462.754822 
74 	 41.678688 	 283.323761 	 271.710938 	 3.509741 	 98092.593750 	 447.637451 
75 	 41.678688 	 283.323761 	 278.563934 	 1.796104 	 98254.609375 	 429.075836 
76 	 41.678688 	 283.323761 	 276.042755 	 3.214776 	 98060.382812 	 360.456726 
77 	 41.678688 	 283.323761 	 274.671722 	 2.749382 	 98081.609375 	 387.422394 
78 	 41.678688 	 283.323761 	 273.937286 	 2.061224 	 98144.906250 	 469.832764 
79 	 41.678688 	 283.323761 	 272.866699 	 3.066286 	 98329.656250 	 469.736816 
80 	 41.678688 	 283.323761 	 271.238922 	 2.451787 	 98760.203125 	 367.727783 
81 	 41.678688 	 283.323761 	 274.792664 	 3.757894 	 97289.906250 	 362.902435 
82 	 41.678688 	 283.323761 	 274.607117 	 3.323724 	 96071.468750 	 368.256744 
83 	 41.678688 	 283.323761 	 276.243500 	 2.640245 	 97402.179688 	 513.984192 
84 	 41.678688 	 283.323761 	 276.169067 	 1.725531 	 98039.976562 	 510.241364 
85 	 41.678688 	 283.323761 	 273.693268 	 1.589822 	 98325.898438 	 366.140228 
86 	 41.678688 	 283.323761 	 270.405762 	 3.642306 	 98089.023438 	 471.752716 
87 	 41.678688 	 283.323761 	 271.068604 	 2.841748 	 97879.828125 	 448.013519 
88 	 41.678688 	 283.323761 	 275.859039 	 4.803142 	 96842.773438 	 519.862061 
89 	 41.678688 	 283.323761 	 271.779144 	 3.338331 	 98404.390625 	 447.627899 
90 	 41.678688 	 283.323761 	 270.895020 	 3.086126 	 99138.656250 	 480.894073 
91 	 41.678688 	 283.323761 	 275.560760 	 2.691657 	 98695.296875 	 501.061157 
92 	 41.678688 	 283.323761 	 275.666840 	 1.217295 	 98199.390625 	 506.612274 
93 	 41.678688 	 283.323761 	 279.385895 	 3.959334 	 97626.890625 	 540.157349 
94 	 41.678688 	 283.323761 	 273.719757 	 3.994449 	 97855.929688 	 498.318665 
95 	 41.678688 	 283.323761 	 269.728882 	 5.490213 	 98134.976562 	 504.865234 
96 	 41.678688 	 283.323761 	 273.229645 	 4.861967 	 98807.351562 	 497.653503 
97 	 41.678688 	 283.323761 	 279.415741 	 2.880407 	 99042.078125 	 514.174316 
98 	 41.678688 	 283.323761 	 286.939941 	 5.047714 	 97625.406250 	 541.143616 
99 	 41.678688 	 283.323761 	 283.345642 	 3.352023 	 98312.593750 	 564.240601 
100 	 41.678688 	 283.323761 	 288.800934 	 4.094121 	 98534.031250 	 590.879150 
101 	 41.678688 	 283.323761 	 293.277344 	 5.656735 	 97840.906250 	 587.034302 
102 	 41.678688 	 283.323761 	 279.094391 	 3.531071 	 99715.078125 	 534.765869 
103 	 41.678688 	 283.323761 	 279.615936 	 3.084499 	 100316.203125 	 362.064575 
104 	 41.678688 	 283.323761 	 294.602875 	 4.761508 	 98712.023438 	 499.726318 
105 	 41.678688 	 283.323761 	 295.272308 	 4.707039 	 98208.750000 	 556.190491 
106 	 41.678688 	 283.323761 	 290.893707 	 2.487504 	 98304.843750 	 581.824219 
107 	 41.678688 	 283.323761 	 287.375214 	 4.264122 	 97519.593750 	 569.655334 
108 	 41.678688 	 283.323761 	 273.937836 	 3.908512 	 98741.882812 	 522.869019 
109 	 41.678688 	 283.323761 	 275.040344 	 1.447417 	 99898.500000 	 547.176880 
110 	 41.678688 	 283.323761 	 278.438416 	 2.060048 	 99672.226562 	 493.469086 
111 	 41.678688 	 283.323761 	 283.518158 	 4.299640 	 98372.218750 	 419.283081 
112 	 41.678688 	 283.323761 	 284.741516 	 1.616707 	 97822.257812 	 430.112305 
113 	 41.678688 	 283.323761 	 284.805817 	 2.627261 	 97874.593750 	 440.744019 
114 	 41.678688 	 283.323761 	 286.582153 	 2.722164 	 98042.062500 	 544.121216 
115 	 41.678688 	 283.323761 	 286.523071 	 2.709241 	 98536.359375 	 568.349243 
116 	 41.678688 	 283.323761 	 285.746765 	 1.656680 	 99414.140625 	 608.346924 
117 	 41.678688 	 283.323761 	 290.989807 	 4.248785 	 99145.773438 	 614.421387 
118 	 41.678688 	 283.323761 	 293.607880 	 2.879109 	 98575.820312 	 647.833496 
119 	 41.678688 	 283.323761 	 293.851440 	 3.393386 	 98423.617188 	 639.732422 
120 	 41.678688 	 283.323761 	 294.436615 	 4.087166 	 97981.273438 	 658.427002 
121 	 41.678688 	 283.323761 	 291.046173 	 2.332197 	 98651.726562 	 619.438232 
122 	 41.678688 	 283.323761 	 291.869629 	 1.159119 	 98808.273438 	 507.270081 
123 	 41.678688 	 283.323761 	 293.370850 	 0.797806 	 99097.343750 	 613.047485 
124 	 41.678688 	 283.323761 	 294.872253 	 0.343424 	 99234.531250 	 679.813965 
125 	 41.678688 	 283.323761 	 296.127014 	 1.838723 	 98840.781250 	 668.075562 
126 	 41.678688 	 283.323761 	 295.604797 	 2.614397 	 98268.726562 	 643.151733 
127 	 41.678688 	 283.323761 	 292.240662 	 2.271925 	 97957.898438 	 443.451080 
128 	 41.678688 	 283.323761 	 284.645752 	 3.090159 	 98062.007812 	 598.094482 
129 	 41.678688 	 283.323761 	 280.753815 	 3.303014 	 98588.742188 	 597.217285 
130 	 41.678688 	 283.323761 	 281.734863 	 2.909883 	 98927.062500 	 579.756409 
131 	 41.678688 	 283.323761 	 284.388092 	 1.657453 	 99103.429688 	 617.041992 
132 	 41.678688 	 283.323761 	 285.644989 	 1.024867 	 98819.726562 	 580.755066 
133 	 41.678688 	 283.323761 	 288.807861 	 1.370339 	 98311.882812 	 582.820557 
134 	 41.678688 	 283.323761 	 285.324921 	 4.174622 	 98463.492188 	 643.687622 
135 	 41.678688 	 283.323761 	 283.745361 	 1.859002 	 98975.226562 	 618.669434 
136 	 41.678688 	 283.323761 	 292.140594 	 3.482221 	 98142.828125 	 641.609985 
137 	 41.678688 	 283.323761 	 292.183960 	 3.170646 	 98004.726562 	 523.180054 
138 	 41.678688 	 283.323761 	 287.660004 	 3.183858 	 98581.460938 	 651.457397 
139 	 41.678688 	 283.323761 	 286.413452 	 1.779215 	 99295.539062 	 624.927307 
140 	 41.678688 	 283.323761 	 288.645477 	 4.639185 	 99234.937500 	 447.415436 
141 	 41.678688 	 283.323761 	 299.092804 	 4.092371 	 98205.039062 	 706.099365 
142 	 41.678688 	 283.323761 	 291.558777 	 2.461980 	 98846.906250 	 512.224731 
143 	 41.678688 	 283.323761 	 283.504608 	 3.889534 	 99531.656250 	 648.136353 
144 	 41.678688 	 283.323761 	 286.210205 	 1.750673 	 99483.656250 	 630.688110 
145 	 41.678688 	 283.323761 	 285.553467 	 2.495420 	 99390.000000 	 640.332764 
146 	 41.678688 	 283.323761 	 285.375763 	 1.360720 	 99705.843750 	 633.735596 
147 	 41.678688 	 283.323761 	 289.888397 	 2.963701 	 99116.789062 	 505.345032 
148 	 41.678688 	 283.323761 	 293.265198 	 3.226969 	 98728.250000 	 609.998169 
149 	 41.678688 	 283.323761 	 291.825745 	 2.547025 	 98693.132812 	 539.557373 
150 	 41.678688 	 283.323761 	 296.578125 	 4.325374 	 98002.023438 	 691.789795 
151 	 41.678688 	 283.323761 	 291.626404 	 1.005889 	 98352.250000 	 671.662476 
152 	 41.678688 	 283.323761 	 291.651581 	 3.483239 	 98975.687500 	 589.049988 
153 	 41.678688 	 283.323761 	 292.215881 	 3.656945 	 99369.570312 	 673.360474 
154 	 41.678688 	 283.323761 	 293.767670 	 2.385176 	 99329.406250 	 696.468872 
155 	 41.678688 	 283.323761 	 295.382843 	 1.963778 	 99074.820312 	 700.905273 
156 	 41.678688 	 283.323761 	 297.329956 	 1.543970 	 98684.726562 	 710.727051 
157 	 41.678688 	 283.323761 	 299.171875 	 1.945647 	 98247.101562 	 695.359497 
158 	 41.678688 	 283.323761 	 296.960938 	 3.411956 	 97885.031250 	 720.620483 
159 	 41.678688 	 283.323761 	 295.467041 	 1.919133 	 97955.210938 	 603.386475 
160 	 41.678688 	 283.323761 	 294.043365 	 2.347398 	 97456.656250 	 577.696777 
161 	 41.678688 	 283.323761 	 293.425629 	 4.891535 	 97555.250000 	 670.613586 
162 	 41.678688 	 283.323761 	 292.696808 	 1.615560 	 97886.406250 	 542.404236 
163 	 41.678688 	 283.323761 	 291.972260 	 2.835978 	 97835.453125 	 696.997070 
164 	 41.678688 	 283.323761 	 292.562500 	 1.100859 	 98183.742188 	 687.693115 
165 	 41.678688 	 283.323761 	 294.348358 	 4.720957 	 98306.906250 	 656.270325 
166 	 41.678688 	 283.323761 	 293.599854 	 4.065565 	 98139.070312 	 553.542358 
167 	 41.678688 	 283.323761 	 292.477661 	 1.683120 	 98026.203125 	 640.052368 
168 	 41.678688 	 283.323761 	 293.068359 	 1.810540 	 98392.062500 	 694.844177 
169 	 41.678688 	 283.323761 	 295.346405 	 1.761400 	 98641.859375 	 709.928345 
170 	 41.678688 	 283.323761 	 299.196136 	 3.150982 	 98226.023438 	 701.491577 
171 	 41.678688 	 283.323761 	 299.637939 	 1.652547 	 98257.656250 	 734.655273 
172 	 41.678688 	 283.323761 	 298.870819 	 2.185068 	 98200.976562 	 695.676147 
173 	 41.678688 	 283.323761 	 298.058228 	 1.081415 	 98590.492188 	 702.050354 
174 	 41.678688 	 283.323761 	 300.110199 	 1.799140 	 98431.078125 	 698.719238 
175 	 41.678688 	 283.323761 	 297.749969 	 2.498156 	 98910.093750 	 570.031982 
176 	 41.678688 	 283.323761 	 295.914948 	 3.678263 	 98801.531250 	 624.662964 
177 	 41.678688 	 283.323761 	 298.879456 	 2.341235 	 98322.078125 	 740.798889 
178 	 41.678688 	 283.323761 	 298.407745 	 2.817483 	 97972.296875 	 717.965576 
179 	 41.678688 	 283.323761 	 296.513947 	 1.749460 	 98335.492188 	 706.560486 
180 	 41.678688 	 283.323761 	 296.723328 	 0.967849 	 98511.976562 	 709.875061 
181 	 41.678688 	 283.323761 	 298.088715 	 2.273812 	 98502.679688 	 682.427368 
182 	 41.678688 	 283.323761 	 297.720917 	 2.281233 	 98190.437500 	 630.784363 
183 	 41.678688 	 283.323761 	 294.715454 	 2.591915 	 97991.351562 	 641.505127 
184 	 41.678688 	 283.323761 	 293.731567 	 1.717402 	 98317.632812 	 638.921814 
185 	 41.678688 	 283.323761 	 294.699860 	 1.576793 	 98694.593750 	 697.608276 
186 	 41.678688 	 283.323761 	 297.135803 	 3.239700 	 98344.812500 	 620.719543 
187 	 41.678688 	 283.323761 	 293.885223 	 1.892647 	 98744.906250 	 619.647156 
188 	 41.678688 	 283.323761 	 296.307556 	 2.554606 	 98950.179688 	 676.398071 
189 	 41.678688 	 283.323761 	 303.970642 	 3.746437 	 98409.007812 	 743.675049 
190 	 41.678688 	 283.323761 	 301.763062 	 2.762364 	 98214.507812 	 680.814087 
191 	 41.678688 	 283.323761 	 303.526764 	 3.202457 	 98036.007812 	 746.939697 
192 	 41.678688 	 283.323761 	 296.225342 	 2.431154 	 98195.328125 	 517.375061 
193 	 41.678688 	 283.323761 	 290.009766 	 3.382204 	 98856.218750 	 674.474609 
194 	 41.678688 	 283.323761 	 288.592285 	 1.829365 	 99164.843750 	 647.694458 
195 	 41.678688 	 283.323761 	 291.331238 	 2.976477 	 98893.351562 	 553.816040 
196 	 41.678688 	 283.323761 	 299.368439 	 3.354124 	 98209.507812 	 574.426514 
197 	 41.678688 	 283.323761 	 293.228912 	 2.033082 	 98376.742188 	 683.166016 
198 	 41.678688 	 283.323761 	 293.810944 	 1.319330 	 98319.578125 	 628.810669 
199 	 41.678688 	 283.323761 	 297.206512 	 2.365914 	 97983.187500 	 681.572083 
200 	 41.678688 	 283.323761 	 298.363831 	 1.663613 	 98158.976562 	 706.476318 
201 	 41.678688 	 283.323761 	 299.349915 	 2.205170 	 97993.578125 	 708.990479 
202 	 41.678688 	 283.323761 	 299.480682 	 1.571844 	 98098.617188 	 726.696289 
203 	 41.678688 	 283.323761 	 296.434296 	 2.502249 	 97983.703125 	 579.164551 
204 	 41.678688 	 283.323761 	 297.486847 	 3.389609 	 97596.523438 	 706.489990 
205 	 41.678688 	 283.323761 	 293.364166 	 1.497712 	 98084.093750 	 498.220703 
206 	 41.678688 	 283.323761 	 295.271179 	 2.292101 	 98072.609375 	 676.118286 
207 	 41.678688 	 283.323761 	 294.032288 	 1.697897 	 98540.101562 	 612.097778 
208 	 41.678688 	 283.323761 	 293.496399 	 1.352651 	 98425.992188 	 596.036255 
209 	 41.678688 	 283.323761 	 295.191589 	 1.749777 	 97861.500000 	 623.897095 
210 	 41.678688 	 283.323761 	 294.228424 	 2.060842 	 98157.546875 	 665.081360 
211 	 41.678688 	 283.323761 	 294.728546 	 2.031846 	 98423.976562 	 559.929504 
212 	 41.678688 	 283.323761 	 295.443604 	 2.407007 	 98395.523438 	 679.399658 
213 	 41.678688 	 283.323761 	 295.300720 	 2.510873 	 98091.851562 	 604.108887 
214 	 41.678688 	 283.323761 	 298.492035 	 1.374352 	 97884.703125 	 663.824036 
215 	 41.678688 	 283.323761 	 301.587372 	 3.434040 	 98023.953125 	 709.854370 
216 	 41.678688 	 283.323761 	 298.691376 	 2.224229 	 98689.273438 	 664.994873 
217 	 41.678688 	 283.323761 	 296.464539 	 2.919284 	 98391.429688 	 568.256592 
218 	 41.678688 	 283.323761 	 294.964722 	 1.329941 	 98673.601562 	 595.247192 
219 	 41.678688 	 283.323761 	 294.735626 	 2.537731 	 98843.492188 	 563.276550 
220 	 41.678688 	 283.323761 	 297.954956 	 1.779143 	 98384.218750 	 677.004883 
221 	 41.678688 	 283.323761 	 299.050110 	 2.249431 	 98377.437500 	 648.621155 
222 	 41.678688 	 283.323761 	 296.154083 	 2.539584 	 99092.453125 	 687.630615 
223 	 41.678688 	 283.323761 	 295.902985 	 2.348327 	 99218.781250 	 659.713745 
224 	 41.678688 	 283.323761 	 297.448608 	 4.446772 	 98718.890625 	 679.554932 
225 	 41.678688 	 283.323761 	 300.678345 	 2.441700 	 98523.343750 	 693.498413 
226 	 41.678688 	 283.323761 	 299.044037 	 2.503453 	 99010.859375 	 633.410950 
227 	 41.678688 	 283.323761 	 302.247925 	 2.664876 	 98866.570312 	 704.734131 
228 	 41.678688 	 283.323761 	 299.201172 	 1.530785 	 98569.460938 	 667.428589 
229 	 41.678688 	 283.323761 	 297.323029 	 2.871316 	 98231.523438 	 550.121887 
230 	 41.678688 	 283.323761 	 292.306000 	 3.054891 	 99221.773438 	 636.359131 
231 	 41.678688 	 283.323761 	 293.106995 	 2.908277 	 99379.546875 	 642.193970 
232 	 41.678688 	 283.323761 	 296.340851 	 4.186674 	 98921.898438 	 612.762939 
233 	 41.678688 	 283.323761 	 298.242462 	 3.726311 	 98142.703125 	 522.176453 
234 	 41.678688 	 283.323761 	 294.628021 	 1.998833 	 98339.273438 	 658.551392 
235 	 41.678688 	 283.323761 	 294.638000 	 1.571472 	 98557.117188 	 628.076172 
236 	 41.678688 	 283.323761 	 293.066986 	 2.013718 	 98860.882812 	 531.927673 
237 	 41.678688 	 283.323761 	 296.148071 	 2.521993 	 98366.226562 	 629.350830 
238 	 41.678688 	 283.323761 	 295.896118 	 2.369745 	 98203.046875 	 647.179810 
239 	 41.678688 	 283.323761 	 291.748444 	 2.323973 	 98781.648438 	 610.773071 
240 	 41.678688 	 283.323761 	 291.011719 	 1.027709 	 98934.890625 	 603.684204 
241 	 41.678688 	 283.323761 	 294.913666 	 0.975580 	 98833.492188 	 640.123352 
242 	 41.678688 	 283.323761 	 295.442444 	 1.640023 	 98733.289062 	 637.388794 
243 	 41.678688 	 283.323761 	 295.396454 	 3.535849 	 98323.312500 	 507.958740 
244 	 41.678688 	 283.323761 	 295.306000 	 2.934960 	 98398.023438 	 611.682861 
245 	 41.678688 	 283.323761 	 292.513794 	 3.967513 	 98638.367188 	 592.786804 
246 	 41.678688 	 283.323761 	 291.138702 	 1.955025 	 99043.726562 	 597.749634 
247 	 41.678688 	 283.323761 	 292.648376 	 1.365118 	 99115.148438 	 613.934204 
248 	 41.678688 	 283.323761 	 294.607666 	 3.887381 	 98096.953125 	 554.469360 
249 	 41.678688 	 283.323761 	 286.245850 	 4.015320 	 98382.406250 	 553.910278 
250 	 41.678688 	 283.323761 	 284.484100 	 1.318566 	 99197.226562 	 554.536743 
251 	 41.678688 	 283.323761 	 288.106750 	 2.507034 	 99065.289062 	 568.656372 
252 	 41.678688 	 283.323761 	 292.915314 	 2.637831 	 98503.679688 	 510.871185 
253 	 41.678688 	 283.323761 	 289.420654 	 1.788035 	 98480.382812 	 484.821869 
254 	 41.678688 	 283.323761 	 285.319244 	 3.827291 	 99024.859375 	 573.261658 
255 	 41.678688 	 283.323761 	 283.527161 	 1.826514 	 99911.039062 	 535.901123 
256 	 41.678688 	 283.323761 	 286.356659 	 1.580154 	 99916.390625 	 549.399841 
257 	 41.678688 	 283.323761 	 290.661957 	 2.169065 	 99540.523438 	 527.745117 
258 	 41.678688 	 283.323761 	 293.704742 	 2.097567 	 99352.359375 	 561.892700 
259 	 41.678688 	 283.323761 	 296.187714 	 2.152088 	 99293.140625 	 600.420166 
260 	 41.678688 	 283.323761 	 297.232544 	 2.971537 	 99105.773438 	 584.233398 
261 	 41.678688 	 283.323761 	 291.016174 	 3.698379 	 99804.000000 	 571.433289 
262 	 41.678688 	 283.323761 	 287.333893 	 1.588772 	 100466.101562 	 534.403748 
263 	 41.678688 	 283.323761 	 289.648346 	 2.486500 	 100303.203125 	 549.832764 
264 	 41.678688 	 283.323761 	 292.320740 	 2.294678 	 99972.117188 	 546.120728 
265 	 41.678688 	 283.323761 	 294.418945 	 1.137609 	 99720.937500 	 567.451233 
266 	 41.678688 	 283.323761 	 293.191925 	 1.571097 	 100072.898438 	 541.305786 
267 	 41.678688 	 283.323761 	 293.449280 	 3.485629 	 99975.250000 	 556.651917 
268 	 41.678688 	 283.323761 	 294.783020 	 3.483480 	 99262.203125 	 590.048279 
269 	 41.678688 	 283.323761 	 293.904694 	 3.981408 	 98238.796875 	 458.177460 
270 	 41.678688 	 283.323761 	 286.547485 	 2.944082 	 97756.882812 	 448.986572 
271 	 41.678688 	 283.323761 	 281.118958 	 2.991835 	 98400.406250 	 482.614227 
272 	 41.678688 	 283.323761 	 282.026062 	 1.831131 	 99158.296875 	 504.587524 
273 	 41.678688 	 283.323761 	 283.597687 	 2.403986 	 99983.578125 	 503.105530 
274 	 41.678688 	 283.323761 	 287.039185 	 3.958020 	 99763.468750 	 458.215118 
275 	 41.678688 	 283.323761 	 288.832428 	 2.420730 	 99180.640625 	 435.491486 
276 	 41.678688 	 283.323761 	 290.427551 	 2.231217 	 98826.031250 	 533.183167 
277 	 41.678688 	 283.323761 	 289.651459 	 3.355056 	 97877.703125 	 432.479523 
278 	 41.678688 	 283.323761 	 283.743713 	 3.053608 	 97875.976562 	 493.039490 
279 	 41.678688 	 283.323761 	 283.757935 	 3.230529 	 98289.093750 	 452.528809 
280 	 41.678688 	 283.323761 	 286.749207 	 3.770734 	 97576.906250 	 466.580261 
281 	 41.678688 	 283.323761 	 287.382385 	 2.221821 	 98533.726562 	 528.138855 
282 	 41.678688 	 283.323761 	 289.677856 	 3.669567 	 98733.242188 	 504.656128 
283 	 41.678688 	 283.323761 	 288.407593 	 1.603370 	 98842.812500 	 398.668945 
284 	 41.678688 	 283.323761 	 285.206238 	 2.268551 	 98869.796875 	 494.091125 
285 	 41.678688 	 283.323761 	 280.862610 	 4.438772 	 99051.726562 	 420.038116 
286 	 41.678688 	 283.323761 	 279.425598 	 1.678863 	 99490.453125 	 373.406158 
287 	 41.678688 	 283.323761 	 285.884644 	 2.329475 	 99055.093750 	 477.989746 
288 	 41.678688 	 283.323761 	 289.761993 	 2.664124 	 98693.148438 	 457.004211 
289 	 41.678688 	 283.323761 	 285.498138 	 1.427090 	 99430.882812 	 484.341522 
290 	 41.678688 	 283.323761 	 284.049835 	 2.297845 	 99734.671875 	 456.237915 
291 	 41.678688 	 283.323761 	 287.072388 	 3.339676 	 99345.101562 	 417.101959 
292 	 41.678688 	 283.323761 	 285.218384 	 1.055742 	 99316.562500 	 470.440674 
293 	 41.678688 	 283.323761 	 282.161194 	 3.456767 	 99064.359375 	 379.665924 
294 	 41.678688 	 283.323761 	 280.393524 	 1.792768 	 99333.742188 	 441.607666 
295 	 41.678688 	 283.323761 	 286.089844 	 1.780098 	 99243.250000 	 490.058838 
296 	 41.678688 	 283.323761 	 288.443787 	 2.595497 	 99031.671875 	 472.752136 
297 	 41.678688 	 283.323761 	 283.476135 	 3.170710 	 99701.796875 	 451.986755 
298 	 41.678688 	 283.323761 	 280.095215 	 2.719829 	 100164.796875 	 425.772766 
299 	 41.678688 	 283.323761 	 285.114319 	 3.590019 	 99894.296875 	 440.402618 
300 	 41.678688 	 283.323761 	 288.354218 	 2.972705 	 99124.890625 	 465.327667 
301 	 41.678688 	 283.323761 	 284.155792 	 3.673637 	 98761.367188 	 461.134216 
302 	 41.678688 	 283.323761 	 276.698029 	 2.116939 	 100033.203125 	 397.129913 
303 	 41.678688 	 283.323761 	 277.278870 	 2.606791 	 99964.343750 	 398.451782 
304 	 41.678688 	 283.323761 	 282.374573 	 2.159935 	 99297.640625 	 433.012817 
305 	 41.678688 	 283.323761 	 288.309479 	 3.105480 	 98655.281250 	 459.005981 
306 	 41.678688 	 283.323761 	 287.623077 	 2.868159 	 99062.718750 	 440.390778 
307 	 41.678688 	 283.323761 	 283.520142 	 2.937866 	 99539.531250 	 403.137146 
308 	 41.678688 	 283.323761 	 287.283447 	 4.584478 	 98751.156250 	 424.129547 
309 	 41.678688 	 283.323761 	 280.870544 	 3.206552 	 98132.187500 	 387.267151 
310 	 41.678688 	 283.323761 	 277.004211 	 3.199394 	 98783.187500 	 390.890808 
311 	 41.678688 	 283.323761 	 275.774841 	 2.926884 	 99251.992188 	 350.307312 
312 	 41.678688 	 283.323761 	 279.326477 	 3.062916 	 98665.546875 	 361.919373 
313 	 41.678688 	 283.323761 	 281.515625 	 2.892253 	 98297.953125 	 400.826111 
314 	 41.678688 	 283.323761 	 279.352325 	 1.652364 	 99426.648438 	 388.856689 
315 	 41.678688 	 283.323761 	 283.256256 	 4.704188 	 98933.976562 	 370.770721 
316 	 41.678688 	 283.323761 	 277.338257 	 1.966513 	 99645.078125 	 369.694916 
317 	 41.678688 	 283.323761 	 279.809235 	 4.175054 	 99720.031250 	 364.785461 
318 	 41.678688 	 283.323761 	 289.985321 	 5.060713 	 98662.523438 	 421.092987 
319 	 41.678688 	 283.323761 	 288.435242 	 3.129433 	 97762.851562 	 405.718536 
320 	 41.678688 	 283.323761 	 277.961304 	 4.523239 	 97340.851562 	 342.291016 
321 	 41.678688 	 283.323761 	 277.990814 	 2.654181 	 98838.703125 	 339.267761 
322 	 41.678688 	 283.323761 	 279.003265 	 1.918868 	 99320.773438 	 370.528412 
323 	 41.678688 	 283.323761 	 279.239868 	 3.241841 	 98046.351562 	 369.543304 
324 	 41.678688 	 283.323761 	 276.637573 	 4.635208 	 96319.976562 	 380.298676 
325 	 41.678688 	 283.323761 	 272.065857 	 4.095225 	 97556.289062 	 352.938538 
326 	 41.678688 	 283.323761 	 271.260162 	 4.603490 	 98136.507812 	 334.947083 
327 	 41.678688 	 283.323761 	 269.348602 	 3.571988 	 98950.640625 	 333.852905 
328 	 41.678688 	 283.323761 	 269.865082 	 4.428061 	 98450.968750 	 329.075409 
329 	 41.678688 	 283.323761 	 269.527374 	 4.162677 	 98531.148438 	 358.826843 
330 	 41.678688 	 283.323761 	 267.601959 	 1.782353 	 99741.750000 	 300.453918 
331 	 41.678688 	 283.323761 	 274.848785 	 4.350209 	 99447.937500 	 345.785828 
332 	 41.678688 	 283.323761 	 284.919128 	 4.829728 	 98370.148438 	 382.604980 
333 	 41.678688 	 283.323761 	 275.818146 	 3.372618 	 97603.843750 	 363.051117 
334 	 41.678688 	 283.323761 	 273.384979 	 3.423906 	 98048.539062 	 336.447205 
335 	 41.678688 	 283.323761 	 273.760925 	 3.646331 	 97922.203125 	 343.988892 
336 	 41.678688 	 283.323761 	 273.065796 	 2.777944 	 98394.460938 	 329.225555 
337 	 41.678688 	 283.323761 	 275.095825 	 3.822440 	 98555.070312 	 331.283020 
338 	 41.678688 	 283.323761 	 272.772003 	 1.820240 	 99686.078125 	 346.021912 
339 	 41.678688 	 283.323761 	 275.801453 	 4.208366 	 99143.476562 	 336.010742 
340 	 41.678688 	 283.323761 	 270.527405 	 3.691279 	 99280.406250 	 356.192352 
341 	 41.678688 	 283.323761 	 267.278229 	 2.444711 	 99865.148438 	 329.299072 
342 	 41.678688 	 283.323761 	 268.725098 	 1.647117 	 100534.296875 	 324.490814 
343 	 41.678688 	 283.323761 	 272.370819 	 1.427336 	 100332.296875 	 334.518829 
344 	 41.678688 	 283.323761 	 278.522888 	 2.989281 	 99269.703125 	 394.608765 
345 	 41.678688 	 283.323761 	 277.577454 	 2.628135 	 99032.937500 	 350.599060 
346 	 41.678688 	 283.323761 	 278.068573 	 3.198581 	 98642.390625 	 371.160645 
347 	 41.678688 	 283.323761 	 272.907959 	 1.802001 	 99378.398438 	 339.082092 
348 	 41.678688 	 283.323761 	 271.594849 	 0.916323 	 99791.757812 	 340.550476 
349 	 41.678688 	 283.323761 	 273.073059 	 1.255826 	 100240.898438 	 329.663544 
350 	 41.678688 	 283.323761 	 276.509857 	 3.483264 	 100333.601562 	 345.749054 
351 	 41.678688 	 283.323761 	 282.533234 	 3.243974 	 99954.257812 	 396.735016 
352 	 41.678688 	 283.323761 	 284.246155 	 2.442629 	 99990.218750 	 380.279663 
353 	 41.678688 	 283.323761 	 284.548737 	 2.680512 	 99999.046875 	 388.527161 
354 	 41.678688 	 283.323761 	 285.917542 	 3.030450 	 99775.671875 	 396.824493 
355 	 41.678688 	 283.323761 	 286.794800 	 4.028332 	 99196.906250 	 399.490509 
356 	 41.678688 	 283.323761 	 283.898682 	 3.395962 	 97822.953125 	 388.924530 
357 	 41.678688 	 283.323761 	 280.290314 	 2.630166 	 98141.406250 	 401.947815 
358 	 41.678688 	 283.323761 	 279.625244 	 2.772345 	 98735.781250 	 367.516937 
359 	 41.678688 	 283.323761 	 276.819305 	 3.394935 	 97217.453125 	 370.407654 
360 	 41.678688 	 283.323761 	 273.052155 	 4.117776 	 96977.093750 	 328.210052 
361 	 41.678688 	 283.323761 	 271.101685 	 3.841644 	 97238.070312 	 288.315308 
362 	 41.678688 	 283.323761 	 270.644836 	 4.236986 	 98201.382812 	 314.773712 
363 	 41.678688 	 283.323761 	 270.797119 	 3.091016 	 98383.710938 	 332.773132 
364 	 41.678688 	 283.323761 	 273.845642 	 2.468413 	 98345.273438 	 336.346313 
