# 0: Day of Year [-] 	 1: lat [deg] 	 2: lon [deg] 	 3: tas [K] 	 4: sfcWind [m s-1] 	 5: ps [Pa] 	 6: Total Downwelling Rad Flux [W m-2] 
0 	 41.678688 	 283.323761 	 270.618195 	 2.039603 	 99443.890625 	 323.048431 
1 	 41.678688 	 283.323761 	 269.200500 	 1.661813 	 100390.203125 	 321.888428 
2 	 41.678688 	 283.323761 	 274.283142 	 4.331938 	 100258.296875 	 324.593079 
3 	 41.678688 	 283.323761 	 281.420563 	 4.940571 	 99122.148438 	 362.855652 
4 	 41.678688 	 283.323761 	 281.162476 	 4.624413 	 97888.750000 	 353.660065 
5 	 41.678688 	 283.323761 	 271.766083 	 3.762373 	 97958.820312 	 352.665955 
6 	 41.678688 	 283.323761 	 271.157349 	 2.005773 	 98182.140625 	 317.032196 
7 	 41.678688 	 283.323761 	 273.271149 	 1.793560 	 96741.187500 	 333.353424 
8 	 41.678688 	 283.323761 	 268.927032 	 3.730068 	 97315.101562 	 338.552368 
9 	 41.678688 	 283.323761 	 269.532959 	 3.719886 	 98002.359375 	 344.894653 
10 	 41.678688 	 283.323761 	 267.166901 	 2.811988 	 97723.820312 	 307.083252 
11 	 41.678688 	 283.323761 	 271.766693 	 2.941293 	 96601.296875 	 343.383972 
12 	 41.678688 	 283.323761 	 269.138458 	 4.023108 	 96827.218750 	 345.042725 
13 	 41.678688 	 283.323761 	 270.280273 	 3.648708 	 97773.062500 	 307.511475 
14 	 41.678688 	 283.323761 	 275.075897 	 3.489389 	 97839.851562 	 366.675812 
15 	 41.678688 	 283.323761 	 267.179688 	 1.791454 	 99635.406250 	 312.636719 
16 	 41.678688 	 283.323761 	 272.608612 	 4.448152 	 99746.132812 	 346.426147 
17 	 41.678688 	 283.323761 	 278.249146 	 3.657082 	 98923.523438 	 344.751526 
18 	 41.678688 	 283.323761 	 274.139679 	 3.340892 	 98556.000000 	 366.161346 
19 	 41.678688 	 283.323761 	 270.561035 	 2.862506 	 98275.226562 	 336.491211 
20 	 41.678688 	 283.323761 	 273.309113 	 4.122928 	 97932.179688 	 351.124359 
21 	 41.678688 	 283.323761 	 269.108795 	 1.851169 	 99115.851562 	 333.927612 
22 	 41.678688 	 283.323761 	 274.318146 	 3.049565 	 98865.812500 	 334.087708 
23 	 41.678688 	 283.323761 	 273.841370 	 1.810718 	 98380.843750 	 380.253815 
24 	 41.678688 	 283.323761 	 273.312042 	 2.937435 	 97815.203125 	 348.452515 
25 	 41.678688 	 283.323761 	 270.637756 	 2.362642 	 98496.609375 	 343.023010 
26 	 41.678688 	 283.323761 	 272.377838 	 3.209397 	 98994.648438 	 324.719604 
27 	 41.678688 	 283.323761 	 277.313812 	 2.834252 	 98036.492188 	 391.572296 
28 	 41.678688 	 283.323761 	 275.634766 	 2.579315 	 97927.273438 	 327.117462 
29 	 41.678688 	 283.323761 	 277.954620 	 5.029044 	 97215.953125 	 346.515564 
30 	 41.678688 	 283.323761 	 274.661835 	 2.712907 	 98001.539062 	 411.689331 
31 	 41.678688 	 283.323761 	 276.624725 	 3.090865 	 97956.867188 	 391.005066 
32 	 41.678688 	 283.323761 	 273.417786 	 1.791218 	 98452.992188 	 326.561951 
33 	 41.678688 	 283.323761 	 274.441650 	 1.927884 	 97598.523438 	 352.715454 
34 	 41.678688 	 283.323761 	 271.006226 	 4.464895 	 97201.492188 	 394.943054 
35 	 41.678688 	 283.323761 	 269.262421 	 3.175467 	 98410.007812 	 355.589844 
36 	 41.678688 	 283.323761 	 275.793427 	 2.907343 	 98149.906250 	 405.467285 
37 	 41.678688 	 283.323761 	 270.839355 	 2.743412 	 98780.289062 	 396.553589 
38 	 41.678688 	 283.323761 	 268.781281 	 1.365078 	 99198.523438 	 316.619629 
39 	 41.678688 	 283.323761 	 272.935486 	 2.710465 	 98893.046875 	 361.610718 
40 	 41.678688 	 283.323761 	 272.186066 	 1.271822 	 99303.593750 	 413.488831 
41 	 41.678688 	 283.323761 	 272.046173 	 1.674794 	 99104.851562 	 322.142700 
42 	 41.678688 	 283.323761 	 272.450714 	 3.856576 	 98596.773438 	 371.179108 
43 	 41.678688 	 283.323761 	 273.132263 	 2.812550 	 97509.250000 	 377.500031 
44 	 41.678688 	 283.323761 	 271.541809 	 2.233425 	 97290.156250 	 343.831543 
45 	 41.678688 	 283.323761 	 273.083038 	 2.925335 	 97251.968750 	 406.090637 
46 	 41.678688 	 283.323761 	 273.639496 	 2.137432 	 97526.242188 	 360.427338 
47 	 41.678688 	 283.323761 	 277.992645 	 3.250212 	 96898.953125 	 339.998535 
48 	 41.678688 	 283.323761 	 272.864960 	 5.026522 	 95244.703125 	 368.559814 
49 	 41.678688 	 283.323761 	 269.841614 	 5.047194 	 96455.898438 	 388.716675 
50 	 41.678688 	 283.323761 	 269.559387 	 3.446321 	 97641.390625 	 393.311890 
51 	 41.678688 	 283.323761 	 269.852814 	 3.463169 	 98489.750000 	 383.272308 
52 	 41.678688 	 283.323761 	 270.731476 	 4.399881 	 99045.093750 	 396.295074 
53 	 41.678688 	 283.323761 	 271.627838 	 3.888377 	 98996.632812 	 403.767242 
54 	 41.678688 	 283.323761 	 273.816833 	 1.847387 	 98817.289062 	 356.625793 
55 	 41.678688 	 283.323761 	 277.072845 	 1.328754 	 99259.109375 	 444.976440 
56 	 41.678688 	 283.323761 	 279.993927 	 1.355444 	 98657.703125 	 415.539734 
57 	 41.678688 	 283.323761 	 277.247131 	 3.846333 	 97171.343750 	 347.591370 
58 	 41.678688 	 283.323761 	 264.255768 	 5.755569 	 97598.453125 	 402.621643 
59 	 41.678688 	 283.323761 	 269.341919 	 2.696266 	 98804.226562 	 402.425476 
60 	 41.678688 	 283.323761 	 275.460693 	 3.032298 	 98605.328125 	 379.523987 
61 	 41.678688 	 283.323761 	 273.541168 	 3.044094 	 98265.601562 	 377.429077 
62 	 41.678688 	 283.323761 	 268.658203 	 5.537575 	 98003.960938 	 424.870239 
63 	 41.678688 	 283.323761 	 269.533356 	 2.128038 	 99424.070312 	 413.521606 
64 	 41.678688 	 283.323761 	 271.837097 	 1.546103 	 99877.046875 	 427.386047 
65 	 41.678688 	 283.323761 	 273.230316 	 1.040446 	 99910.343750 	 433.591278 
66 	 41.678688 	 283.323761 	 273.632263 	 0.818282 	 99762.117188 	 446.689270 
67 	 41.678688 	 283.323761 	 276.041168 	 2.179924 	 99658.718750 	 449.187531 
68 	 41.678688 	 283.323761 	 280.614136 	 3.563074 	 99684.500000 	 368.338837 
69 	 41.678688 	 283.323761 	 280.640991 	 3.322114 	 99830.187500 	 370.052063 
70 	 41.678688 	 283.323761 	 283.265778 	 3.840621 	 99766.390625 	 441.078278 
71 	 41.678688 	 283.323761 	 284.509583 	 4.701196 	 99400.359375 	 427.920105 
72 	 41.678688 	 283.323761 	 286.835663 	 4.590199 	 98793.476562 	 420.773407 
73 	 41.678688 	 283.323761 	 282.875092 	 4.022543 	 98353.406250 	 467.908997 
74 	 41.678688 	 283.323761 	 278.654724 	 1.667334 	 99158.062500 	 500.639709 
75 	 41.678688 	 283.323761 	 279.562500 	 2.898865 	 99220.382812 	 400.495361 
76 	 41.678688 	 283.323761 	 286.792633 	 5.151519 	 98454.328125 	 442.938507 
77 	 41.678688 	 283.323761 	 287.999786 	 4.097321 	 97554.382812 	 434.089325 
78 	 41.678688 	 283.323761 	 281.799225 	 3.812397 	 97563.328125 	 530.138000 
79 	 41.678688 	 283.323761 	 277.206482 	 1.200152 	 98586.492188 	 399.026001 
80 	 41.678688 	 283.323761 	 280.132996 	 3.833426 	 98210.562500 	 426.164398 
81 	 41.678688 	 283.323761 	 280.300415 	 2.631324 	 98532.187500 	 504.963928 
82 	 41.678688 	 283.323761 	 281.178131 	 2.264612 	 99384.351562 	 507.172729 
83 	 41.678688 	 283.323761 	 288.897827 	 4.093264 	 98973.757812 	 516.226013 
84 	 41.678688 	 283.323761 	 289.505585 	 4.908945 	 98725.953125 	 458.040405 
85 	 41.678688 	 283.323761 	 283.422119 	 2.973464 	 98834.156250 	 505.300476 
86 	 41.678688 	 283.323761 	 276.223389 	 1.492100 	 99177.906250 	 423.210480 
87 	 41.678688 	 283.323761 	 276.031403 	 1.240749 	 99662.453125 	 499.421997 
88 	 41.678688 	 283.323761 	 279.906311 	 1.971964 	 99839.187500 	 494.597900 
89 	 41.678688 	 283.323761 	 285.072174 	 4.942974 	 98964.632812 	 444.392822 
90 	 41.678688 	 283.323761 	 288.398102 	 3.752367 	 98043.453125 	 421.486267 
91 	 41.678688 	 283.323761 	 279.352783 	 4.251644 	 97922.406250 	 434.109863 
92 	 41.678688 	 283.323761 	 273.550476 	 2.720320 	 98895.156250 	 409.821899 
93 	 41.678688 	 283.323761 	 272.819336 	 4.218714 	 97978.039062 	 380.890625 
94 	 41.678688 	 283.323761 	 272.878143 	 4.969343 	 97694.023438 	 494.975433 
95 	 41.678688 	 283.323761 	 274.914154 	 1.061058 	 98041.148438 	 383.637482 
96 	 41.678688 	 283.323761 	 276.724670 	 1.435235 	 98564.710938 	 485.202942 
97 	 41.678688 	 283.323761 	 288.404053 	 4.699315 	 97928.656250 	 550.405029 
98 	 41.678688 	 283.323761 	 291.291138 	 5.411552 	 97836.390625 	 549.789795 
99 	 41.678688 	 283.323761 	 290.133362 	 3.803208 	 97743.929688 	 581.016602 
100 	 41.678688 	 283.323761 	 283.830811 	 4.269105 	 97645.078125 	 442.006409 
101 	 41.678688 	 283.323761 	 283.102325 	 4.088665 	 97887.343750 	 589.970215 
102 	 41.678688 	 283.323761 	 287.086060 	 3.033864 	 97887.757812 	 554.647095 
103 	 41.678688 	 283.323761 	 285.447906 	 4.027953 	 97246.046875 	 564.936768 
104 	 41.678688 	 283.323761 	 278.637787 	 4.612987 	 97872.531250 	 551.218506 
105 	 41.678688 	 283.323761 	 281.658325 	 2.601315 	 98416.351562 	 587.612671 
106 	 41.678688 	 283.323761 	 288.171356 	 3.704741 	 98281.281250 	 591.311890 
107 	 41.678688 	 283.323761 	 288.782745 	 5.790424 	 96372.148438 	 508.343140 
108 	 41.678688 	 283.323761 	 278.524475 	 5.417412 	 96792.257812 	 572.978638 
109 	 41.678688 	 283.323761 	 281.677551 	 3.309042 	 97636.937500 	 562.960449 
110 	 41.678688 	 283.323761 	 280.628143 	 2.400796 	 97939.781250 	 424.280029 
111 	 41.678688 	 283.323761 	 282.056061 	 2.591218 	 96788.601562 	 386.093506 
112 	 41.678688 	 283.323761 	 277.416016 	 3.270954 	 96867.007812 	 375.382568 
113 	 41.678688 	 283.323761 	 278.423279 	 3.185336 	 97969.453125 	 553.890259 
114 	 41.678688 	 283.323761 	 279.481750 	 2.248403 	 98272.812500 	 509.394928 
115 	 41.678688 	 283.323761 	 280.857971 	 1.730789 	 98416.820312 	 540.308350 
116 	 41.678688 	 283.323761 	 281.249146 	 1.767412 	 98217.203125 	 482.703491 
117 	 41.678688 	 283.323761 	 277.128357 	 4.974266 	 98106.226562 	 538.316223 
118 	 41.678688 	 283.323761 	 278.356293 	 2.391376 	 98946.257812 	 527.564331 
119 	 41.678688 	 283.323761 	 286.889923 	 4.722221 	 97985.101562 	 609.686646 
120 	 41.678688 	 283.323761 	 286.202423 	 2.828959 	 97865.773438 	 591.750305 
121 	 41.678688 	 283.323761 	 282.561920 	 1.686124 	 98676.796875 	 562.385498 
122 	 41.678688 	 283.323761 	 283.133148 	 3.581157 	 98626.546875 	 399.828217 
123 	 41.678688 	 283.323761 	 284.055908 	 2.154812 	 98689.210938 	 497.675446 
124 	 41.678688 	 283.323761 	 288.437927 	 0.868083 	 98322.562500 	 576.188782 
125 	 41.678688 	 283.323761 	 292.506531 	 1.079866 	 98410.031250 	 654.506226 
126 	 41.678688 	 283.323761 	 293.817017 	 2.482636 	 98913.406250 	 661.526123 
127 	 41.678688 	 283.323761 	 292.458984 	 4.231814 	 99057.382812 	 532.724243 
128 	 41.678688 	 283.323761 	 289.729187 	 2.980930 	 98443.460938 	 644.179688 
129 	 41.678688 	 283.323761 	 286.203613 	 2.986173 	 98193.000000 	 546.880493 
130 	 41.678688 	 283.323761 	 285.566315 	 2.754825 	 98156.046875 	 598.725037 
131 	 41.678688 	 283.323761 	 289.360962 	 2.595973 	 98276.851562 	 654.805786 
132 	 41.678688 	 283.323761 	 290.707458 	 3.128442 	 97879.171875 	 630.717285 
133 	 41.678688 	 283.323761 	 290.387512 	 1.686606 	 98730.453125 	 652.511719 
134 	 41.678688 	 283.323761 	 298.034882 	 3.761923 	 98230.703125 	 690.229614 
135 	 41.678688 	 283.323761 	 291.046967 	 3.238366 	 98674.953125 	 669.749390 
136 	 41.678688 	 283.323761 	 288.146271 	 1.637412 	 99364.328125 	 635.442627 
137 	 41.678688 	 283.323761 	 290.886536 	 3.284309 	 98393.109375 	 670.840149 
138 	 41.678688 	 283.323761 	 285.454651 	 2.339008 	 98687.750000 	 455.208862 
139 	 41.678688 	 283.323761 	 292.096954 	 4.838326 	 97600.382812 	 559.707764 
140 	 41.678688 	 283.323761 	 285.229004 	 3.185150 	 98993.062500 	 647.918152 
141 	 41.678688 	 283.323761 	 288.100372 	 1.761743 	 99396.828125 	 635.535583 
142 	 41.678688 	 283.323761 	 290.623840 	 3.274627 	 99112.976562 	 613.572632 
143 	 41.678688 	 283.323761 	 295.495056 	 3.173951 	 98927.351562 	 700.524658 
144 	 41.678688 	 283.323761 	 295.139709 	 2.766831 	 99143.140625 	 602.411011 
145 	 41.678688 	 283.323761 	 297.674988 	 4.062023 	 98594.148438 	 709.722778 
146 	 41.678688 	 283.323761 	 297.136017 	 3.668014 	 98026.328125 	 650.533691 
147 	 41.678688 	 283.323761 	 293.965729 	 4.157191 	 97648.796875 	 520.713135 
148 	 41.678688 	 283.323761 	 288.084503 	 3.885153 	 97994.226562 	 548.712646 
149 	 41.678688 	 283.323761 	 287.988678 	 2.234749 	 99036.703125 	 652.362549 
150 	 41.678688 	 283.323761 	 290.082520 	 3.811162 	 98715.593750 	 549.174744 
151 	 41.678688 	 283.323761 	 291.028412 	 3.880612 	 97909.312500 	 512.881226 
152 	 41.678688 	 283.323761 	 289.252777 	 2.610264 	 97934.953125 	 458.671509 
153 	 41.678688 	 283.323761 	 289.314178 	 3.206432 	 98226.601562 	 656.429504 
154 	 41.678688 	 283.323761 	 290.886261 	 1.387265 	 98656.656250 	 668.117920 
155 	 41.678688 	 283.323761 	 294.603058 	 0.708445 	 98936.906250 	 695.939209 
156 	 41.678688 	 283.323761 	 295.525024 	 1.302868 	 98718.828125 	 697.740234 
157 	 41.678688 	 283.323761 	 297.314606 	 2.311517 	 98556.156250 	 688.001953 
158 	 41.678688 	 283.323761 	 296.654602 	 1.571844 	 98822.218750 	 691.251709 
159 	 41.678688 	 283.323761 	 297.392029 	 2.013534 	 98788.460938 	 715.939819 
160 	 41.678688 	 283.323761 	 296.307312 	 2.880197 	 98640.117188 	 683.960876 
161 	 41.678688 	 283.323761 	 295.808899 	 2.716012 	 98650.796875 	 661.143738 
162 	 41.678688 	 283.323761 	 297.483398 	 4.314630 	 98211.906250 	 700.547241 
163 	 41.678688 	 283.323761 	 292.589661 	 2.296524 	 98969.937500 	 526.567139 
164 	 41.678688 	 283.323761 	 295.858917 	 3.603170 	 98930.671875 	 680.834290 
165 	 41.678688 	 283.323761 	 298.349243 	 3.425483 	 98445.671875 	 723.780884 
166 	 41.678688 	 283.323761 	 298.335693 	 2.852013 	 98072.726562 	 715.898499 
167 	 41.678688 	 283.323761 	 295.745575 	 1.413334 	 98488.000000 	 695.060486 
168 	 41.678688 	 283.323761 	 298.813904 	 4.989840 	 98070.359375 	 707.855469 
169 	 41.678688 	 283.323761 	 297.492584 	 3.595840 	 97665.648438 	 662.184509 
170 	 41.678688 	 283.323761 	 288.015442 	 5.888341 	 98316.500000 	 701.519043 
171 	 41.678688 	 283.323761 	 289.400848 	 1.544501 	 99112.203125 	 662.838928 
172 	 41.678688 	 283.323761 	 292.425354 	 1.510109 	 98871.289062 	 683.368347 
173 	 41.678688 	 283.323761 	 296.403687 	 3.045744 	 98426.867188 	 700.249268 
174 	 41.678688 	 283.323761 	 292.919525 	 3.771351 	 98251.656250 	 569.678589 
175 	 41.678688 	 283.323761 	 288.058105 	 3.991593 	 98481.210938 	 642.507202 
176 	 41.678688 	 283.323761 	 288.318939 	 1.665064 	 98714.156250 	 635.651611 
177 	 41.678688 	 283.323761 	 292.833282 	 3.686018 	 98878.429688 	 695.380981 
178 	 41.678688 	 283.323761 	 296.685974 	 5.013931 	 98841.906250 	 689.842407 
179 	 41.678688 	 283.323761 	 294.525208 	 2.103331 	 99183.976562 	 678.283752 
180 	 41.678688 	 283.323761 	 298.033600 	 3.662681 	 99046.617188 	 709.411743 
181 	 41.678688 	 283.323761 	 298.396576 	 3.558615 	 98575.023438 	 729.215576 
182 	 41.678688 	 283.323761 	 293.090332 	 1.173919 	 98833.359375 	 661.477417 
183 	 41.678688 	 283.323761 	 294.597229 	 2.599967 	 98675.562500 	 578.328125 
184 	 41.678688 	 283.323761 	 296.170776 	 1.936216 	 98515.742188 	 614.461792 
185 	 41.678688 	 283.323761 	 293.931274 	 2.438759 	 98429.390625 	 686.111084 
186 	 41.678688 	 283.323761 	 291.225677 	 2.538726 	 98691.890625 	 678.536987 
187 	 41.678688 	 283.323761 	 291.366882 	 1.410952 	 99102.156250 	 648.963623 
188 	 41.678688 	 283.323761 	 295.820282 	 4.193780 	 98926.351562 	 622.474854 
189 	 41.678688 	 283.323761 	 296.793549 	 5.329395 	 98243.898438 	 690.108215 
190 	 41.678688 	 283.323761 	 296.147095 	 1.996648 	 98541.773438 	 697.730469 
191 	 41.678688 	 283.323761 	 293.392059 	 3.106441 	 98180.906250 	 637.285767 
192 	 41.678688 	 283.323761 	 292.558350 	 2.223040 	 98672.046875 	 683.209839 
193 	 41.678688 	 283.323761 	 295.312561 	 0.948495 	 98783.687500 	 684.102295 
194 	 41.678688 	 283.323761 	 296.717621 	 0.874196 	 98842.546875 	 701.282898 
195 	 41.678688 	 283.323761 	 296.542114 	 2.141671 	 98896.203125 	 622.413452 
196 	 41.678688 	 283.323761 	 295.171295 	 3.746741 	 98800.632812 	 559.624023 
197 	 41.678688 	 283.323761 	 298.403992 	 2.915550 	 98189.132812 	 727.063293 
198 	 41.678688 	 283.323761 	 297.390289 	 1.344072 	 98328.210938 	 694.192017 
199 	 41.678688 	 283.323761 	 299.756683 	 2.027323 	 98119.671875 	 710.075439 
200 	 41.678688 	 283.323761 	 299.997681 	 1.797768 	 98123.296875 	 691.446228 
201 	 41.678688 	 283.323761 	 297.680389 	 1.519628 	 98534.703125 	 653.307861 
202 	 41.678688 	 283.323761 	 299.184906 	 2.549793 	 98505.601562 	 673.723633 
203 	 41.678688 	 283.323761 	 299.319946 	 2.553555 	 98368.562500 	 697.778687 
204 	 41.678688 	 283.323761 	 297.091461 	 2.268466 	 98314.570312 	 679.430542 
205 	 41.678688 	 283.323761 	 292.469452 	 2.772949 	 98672.710938 	 677.330811 
206 	 41.678688 	 283.323761 	 291.642792 	 1.589864 	 99467.617188 	 665.359070 
207 	 41.678688 	 283.323761 	 292.816345 	 2.688681 	 99269.523438 	 635.737427 
208 	 41.678688 	 283.323761 	 295.011871 	 2.649623 	 98913.898438 	 599.226013 
209 	 41.678688 	 283.323761 	 294.914307 	 1.471476 	 98892.093750 	 650.164185 
210 	 41.678688 	 283.323761 	 293.396942 	 1.327514 	 99109.781250 	 671.081604 
211 	 41.678688 	 283.323761 	 297.365448 	 1.823337 	 98898.531250 	 669.600891 
212 	 41.678688 	 283.323761 	 298.200043 	 2.835572 	 98428.609375 	 673.055481 
213 	 41.678688 	 283.323761 	 296.602386 	 1.891507 	 98686.210938 	 695.048828 
214 	 41.678688 	 283.323761 	 298.492645 	 1.252656 	 98776.226562 	 681.605591 
215 	 41.678688 	 283.323761 	 300.517456 	 2.465432 	 98306.226562 	 691.663818 
216 	 41.678688 	 283.323761 	 297.295807 	 1.031578 	 98417.843750 	 653.566406 
217 	 41.678688 	 283.323761 	 300.168304 	 1.488564 	 98506.070312 	 611.723145 
218 	 41.678688 	 283.323761 	 299.917267 	 2.667661 	 98671.101562 	 649.318542 
219 	 41.678688 	 283.323761 	 297.470703 	 2.456167 	 98868.640625 	 551.867859 
220 	 41.678688 	 283.323761 	 295.091278 	 1.684224 	 98816.070312 	 641.223083 
221 	 41.678688 	 283.323761 	 296.489471 	 2.826054 	 98262.562500 	 583.671265 
222 	 41.678688 	 283.323761 	 299.270233 	 3.017462 	 97726.226562 	 706.338257 
223 	 41.678688 	 283.323761 	 294.739441 	 2.108311 	 97964.976562 	 665.596008 
224 	 41.678688 	 283.323761 	 295.493683 	 3.454208 	 97690.718750 	 674.358276 
225 	 41.678688 	 283.323761 	 291.808716 	 3.057045 	 98175.187500 	 614.872498 
226 	 41.678688 	 283.323761 	 291.671844 	 2.126093 	 98923.453125 	 620.358704 
227 	 41.678688 	 283.323761 	 290.804718 	 1.343917 	 99336.476562 	 636.893066 
228 	 41.678688 	 283.323761 	 292.909302 	 2.008481 	 99401.406250 	 630.347778 
229 	 41.678688 	 283.323761 	 297.723114 	 5.641658 	 98846.757812 	 660.530151 
230 	 41.678688 	 283.323761 	 296.607788 	 4.127469 	 98293.546875 	 631.953857 
231 	 41.678688 	 283.323761 	 290.126709 	 4.342310 	 98571.000000 	 639.848145 
232 	 41.678688 	 283.323761 	 290.274841 	 3.381791 	 98904.843750 	 625.324829 
233 	 41.678688 	 283.323761 	 291.389740 	 1.192343 	 99249.890625 	 625.906128 
234 	 41.678688 	 283.323761 	 294.916962 	 4.217481 	 98945.703125 	 594.185913 
235 	 41.678688 	 283.323761 	 296.244812 	 3.602678 	 98028.226562 	 640.410095 
236 	 41.678688 	 283.323761 	 295.575378 	 2.554079 	 97736.882812 	 628.133972 
237 	 41.678688 	 283.323761 	 290.057770 	 2.820621 	 97833.656250 	 529.167725 
238 	 41.678688 	 283.323761 	 289.629181 	 2.296990 	 98585.390625 	 603.438049 
239 	 41.678688 	 283.323761 	 289.107910 	 0.773320 	 98966.867188 	 605.600586 
240 	 41.678688 	 283.323761 	 292.693665 	 2.925460 	 98930.210938 	 604.914856 
241 	 41.678688 	 283.323761 	 293.878357 	 3.685704 	 98454.257812 	 527.124023 
242 	 41.678688 	 283.323761 	 292.065460 	 2.117584 	 99067.257812 	 641.777893 
243 	 41.678688 	 283.323761 	 292.213867 	 0.962110 	 98721.406250 	 616.685425 
244 	 41.678688 	 283.323761 	 293.145264 	 2.485882 	 98030.437500 	 468.775879 
245 	 41.678688 	 283.323761 	 287.204254 	 4.051149 	 98381.960938 	 558.802979 
246 	 41.678688 	 283.323761 	 283.558289 	 1.521383 	 99594.570312 	 559.438721 
247 	 41.678688 	 283.323761 	 288.177338 	 4.767160 	 99243.546875 	 572.658264 
248 	 41.678688 	 283.323761 	 293.447845 	 3.668025 	 98520.187500 	 490.133850 
249 	 41.678688 	 283.323761 	 291.165009 	 2.007511 	 98826.960938 	 591.355591 
250 	 41.678688 	 283.323761 	 290.887756 	 1.206986 	 99256.773438 	 546.058655 
251 	 41.678688 	 283.323761 	 294.768219 	 3.311015 	 99021.773438 	 608.517761 
252 	 41.678688 	 283.323761 	 292.178101 	 3.659845 	 98760.039062 	 607.348145 
253 	 41.678688 	 283.323761 	 286.077118 	 1.170102 	 99041.976562 	 548.414246 
254 	 41.678688 	 283.323761 	 288.697815 	 2.279617 	 98308.242188 	 503.791016 
255 	 41.678688 	 283.323761 	 284.429352 	 2.887460 	 97999.781250 	 478.367157 
256 	 41.678688 	 283.323761 	 281.083160 	 1.966770 	 98448.203125 	 500.483582 
257 	 41.678688 	 283.323761 	 282.551361 	 1.768950 	 98984.367188 	 512.298218 
258 	 41.678688 	 283.323761 	 283.481323 	 0.967709 	 99560.343750 	 541.589478 
259 	 41.678688 	 283.323761 	 284.347870 	 1.555422 	 99348.382812 	 545.526733 
260 	 41.678688 	 283.323761 	 283.567108 	 1.831302 	 99065.656250 	 525.759155 
261 	 41.678688 	 283.323761 	 282.902008 	 1.067942 	 99496.570312 	 522.162781 
262 	 41.678688 	 283.323761 	 290.802002 	 3.059224 	 99128.843750 	 519.106995 
263 	 41.678688 	 283.323761 	 294.052063 	 1.376088 	 99083.156250 	 559.963257 
264 	 41.678688 	 283.323761 	 296.664185 	 3.264069 	 98211.242188 	 580.151794 
265 	 41.678688 	 283.323761 	 291.221893 	 1.428874 	 98933.140625 	 546.549988 
266 	 41.678688 	 283.323761 	 291.716125 	 2.842422 	 99490.023438 	 513.398315 
267 	 41.678688 	 283.323761 	 293.321777 	 3.546526 	 99281.210938 	 465.229218 
268 	 41.678688 	 283.323761 	 293.073059 	 3.249048 	 98876.710938 	 560.371948 
269 	 41.678688 	 283.323761 	 293.220947 	 4.024326 	 98140.523438 	 563.879944 
270 	 41.678688 	 283.323761 	 285.852966 	 2.840624 	 98111.203125 	 475.389130 
271 	 41.678688 	 283.323761 	 283.121948 	 3.066531 	 98863.343750 	 476.746765 
272 	 41.678688 	 283.323761 	 278.572083 	 2.005950 	 100158.898438 	 404.385223 
273 	 41.678688 	 283.323761 	 289.608673 	 4.797612 	 99433.046875 	 536.415955 
274 	 41.678688 	 283.323761 	 290.691254 	 2.988036 	 99185.093750 	 494.393372 
275 	 41.678688 	 283.323761 	 281.527496 	 2.566325 	 100202.101562 	 371.719788 
276 	 41.678688 	 283.323761 	 286.610382 	 4.036056 	 99918.929688 	 444.872742 
277 	 41.678688 	 283.323761 	 292.195068 	 3.139366 	 98799.656250 	 481.067932 
278 	 41.678688 	 283.323761 	 285.304840 	 2.738027 	 98857.460938 	 400.416168 
279 	 41.678688 	 283.323761 	 279.569458 	 3.609439 	 99351.781250 	 455.131104 
280 	 41.678688 	 283.323761 	 277.115051 	 2.320436 	 100187.000000 	 456.101013 
281 	 41.678688 	 283.323761 	 277.048981 	 1.306851 	 100827.398438 	 459.494110 
282 	 41.678688 	 283.323761 	 280.022827 	 1.217025 	 100981.101562 	 412.325836 
283 	 41.678688 	 283.323761 	 283.715973 	 2.562924 	 100730.203125 	 453.874542 
284 	 41.678688 	 283.323761 	 286.868958 	 4.080223 	 99848.062500 	 444.569580 
285 	 41.678688 	 283.323761 	 287.575897 	 2.834380 	 98639.218750 	 461.684692 
286 	 41.678688 	 283.323761 	 281.421234 	 2.741225 	 98409.882812 	 399.038971 
287 	 41.678688 	 283.323761 	 280.547821 	 2.639056 	 98764.460938 	 459.628143 
288 	 41.678688 	 283.323761 	 277.214783 	 2.381406 	 99743.453125 	 429.215363 
289 	 41.678688 	 283.323761 	 275.338776 	 1.559797 	 100430.296875 	 426.092773 
290 	 41.678688 	 283.323761 	 281.021240 	 3.505166 	 100173.703125 	 438.486206 
291 	 41.678688 	 283.323761 	 285.159851 	 2.676070 	 99683.429688 	 480.035278 
292 	 41.678688 	 283.323761 	 286.068481 	 1.733446 	 99298.492188 	 463.003632 
293 	 41.678688 	 283.323761 	 288.094269 	 2.137702 	 98916.796875 	 474.640442 
294 	 41.678688 	 283.323761 	 286.747131 	 1.181302 	 98980.132812 	 469.964417 
295 	 41.678688 	 283.323761 	 286.740265 	 1.615512 	 99267.570312 	 472.494568 
296 	 41.678688 	 283.323761 	 288.384552 	 2.450948 	 99013.546875 	 453.198364 
297 	 41.678688 	 283.323761 	 283.272766 	 1.815021 	 99323.851562 	 442.966187 
298 	 41.678688 	 283.323761 	 287.102509 	 3.195624 	 99157.562500 	 459.176819 
299 	 41.678688 	 283.323761 	 289.263306 	 2.383364 	 99243.953125 	 418.095856 
300 	 41.678688 	 283.323761 	 292.087067 	 3.010930 	 98698.320312 	 447.937866 
301 	 41.678688 	 283.323761 	 283.929993 	 1.236761 	 98681.570312 	 424.404663 
302 	 41.678688 	 283.323761 	 282.834961 	 2.666416 	 98316.726562 	 408.727783 
303 	 41.678688 	 283.323761 	 276.373566 	 1.755603 	 98774.851562 	 362.338501 
304 	 41.678688 	 283.323761 	 276.534332 	 1.913370 	 98789.203125 	 395.695801 
305 	 41.678688 	 283.323761 	 279.800812 	 3.228617 	 99027.921875 	 402.821716 
306 	 41.678688 	 283.323761 	 286.757751 	 5.001083 	 98292.828125 	 425.180847 
307 	 41.678688 	 283.323761 	 282.654175 	 3.166448 	 98784.492188 	 451.756653 
308 	 41.678688 	 283.323761 	 277.076843 	 2.431096 	 99829.500000 	 389.811066 
309 	 41.678688 	 283.323761 	 284.454651 	 4.534713 	 99207.250000 	 388.485168 
310 	 41.678688 	 283.323761 	 280.461060 	 2.898771 	 99362.742188 	 400.642273 
311 	 41.678688 	 283.323761 	 279.498657 	 3.819908 	 99262.648438 	 345.657135 
312 	 41.678688 	 283.323761 	 287.058167 	 6.302848 	 96912.617188 	 440.140625 
313 	 41.678688 	 283.323761 	 277.698242 	 4.120279 	 97588.640625 	 392.995392 
314 	 41.678688 	 283.323761 	 273.683533 	 3.063971 	 98604.093750 	 403.523499 
315 	 41.678688 	 283.323761 	 272.518829 	 3.156896 	 99350.921875 	 317.509125 
316 	 41.678688 	 283.323761 	 280.166382 	 5.035046 	 97998.093750 	 354.457947 
317 	 41.678688 	 283.323761 	 278.826263 	 2.989988 	 98856.093750 	 373.032684 
318 	 41.678688 	 283.323761 	 282.287537 	 5.631681 	 98648.726562 	 353.414337 
319 	 41.678688 	 283.323761 	 281.869568 	 4.382885 	 98371.343750 	 409.633484 
320 	 41.678688 	 283.323761 	 275.942047 	 3.090789 	 99653.289062 	 363.843384 
321 	 41.678688 	 283.323761 	 283.638733 	 4.246975 	 99215.882812 	 414.803162 
322 	 41.678688 	 283.323761 	 287.738647 	 4.204256 	 98796.359375 	 423.184814 
323 	 41.678688 	 283.323761 	 282.687469 	 4.474994 	 99079.046875 	 397.047913 
324 	 41.678688 	 283.323761 	 274.875397 	 1.091655 	 100427.796875 	 350.220551 
325 	 41.678688 	 283.323761 	 277.376892 	 3.692861 	 100378.000000 	 358.651947 
326 	 41.678688 	 283.323761 	 285.904602 	 5.047215 	 99138.156250 	 419.138031 
327 	 41.678688 	 283.323761 	 281.365814 	 3.251378 	 99226.492188 	 373.549133 
328 	 41.678688 	 283.323761 	 279.082794 	 4.235297 	 99387.492188 	 352.258118 
329 	 41.678688 	 283.323761 	 282.374451 	 3.787712 	 98525.226562 	 374.851898 
330 	 41.678688 	 283.323761 	 275.682312 	 2.199202 	 99174.382812 	 339.290588 
331 	 41.678688 	 283.323761 	 277.528351 	 3.284737 	 98815.703125 	 376.983673 
332 	 41.678688 	 283.323761 	 272.297302 	 2.300089 	 99356.296875 	 316.583282 
333 	 41.678688 	 283.323761 	 280.277161 	 3.227876 	 97593.523438 	 346.560822 
334 	 41.678688 	 283.323761 	 271.326080 	 3.025178 	 98634.851562 	 355.707886 
335 	 41.678688 	 283.323761 	 270.909058 	 2.869460 	 99446.250000 	 318.703766 
336 	 41.678688 	 283.323761 	 276.736664 	 1.794291 	 98538.320312 	 354.145447 
337 	 41.678688 	 283.323761 	 275.918274 	 3.659645 	 98340.156250 	 362.826660 
338 	 41.678688 	 283.323761 	 273.788544 	 2.981895 	 99419.890625 	 336.399841 
339 	 41.678688 	 283.323761 	 279.694305 	 4.194654 	 98630.343750 	 333.945557 
340 	 41.678688 	 283.323761 	 281.689484 	 3.712647 	 97057.546875 	 379.707642 
341 	 41.678688 	 283.323761 	 275.007080 	 5.107199 	 96905.843750 	 364.453094 
342 	 41.678688 	 283.323761 	 271.667725 	 4.129626 	 98028.953125 	 328.520325 
343 	 41.678688 	 283.323761 	 269.092377 	 3.745004 	 99245.421875 	 297.333130 
344 	 41.678688 	 283.323761 	 270.362122 	 5.119165 	 98513.656250 	 339.822815 
345 	 41.678688 	 283.323761 	 267.031982 	 2.683003 	 100000.296875 	 296.281982 
346 	 41.678688 	 283.323761 	 270.497162 	 2.561165 	 100630.601562 	 326.249390 
347 	 41.678688 	 283.323761 	 275.586121 	 3.255373 	 100021.500000 	 348.539154 
348 	 41.678688 	 283.323761 	 277.519592 	 2.945658 	 99478.492188 	 357.010376 
349 	 41.678688 	 283.323761 	 283.728638 	 4.168663 	 98836.992188 	 386.920135 
350 	 41.678688 	 283.323761 	 277.949371 	 4.329421 	 98039.359375 	 376.305603 
351 	 41.678688 	 283.323761 	 267.630310 	 5.031075 	 99317.507812 	 297.378754 
352 	 41.678688 	 283.323761 	 269.902344 	 2.355514 	 100021.796875 	 311.617218 
353 	 41.678688 	 283.323761 	 274.604584 	 1.753905 	 99910.726562 	 341.871094 
354 	 41.678688 	 283.323761 	 276.790161 	 3.875646 	 99208.242188 	 312.431152 
355 	 41.678688 	 283.323761 	 273.355713 	 3.899694 	 98600.093750 	 311.750244 
356 	 41.678688 	 283.323761 	 267.922852 	 4.674550 	 99454.929688 	 316.625153 
357 	 41.678688 	 283.323761 	 268.079468 	 1.913713 	 100072.703125 	 302.864197 
358 	 41.678688 	 283.323761 	 272.141052 	 3.503804 	 100013.500000 	 307.743286 
359 	 41.678688 	 283.323761 	 279.910828 	 2.599093 	 99228.859375 	 368.067078 
360 	 41.678688 	 283.323761 	 277.287567 	 1.607291 	 99540.523438 	 347.813171 
361 	 41.678688 	 283.323761 	 277.975220 	 3.249790 	 99300.820312 	 354.227539 
362 	 41.678688 	 283.323761 	 281.203766 	 3.608546 	 97659.570312 	 390.837433 
363 	 41.678688 	 283.323761 	 278.735596 	 3.560939 	 97427.992188 	 343.714844 
364 	 41.678688 	 283.323761 	 271.317169 	 3.921740 	 97763.632812 	 353.078674 
