# 0: Day of Year [-] 	 1: lat [deg] 	 2: lon [deg] 	 3: tas [K] 	 4: sfcWind [m s-1] 	 5: ps [Pa] 	 6: Total Downwelling Rad Flux [W m-2] 
0 	 41.678688 	 283.323761 	 268.068146 	 2.869924 	 98704.148438 	 295.892303 
1 	 41.678688 	 283.323761 	 268.070282 	 2.165807 	 100145.203125 	 275.602020 
2 	 41.678688 	 283.323761 	 279.123199 	 4.401147 	 99972.710938 	 363.244720 
3 	 41.678688 	 283.323761 	 286.152283 	 5.132812 	 98800.953125 	 380.543579 
4 	 41.678688 	 283.323761 	 285.965820 	 3.992612 	 97208.351562 	 384.683136 
5 	 41.678688 	 283.323761 	 273.222595 	 4.166802 	 98299.617188 	 355.339539 
6 	 41.678688 	 283.323761 	 272.263092 	 2.047069 	 98854.820312 	 363.515533 
7 	 41.678688 	 283.323761 	 272.501587 	 1.304185 	 98904.382812 	 337.557251 
8 	 41.678688 	 283.323761 	 272.875000 	 2.059551 	 98655.992188 	 315.247620 
9 	 41.678688 	 283.323761 	 265.294830 	 3.255682 	 99134.921875 	 335.908051 
10 	 41.678688 	 283.323761 	 265.051117 	 1.923434 	 99249.203125 	 306.370270 
11 	 41.678688 	 283.323761 	 264.925690 	 2.728686 	 98904.648438 	 298.250702 
12 	 41.678688 	 283.323761 	 264.024597 	 2.921921 	 98824.468750 	 294.430817 
13 	 41.678688 	 283.323761 	 269.722778 	 3.920144 	 97680.773438 	 344.565308 
14 	 41.678688 	 283.323761 	 265.741821 	 2.901431 	 98923.140625 	 308.213013 
15 	 41.678688 	 283.323761 	 273.775299 	 4.495339 	 97463.273438 	 342.242279 
16 	 41.678688 	 283.323761 	 271.513947 	 1.878856 	 97718.976562 	 302.120605 
17 	 41.678688 	 283.323761 	 272.203461 	 0.975366 	 97420.078125 	 361.325806 
18 	 41.678688 	 283.323761 	 272.054382 	 1.604316 	 97225.523438 	 375.763123 
19 	 41.678688 	 283.323761 	 272.695770 	 2.851462 	 96318.007812 	 341.956757 
20 	 41.678688 	 283.323761 	 271.734589 	 4.556763 	 95921.046875 	 360.257202 
21 	 41.678688 	 283.323761 	 268.606903 	 4.715990 	 97625.296875 	 333.024719 
22 	 41.678688 	 283.323761 	 267.718506 	 1.569918 	 99158.046875 	 344.371277 
23 	 41.678688 	 283.323761 	 268.937714 	 2.497974 	 99432.132812 	 319.121857 
24 	 41.678688 	 283.323761 	 271.563660 	 1.262636 	 98770.820312 	 327.518372 
25 	 41.678688 	 283.323761 	 269.924103 	 4.655043 	 97316.453125 	 360.872131 
26 	 41.678688 	 283.323761 	 269.162384 	 3.765666 	 98404.609375 	 327.670502 
27 	 41.678688 	 283.323761 	 275.204132 	 4.087329 	 98023.593750 	 353.346191 
28 	 41.678688 	 283.323761 	 268.989716 	 3.335449 	 98110.343750 	 345.338013 
29 	 41.678688 	 283.323761 	 264.680664 	 2.969734 	 98257.046875 	 274.200836 
30 	 41.678688 	 283.323761 	 266.352539 	 4.582670 	 98217.148438 	 371.534973 
31 	 41.678688 	 283.323761 	 264.214783 	 2.740062 	 99505.476562 	 289.171783 
32 	 41.678688 	 283.323761 	 274.801697 	 2.424159 	 98954.796875 	 352.125336 
33 	 41.678688 	 283.323761 	 274.894226 	 1.821434 	 99074.468750 	 371.344604 
34 	 41.678688 	 283.323761 	 275.601593 	 2.850180 	 98911.101562 	 384.541412 
35 	 41.678688 	 283.323761 	 279.904663 	 4.557682 	 98137.906250 	 364.899811 
36 	 41.678688 	 283.323761 	 278.337433 	 2.606025 	 97157.523438 	 395.777527 
37 	 41.678688 	 283.323761 	 270.519318 	 2.310516 	 98079.640625 	 379.356812 
38 	 41.678688 	 283.323761 	 270.458221 	 2.528668 	 98427.187500 	 354.524292 
39 	 41.678688 	 283.323761 	 270.991699 	 3.008927 	 99042.453125 	 374.622711 
40 	 41.678688 	 283.323761 	 267.979340 	 3.144140 	 99823.023438 	 335.148773 
41 	 41.678688 	 283.323761 	 264.188507 	 4.344663 	 99012.820312 	 359.504791 
42 	 41.678688 	 283.323761 	 264.816620 	 1.404061 	 99879.382812 	 355.773682 
43 	 41.678688 	 283.323761 	 269.615051 	 1.649308 	 99961.453125 	 385.954773 
44 	 41.678688 	 283.323761 	 274.431305 	 2.886117 	 99283.140625 	 404.174744 
45 	 41.678688 	 283.323761 	 275.042389 	 3.036195 	 99090.703125 	 396.400330 
46 	 41.678688 	 283.323761 	 277.120850 	 2.262942 	 98635.773438 	 398.389954 
47 	 41.678688 	 283.323761 	 273.638763 	 2.104664 	 99066.289062 	 331.023956 
48 	 41.678688 	 283.323761 	 279.664337 	 3.477806 	 97559.867188 	 418.670227 
49 	 41.678688 	 283.323761 	 272.979218 	 3.599508 	 96855.453125 	 339.074921 
50 	 41.678688 	 283.323761 	 262.132446 	 4.396760 	 98078.359375 	 362.253052 
51 	 41.678688 	 283.323761 	 269.372253 	 1.765051 	 98453.812500 	 395.118408 
52 	 41.678688 	 283.323761 	 270.394043 	 1.875817 	 98104.453125 	 387.306854 
53 	 41.678688 	 283.323761 	 273.272583 	 1.803766 	 98501.898438 	 442.869324 
54 	 41.678688 	 283.323761 	 279.843506 	 3.110880 	 98430.031250 	 346.436584 
55 	 41.678688 	 283.323761 	 271.477631 	 2.974704 	 99712.992188 	 448.072144 
56 	 41.678688 	 283.323761 	 268.028290 	 2.027740 	 100249.296875 	 351.594147 
57 	 41.678688 	 283.323761 	 274.144257 	 1.692023 	 99521.656250 	 359.899200 
58 	 41.678688 	 283.323761 	 275.756104 	 1.967128 	 99085.976562 	 421.116882 
59 	 41.678688 	 283.323761 	 276.051300 	 1.198974 	 98844.617188 	 432.151062 
60 	 41.678688 	 283.323761 	 279.202179 	 2.270888 	 98327.117188 	 393.643433 
61 	 41.678688 	 283.323761 	 277.188934 	 1.591200 	 97894.023438 	 411.200928 
62 	 41.678688 	 283.323761 	 274.593506 	 1.956470 	 97866.773438 	 438.972748 
63 	 41.678688 	 283.323761 	 272.619537 	 1.523887 	 98174.632812 	 427.607025 
64 	 41.678688 	 283.323761 	 274.736206 	 2.110664 	 97894.343750 	 339.271484 
65 	 41.678688 	 283.323761 	 270.932190 	 5.669725 	 97636.906250 	 411.834167 
66 	 41.678688 	 283.323761 	 273.995453 	 3.125416 	 98762.078125 	 441.361023 
67 	 41.678688 	 283.323761 	 279.301666 	 3.624322 	 98924.679688 	 389.353394 
68 	 41.678688 	 283.323761 	 279.843658 	 2.249218 	 98981.296875 	 407.579590 
69 	 41.678688 	 283.323761 	 279.399139 	 1.752939 	 99188.382812 	 429.452545 
70 	 41.678688 	 283.323761 	 274.629852 	 1.733365 	 99560.671875 	 458.042786 
71 	 41.678688 	 283.323761 	 276.131226 	 1.216203 	 99305.671875 	 472.438629 
72 	 41.678688 	 283.323761 	 275.428436 	 3.472577 	 100061.898438 	 434.267700 
73 	 41.678688 	 283.323761 	 275.100922 	 3.944931 	 99253.789062 	 344.442871 
74 	 41.678688 	 283.323761 	 275.249207 	 4.275953 	 97048.726562 	 467.307129 
75 	 41.678688 	 283.323761 	 275.996674 	 3.616940 	 98165.648438 	 420.051636 
76 	 41.678688 	 283.323761 	 273.389801 	 3.399620 	 99047.507812 	 465.379425 
77 	 41.678688 	 283.323761 	 274.333496 	 2.332300 	 99797.117188 	 434.132385 
78 	 41.678688 	 283.323761 	 286.547455 	 3.775874 	 98600.726562 	 477.300232 
79 	 41.678688 	 283.323761 	 285.436127 	 3.260824 	 98262.929688 	 539.517395 
80 	 41.678688 	 283.323761 	 282.629272 	 1.747086 	 98866.890625 	 513.377136 
81 	 41.678688 	 283.323761 	 288.882904 	 3.255699 	 98501.406250 	 492.135254 
82 	 41.678688 	 283.323761 	 287.547668 	 4.764321 	 97764.382812 	 515.347900 
83 	 41.678688 	 283.323761 	 281.181641 	 3.216042 	 98197.867188 	 495.871216 
84 	 41.678688 	 283.323761 	 283.906555 	 3.245570 	 98673.437500 	 421.276276 
85 	 41.678688 	 283.323761 	 285.647522 	 4.009236 	 97984.203125 	 414.317993 
86 	 41.678688 	 283.323761 	 281.161407 	 2.936947 	 96954.851562 	 480.096802 
87 	 41.678688 	 283.323761 	 278.325470 	 3.845191 	 97183.101562 	 482.664825 
88 	 41.678688 	 283.323761 	 274.743805 	 2.353978 	 97551.882812 	 392.136169 
89 	 41.678688 	 283.323761 	 274.586334 	 2.353479 	 97644.546875 	 380.789246 
90 	 41.678688 	 283.323761 	 273.813904 	 3.753618 	 98453.523438 	 501.680542 
91 	 41.678688 	 283.323761 	 279.935272 	 2.990493 	 98903.203125 	 509.518311 
92 	 41.678688 	 283.323761 	 281.514099 	 1.471460 	 99015.250000 	 486.893127 
93 	 41.678688 	 283.323761 	 285.808319 	 2.794669 	 99078.156250 	 546.075684 
94 	 41.678688 	 283.323761 	 290.458710 	 4.437802 	 98157.367188 	 526.709412 
95 	 41.678688 	 283.323761 	 287.707397 	 4.823041 	 97771.710938 	 539.276733 
96 	 41.678688 	 283.323761 	 285.081543 	 1.313961 	 99010.546875 	 576.670898 
97 	 41.678688 	 283.323761 	 288.525177 	 2.229124 	 99416.867188 	 581.927490 
98 	 41.678688 	 283.323761 	 292.993866 	 3.350908 	 99268.437500 	 592.806091 
99 	 41.678688 	 283.323761 	 293.927368 	 1.736783 	 99018.312500 	 607.942139 
100 	 41.678688 	 283.323761 	 294.086395 	 3.963108 	 98542.562500 	 609.325684 
101 	 41.678688 	 283.323761 	 290.138611 	 3.749733 	 97601.953125 	 530.453979 
102 	 41.678688 	 283.323761 	 280.209991 	 3.690434 	 97862.976562 	 517.850037 
103 	 41.678688 	 283.323761 	 278.674225 	 0.702902 	 98353.953125 	 550.899841 
104 	 41.678688 	 283.323761 	 282.712769 	 2.681564 	 97940.609375 	 433.301331 
105 	 41.678688 	 283.323761 	 279.068848 	 3.407091 	 97212.226562 	 399.807098 
106 	 41.678688 	 283.323761 	 279.243317 	 4.133728 	 97238.640625 	 454.768829 
107 	 41.678688 	 283.323761 	 279.783539 	 1.754631 	 97765.710938 	 401.250824 
108 	 41.678688 	 283.323761 	 279.600555 	 2.686523 	 97614.023438 	 499.374756 
109 	 41.678688 	 283.323761 	 277.476105 	 4.397595 	 97793.187500 	 514.349731 
110 	 41.678688 	 283.323761 	 275.716278 	 3.074047 	 98691.960938 	 537.289673 
111 	 41.678688 	 283.323761 	 276.854706 	 2.547443 	 98967.976562 	 545.501953 
112 	 41.678688 	 283.323761 	 280.199860 	 2.307398 	 98975.859375 	 541.682800 
113 	 41.678688 	 283.323761 	 282.690430 	 1.640964 	 98880.226562 	 574.593140 
114 	 41.678688 	 283.323761 	 281.504272 	 2.426067 	 99333.156250 	 372.392303 
115 	 41.678688 	 283.323761 	 283.118103 	 5.277654 	 99270.296875 	 465.168213 
116 	 41.678688 	 283.323761 	 288.314484 	 6.030053 	 97594.976562 	 559.348083 
117 	 41.678688 	 283.323761 	 273.993195 	 5.507306 	 97294.546875 	 540.789001 
118 	 41.678688 	 283.323761 	 278.886536 	 3.763887 	 97929.476562 	 441.859497 
119 	 41.678688 	 283.323761 	 282.611877 	 4.408481 	 97630.562500 	 564.836426 
120 	 41.678688 	 283.323761 	 277.617279 	 3.152946 	 98707.523438 	 538.749084 
121 	 41.678688 	 283.323761 	 280.152740 	 1.987007 	 99029.531250 	 569.403809 
122 	 41.678688 	 283.323761 	 283.631317 	 2.592226 	 98682.382812 	 507.363220 
123 	 41.678688 	 283.323761 	 278.484619 	 4.222401 	 98833.898438 	 578.775330 
124 	 41.678688 	 283.323761 	 280.092529 	 2.047811 	 99277.976562 	 495.907654 
125 	 41.678688 	 283.323761 	 283.125488 	 2.162374 	 99240.710938 	 484.945679 
126 	 41.678688 	 283.323761 	 293.373932 	 4.565357 	 98086.898438 	 556.885010 
127 	 41.678688 	 283.323761 	 286.495972 	 3.363831 	 98123.578125 	 567.368652 
128 	 41.678688 	 283.323761 	 280.623810 	 4.008222 	 99346.476562 	 592.985718 
129 	 41.678688 	 283.323761 	 281.532043 	 2.488612 	 99719.703125 	 596.968811 
130 	 41.678688 	 283.323761 	 285.133850 	 1.246073 	 99552.046875 	 618.926636 
131 	 41.678688 	 283.323761 	 287.272003 	 1.066612 	 99369.289062 	 620.832031 
132 	 41.678688 	 283.323761 	 289.350830 	 1.599362 	 99213.882812 	 647.845947 
133 	 41.678688 	 283.323761 	 289.453278 	 1.494443 	 98954.093750 	 605.291321 
134 	 41.678688 	 283.323761 	 289.910828 	 1.675804 	 98471.273438 	 592.420166 
135 	 41.678688 	 283.323761 	 290.327301 	 2.144298 	 98044.906250 	 559.854004 
136 	 41.678688 	 283.323761 	 290.667542 	 1.968618 	 97775.546875 	 542.460815 
137 	 41.678688 	 283.323761 	 290.563782 	 2.485343 	 97648.359375 	 563.534607 
138 	 41.678688 	 283.323761 	 290.543365 	 1.829595 	 98070.343750 	 646.265747 
139 	 41.678688 	 283.323761 	 293.091888 	 2.317007 	 97989.718750 	 550.563599 
140 	 41.678688 	 283.323761 	 294.424469 	 3.109895 	 97974.609375 	 597.290344 
141 	 41.678688 	 283.323761 	 287.633636 	 4.109728 	 98098.859375 	 637.170044 
142 	 41.678688 	 283.323761 	 282.393250 	 3.395117 	 99167.929688 	 640.088257 
143 	 41.678688 	 283.323761 	 283.831177 	 1.617875 	 99307.773438 	 585.813904 
144 	 41.678688 	 283.323761 	 285.531403 	 2.067049 	 98466.031250 	 402.530823 
145 	 41.678688 	 283.323761 	 286.561249 	 2.946267 	 97270.773438 	 653.385986 
146 	 41.678688 	 283.323761 	 286.332275 	 3.353978 	 97593.046875 	 621.684814 
147 	 41.678688 	 283.323761 	 293.127747 	 4.279636 	 97638.953125 	 611.976135 
148 	 41.678688 	 283.323761 	 291.375885 	 1.710006 	 98416.343750 	 663.774658 
149 	 41.678688 	 283.323761 	 293.204590 	 2.992343 	 98559.390625 	 588.157837 
150 	 41.678688 	 283.323761 	 292.075531 	 4.130884 	 98200.460938 	 632.552246 
151 	 41.678688 	 283.323761 	 287.138397 	 2.758934 	 98924.656250 	 648.635986 
152 	 41.678688 	 283.323761 	 290.163757 	 2.244312 	 98830.867188 	 668.587280 
153 	 41.678688 	 283.323761 	 292.415131 	 3.071269 	 98413.156250 	 648.971802 
154 	 41.678688 	 283.323761 	 295.636475 	 1.723835 	 98836.187500 	 699.613708 
155 	 41.678688 	 283.323761 	 296.749115 	 2.148612 	 98487.320312 	 695.358521 
156 	 41.678688 	 283.323761 	 298.294128 	 2.672276 	 98183.046875 	 720.861450 
157 	 41.678688 	 283.323761 	 296.524414 	 3.139232 	 97936.953125 	 652.032043 
158 	 41.678688 	 283.323761 	 295.150482 	 1.838140 	 98083.960938 	 584.892212 
159 	 41.678688 	 283.323761 	 295.740631 	 2.017613 	 98072.101562 	 612.413391 
160 	 41.678688 	 283.323761 	 293.690735 	 2.748545 	 97661.062500 	 583.040344 
161 	 41.678688 	 283.323761 	 286.972412 	 4.189454 	 98169.492188 	 651.127930 
162 	 41.678688 	 283.323761 	 286.709320 	 2.301950 	 98206.601562 	 571.303101 
163 	 41.678688 	 283.323761 	 291.044312 	 3.592918 	 97599.656250 	 682.814697 
164 	 41.678688 	 283.323761 	 285.055481 	 3.764669 	 98088.703125 	 632.282410 
165 	 41.678688 	 283.323761 	 285.179108 	 3.357603 	 98568.492188 	 649.855347 
166 	 41.678688 	 283.323761 	 289.080109 	 2.446022 	 98839.070312 	 622.411804 
167 	 41.678688 	 283.323761 	 295.268127 	 3.809671 	 98455.492188 	 644.925171 
168 	 41.678688 	 283.323761 	 294.313171 	 1.244599 	 98514.851562 	 636.304016 
169 	 41.678688 	 283.323761 	 293.665222 	 1.867167 	 98624.773438 	 689.564331 
170 	 41.678688 	 283.323761 	 292.591888 	 2.025463 	 98748.648438 	 623.986206 
171 	 41.678688 	 283.323761 	 296.790100 	 3.866240 	 98462.273438 	 646.778564 
172 	 41.678688 	 283.323761 	 297.552094 	 2.244610 	 98435.218750 	 659.336975 
173 	 41.678688 	 283.323761 	 300.500275 	 3.730119 	 98444.101562 	 722.971436 
174 	 41.678688 	 283.323761 	 301.396393 	 3.088452 	 98861.320312 	 731.131592 
175 	 41.678688 	 283.323761 	 301.146820 	 2.612165 	 98858.843750 	 740.027954 
176 	 41.678688 	 283.323761 	 297.787476 	 2.357260 	 98700.617188 	 606.494019 
177 	 41.678688 	 283.323761 	 294.714722 	 1.782491 	 99001.750000 	 659.318176 
178 	 41.678688 	 283.323761 	 298.930969 	 4.080899 	 98298.007812 	 728.104980 
179 	 41.678688 	 283.323761 	 295.924377 	 5.581457 	 97761.171875 	 713.076660 
180 	 41.678688 	 283.323761 	 287.676758 	 4.169854 	 98627.671875 	 670.561157 
181 	 41.678688 	 283.323761 	 291.606476 	 3.500998 	 98509.679688 	 662.468140 
182 	 41.678688 	 283.323761 	 289.898376 	 2.986333 	 98714.906250 	 673.440796 
183 	 41.678688 	 283.323761 	 285.265198 	 2.492125 	 99082.101562 	 630.467346 
184 	 41.678688 	 283.323761 	 285.220306 	 3.062296 	 99426.718750 	 642.541504 
185 	 41.678688 	 283.323761 	 286.319916 	 1.646436 	 99830.976562 	 651.416748 
186 	 41.678688 	 283.323761 	 290.854156 	 1.815161 	 99621.039062 	 641.560059 
187 	 41.678688 	 283.323761 	 295.144806 	 2.550706 	 98802.890625 	 645.934387 
188 	 41.678688 	 283.323761 	 296.325012 	 2.357351 	 98148.226562 	 680.355591 
189 	 41.678688 	 283.323761 	 296.726990 	 3.723981 	 97763.328125 	 570.375977 
190 	 41.678688 	 283.323761 	 288.617859 	 3.396597 	 98704.578125 	 691.567627 
191 	 41.678688 	 283.323761 	 291.917053 	 2.579088 	 99262.656250 	 681.749023 
192 	 41.678688 	 283.323761 	 294.139557 	 4.801770 	 99047.156250 	 609.005615 
193 	 41.678688 	 283.323761 	 297.226501 	 2.446606 	 98580.046875 	 653.288330 
194 	 41.678688 	 283.323761 	 296.195557 	 0.822124 	 98646.031250 	 705.278687 
195 	 41.678688 	 283.323761 	 299.194580 	 1.485134 	 98569.187500 	 728.534546 
196 	 41.678688 	 283.323761 	 300.349792 	 1.095150 	 98872.007812 	 725.090332 
197 	 41.678688 	 283.323761 	 301.005341 	 1.480631 	 99027.406250 	 727.827515 
198 	 41.678688 	 283.323761 	 297.814667 	 1.140429 	 99221.750000 	 655.684692 
199 	 41.678688 	 283.323761 	 298.539276 	 1.835983 	 98713.351562 	 655.029236 
200 	 41.678688 	 283.323761 	 301.946320 	 3.875981 	 97866.109375 	 681.634338 
201 	 41.678688 	 283.323761 	 296.448761 	 4.121999 	 97770.750000 	 692.377197 
202 	 41.678688 	 283.323761 	 290.897095 	 1.837797 	 98483.000000 	 644.024231 
203 	 41.678688 	 283.323761 	 293.224762 	 4.359953 	 98177.500000 	 529.069214 
204 	 41.678688 	 283.323761 	 295.959381 	 1.813758 	 98556.562500 	 593.265991 
205 	 41.678688 	 283.323761 	 298.683777 	 2.494890 	 98316.250000 	 567.861084 
206 	 41.678688 	 283.323761 	 298.635406 	 3.096391 	 98099.898438 	 652.839233 
207 	 41.678688 	 283.323761 	 292.613281 	 3.162822 	 98405.617188 	 635.585388 
208 	 41.678688 	 283.323761 	 291.230530 	 0.876865 	 98925.593750 	 665.697388 
209 	 41.678688 	 283.323761 	 292.759033 	 1.038846 	 98769.117188 	 624.968079 
210 	 41.678688 	 283.323761 	 294.051086 	 2.004977 	 98779.476562 	 679.770630 
211 	 41.678688 	 283.323761 	 294.402557 	 1.790447 	 99150.187500 	 673.674683 
212 	 41.678688 	 283.323761 	 297.601044 	 2.960341 	 99109.023438 	 666.418701 
213 	 41.678688 	 283.323761 	 296.574066 	 4.376097 	 98969.382812 	 566.619629 
214 	 41.678688 	 283.323761 	 296.403625 	 3.279481 	 99202.296875 	 541.342712 
215 	 41.678688 	 283.323761 	 296.084290 	 3.346399 	 99371.421875 	 601.912598 
216 	 41.678688 	 283.323761 	 296.102936 	 1.906334 	 99240.546875 	 562.971619 
217 	 41.678688 	 283.323761 	 295.683075 	 0.612053 	 99090.617188 	 507.687561 
218 	 41.678688 	 283.323761 	 295.824890 	 0.991429 	 98901.210938 	 560.152832 
219 	 41.678688 	 283.323761 	 295.261169 	 1.471200 	 98709.773438 	 576.979858 
220 	 41.678688 	 283.323761 	 295.786224 	 1.519002 	 98425.296875 	 617.401123 
221 	 41.678688 	 283.323761 	 296.941284 	 2.700571 	 97988.531250 	 669.414062 
222 	 41.678688 	 283.323761 	 296.089905 	 2.356040 	 97671.937500 	 582.143982 
223 	 41.678688 	 283.323761 	 292.015137 	 2.812220 	 98123.179688 	 629.718018 
224 	 41.678688 	 283.323761 	 290.469879 	 2.145913 	 98442.500000 	 641.693359 
225 	 41.678688 	 283.323761 	 289.860168 	 1.369496 	 98339.281250 	 623.178040 
226 	 41.678688 	 283.323761 	 288.306427 	 3.602441 	 97868.429688 	 514.153198 
227 	 41.678688 	 283.323761 	 289.449799 	 2.611808 	 98605.117188 	 534.814087 
228 	 41.678688 	 283.323761 	 288.860382 	 0.643631 	 99009.750000 	 582.693176 
229 	 41.678688 	 283.323761 	 290.488464 	 1.997083 	 99338.726562 	 634.219238 
230 	 41.678688 	 283.323761 	 291.650269 	 0.929898 	 99385.687500 	 637.174194 
231 	 41.678688 	 283.323761 	 296.378693 	 3.311878 	 98866.031250 	 656.742432 
232 	 41.678688 	 283.323761 	 298.288971 	 3.571610 	 98616.382812 	 657.742065 
233 	 41.678688 	 283.323761 	 299.903320 	 3.116740 	 98374.687500 	 667.156067 
234 	 41.678688 	 283.323761 	 297.991608 	 3.279011 	 98146.843750 	 653.807556 
235 	 41.678688 	 283.323761 	 293.336395 	 2.923628 	 98306.226562 	 643.262573 
236 	 41.678688 	 283.323761 	 293.872742 	 1.037261 	 98672.343750 	 614.207764 
237 	 41.678688 	 283.323761 	 298.025757 	 2.617790 	 98691.976562 	 652.235168 
238 	 41.678688 	 283.323761 	 294.725006 	 1.540843 	 99061.242188 	 583.222900 
239 	 41.678688 	 283.323761 	 295.735596 	 1.777097 	 99166.843750 	 611.929077 
240 	 41.678688 	 283.323761 	 296.081848 	 3.541034 	 99061.328125 	 534.890198 
241 	 41.678688 	 283.323761 	 295.010864 	 3.015836 	 98945.953125 	 525.765137 
242 	 41.678688 	 283.323761 	 295.358917 	 2.235665 	 98744.031250 	 510.866119 
243 	 41.678688 	 283.323761 	 292.690125 	 3.314969 	 97987.343750 	 600.452454 
244 	 41.678688 	 283.323761 	 287.740814 	 2.971375 	 98110.976562 	 579.452026 
245 	 41.678688 	 283.323761 	 284.296967 	 1.190260 	 98649.898438 	 451.074036 
246 	 41.678688 	 283.323761 	 288.384277 	 2.156023 	 98672.898438 	 608.430359 
247 	 41.678688 	 283.323761 	 286.665009 	 1.367465 	 99140.796875 	 578.817627 
248 	 41.678688 	 283.323761 	 291.371307 	 3.423702 	 98895.390625 	 487.032654 
249 	 41.678688 	 283.323761 	 291.614655 	 2.758047 	 98266.093750 	 495.385132 
250 	 41.678688 	 283.323761 	 289.696045 	 3.179686 	 98686.546875 	 525.534180 
251 	 41.678688 	 283.323761 	 290.141113 	 2.308608 	 99044.523438 	 568.956177 
252 	 41.678688 	 283.323761 	 293.795807 	 2.590103 	 98553.343750 	 593.109741 
253 	 41.678688 	 283.323761 	 288.161377 	 3.891723 	 99043.656250 	 557.091125 
254 	 41.678688 	 283.323761 	 284.644379 	 1.881119 	 99434.796875 	 550.850952 
255 	 41.678688 	 283.323761 	 286.964722 	 3.948339 	 98843.640625 	 577.498779 
256 	 41.678688 	 283.323761 	 284.286163 	 1.960903 	 99441.859375 	 530.795471 
257 	 41.678688 	 283.323761 	 292.088348 	 3.563008 	 98793.593750 	 532.630737 
258 	 41.678688 	 283.323761 	 294.398529 	 3.690052 	 98408.968750 	 510.731995 
259 	 41.678688 	 283.323761 	 290.506714 	 1.473293 	 99064.851562 	 565.685852 
260 	 41.678688 	 283.323761 	 291.712463 	 1.040419 	 99454.523438 	 577.769775 
261 	 41.678688 	 283.323761 	 294.242279 	 2.179533 	 99263.023438 	 525.282898 
262 	 41.678688 	 283.323761 	 293.501770 	 3.342378 	 98574.328125 	 486.670685 
263 	 41.678688 	 283.323761 	 285.804413 	 3.629226 	 98986.078125 	 554.453125 
264 	 41.678688 	 283.323761 	 281.863495 	 1.776814 	 99836.703125 	 504.974670 
265 	 41.678688 	 283.323761 	 284.403259 	 3.045336 	 99946.617188 	 520.971191 
266 	 41.678688 	 283.323761 	 292.085968 	 2.504554 	 99104.000000 	 553.173157 
267 	 41.678688 	 283.323761 	 294.856659 	 2.745271 	 98467.851562 	 556.954041 
268 	 41.678688 	 283.323761 	 296.331696 	 3.313918 	 98075.156250 	 543.688293 
269 	 41.678688 	 283.323761 	 291.745819 	 3.049080 	 97881.296875 	 533.567261 
270 	 41.678688 	 283.323761 	 282.633667 	 4.229003 	 98305.406250 	 490.411407 
271 	 41.678688 	 283.323761 	 283.318817 	 3.682038 	 98318.726562 	 488.965637 
272 	 41.678688 	 283.323761 	 290.197021 	 4.531580 	 97421.546875 	 473.054169 
273 	 41.678688 	 283.323761 	 288.175781 	 2.566432 	 97744.882812 	 510.734802 
274 	 41.678688 	 283.323761 	 284.960876 	 1.907264 	 97943.726562 	 480.197632 
275 	 41.678688 	 283.323761 	 281.157135 	 1.866725 	 98117.929688 	 448.522919 
276 	 41.678688 	 283.323761 	 279.051544 	 2.719998 	 98395.031250 	 438.116882 
277 	 41.678688 	 283.323761 	 280.986206 	 2.442009 	 99070.156250 	 440.055389 
278 	 41.678688 	 283.323761 	 281.757843 	 2.357305 	 99192.398438 	 484.678223 
279 	 41.678688 	 283.323761 	 283.197784 	 2.479524 	 99264.640625 	 465.384155 
280 	 41.678688 	 283.323761 	 283.511230 	 2.405214 	 100021.203125 	 508.891174 
281 	 41.678688 	 283.323761 	 288.708618 	 4.312109 	 99690.523438 	 499.609497 
282 	 41.678688 	 283.323761 	 289.561279 	 2.952399 	 99042.562500 	 453.105652 
283 	 41.678688 	 283.323761 	 288.709137 	 3.649199 	 97948.546875 	 423.803833 
284 	 41.678688 	 283.323761 	 282.756439 	 3.074059 	 98096.812500 	 465.464355 
285 	 41.678688 	 283.323761 	 287.082367 	 3.363521 	 98731.953125 	 489.656494 
286 	 41.678688 	 283.323761 	 291.127991 	 3.979942 	 98570.921875 	 497.914917 
287 	 41.678688 	 283.323761 	 291.500488 	 4.104269 	 98055.929688 	 538.195679 
288 	 41.678688 	 283.323761 	 282.863678 	 3.991550 	 98312.382812 	 404.550964 
289 	 41.678688 	 283.323761 	 281.971680 	 2.575939 	 99413.250000 	 458.600616 
290 	 41.678688 	 283.323761 	 285.271271 	 4.087351 	 98980.546875 	 408.732330 
291 	 41.678688 	 283.323761 	 280.581085 	 2.281009 	 99206.843750 	 423.707886 
292 	 41.678688 	 283.323761 	 276.974762 	 2.393587 	 99155.148438 	 392.470734 
293 	 41.678688 	 283.323761 	 275.121674 	 3.767460 	 99740.750000 	 427.717957 
294 	 41.678688 	 283.323761 	 276.040436 	 2.458115 	 100080.000000 	 441.318604 
295 	 41.678688 	 283.323761 	 278.240234 	 2.434730 	 99450.398438 	 422.744049 
296 	 41.678688 	 283.323761 	 281.442810 	 2.047555 	 99850.226562 	 430.981567 
297 	 41.678688 	 283.323761 	 280.313629 	 0.615461 	 100141.703125 	 426.735962 
298 	 41.678688 	 283.323761 	 282.581818 	 0.980837 	 100180.101562 	 440.946045 
299 	 41.678688 	 283.323761 	 283.638885 	 1.123425 	 100058.796875 	 420.549744 
300 	 41.678688 	 283.323761 	 283.084198 	 0.794845 	 99731.343750 	 430.431335 
301 	 41.678688 	 283.323761 	 284.220276 	 2.071256 	 99551.382812 	 412.554382 
302 	 41.678688 	 283.323761 	 286.747772 	 3.486555 	 99181.773438 	 465.828308 
303 	 41.678688 	 283.323761 	 289.198395 	 3.542067 	 98859.546875 	 467.434357 
304 	 41.678688 	 283.323761 	 286.250092 	 3.745211 	 98384.726562 	 438.934540 
305 	 41.678688 	 283.323761 	 278.932037 	 1.985761 	 99403.906250 	 399.598206 
306 	 41.678688 	 283.323761 	 282.370087 	 3.804840 	 99602.750000 	 413.919891 
307 	 41.678688 	 283.323761 	 285.174591 	 3.743942 	 99407.281250 	 435.009308 
308 	 41.678688 	 283.323761 	 279.316010 	 3.888163 	 99675.031250 	 425.501007 
309 	 41.678688 	 283.323761 	 273.856110 	 1.312604 	 99936.312500 	 360.471100 
310 	 41.678688 	 283.323761 	 274.164398 	 1.872471 	 99957.578125 	 381.553558 
311 	 41.678688 	 283.323761 	 277.442108 	 3.643903 	 99469.906250 	 383.374969 
312 	 41.678688 	 283.323761 	 282.919830 	 3.243715 	 99034.140625 	 419.606995 
313 	 41.678688 	 283.323761 	 287.460358 	 2.541849 	 97920.953125 	 387.067261 
314 	 41.678688 	 283.323761 	 278.514343 	 4.759902 	 96746.578125 	 393.815338 
315 	 41.678688 	 283.323761 	 272.849915 	 3.455022 	 98635.906250 	 345.227325 
316 	 41.678688 	 283.323761 	 276.808105 	 3.708660 	 98628.007812 	 381.440948 
317 	 41.678688 	 283.323761 	 274.691223 	 2.303215 	 98784.273438 	 348.779907 
318 	 41.678688 	 283.323761 	 271.238617 	 1.333145 	 99674.062500 	 326.307526 
319 	 41.678688 	 283.323761 	 276.384796 	 4.163159 	 98792.648438 	 345.508667 
320 	 41.678688 	 283.323761 	 270.734619 	 5.167536 	 98381.093750 	 338.997742 
321 	 41.678688 	 283.323761 	 269.889130 	 2.121439 	 99219.601562 	 318.155090 
322 	 41.678688 	 283.323761 	 274.078400 	 2.187361 	 98716.671875 	 334.423615 
323 	 41.678688 	 283.323761 	 282.754730 	 3.610133 	 98116.273438 	 369.520508 
324 	 41.678688 	 283.323761 	 287.279999 	 4.717342 	 97103.210938 	 453.022644 
325 	 41.678688 	 283.323761 	 275.258972 	 1.694109 	 97176.656250 	 295.323822 
326 	 41.678688 	 283.323761 	 274.303772 	 3.694077 	 97365.382812 	 352.898163 
327 	 41.678688 	 283.323761 	 273.701263 	 2.689628 	 98510.351562 	 343.830017 
328 	 41.678688 	 283.323761 	 274.084198 	 2.304361 	 98989.796875 	 327.552673 
329 	 41.678688 	 283.323761 	 273.428802 	 4.008379 	 97766.500000 	 371.589478 
330 	 41.678688 	 283.323761 	 272.975159 	 3.472870 	 97633.562500 	 356.572266 
331 	 41.678688 	 283.323761 	 272.792847 	 2.746552 	 98131.726562 	 321.206604 
332 	 41.678688 	 283.323761 	 274.876190 	 3.089798 	 98114.773438 	 365.825775 
333 	 41.678688 	 283.323761 	 273.190369 	 1.157911 	 98762.203125 	 344.510956 
334 	 41.678688 	 283.323761 	 277.904480 	 2.759873 	 98984.406250 	 366.933411 
335 	 41.678688 	 283.323761 	 281.184875 	 3.492127 	 99022.937500 	 379.230164 
336 	 41.678688 	 283.323761 	 274.284027 	 1.283338 	 99767.203125 	 339.554504 
337 	 41.678688 	 283.323761 	 280.966858 	 4.088348 	 99210.000000 	 372.155823 
338 	 41.678688 	 283.323761 	 284.871857 	 3.614023 	 98579.273438 	 354.693573 
339 	 41.678688 	 283.323761 	 277.378479 	 1.970912 	 99165.617188 	 369.812683 
340 	 41.678688 	 283.323761 	 276.346985 	 2.025108 	 99384.593750 	 343.468689 
341 	 41.678688 	 283.323761 	 286.594116 	 4.311754 	 98709.250000 	 393.802277 
342 	 41.678688 	 283.323761 	 285.425323 	 3.356216 	 98753.843750 	 360.592865 
343 	 41.678688 	 283.323761 	 277.105743 	 3.505284 	 99784.796875 	 350.967133 
344 	 41.678688 	 283.323761 	 278.030762 	 5.275662 	 99623.656250 	 303.951111 
345 	 41.678688 	 283.323761 	 284.661865 	 2.924486 	 98254.929688 	 387.699921 
346 	 41.678688 	 283.323761 	 281.176392 	 3.203111 	 98604.976562 	 338.509399 
347 	 41.678688 	 283.323761 	 274.395508 	 1.360021 	 99921.156250 	 342.489624 
348 	 41.678688 	 283.323761 	 276.133850 	 1.621414 	 100031.203125 	 337.972748 
349 	 41.678688 	 283.323761 	 278.646576 	 4.198555 	 100172.898438 	 338.754150 
350 	 41.678688 	 283.323761 	 286.547638 	 5.100749 	 98425.773438 	 377.628296 
351 	 41.678688 	 283.323761 	 275.474609 	 1.046853 	 98807.726562 	 315.579895 
352 	 41.678688 	 283.323761 	 277.927094 	 3.044565 	 98883.046875 	 337.625641 
353 	 41.678688 	 283.323761 	 286.408356 	 4.349277 	 97402.570312 	 382.328064 
354 	 41.678688 	 283.323761 	 274.573822 	 2.982518 	 98608.312500 	 343.605988 
355 	 41.678688 	 283.323761 	 273.699921 	 2.180607 	 99062.570312 	 305.121918 
356 	 41.678688 	 283.323761 	 271.092346 	 3.374643 	 98658.117188 	 310.541138 
357 	 41.678688 	 283.323761 	 270.698883 	 4.251234 	 98746.617188 	 291.271851 
358 	 41.678688 	 283.323761 	 268.920074 	 4.721652 	 98480.132812 	 319.298035 
359 	 41.678688 	 283.323761 	 267.000732 	 3.011951 	 100094.000000 	 292.511078 
360 	 41.678688 	 283.323761 	 271.393768 	 5.421770 	 99173.070312 	 301.266785 
361 	 41.678688 	 283.323761 	 271.580994 	 2.935496 	 98700.460938 	 353.250854 
362 	 41.678688 	 283.323761 	 269.307556 	 2.037922 	 99116.843750 	 285.605988 
363 	 41.678688 	 283.323761 	 271.423157 	 2.372818 	 98016.210938 	 313.995850 
364 	 41.678688 	 283.323761 	 268.224304 	 2.929490 	 98930.773438 	 303.629517 
