# 0: Day of Year [-] 	 1: lat [deg] 	 2: lon [deg] 	 3: tas [K] 	 4: sfcWind [m s-1] 	 5: ps [Pa] 	 6: Total Downwelling Rad Flux [W m-2] 
0 	 41.678688 	 283.323761 	 273.154846 	 3.191312 	 96747.078125 	 364.132263 
1 	 41.678688 	 283.323761 	 266.700562 	 4.528916 	 97313.937500 	 291.023254 
2 	 41.678688 	 283.323761 	 265.978455 	 3.347096 	 98905.023438 	 294.166992 
3 	 41.678688 	 283.323761 	 266.449158 	 1.056242 	 100042.296875 	 309.954834 
4 	 41.678688 	 283.323761 	 269.349823 	 3.685143 	 100059.500000 	 292.714233 
5 	 41.678688 	 283.323761 	 273.315338 	 3.968120 	 99009.882812 	 316.092316 
6 	 41.678688 	 283.323761 	 266.045166 	 3.377802 	 99714.867188 	 293.263885 
7 	 41.678688 	 283.323761 	 265.738037 	 1.776285 	 100381.796875 	 314.153442 
8 	 41.678688 	 283.323761 	 270.330566 	 3.333972 	 99179.226562 	 361.269653 
9 	 41.678688 	 283.323761 	 269.076294 	 2.931834 	 98956.101562 	 323.188354 
10 	 41.678688 	 283.323761 	 273.311127 	 2.796805 	 97647.742188 	 297.211456 
11 	 41.678688 	 283.323761 	 268.924042 	 2.756635 	 97208.718750 	 321.573822 
12 	 41.678688 	 283.323761 	 263.872864 	 1.997135 	 97849.976562 	 279.811249 
13 	 41.678688 	 283.323761 	 266.014557 	 1.278244 	 98603.000000 	 329.974365 
14 	 41.678688 	 283.323761 	 269.086700 	 2.237812 	 98644.687500 	 324.191956 
15 	 41.678688 	 283.323761 	 270.331055 	 1.502538 	 99183.031250 	 331.117401 
16 	 41.678688 	 283.323761 	 274.896667 	 4.266959 	 99236.171875 	 346.042267 
17 	 41.678688 	 283.323761 	 281.205780 	 3.785683 	 98100.546875 	 341.340485 
18 	 41.678688 	 283.323761 	 272.566528 	 4.149430 	 97522.781250 	 361.992004 
19 	 41.678688 	 283.323761 	 272.184357 	 2.186152 	 98422.359375 	 339.503143 
20 	 41.678688 	 283.323761 	 271.464447 	 2.475016 	 97975.406250 	 326.923370 
21 	 41.678688 	 283.323761 	 270.454224 	 4.104008 	 97726.679688 	 332.457092 
22 	 41.678688 	 283.323761 	 274.644104 	 2.806962 	 97956.273438 	 359.340515 
23 	 41.678688 	 283.323761 	 274.873779 	 3.431573 	 97326.242188 	 366.652039 
24 	 41.678688 	 283.323761 	 274.124634 	 3.703358 	 96779.859375 	 326.339478 
25 	 41.678688 	 283.323761 	 270.231354 	 4.178311 	 97443.382812 	 356.737793 
26 	 41.678688 	 283.323761 	 267.507782 	 1.823273 	 99250.757812 	 330.110413 
27 	 41.678688 	 283.323761 	 273.503418 	 4.869190 	 99007.359375 	 328.174347 
28 	 41.678688 	 283.323761 	 275.985016 	 4.026866 	 96397.078125 	 320.768311 
29 	 41.678688 	 283.323761 	 271.213013 	 4.889052 	 96898.210938 	 354.951355 
30 	 41.678688 	 283.323761 	 271.214325 	 3.334058 	 98285.812500 	 351.797150 
31 	 41.678688 	 283.323761 	 273.543457 	 5.631885 	 97983.687500 	 380.505951 
32 	 41.678688 	 283.323761 	 265.819824 	 3.870341 	 99493.843750 	 333.194702 
33 	 41.678688 	 283.323761 	 263.987946 	 2.681258 	 100511.500000 	 325.897156 
34 	 41.678688 	 283.323761 	 265.278595 	 1.462698 	 100909.000000 	 334.830505 
35 	 41.678688 	 283.323761 	 272.379120 	 3.220601 	 99870.101562 	 367.464264 
36 	 41.678688 	 283.323761 	 274.553833 	 1.606703 	 99113.359375 	 388.964478 
37 	 41.678688 	 283.323761 	 272.740692 	 2.281896 	 98873.421875 	 392.979736 
38 	 41.678688 	 283.323761 	 275.358246 	 1.789706 	 99044.023438 	 373.339111 
39 	 41.678688 	 283.323761 	 275.495728 	 1.047620 	 98852.992188 	 315.036438 
40 	 41.678688 	 283.323761 	 275.136963 	 4.454726 	 98080.578125 	 349.963593 
41 	 41.678688 	 283.323761 	 273.370605 	 4.735952 	 96673.476562 	 336.900879 
42 	 41.678688 	 283.323761 	 270.280579 	 3.179581 	 97727.203125 	 407.219482 
43 	 41.678688 	 283.323761 	 273.595856 	 2.888169 	 98312.343750 	 306.072754 
44 	 41.678688 	 283.323761 	 275.582123 	 2.175236 	 97909.992188 	 398.236237 
45 	 41.678688 	 283.323761 	 275.810577 	 3.294206 	 98074.359375 	 406.652924 
46 	 41.678688 	 283.323761 	 272.128662 	 1.747924 	 99175.710938 	 358.795868 
47 	 41.678688 	 283.323761 	 275.785828 	 2.045886 	 98688.601562 	 374.127533 
48 	 41.678688 	 283.323761 	 281.146515 	 2.691628 	 97620.289062 	 388.773071 
49 	 41.678688 	 283.323761 	 276.534637 	 5.889096 	 96288.937500 	 417.463989 
50 	 41.678688 	 283.323761 	 264.734375 	 6.516217 	 97163.703125 	 350.245239 
51 	 41.678688 	 283.323761 	 266.314758 	 4.280678 	 98179.750000 	 314.986633 
52 	 41.678688 	 283.323761 	 269.571960 	 4.148577 	 98101.242188 	 389.673035 
53 	 41.678688 	 283.323761 	 268.473724 	 1.755556 	 98921.523438 	 381.375305 
54 	 41.678688 	 283.323761 	 269.861603 	 2.029821 	 99571.750000 	 361.873810 
55 	 41.678688 	 283.323761 	 269.619598 	 3.445728 	 98765.257812 	 358.067719 
56 	 41.678688 	 283.323761 	 269.979858 	 1.592402 	 98695.937500 	 414.481537 
57 	 41.678688 	 283.323761 	 275.750702 	 3.616940 	 98401.796875 	 345.680115 
58 	 41.678688 	 283.323761 	 271.172119 	 3.325668 	 97937.273438 	 449.596497 
59 	 41.678688 	 283.323761 	 266.571594 	 2.741914 	 98164.703125 	 292.785553 
60 	 41.678688 	 283.323761 	 271.116333 	 3.680051 	 98208.570312 	 460.563232 
61 	 41.678688 	 283.323761 	 265.430969 	 2.667809 	 99085.539062 	 372.240753 
62 	 41.678688 	 283.323761 	 276.172363 	 3.418432 	 98120.593750 	 419.221283 
63 	 41.678688 	 283.323761 	 274.713287 	 1.787227 	 98900.968750 	 457.025269 
64 	 41.678688 	 283.323761 	 276.652496 	 2.228124 	 98190.882812 	 370.594360 
65 	 41.678688 	 283.323761 	 274.396759 	 2.024282 	 97931.281250 	 338.150360 
66 	 41.678688 	 283.323761 	 273.499939 	 2.855498 	 97033.687500 	 330.475098 
67 	 41.678688 	 283.323761 	 270.975616 	 4.239506 	 97159.953125 	 376.847229 
68 	 41.678688 	 283.323761 	 271.443512 	 4.554159 	 97250.171875 	 396.973145 
69 	 41.678688 	 283.323761 	 268.726501 	 3.068506 	 98050.093750 	 426.664764 
70 	 41.678688 	 283.323761 	 268.437256 	 1.882012 	 98813.492188 	 430.131836 
71 	 41.678688 	 283.323761 	 271.653320 	 1.383261 	 98048.640625 	 391.703949 
72 	 41.678688 	 283.323761 	 270.823914 	 3.448401 	 97419.523438 	 406.472260 
73 	 41.678688 	 283.323761 	 268.829224 	 4.228860 	 98190.703125 	 452.116669 
74 	 41.678688 	 283.323761 	 275.396332 	 3.832510 	 98370.937500 	 392.943237 
75 	 41.678688 	 283.323761 	 273.321991 	 2.148566 	 99220.656250 	 456.286133 
76 	 41.678688 	 283.323761 	 278.788452 	 2.918819 	 98927.796875 	 454.374756 
77 	 41.678688 	 283.323761 	 280.026733 	 3.153492 	 98409.343750 	 481.391235 
78 	 41.678688 	 283.323761 	 276.386658 	 1.755158 	 98981.539062 	 453.705322 
79 	 41.678688 	 283.323761 	 277.718140 	 2.495204 	 99664.648438 	 392.379333 
80 	 41.678688 	 283.323761 	 285.722931 	 4.817349 	 98769.156250 	 458.005127 
81 	 41.678688 	 283.323761 	 281.252625 	 2.533505 	 98914.867188 	 498.786987 
82 	 41.678688 	 283.323761 	 284.240570 	 3.521074 	 98334.359375 	 470.908508 
83 	 41.678688 	 283.323761 	 275.795258 	 2.983343 	 98995.703125 	 489.896912 
84 	 41.678688 	 283.323761 	 276.415161 	 1.636232 	 99452.687500 	 496.761475 
85 	 41.678688 	 283.323761 	 282.212830 	 3.678818 	 98673.382812 	 364.340240 
86 	 41.678688 	 283.323761 	 283.384186 	 2.917211 	 98493.679688 	 502.842987 
87 	 41.678688 	 283.323761 	 278.022491 	 0.837669 	 99089.773438 	 380.029663 
88 	 41.678688 	 283.323761 	 276.000916 	 4.016405 	 99843.320312 	 439.326782 
89 	 41.678688 	 283.323761 	 282.937714 	 5.631975 	 98310.500000 	 459.778931 
90 	 41.678688 	 283.323761 	 278.021759 	 3.378242 	 97124.976562 	 465.657776 
91 	 41.678688 	 283.323761 	 275.839417 	 3.585516 	 97417.406250 	 377.684937 
92 	 41.678688 	 283.323761 	 274.205963 	 4.491724 	 97018.617188 	 524.101196 
93 	 41.678688 	 283.323761 	 275.316040 	 3.849572 	 98562.242188 	 432.075867 
94 	 41.678688 	 283.323761 	 277.442963 	 3.907701 	 98389.078125 	 472.544861 
95 	 41.678688 	 283.323761 	 271.213409 	 2.571803 	 99813.906250 	 473.121094 
96 	 41.678688 	 283.323761 	 279.546448 	 5.461643 	 99076.101562 	 365.786102 
97 	 41.678688 	 283.323761 	 277.391510 	 4.425645 	 97192.296875 	 522.921448 
98 	 41.678688 	 283.323761 	 276.474609 	 4.283444 	 97538.789062 	 530.757690 
99 	 41.678688 	 283.323761 	 277.942291 	 3.018774 	 98121.898438 	 385.571991 
100 	 41.678688 	 283.323761 	 286.045044 	 3.587771 	 97710.882812 	 385.718506 
101 	 41.678688 	 283.323761 	 282.594635 	 2.674612 	 97826.859375 	 591.617188 
102 	 41.678688 	 283.323761 	 281.707092 	 4.575694 	 97450.710938 	 580.456543 
103 	 41.678688 	 283.323761 	 275.521210 	 2.366358 	 98392.617188 	 411.508881 
104 	 41.678688 	 283.323761 	 284.511108 	 3.358881 	 98143.710938 	 588.317383 
105 	 41.678688 	 283.323761 	 290.522766 	 1.667600 	 98319.437500 	 546.839783 
106 	 41.678688 	 283.323761 	 289.679413 	 2.274357 	 99056.093750 	 474.989410 
107 	 41.678688 	 283.323761 	 293.949646 	 3.565825 	 98812.226562 	 605.577698 
108 	 41.678688 	 283.323761 	 296.661743 	 4.286213 	 98211.843750 	 655.978638 
109 	 41.678688 	 283.323761 	 288.143158 	 3.867877 	 98260.757812 	 404.730225 
110 	 41.678688 	 283.323761 	 279.482513 	 3.219607 	 98755.242188 	 452.841858 
111 	 41.678688 	 283.323761 	 277.119019 	 2.475093 	 99151.773438 	 541.629211 
112 	 41.678688 	 283.323761 	 279.745239 	 1.305385 	 98780.382812 	 437.865173 
113 	 41.678688 	 283.323761 	 284.853455 	 3.974360 	 98044.492188 	 536.636353 
114 	 41.678688 	 283.323761 	 289.955170 	 2.458433 	 97764.882812 	 578.828979 
115 	 41.678688 	 283.323761 	 291.178619 	 2.307124 	 97589.523438 	 636.191528 
116 	 41.678688 	 283.323761 	 289.586578 	 3.137788 	 97962.257812 	 528.087769 
117 	 41.678688 	 283.323761 	 287.902557 	 3.758386 	 97791.726562 	 620.117188 
118 	 41.678688 	 283.323761 	 279.467926 	 3.067083 	 98353.406250 	 569.931458 
119 	 41.678688 	 283.323761 	 279.226624 	 3.147472 	 98438.929688 	 589.116699 
120 	 41.678688 	 283.323761 	 278.052765 	 3.623543 	 99039.046875 	 571.931274 
121 	 41.678688 	 283.323761 	 279.891174 	 2.133692 	 99279.156250 	 573.964844 
122 	 41.678688 	 283.323761 	 282.886383 	 1.668278 	 99155.593750 	 527.895203 
123 	 41.678688 	 283.323761 	 288.237701 	 3.407404 	 98413.601562 	 530.154663 
124 	 41.678688 	 283.323761 	 285.563690 	 2.190832 	 98687.148438 	 610.393799 
125 	 41.678688 	 283.323761 	 285.064789 	 3.432340 	 97994.156250 	 567.784790 
126 	 41.678688 	 283.323761 	 278.826935 	 4.078346 	 98269.226562 	 561.821411 
127 	 41.678688 	 283.323761 	 280.783112 	 4.098225 	 98467.203125 	 603.765991 
128 	 41.678688 	 283.323761 	 284.937775 	 2.692421 	 98379.039062 	 607.024536 
129 	 41.678688 	 283.323761 	 287.620850 	 2.321404 	 98264.328125 	 620.090332 
130 	 41.678688 	 283.323761 	 283.890472 	 3.051070 	 98818.273438 	 606.716675 
131 	 41.678688 	 283.323761 	 280.181641 	 1.917776 	 99520.437500 	 585.321045 
132 	 41.678688 	 283.323761 	 289.689240 	 3.356894 	 98915.531250 	 629.302551 
133 	 41.678688 	 283.323761 	 296.107574 	 2.173108 	 98333.343750 	 667.611084 
134 	 41.678688 	 283.323761 	 298.171478 	 3.166965 	 98086.367188 	 665.965576 
135 	 41.678688 	 283.323761 	 296.235687 	 2.738845 	 98332.773438 	 688.513306 
136 	 41.678688 	 283.323761 	 295.112213 	 1.845992 	 98607.203125 	 553.857422 
137 	 41.678688 	 283.323761 	 295.406738 	 3.178758 	 98496.007812 	 663.073853 
138 	 41.678688 	 283.323761 	 286.394745 	 4.283896 	 98389.476562 	 624.915649 
139 	 41.678688 	 283.323761 	 284.527496 	 2.010837 	 98894.429688 	 626.064331 
140 	 41.678688 	 283.323761 	 288.833405 	 4.336628 	 97961.039062 	 577.325562 
141 	 41.678688 	 283.323761 	 282.796570 	 4.818302 	 97273.351562 	 521.839722 
142 	 41.678688 	 283.323761 	 278.266937 	 4.317751 	 97885.148438 	 590.604126 
143 	 41.678688 	 283.323761 	 283.269409 	 5.207242 	 97781.921875 	 581.901001 
144 	 41.678688 	 283.323761 	 289.445465 	 4.912415 	 97722.007812 	 459.829987 
145 	 41.678688 	 283.323761 	 281.163208 	 3.255943 	 98953.773438 	 470.190094 
146 	 41.678688 	 283.323761 	 280.970581 	 2.414542 	 99481.937500 	 538.424805 
147 	 41.678688 	 283.323761 	 281.886414 	 1.577414 	 99235.570312 	 624.922180 
148 	 41.678688 	 283.323761 	 286.197815 	 0.940112 	 99239.968750 	 642.808228 
149 	 41.678688 	 283.323761 	 289.640137 	 3.158827 	 99025.773438 	 660.824341 
150 	 41.678688 	 283.323761 	 291.051575 	 1.593538 	 98502.023438 	 523.493713 
151 	 41.678688 	 283.323761 	 293.219086 	 0.678101 	 98553.703125 	 666.247681 
152 	 41.678688 	 283.323761 	 293.664703 	 2.294249 	 98513.601562 	 689.269836 
153 	 41.678688 	 283.323761 	 292.728424 	 2.839618 	 98096.101562 	 644.377197 
154 	 41.678688 	 283.323761 	 294.684723 	 3.017745 	 97966.109375 	 718.215576 
155 	 41.678688 	 283.323761 	 292.077423 	 1.549668 	 98842.218750 	 672.201843 
156 	 41.678688 	 283.323761 	 295.170654 	 4.987745 	 98781.296875 	 659.967163 
157 	 41.678688 	 283.323761 	 295.749603 	 4.573514 	 98145.953125 	 622.056213 
158 	 41.678688 	 283.323761 	 293.799286 	 1.977821 	 98883.007812 	 685.635620 
159 	 41.678688 	 283.323761 	 293.098114 	 2.738211 	 99212.679688 	 679.156128 
160 	 41.678688 	 283.323761 	 293.309174 	 3.704674 	 98993.312500 	 639.254639 
161 	 41.678688 	 283.323761 	 297.132538 	 4.160503 	 98099.656250 	 727.913269 
162 	 41.678688 	 283.323761 	 288.661316 	 4.712421 	 98528.367188 	 676.167114 
163 	 41.678688 	 283.323761 	 286.232971 	 2.228737 	 99418.343750 	 647.329102 
164 	 41.678688 	 283.323761 	 289.447723 	 4.342808 	 99181.679688 	 653.302856 
165 	 41.678688 	 283.323761 	 295.952698 	 5.326517 	 97950.312500 	 569.224304 
166 	 41.678688 	 283.323761 	 297.097931 	 3.877622 	 97172.859375 	 712.260254 
167 	 41.678688 	 283.323761 	 295.637512 	 3.378977 	 97805.031250 	 692.868652 
168 	 41.678688 	 283.323761 	 290.804474 	 2.166143 	 98529.296875 	 629.493774 
169 	 41.678688 	 283.323761 	 294.707123 	 3.564242 	 98350.093750 	 687.481079 
170 	 41.678688 	 283.323761 	 299.620819 	 3.292234 	 97674.523438 	 740.904602 
171 	 41.678688 	 283.323761 	 296.841827 	 2.831391 	 97366.000000 	 554.989990 
172 	 41.678688 	 283.323761 	 294.352203 	 1.711334 	 98284.117188 	 664.079590 
173 	 41.678688 	 283.323761 	 296.005280 	 2.015063 	 98676.960938 	 682.790405 
174 	 41.678688 	 283.323761 	 297.662720 	 0.913970 	 98860.710938 	 688.147217 
175 	 41.678688 	 283.323761 	 300.931091 	 2.547230 	 98620.421875 	 735.243103 
176 	 41.678688 	 283.323761 	 301.444244 	 3.652390 	 98368.460938 	 728.055420 
177 	 41.678688 	 283.323761 	 299.889679 	 2.521739 	 98279.101562 	 738.607422 
178 	 41.678688 	 283.323761 	 295.068329 	 2.919081 	 98598.070312 	 692.349060 
179 	 41.678688 	 283.323761 	 293.801239 	 2.261871 	 99180.507812 	 695.684265 
180 	 41.678688 	 283.323761 	 295.419647 	 1.286121 	 99485.296875 	 697.529663 
181 	 41.678688 	 283.323761 	 298.990906 	 3.923195 	 99222.843750 	 706.325562 
182 	 41.678688 	 283.323761 	 299.194031 	 2.764301 	 98977.007812 	 705.261292 
183 	 41.678688 	 283.323761 	 297.803406 	 2.764287 	 98838.273438 	 537.369690 
184 	 41.678688 	 283.323761 	 298.002136 	 3.310923 	 98437.976562 	 680.610107 
185 	 41.678688 	 283.323761 	 295.043457 	 2.358781 	 98657.656250 	 674.300903 
186 	 41.678688 	 283.323761 	 295.912354 	 1.277382 	 98677.507812 	 707.127441 
187 	 41.678688 	 283.323761 	 297.821289 	 2.875700 	 98388.187500 	 721.049622 
188 	 41.678688 	 283.323761 	 293.391907 	 1.131736 	 98447.156250 	 659.533752 
189 	 41.678688 	 283.323761 	 293.162323 	 1.426697 	 98445.937500 	 530.890076 
190 	 41.678688 	 283.323761 	 292.657776 	 1.825619 	 98576.500000 	 680.394165 
191 	 41.678688 	 283.323761 	 294.192444 	 2.111319 	 98525.351562 	 695.402466 
192 	 41.678688 	 283.323761 	 299.784424 	 3.581526 	 98103.851562 	 723.351318 
193 	 41.678688 	 283.323761 	 298.278168 	 2.915864 	 97854.468750 	 522.644714 
194 	 41.678688 	 283.323761 	 296.403748 	 2.378948 	 98087.351562 	 705.300171 
195 	 41.678688 	 283.323761 	 298.616791 	 2.927893 	 98109.507812 	 718.938660 
196 	 41.678688 	 283.323761 	 296.491791 	 2.639871 	 98368.429688 	 704.778931 
197 	 41.678688 	 283.323761 	 294.498047 	 1.398148 	 98663.070312 	 654.174561 
198 	 41.678688 	 283.323761 	 293.405609 	 2.491668 	 98928.296875 	 683.174133 
199 	 41.678688 	 283.323761 	 294.147827 	 0.551471 	 98839.828125 	 692.876099 
200 	 41.678688 	 283.323761 	 296.658569 	 1.383186 	 98675.296875 	 680.534180 
201 	 41.678688 	 283.323761 	 299.276093 	 3.826011 	 98093.773438 	 651.748047 
202 	 41.678688 	 283.323761 	 299.713531 	 4.629488 	 97450.796875 	 610.765137 
203 	 41.678688 	 283.323761 	 289.727295 	 3.555292 	 98183.460938 	 644.932739 
204 	 41.678688 	 283.323761 	 291.257996 	 1.510350 	 98811.617188 	 633.197266 
205 	 41.678688 	 283.323761 	 292.954010 	 2.959078 	 98440.078125 	 618.057129 
206 	 41.678688 	 283.323761 	 288.881744 	 1.954229 	 98679.710938 	 566.910767 
207 	 41.678688 	 283.323761 	 291.909271 	 3.696495 	 98655.406250 	 557.499634 
208 	 41.678688 	 283.323761 	 298.065796 	 3.612983 	 98140.476562 	 697.128418 
209 	 41.678688 	 283.323761 	 294.548859 	 2.509116 	 98439.273438 	 495.957397 
210 	 41.678688 	 283.323761 	 290.120667 	 1.249149 	 99111.382812 	 647.107544 
211 	 41.678688 	 283.323761 	 292.167603 	 1.146107 	 99152.273438 	 615.584412 
212 	 41.678688 	 283.323761 	 296.771545 	 2.312329 	 98539.773438 	 599.750488 
213 	 41.678688 	 283.323761 	 297.106232 	 4.565758 	 97956.273438 	 580.399475 
214 	 41.678688 	 283.323761 	 291.126343 	 3.105756 	 98385.953125 	 635.798584 
215 	 41.678688 	 283.323761 	 289.849121 	 2.783617 	 98473.257812 	 542.608154 
216 	 41.678688 	 283.323761 	 290.831177 	 1.928419 	 98456.601562 	 659.289673 
217 	 41.678688 	 283.323761 	 290.188751 	 1.556950 	 98881.343750 	 530.544312 
218 	 41.678688 	 283.323761 	 294.725220 	 2.526066 	 98922.156250 	 567.671570 
219 	 41.678688 	 283.323761 	 299.033478 	 2.776790 	 98478.640625 	 691.091187 
220 	 41.678688 	 283.323761 	 294.040253 	 4.090125 	 98511.062500 	 603.129578 
221 	 41.678688 	 283.323761 	 292.403015 	 1.758663 	 99176.437500 	 644.036987 
222 	 41.678688 	 283.323761 	 295.750092 	 3.861622 	 98666.187500 	 556.620972 
223 	 41.678688 	 283.323761 	 299.822876 	 3.536035 	 98140.742188 	 663.396118 
224 	 41.678688 	 283.323761 	 302.517334 	 2.541716 	 97877.218750 	 645.806458 
225 	 41.678688 	 283.323761 	 302.982941 	 3.586323 	 97814.531250 	 685.677734 
226 	 41.678688 	 283.323761 	 292.266510 	 3.564015 	 98372.242188 	 605.796753 
227 	 41.678688 	 283.323761 	 290.743286 	 1.282754 	 98988.820312 	 626.189819 
228 	 41.678688 	 283.323761 	 293.523376 	 2.316922 	 98974.843750 	 640.975952 
229 	 41.678688 	 283.323761 	 296.871704 	 2.484154 	 99004.226562 	 669.533875 
230 	 41.678688 	 283.323761 	 295.721405 	 4.301310 	 99004.093750 	 649.128418 
231 	 41.678688 	 283.323761 	 296.398285 	 4.803691 	 98271.609375 	 614.940552 
232 	 41.678688 	 283.323761 	 292.351166 	 1.985739 	 98498.531250 	 528.724548 
233 	 41.678688 	 283.323761 	 290.048859 	 1.590106 	 98695.492188 	 419.782959 
234 	 41.678688 	 283.323761 	 292.377350 	 1.856884 	 98939.101562 	 638.806885 
235 	 41.678688 	 283.323761 	 293.695129 	 2.729611 	 98778.843750 	 633.083557 
236 	 41.678688 	 283.323761 	 294.571045 	 2.255604 	 98732.937500 	 631.924805 
237 	 41.678688 	 283.323761 	 295.492493 	 2.478521 	 98938.460938 	 524.161194 
238 	 41.678688 	 283.323761 	 293.948334 	 1.244202 	 99423.148438 	 661.171814 
239 	 41.678688 	 283.323761 	 295.953583 	 1.198868 	 99307.500000 	 613.945129 
240 	 41.678688 	 283.323761 	 295.962189 	 2.610747 	 98720.421875 	 527.920227 
241 	 41.678688 	 283.323761 	 296.916626 	 3.323925 	 98210.859375 	 629.450745 
242 	 41.678688 	 283.323761 	 294.488434 	 2.791094 	 97896.406250 	 532.220947 
243 	 41.678688 	 283.323761 	 287.893768 	 1.899163 	 98975.960938 	 553.126465 
244 	 41.678688 	 283.323761 	 287.966888 	 0.994566 	 99372.937500 	 592.259644 
245 	 41.678688 	 283.323761 	 290.448212 	 2.045542 	 99270.460938 	 594.670837 
246 	 41.678688 	 283.323761 	 292.157562 	 2.281982 	 99187.406250 	 589.721924 
247 	 41.678688 	 283.323761 	 293.552643 	 2.084582 	 99136.968750 	 633.464355 
248 	 41.678688 	 283.323761 	 293.824036 	 2.884647 	 98777.023438 	 600.304810 
249 	 41.678688 	 283.323761 	 295.593933 	 2.880198 	 98801.656250 	 605.521851 
250 	 41.678688 	 283.323761 	 297.379150 	 3.366732 	 98646.843750 	 584.259399 
251 	 41.678688 	 283.323761 	 295.730988 	 1.200127 	 98729.796875 	 601.542480 
252 	 41.678688 	 283.323761 	 297.961945 	 3.077725 	 98691.882812 	 574.898071 
253 	 41.678688 	 283.323761 	 296.879883 	 3.570164 	 98194.890625 	 564.555176 
254 	 41.678688 	 283.323761 	 288.894653 	 1.579603 	 98886.453125 	 555.482178 
255 	 41.678688 	 283.323761 	 290.806305 	 2.335347 	 99026.507812 	 574.524048 
256 	 41.678688 	 283.323761 	 290.856201 	 2.762831 	 98771.078125 	 567.728577 
257 	 41.678688 	 283.323761 	 287.193176 	 2.821664 	 99277.078125 	 540.749207 
258 	 41.678688 	 283.323761 	 296.736816 	 4.595338 	 98334.617188 	 581.117493 
259 	 41.678688 	 283.323761 	 296.316315 	 2.236282 	 98833.828125 	 575.916870 
260 	 41.678688 	 283.323761 	 299.657043 	 2.825433 	 98526.718750 	 615.187866 
261 	 41.678688 	 283.323761 	 291.484467 	 4.270180 	 98294.289062 	 563.389404 
262 	 41.678688 	 283.323761 	 285.710541 	 3.533970 	 99098.437500 	 526.083862 
263 	 41.678688 	 283.323761 	 287.980743 	 2.877195 	 99165.492188 	 517.955627 
264 	 41.678688 	 283.323761 	 295.964386 	 3.097169 	 98710.273438 	 553.311462 
265 	 41.678688 	 283.323761 	 297.704102 	 2.207181 	 98961.093750 	 572.257751 
266 	 41.678688 	 283.323761 	 296.096710 	 1.782641 	 98932.906250 	 587.077332 
267 	 41.678688 	 283.323761 	 298.769714 	 1.929395 	 99101.507812 	 591.768616 
268 	 41.678688 	 283.323761 	 299.711426 	 1.388412 	 99571.882812 	 604.805420 
269 	 41.678688 	 283.323761 	 299.474792 	 1.595061 	 99569.570312 	 580.410583 
270 	 41.678688 	 283.323761 	 294.235596 	 2.561195 	 99282.992188 	 547.721741 
271 	 41.678688 	 283.323761 	 286.917114 	 2.774205 	 99611.359375 	 506.062378 
272 	 41.678688 	 283.323761 	 287.091003 	 1.614297 	 99529.406250 	 506.217041 
273 	 41.678688 	 283.323761 	 289.005066 	 1.070062 	 99304.000000 	 506.389587 
274 	 41.678688 	 283.323761 	 295.030975 	 1.681051 	 98890.523438 	 509.226990 
275 	 41.678688 	 283.323761 	 297.694366 	 2.039889 	 98598.398438 	 547.513428 
276 	 41.678688 	 283.323761 	 297.217194 	 0.893566 	 99070.187500 	 549.501160 
277 	 41.678688 	 283.323761 	 296.598450 	 2.773144 	 99117.882812 	 573.602905 
278 	 41.678688 	 283.323761 	 298.348267 	 2.487192 	 98851.976562 	 538.789917 
279 	 41.678688 	 283.323761 	 299.005157 	 2.407616 	 98526.507812 	 547.487915 
280 	 41.678688 	 283.323761 	 295.516083 	 1.513533 	 98874.343750 	 505.221832 
281 	 41.678688 	 283.323761 	 293.017151 	 4.513076 	 99183.953125 	 530.466064 
282 	 41.678688 	 283.323761 	 288.890106 	 3.491478 	 98429.742188 	 450.980286 
283 	 41.678688 	 283.323761 	 282.766235 	 2.853529 	 98172.953125 	 439.441376 
284 	 41.678688 	 283.323761 	 286.254333 	 3.793096 	 98305.679688 	 458.974976 
285 	 41.678688 	 283.323761 	 288.767365 	 1.762316 	 98672.750000 	 455.247955 
286 	 41.678688 	 283.323761 	 292.522949 	 3.840587 	 97973.226562 	 492.448120 
287 	 41.678688 	 283.323761 	 286.073181 	 3.175484 	 97062.406250 	 481.353790 
288 	 41.678688 	 283.323761 	 279.707642 	 4.657994 	 96820.273438 	 436.260773 
289 	 41.678688 	 283.323761 	 275.871521 	 3.746702 	 97753.960938 	 389.816711 
290 	 41.678688 	 283.323761 	 277.305267 	 3.357806 	 99236.421875 	 413.225403 
291 	 41.678688 	 283.323761 	 277.465729 	 2.673554 	 100252.898438 	 381.289734 
292 	 41.678688 	 283.323761 	 282.763733 	 2.272823 	 99830.398438 	 419.110291 
293 	 41.678688 	 283.323761 	 285.397034 	 1.950332 	 99533.023438 	 471.304352 
294 	 41.678688 	 283.323761 	 286.997650 	 2.340877 	 98926.218750 	 455.034088 
295 	 41.678688 	 283.323761 	 285.700195 	 1.415287 	 99264.656250 	 432.021759 
296 	 41.678688 	 283.323761 	 283.560791 	 3.013108 	 99508.617188 	 432.264252 
297 	 41.678688 	 283.323761 	 288.021088 	 3.508200 	 98904.976562 	 442.345245 
298 	 41.678688 	 283.323761 	 285.222412 	 1.947059 	 98759.703125 	 446.073242 
299 	 41.678688 	 283.323761 	 282.010590 	 1.728459 	 99390.273438 	 434.955902 
300 	 41.678688 	 283.323761 	 281.328766 	 3.240016 	 99380.507812 	 385.677277 
301 	 41.678688 	 283.323761 	 288.135742 	 3.128757 	 98724.906250 	 479.308899 
302 	 41.678688 	 283.323761 	 285.315735 	 1.245836 	 99191.109375 	 420.272095 
303 	 41.678688 	 283.323761 	 289.107147 	 1.636590 	 99385.421875 	 436.897339 
304 	 41.678688 	 283.323761 	 284.754425 	 2.069301 	 99731.367188 	 426.425720 
305 	 41.678688 	 283.323761 	 284.419769 	 3.369606 	 100167.101562 	 439.061615 
306 	 41.678688 	 283.323761 	 287.902069 	 3.540500 	 99676.250000 	 430.976868 
307 	 41.678688 	 283.323761 	 291.406799 	 4.959711 	 98901.632812 	 427.800201 
308 	 41.678688 	 283.323761 	 284.152069 	 3.304477 	 99041.703125 	 430.653992 
309 	 41.678688 	 283.323761 	 279.728516 	 1.864601 	 99910.023438 	 408.068604 
310 	 41.678688 	 283.323761 	 285.660431 	 4.496010 	 99322.007812 	 399.985474 
311 	 41.678688 	 283.323761 	 285.985138 	 2.761780 	 98881.289062 	 422.939606 
312 	 41.678688 	 283.323761 	 279.366943 	 2.884444 	 99731.546875 	 371.171082 
313 	 41.678688 	 283.323761 	 278.751740 	 1.966794 	 100761.703125 	 422.487305 
314 	 41.678688 	 283.323761 	 276.938782 	 0.579184 	 100514.601562 	 392.373047 
315 	 41.678688 	 283.323761 	 279.817047 	 0.463275 	 100015.296875 	 391.574280 
316 	 41.678688 	 283.323761 	 282.833405 	 2.627373 	 99814.179688 	 400.575134 
317 	 41.678688 	 283.323761 	 288.080688 	 3.813033 	 99481.296875 	 422.767273 
318 	 41.678688 	 283.323761 	 289.703033 	 4.236064 	 99357.937500 	 447.266510 
319 	 41.678688 	 283.323761 	 289.657715 	 4.180646 	 99442.203125 	 441.459595 
320 	 41.678688 	 283.323761 	 290.032654 	 4.823346 	 99177.398438 	 435.855621 
321 	 41.678688 	 283.323761 	 278.263367 	 3.240303 	 99569.476562 	 390.094238 
322 	 41.678688 	 283.323761 	 277.013672 	 2.839230 	 99465.617188 	 354.485474 
323 	 41.678688 	 283.323761 	 275.395233 	 3.579750 	 98685.382812 	 364.265686 
324 	 41.678688 	 283.323761 	 273.791199 	 2.559755 	 99620.500000 	 346.508606 
325 	 41.678688 	 283.323761 	 281.930328 	 4.168285 	 99505.773438 	 368.511536 
326 	 41.678688 	 283.323761 	 288.448883 	 4.789441 	 97839.523438 	 405.141388 
327 	 41.678688 	 283.323761 	 278.595001 	 4.165053 	 96497.039062 	 403.595459 
328 	 41.678688 	 283.323761 	 271.872009 	 4.186303 	 97158.773438 	 317.661377 
329 	 41.678688 	 283.323761 	 274.055481 	 3.826477 	 97232.617188 	 328.852875 
330 	 41.678688 	 283.323761 	 279.524506 	 3.699727 	 97411.546875 	 354.636353 
331 	 41.678688 	 283.323761 	 278.739929 	 2.414957 	 98481.187500 	 359.896332 
332 	 41.678688 	 283.323761 	 278.101196 	 1.904857 	 99098.906250 	 345.037048 
333 	 41.678688 	 283.323761 	 279.741089 	 1.773324 	 98927.859375 	 360.577881 
334 	 41.678688 	 283.323761 	 276.798096 	 3.823345 	 98376.460938 	 383.536224 
335 	 41.678688 	 283.323761 	 269.888916 	 3.082309 	 99511.796875 	 314.366821 
336 	 41.678688 	 283.323761 	 268.156067 	 1.368646 	 100372.601562 	 310.427490 
337 	 41.678688 	 283.323761 	 271.455078 	 1.995986 	 100394.703125 	 347.946899 
338 	 41.678688 	 283.323761 	 280.726837 	 4.751846 	 99360.406250 	 358.177948 
339 	 41.678688 	 283.323761 	 281.856110 	 5.128296 	 96327.703125 	 375.989380 
340 	 41.678688 	 283.323761 	 273.341888 	 5.379129 	 96988.710938 	 371.498779 
341 	 41.678688 	 283.323761 	 272.289978 	 1.970147 	 98671.390625 	 350.431793 
342 	 41.678688 	 283.323761 	 273.424744 	 2.685143 	 98206.296875 	 355.474304 
343 	 41.678688 	 283.323761 	 269.392151 	 2.367641 	 98743.640625 	 318.091125 
344 	 41.678688 	 283.323761 	 275.917999 	 3.182942 	 97743.656250 	 346.768036 
345 	 41.678688 	 283.323761 	 285.108124 	 4.774564 	 96517.726562 	 379.840363 
346 	 41.678688 	 283.323761 	 269.845154 	 3.766743 	 98265.976562 	 347.850464 
347 	 41.678688 	 283.323761 	 267.126404 	 1.192223 	 100268.601562 	 309.129150 
348 	 41.678688 	 283.323761 	 269.781006 	 1.797606 	 101292.203125 	 299.985260 
349 	 41.678688 	 283.323761 	 277.083618 	 4.771039 	 101021.398438 	 330.231598 
350 	 41.678688 	 283.323761 	 286.879395 	 2.991090 	 99278.570312 	 387.415527 
351 	 41.678688 	 283.323761 	 279.654327 	 2.110262 	 99204.867188 	 359.221710 
352 	 41.678688 	 283.323761 	 286.881409 	 5.036744 	 97738.593750 	 402.237244 
353 	 41.678688 	 283.323761 	 274.138641 	 3.989314 	 97250.539062 	 352.660461 
354 	 41.678688 	 283.323761 	 268.544434 	 3.173432 	 97995.203125 	 296.487305 
355 	 41.678688 	 283.323761 	 269.067902 	 2.539885 	 98897.078125 	 303.021118 
356 	 41.678688 	 283.323761 	 276.717529 	 5.357134 	 98596.093750 	 341.115326 
357 	 41.678688 	 283.323761 	 276.633240 	 2.543111 	 98327.960938 	 345.472046 
358 	 41.678688 	 283.323761 	 270.958344 	 2.780630 	 97553.781250 	 350.436676 
359 	 41.678688 	 283.323761 	 269.700012 	 1.264164 	 98605.671875 	 321.006104 
360 	 41.678688 	 283.323761 	 266.311279 	 3.168104 	 99093.343750 	 310.988342 
361 	 41.678688 	 283.323761 	 267.865021 	 3.903964 	 98396.429688 	 305.614136 
362 	 41.678688 	 283.323761 	 270.289520 	 2.465864 	 98724.328125 	 285.939667 
363 	 41.678688 	 283.323761 	 271.325287 	 3.112167 	 99036.703125 	 318.446228 
364 	 41.678688 	 283.323761 	 270.745270 	 2.548771 	 99549.273438 	 313.660583 
