# 0: Day of Year [-] 	 1: lat [deg] 	 2: lon [deg] 	 3: tas [K] 	 4: sfcWind [m s-1] 	 5: ps [Pa] 	 6: Total Downwelling Rad Flux [W m-2] 
0 	 41.678688 	 283.323761 	 276.062286 	 2.872089 	 98813.921875 	 336.551636 
1 	 41.678688 	 283.323761 	 275.811737 	 2.320365 	 98977.226562 	 353.674561 
2 	 41.678688 	 283.323761 	 270.630829 	 1.758414 	 99352.156250 	 283.773926 
3 	 41.678688 	 283.323761 	 270.757019 	 2.132928 	 99347.843750 	 317.773224 
4 	 41.678688 	 283.323761 	 271.869171 	 1.724771 	 99989.523438 	 337.108124 
5 	 41.678688 	 283.323761 	 274.531281 	 3.657766 	 99816.476562 	 336.646057 
6 	 41.678688 	 283.323761 	 282.004608 	 4.104725 	 98930.726562 	 348.088623 
7 	 41.678688 	 283.323761 	 277.230988 	 3.807435 	 98047.757812 	 323.367584 
8 	 41.678688 	 283.323761 	 273.685577 	 2.633804 	 98992.453125 	 334.236938 
9 	 41.678688 	 283.323761 	 271.021515 	 0.740207 	 99292.210938 	 304.479767 
10 	 41.678688 	 283.323761 	 271.448883 	 2.278559 	 98538.789062 	 322.645905 
11 	 41.678688 	 283.323761 	 275.094666 	 2.829986 	 98235.742188 	 348.622131 
12 	 41.678688 	 283.323761 	 274.221100 	 2.785651 	 98713.453125 	 359.309631 
13 	 41.678688 	 283.323761 	 275.454681 	 3.935349 	 97950.382812 	 332.756866 
14 	 41.678688 	 283.323761 	 271.292938 	 3.372820 	 98492.539062 	 331.955139 
15 	 41.678688 	 283.323761 	 273.578949 	 1.537762 	 98542.312500 	 310.357910 
16 	 41.678688 	 283.323761 	 273.009216 	 2.488879 	 98094.601562 	 355.085327 
17 	 41.678688 	 283.323761 	 271.749298 	 3.492629 	 97407.992188 	 358.889221 
18 	 41.678688 	 283.323761 	 271.288696 	 2.980327 	 97185.843750 	 341.860840 
19 	 41.678688 	 283.323761 	 268.587311 	 3.964601 	 97595.882812 	 309.934235 
20 	 41.678688 	 283.323761 	 267.935150 	 4.787205 	 97566.976562 	 321.137726 
21 	 41.678688 	 283.323761 	 268.139801 	 3.897320 	 98097.562500 	 354.413177 
22 	 41.678688 	 283.323761 	 267.125458 	 1.909170 	 98853.750000 	 318.302582 
23 	 41.678688 	 283.323761 	 266.921417 	 0.896443 	 99120.406250 	 309.973694 
24 	 41.678688 	 283.323761 	 268.119507 	 2.116188 	 99424.117188 	 333.345520 
25 	 41.678688 	 283.323761 	 269.032959 	 2.332059 	 100084.796875 	 305.123901 
26 	 41.678688 	 283.323761 	 278.431732 	 3.011054 	 99371.570312 	 357.982910 
27 	 41.678688 	 283.323761 	 280.208893 	 3.798225 	 98119.351562 	 342.360931 
28 	 41.678688 	 283.323761 	 275.373383 	 4.539571 	 97582.500000 	 361.403656 
29 	 41.678688 	 283.323761 	 274.959869 	 2.309468 	 98150.367188 	 356.009857 
30 	 41.678688 	 283.323761 	 280.281036 	 5.325901 	 98086.921875 	 355.963837 
31 	 41.678688 	 283.323761 	 273.698395 	 4.132402 	 98565.750000 	 380.854187 
32 	 41.678688 	 283.323761 	 271.502869 	 1.163251 	 100267.000000 	 328.909424 
33 	 41.678688 	 283.323761 	 275.503540 	 3.124116 	 100197.500000 	 390.046051 
34 	 41.678688 	 283.323761 	 286.603485 	 4.917138 	 98746.890625 	 450.870911 
35 	 41.678688 	 283.323761 	 281.228607 	 1.222661 	 99171.062500 	 412.672028 
36 	 41.678688 	 283.323761 	 282.643921 	 3.465607 	 99475.617188 	 419.799744 
37 	 41.678688 	 283.323761 	 287.124207 	 5.233559 	 98952.000000 	 441.165955 
38 	 41.678688 	 283.323761 	 278.450531 	 3.651873 	 99318.617188 	 413.693115 
39 	 41.678688 	 283.323761 	 272.471436 	 2.803215 	 100145.703125 	 310.102386 
40 	 41.678688 	 283.323761 	 275.767456 	 1.270823 	 99480.343750 	 345.935852 
41 	 41.678688 	 283.323761 	 273.480316 	 2.596452 	 99298.757812 	 425.533600 
42 	 41.678688 	 283.323761 	 270.475555 	 1.547316 	 99156.406250 	 295.535553 
43 	 41.678688 	 283.323761 	 272.022705 	 2.179302 	 98975.156250 	 410.555481 
44 	 41.678688 	 283.323761 	 274.390228 	 1.635818 	 98807.742188 	 415.381104 
45 	 41.678688 	 283.323761 	 276.066589 	 2.229618 	 98906.453125 	 409.236877 
46 	 41.678688 	 283.323761 	 274.830261 	 2.405615 	 99544.453125 	 332.307251 
47 	 41.678688 	 283.323761 	 276.723816 	 3.093873 	 98204.789062 	 410.697418 
48 	 41.678688 	 283.323761 	 275.454102 	 4.063281 	 98239.148438 	 404.639465 
49 	 41.678688 	 283.323761 	 279.293457 	 3.907567 	 98195.328125 	 381.740997 
50 	 41.678688 	 283.323761 	 273.237701 	 2.108901 	 99547.750000 	 382.337616 
51 	 41.678688 	 283.323761 	 280.385559 	 3.890386 	 98764.820312 	 360.105011 
52 	 41.678688 	 283.323761 	 279.526947 	 4.206201 	 97136.593750 	 430.563446 
53 	 41.678688 	 283.323761 	 277.103943 	 2.738440 	 98809.296875 	 426.218445 
54 	 41.678688 	 283.323761 	 282.151031 	 3.752011 	 98974.773438 	 438.142975 
55 	 41.678688 	 283.323761 	 279.330048 	 1.212976 	 99924.820312 	 416.166718 
56 	 41.678688 	 283.323761 	 282.171783 	 2.915629 	 99904.390625 	 395.753906 
57 	 41.678688 	 283.323761 	 283.255005 	 5.078394 	 98483.062500 	 398.006958 
58 	 41.678688 	 283.323761 	 275.126251 	 4.666088 	 98073.101562 	 370.366699 
59 	 41.678688 	 283.323761 	 279.263184 	 2.757062 	 98437.273438 	 450.795044 
60 	 41.678688 	 283.323761 	 280.116669 	 2.343116 	 98592.289062 	 388.313568 
61 	 41.678688 	 283.323761 	 283.696533 	 4.749974 	 98255.531250 	 383.220978 
62 	 41.678688 	 283.323761 	 282.717987 	 3.234141 	 96554.406250 	 499.533539 
63 	 41.678688 	 283.323761 	 279.289856 	 3.128911 	 96143.843750 	 389.920563 
64 	 41.678688 	 283.323761 	 279.289368 	 3.165251 	 96562.171875 	 423.504395 
65 	 41.678688 	 283.323761 	 278.129944 	 2.230389 	 97016.882812 	 387.734436 
66 	 41.678688 	 283.323761 	 275.881897 	 2.943615 	 97293.906250 	 411.993286 
67 	 41.678688 	 283.323761 	 271.775513 	 3.643791 	 98424.328125 	 459.586609 
68 	 41.678688 	 283.323761 	 273.748108 	 2.326373 	 99310.250000 	 444.163452 
69 	 41.678688 	 283.323761 	 276.080200 	 2.700510 	 99506.156250 	 404.772156 
70 	 41.678688 	 283.323761 	 281.671967 	 3.750320 	 98164.906250 	 372.155518 
71 	 41.678688 	 283.323761 	 278.683167 	 4.407647 	 96547.281250 	 386.802155 
72 	 41.678688 	 283.323761 	 277.122009 	 3.744092 	 97639.296875 	 441.030090 
73 	 41.678688 	 283.323761 	 278.929169 	 2.013472 	 98189.500000 	 515.277161 
74 	 41.678688 	 283.323761 	 278.789734 	 1.723254 	 98973.203125 	 474.539368 
75 	 41.678688 	 283.323761 	 284.337982 	 3.702667 	 98774.789062 	 434.621124 
76 	 41.678688 	 283.323761 	 292.114441 	 3.699355 	 97995.929688 	 566.362000 
77 	 41.678688 	 283.323761 	 291.068390 	 3.606687 	 97400.109375 	 471.239075 
78 	 41.678688 	 283.323761 	 278.308319 	 5.308032 	 97869.968750 	 360.178253 
79 	 41.678688 	 283.323761 	 277.456116 	 2.198045 	 99424.398438 	 496.948425 
80 	 41.678688 	 283.323761 	 280.574127 	 4.357630 	 99655.796875 	 410.306030 
81 	 41.678688 	 283.323761 	 286.396851 	 6.126761 	 99040.890625 	 442.471161 
82 	 41.678688 	 283.323761 	 283.708527 	 2.612454 	 98534.781250 	 544.144470 
83 	 41.678688 	 283.323761 	 281.460693 	 2.057837 	 98825.742188 	 463.159546 
84 	 41.678688 	 283.323761 	 282.228485 	 2.946925 	 97874.062500 	 368.077820 
85 	 41.678688 	 283.323761 	 279.981354 	 2.414846 	 98273.718750 	 506.704193 
86 	 41.678688 	 283.323761 	 282.693176 	 5.192595 	 97524.382812 	 509.215881 
87 	 41.678688 	 283.323761 	 278.422821 	 4.931926 	 97645.242188 	 476.479584 
88 	 41.678688 	 283.323761 	 278.141083 	 2.323237 	 99114.687500 	 510.590271 
89 	 41.678688 	 283.323761 	 284.679504 	 2.877586 	 99134.031250 	 509.140717 
90 	 41.678688 	 283.323761 	 288.456482 	 4.682306 	 98226.117188 	 481.964600 
91 	 41.678688 	 283.323761 	 281.116943 	 4.361296 	 98393.539062 	 472.740082 
92 	 41.678688 	 283.323761 	 276.446686 	 2.400662 	 99789.609375 	 510.838318 
93 	 41.678688 	 283.323761 	 281.636169 	 3.953994 	 99911.859375 	 535.863770 
94 	 41.678688 	 283.323761 	 293.141754 	 2.804503 	 99208.539062 	 589.770386 
95 	 41.678688 	 283.323761 	 295.883240 	 2.287633 	 99317.296875 	 611.214355 
96 	 41.678688 	 283.323761 	 293.897797 	 1.396804 	 99321.671875 	 565.119507 
97 	 41.678688 	 283.323761 	 286.737213 	 3.511596 	 99688.437500 	 490.017975 
98 	 41.678688 	 283.323761 	 285.429413 	 3.592914 	 100132.601562 	 560.057983 
99 	 41.678688 	 283.323761 	 287.549652 	 2.222743 	 99494.546875 	 501.312836 
100 	 41.678688 	 283.323761 	 289.491882 	 3.284081 	 98959.273438 	 509.686279 
101 	 41.678688 	 283.323761 	 288.738220 	 2.483867 	 98219.976562 	 520.256653 
102 	 41.678688 	 283.323761 	 290.101868 	 1.928413 	 97855.710938 	 618.662109 
103 	 41.678688 	 283.323761 	 293.853943 	 4.555897 	 97747.140625 	 543.228027 
104 	 41.678688 	 283.323761 	 283.571320 	 5.354466 	 97536.843750 	 533.966431 
105 	 41.678688 	 283.323761 	 276.897339 	 3.777500 	 99170.328125 	 543.594727 
106 	 41.678688 	 283.323761 	 283.314178 	 3.859332 	 100018.898438 	 556.387268 
107 	 41.678688 	 283.323761 	 287.537415 	 6.383527 	 99368.148438 	 500.376343 
108 	 41.678688 	 283.323761 	 289.171387 	 3.165007 	 98574.976562 	 534.268921 
109 	 41.678688 	 283.323761 	 287.574982 	 3.259454 	 98587.656250 	 558.632324 
110 	 41.678688 	 283.323761 	 287.403320 	 2.614613 	 99339.882812 	 600.035645 
111 	 41.678688 	 283.323761 	 288.753784 	 4.037378 	 98737.156250 	 420.195160 
112 	 41.678688 	 283.323761 	 283.020905 	 4.225399 	 98429.687500 	 529.441467 
113 	 41.678688 	 283.323761 	 280.570374 	 4.172574 	 99042.132812 	 595.895813 
114 	 41.678688 	 283.323761 	 279.694122 	 1.309306 	 99905.429688 	 533.229919 
115 	 41.678688 	 283.323761 	 286.158234 	 2.788521 	 99625.000000 	 604.968994 
116 	 41.678688 	 283.323761 	 286.997253 	 3.295625 	 99083.531250 	 587.061401 
117 	 41.678688 	 283.323761 	 280.983185 	 2.742126 	 99516.781250 	 572.813538 
118 	 41.678688 	 283.323761 	 285.656525 	 1.998566 	 99194.117188 	 596.283325 
119 	 41.678688 	 283.323761 	 295.980377 	 3.235039 	 98643.093750 	 655.129028 
120 	 41.678688 	 283.323761 	 295.332275 	 3.254493 	 98287.320312 	 588.178650 
121 	 41.678688 	 283.323761 	 291.268951 	 2.078421 	 98470.476562 	 604.097900 
122 	 41.678688 	 283.323761 	 288.226440 	 2.743595 	 98107.351562 	 445.733124 
123 	 41.678688 	 283.323761 	 280.284332 	 5.607577 	 97741.492188 	 383.961426 
124 	 41.678688 	 283.323761 	 282.873474 	 3.368772 	 98494.296875 	 607.015137 
125 	 41.678688 	 283.323761 	 286.017029 	 3.297579 	 98568.179688 	 577.549927 
126 	 41.678688 	 283.323761 	 288.372070 	 1.545906 	 99344.492188 	 629.448853 
127 	 41.678688 	 283.323761 	 291.174377 	 2.016322 	 99311.226562 	 592.620483 
128 	 41.678688 	 283.323761 	 294.222321 	 3.482220 	 98880.023438 	 678.841309 
129 	 41.678688 	 283.323761 	 291.066040 	 3.206631 	 98744.679688 	 645.292969 
130 	 41.678688 	 283.323761 	 284.947357 	 1.801495 	 99548.796875 	 614.747620 
131 	 41.678688 	 283.323761 	 286.454651 	 3.290871 	 99296.656250 	 627.180420 
132 	 41.678688 	 283.323761 	 290.315796 	 3.210566 	 98190.468750 	 513.167664 
133 	 41.678688 	 283.323761 	 287.883270 	 4.793359 	 98300.273438 	 623.999023 
134 	 41.678688 	 283.323761 	 286.615021 	 0.802902 	 99379.546875 	 628.901428 
135 	 41.678688 	 283.323761 	 290.381683 	 0.901326 	 99362.523438 	 653.464600 
136 	 41.678688 	 283.323761 	 293.508728 	 1.280440 	 99041.773438 	 664.802795 
137 	 41.678688 	 283.323761 	 296.072876 	 1.920821 	 98759.546875 	 686.194580 
138 	 41.678688 	 283.323761 	 296.218781 	 2.559213 	 98608.632812 	 691.054199 
139 	 41.678688 	 283.323761 	 295.761932 	 3.546652 	 98551.890625 	 679.992493 
140 	 41.678688 	 283.323761 	 292.459229 	 2.929359 	 98815.382812 	 667.097046 
141 	 41.678688 	 283.323761 	 292.723816 	 1.077709 	 99553.820312 	 665.474670 
142 	 41.678688 	 283.323761 	 292.844727 	 3.619022 	 99552.976562 	 675.219666 
143 	 41.678688 	 283.323761 	 294.902985 	 3.530969 	 98926.296875 	 657.575562 
144 	 41.678688 	 283.323761 	 295.366577 	 3.272409 	 98305.203125 	 663.047119 
145 	 41.678688 	 283.323761 	 292.289276 	 3.885595 	 98117.703125 	 640.843506 
146 	 41.678688 	 283.323761 	 286.333954 	 3.184133 	 99446.117188 	 637.938477 
147 	 41.678688 	 283.323761 	 288.014923 	 1.504433 	 99732.953125 	 645.480042 
148 	 41.678688 	 283.323761 	 294.018127 	 2.739725 	 98882.070312 	 675.719238 
149 	 41.678688 	 283.323761 	 296.556946 	 4.223069 	 97921.187500 	 705.179932 
150 	 41.678688 	 283.323761 	 288.889404 	 4.498122 	 97483.859375 	 589.129272 
151 	 41.678688 	 283.323761 	 286.180573 	 2.964560 	 98460.312500 	 640.981934 
152 	 41.678688 	 283.323761 	 287.456879 	 3.107801 	 99285.171875 	 579.320435 
153 	 41.678688 	 283.323761 	 293.082245 	 4.565042 	 99153.906250 	 669.514648 
154 	 41.678688 	 283.323761 	 295.079071 	 3.883352 	 98881.273438 	 591.126465 
155 	 41.678688 	 283.323761 	 296.028778 	 2.434030 	 98514.796875 	 629.252380 
156 	 41.678688 	 283.323761 	 295.497070 	 1.387833 	 98787.406250 	 566.933838 
157 	 41.678688 	 283.323761 	 295.838013 	 4.118975 	 98835.898438 	 655.795166 
158 	 41.678688 	 283.323761 	 293.355408 	 4.270880 	 98307.351562 	 504.935242 
159 	 41.678688 	 283.323761 	 287.554199 	 3.628706 	 98580.843750 	 638.091797 
160 	 41.678688 	 283.323761 	 288.796509 	 2.219103 	 98909.437500 	 661.021545 
161 	 41.678688 	 283.323761 	 292.312103 	 1.731591 	 98820.296875 	 688.012695 
162 	 41.678688 	 283.323761 	 293.819824 	 3.834138 	 98370.070312 	 481.484314 
163 	 41.678688 	 283.323761 	 294.065369 	 2.517873 	 97888.851562 	 673.779053 
164 	 41.678688 	 283.323761 	 294.401398 	 0.970473 	 98474.781250 	 701.054321 
165 	 41.678688 	 283.323761 	 295.590729 	 2.078273 	 98282.859375 	 677.036255 
166 	 41.678688 	 283.323761 	 295.018280 	 1.528777 	 98341.093750 	 612.612549 
167 	 41.678688 	 283.323761 	 294.287720 	 1.370732 	 98287.812500 	 622.993347 
168 	 41.678688 	 283.323761 	 293.327026 	 1.456450 	 98380.726562 	 698.408936 
169 	 41.678688 	 283.323761 	 294.544769 	 1.737230 	 98237.093750 	 681.345337 
170 	 41.678688 	 283.323761 	 295.690338 	 2.486878 	 98409.000000 	 698.385010 
171 	 41.678688 	 283.323761 	 297.775452 	 3.223705 	 98642.257812 	 714.578857 
172 	 41.678688 	 283.323761 	 297.407074 	 3.802361 	 98559.312500 	 685.392517 
173 	 41.678688 	 283.323761 	 292.377563 	 3.047488 	 98784.078125 	 489.966492 
174 	 41.678688 	 283.323761 	 290.480164 	 4.505980 	 99345.468750 	 684.589844 
175 	 41.678688 	 283.323761 	 290.131104 	 2.185018 	 99671.406250 	 612.620056 
176 	 41.678688 	 283.323761 	 293.886993 	 4.212308 	 99112.671875 	 669.259460 
177 	 41.678688 	 283.323761 	 295.854614 	 4.139160 	 98547.148438 	 629.946411 
178 	 41.678688 	 283.323761 	 296.970947 	 3.442614 	 98377.140625 	 568.244934 
179 	 41.678688 	 283.323761 	 294.790253 	 1.103636 	 98807.578125 	 704.269043 
180 	 41.678688 	 283.323761 	 299.756531 	 2.206454 	 98865.257812 	 702.357483 
181 	 41.678688 	 283.323761 	 298.899841 	 0.792006 	 99257.570312 	 715.008789 
182 	 41.678688 	 283.323761 	 299.532135 	 2.587048 	 99249.289062 	 701.343628 
183 	 41.678688 	 283.323761 	 301.830811 	 1.240504 	 98933.039062 	 743.972412 
184 	 41.678688 	 283.323761 	 301.580139 	 1.629567 	 98543.148438 	 728.550110 
185 	 41.678688 	 283.323761 	 300.262573 	 2.544480 	 98125.242188 	 644.983337 
186 	 41.678688 	 283.323761 	 297.927490 	 1.236345 	 98675.953125 	 718.808899 
187 	 41.678688 	 283.323761 	 298.502380 	 1.830503 	 98462.757812 	 689.745972 
188 	 41.678688 	 283.323761 	 297.354095 	 2.618211 	 97948.421875 	 535.180420 
189 	 41.678688 	 283.323761 	 291.933105 	 3.982653 	 98119.976562 	 679.401855 
190 	 41.678688 	 283.323761 	 292.729309 	 1.516428 	 98426.703125 	 672.485229 
191 	 41.678688 	 283.323761 	 294.348053 	 1.034542 	 98352.187500 	 675.288147 
192 	 41.678688 	 283.323761 	 296.811310 	 0.828201 	 98505.390625 	 668.540100 
193 	 41.678688 	 283.323761 	 295.719452 	 2.427089 	 98594.593750 	 711.930420 
194 	 41.678688 	 283.323761 	 296.619537 	 1.756029 	 98437.070312 	 704.206177 
195 	 41.678688 	 283.323761 	 300.078735 	 2.458346 	 97956.976562 	 711.202637 
196 	 41.678688 	 283.323761 	 295.688873 	 1.989234 	 97930.648438 	 656.334290 
197 	 41.678688 	 283.323761 	 291.687927 	 1.416098 	 98095.273438 	 555.462402 
198 	 41.678688 	 283.323761 	 293.189636 	 1.778574 	 97882.492188 	 642.041077 
199 	 41.678688 	 283.323761 	 297.792938 	 3.080138 	 97701.343750 	 478.289307 
200 	 41.678688 	 283.323761 	 296.081055 	 2.431232 	 97996.562500 	 699.992676 
201 	 41.678688 	 283.323761 	 296.417358 	 3.111148 	 98132.648438 	 533.160034 
202 	 41.678688 	 283.323761 	 294.806793 	 2.365584 	 98480.523438 	 661.031616 
203 	 41.678688 	 283.323761 	 295.103516 	 1.446824 	 98482.000000 	 683.039429 
204 	 41.678688 	 283.323761 	 299.214142 	 3.176827 	 98013.796875 	 716.623657 
205 	 41.678688 	 283.323761 	 297.790070 	 3.755628 	 97737.382812 	 597.020020 
206 	 41.678688 	 283.323761 	 296.589752 	 4.304720 	 97666.578125 	 546.650696 
207 	 41.678688 	 283.323761 	 295.034363 	 2.656610 	 97349.906250 	 684.980713 
208 	 41.678688 	 283.323761 	 293.517029 	 1.965990 	 97972.398438 	 604.112732 
209 	 41.678688 	 283.323761 	 295.612396 	 1.857489 	 98394.523438 	 693.366638 
210 	 41.678688 	 283.323761 	 296.726013 	 1.353624 	 98639.773438 	 698.743774 
211 	 41.678688 	 283.323761 	 298.732574 	 4.344921 	 98305.820312 	 664.315796 
212 	 41.678688 	 283.323761 	 297.622742 	 2.350917 	 97803.773438 	 666.458618 
213 	 41.678688 	 283.323761 	 296.843048 	 3.216942 	 97649.453125 	 651.172974 
214 	 41.678688 	 283.323761 	 295.023254 	 2.477997 	 97885.531250 	 625.947388 
215 	 41.678688 	 283.323761 	 298.736511 	 2.126439 	 98371.171875 	 687.392761 
216 	 41.678688 	 283.323761 	 301.877075 	 3.886155 	 98078.382812 	 705.718323 
217 	 41.678688 	 283.323761 	 295.884735 	 2.197612 	 98427.156250 	 663.287048 
218 	 41.678688 	 283.323761 	 293.817322 	 1.963687 	 98521.250000 	 672.947144 
219 	 41.678688 	 283.323761 	 293.801392 	 1.597355 	 98549.476562 	 668.795959 
220 	 41.678688 	 283.323761 	 294.667175 	 0.934292 	 98693.273438 	 660.921936 
221 	 41.678688 	 283.323761 	 297.474152 	 3.019143 	 98465.187500 	 614.093689 
222 	 41.678688 	 283.323761 	 299.374969 	 3.571774 	 97901.148438 	 649.856812 
223 	 41.678688 	 283.323761 	 296.313721 	 2.892638 	 97908.578125 	 578.507080 
224 	 41.678688 	 283.323761 	 295.419098 	 3.759130 	 97744.601562 	 670.626404 
225 	 41.678688 	 283.323761 	 294.078888 	 2.024716 	 98358.468750 	 660.964600 
226 	 41.678688 	 283.323761 	 294.091522 	 0.969456 	 98585.039062 	 663.087646 
227 	 41.678688 	 283.323761 	 296.860870 	 2.987834 	 98263.742188 	 660.042358 
228 	 41.678688 	 283.323761 	 299.659729 	 2.643319 	 97931.726562 	 685.748901 
229 	 41.678688 	 283.323761 	 301.500427 	 4.420324 	 97516.867188 	 678.978882 
230 	 41.678688 	 283.323761 	 293.892365 	 3.191594 	 97894.117188 	 651.781494 
231 	 41.678688 	 283.323761 	 290.775604 	 2.484762 	 98666.953125 	 618.061646 
232 	 41.678688 	 283.323761 	 290.675507 	 1.094874 	 98941.046875 	 605.140259 
233 	 41.678688 	 283.323761 	 295.207550 	 2.360176 	 98822.632812 	 639.814453 
234 	 41.678688 	 283.323761 	 293.670776 	 2.169428 	 99287.460938 	 638.786499 
235 	 41.678688 	 283.323761 	 292.548767 	 3.652117 	 98866.867188 	 571.237061 
236 	 41.678688 	 283.323761 	 296.544159 	 3.611872 	 98020.343750 	 578.024902 
237 	 41.678688 	 283.323761 	 290.325958 	 2.933611 	 98647.382812 	 584.377747 
238 	 41.678688 	 283.323761 	 289.392853 	 0.715261 	 99103.382812 	 552.410339 
239 	 41.678688 	 283.323761 	 291.717987 	 2.138403 	 99260.039062 	 588.061646 
240 	 41.678688 	 283.323761 	 295.368896 	 3.177623 	 99085.218750 	 637.924072 
241 	 41.678688 	 283.323761 	 298.121857 	 3.173736 	 98572.609375 	 666.328674 
242 	 41.678688 	 283.323761 	 295.712738 	 0.873256 	 98779.039062 	 644.442688 
243 	 41.678688 	 283.323761 	 296.189117 	 1.086889 	 98704.906250 	 645.104980 
244 	 41.678688 	 283.323761 	 295.061859 	 1.259063 	 98407.023438 	 624.779724 
245 	 41.678688 	 283.323761 	 290.741821 	 3.433447 	 98774.421875 	 619.401978 
246 	 41.678688 	 283.323761 	 286.734100 	 1.161569 	 99386.289062 	 555.051147 
247 	 41.678688 	 283.323761 	 291.270569 	 4.022205 	 98724.343750 	 441.415710 
248 	 41.678688 	 283.323761 	 294.177673 	 2.420158 	 98987.929688 	 618.297913 
249 	 41.678688 	 283.323761 	 291.056122 	 1.039422 	 99784.742188 	 596.251343 
250 	 41.678688 	 283.323761 	 292.228119 	 1.914725 	 99860.953125 	 571.224609 
251 	 41.678688 	 283.323761 	 292.934235 	 1.409924 	 99527.382812 	 592.253113 
252 	 41.678688 	 283.323761 	 295.988647 	 0.908925 	 99126.046875 	 613.649292 
253 	 41.678688 	 283.323761 	 295.859741 	 1.437750 	 99472.601562 	 562.883179 
254 	 41.678688 	 283.323761 	 294.631378 	 2.697630 	 99654.617188 	 560.205139 
255 	 41.678688 	 283.323761 	 294.511505 	 2.516362 	 99133.992188 	 566.257751 
256 	 41.678688 	 283.323761 	 294.139313 	 1.517902 	 98908.882812 	 513.672119 
257 	 41.678688 	 283.323761 	 293.471252 	 1.177828 	 98988.460938 	 564.905518 
258 	 41.678688 	 283.323761 	 295.752075 	 2.894098 	 98544.156250 	 598.124329 
259 	 41.678688 	 283.323761 	 295.173615 	 2.773694 	 98714.406250 	 567.194519 
260 	 41.678688 	 283.323761 	 287.849152 	 2.484618 	 99376.976562 	 466.807648 
261 	 41.678688 	 283.323761 	 285.260132 	 1.805547 	 99384.656250 	 506.440643 
262 	 41.678688 	 283.323761 	 285.845306 	 0.936001 	 99087.726562 	 451.588867 
263 	 41.678688 	 283.323761 	 286.177582 	 1.247700 	 99225.062500 	 538.621338 
264 	 41.678688 	 283.323761 	 286.547546 	 0.804973 	 99539.890625 	 539.502563 
265 	 41.678688 	 283.323761 	 290.606079 	 2.394327 	 99511.812500 	 552.852295 
266 	 41.678688 	 283.323761 	 294.658905 	 3.483246 	 99073.312500 	 550.699341 
267 	 41.678688 	 283.323761 	 294.253998 	 1.804268 	 98851.546875 	 472.770142 
268 	 41.678688 	 283.323761 	 293.882996 	 1.636874 	 98802.703125 	 510.772736 
269 	 41.678688 	 283.323761 	 292.436859 	 3.264361 	 98375.351562 	 465.660583 
270 	 41.678688 	 283.323761 	 288.889496 	 1.678830 	 98574.039062 	 431.478058 
271 	 41.678688 	 283.323761 	 290.551147 	 2.397618 	 99034.359375 	 468.987732 
272 	 41.678688 	 283.323761 	 292.501373 	 3.319215 	 99026.171875 	 432.907806 
273 	 41.678688 	 283.323761 	 288.358978 	 1.488230 	 98519.093750 	 476.771851 
274 	 41.678688 	 283.323761 	 286.723022 	 1.812456 	 98578.617188 	 507.523804 
275 	 41.678688 	 283.323761 	 286.817444 	 2.024131 	 98338.109375 	 496.700165 
276 	 41.678688 	 283.323761 	 283.040741 	 3.980714 	 98840.523438 	 471.574402 
277 	 41.678688 	 283.323761 	 280.974976 	 3.098520 	 99517.773438 	 509.953400 
278 	 41.678688 	 283.323761 	 280.403564 	 0.908006 	 99659.609375 	 471.604126 
279 	 41.678688 	 283.323761 	 282.720184 	 1.324031 	 99466.820312 	 484.804321 
280 	 41.678688 	 283.323761 	 286.806000 	 1.677771 	 99069.476562 	 494.787018 
281 	 41.678688 	 283.323761 	 287.034912 	 1.128125 	 98840.257812 	 442.640930 
282 	 41.678688 	 283.323761 	 288.533386 	 2.599072 	 98642.703125 	 505.861816 
283 	 41.678688 	 283.323761 	 293.043732 	 2.949188 	 98093.429688 	 509.030029 
284 	 41.678688 	 283.323761 	 293.059204 	 2.522188 	 98579.453125 	 521.584473 
285 	 41.678688 	 283.323761 	 292.936554 	 2.238970 	 98947.546875 	 530.501038 
286 	 41.678688 	 283.323761 	 292.740234 	 1.761675 	 99039.359375 	 508.025818 
287 	 41.678688 	 283.323761 	 292.166931 	 3.254470 	 98825.562500 	 463.526001 
288 	 41.678688 	 283.323761 	 285.011292 	 3.689636 	 99825.226562 	 486.333038 
289 	 41.678688 	 283.323761 	 287.091187 	 2.401891 	 100343.000000 	 434.778473 
290 	 41.678688 	 283.323761 	 288.132080 	 3.135232 	 100609.203125 	 442.707550 
291 	 41.678688 	 283.323761 	 288.041077 	 2.826307 	 100321.101562 	 455.363037 
292 	 41.678688 	 283.323761 	 287.475311 	 1.556695 	 99857.218750 	 468.299103 
293 	 41.678688 	 283.323761 	 286.503906 	 1.931101 	 99354.000000 	 448.495239 
294 	 41.678688 	 283.323761 	 284.601471 	 2.105319 	 99196.281250 	 496.058380 
295 	 41.678688 	 283.323761 	 282.490509 	 1.710735 	 99412.390625 	 410.350098 
296 	 41.678688 	 283.323761 	 283.593201 	 1.238824 	 99763.023438 	 464.717377 
297 	 41.678688 	 283.323761 	 283.686768 	 1.198138 	 99132.882812 	 428.144653 
298 	 41.678688 	 283.323761 	 281.457794 	 2.377669 	 98609.359375 	 392.099792 
299 	 41.678688 	 283.323761 	 275.065308 	 4.905780 	 99256.960938 	 381.325714 
300 	 41.678688 	 283.323761 	 274.219421 	 3.494039 	 99489.273438 	 408.600708 
301 	 41.678688 	 283.323761 	 279.763000 	 1.701196 	 99190.257812 	 392.576172 
302 	 41.678688 	 283.323761 	 283.614532 	 2.787838 	 99184.703125 	 424.039093 
303 	 41.678688 	 283.323761 	 278.363159 	 2.884778 	 99364.320312 	 358.089844 
304 	 41.678688 	 283.323761 	 275.446899 	 1.982932 	 99256.750000 	 385.598358 
305 	 41.678688 	 283.323761 	 282.088379 	 4.060879 	 97597.382812 	 379.853210 
306 	 41.678688 	 283.323761 	 279.735260 	 2.992422 	 98497.843750 	 407.979614 
307 	 41.678688 	 283.323761 	 277.621613 	 2.317758 	 99659.656250 	 355.667969 
308 	 41.678688 	 283.323761 	 286.679779 	 4.167243 	 99071.093750 	 411.707581 
309 	 41.678688 	 283.323761 	 287.326050 	 1.872600 	 99091.289062 	 450.947205 
310 	 41.678688 	 283.323761 	 289.578186 	 3.652050 	 98808.718750 	 419.364899 
311 	 41.678688 	 283.323761 	 281.250214 	 2.560927 	 99324.789062 	 447.430298 
312 	 41.678688 	 283.323761 	 278.283722 	 0.865066 	 99416.109375 	 354.221252 
313 	 41.678688 	 283.323761 	 279.917969 	 0.880832 	 99376.156250 	 412.354156 
314 	 41.678688 	 283.323761 	 278.679901 	 1.052184 	 99342.953125 	 381.809326 
315 	 41.678688 	 283.323761 	 280.309052 	 0.587958 	 99019.906250 	 406.167419 
316 	 41.678688 	 283.323761 	 280.864136 	 2.966496 	 99089.632812 	 436.060547 
317 	 41.678688 	 283.323761 	 276.787323 	 2.990191 	 99525.156250 	 373.679749 
318 	 41.678688 	 283.323761 	 278.309998 	 3.965851 	 99391.460938 	 388.154724 
319 	 41.678688 	 283.323761 	 271.534332 	 2.075767 	 100523.601562 	 309.341034 
320 	 41.678688 	 283.323761 	 270.227905 	 3.067524 	 100769.796875 	 358.693115 
321 	 41.678688 	 283.323761 	 270.160095 	 3.085063 	 100117.703125 	 334.805237 
322 	 41.678688 	 283.323761 	 274.394897 	 3.286254 	 99119.593750 	 332.481812 
323 	 41.678688 	 283.323761 	 276.917999 	 2.220748 	 99436.226562 	 376.339447 
324 	 41.678688 	 283.323761 	 277.477020 	 3.246894 	 99388.796875 	 324.901367 
325 	 41.678688 	 283.323761 	 280.564453 	 4.006962 	 98766.976562 	 359.263153 
326 	 41.678688 	 283.323761 	 282.130646 	 3.389957 	 98057.023438 	 354.212219 
327 	 41.678688 	 283.323761 	 279.995911 	 3.374132 	 98391.492188 	 366.694031 
328 	 41.678688 	 283.323761 	 279.823395 	 2.973920 	 99449.882812 	 376.911804 
329 	 41.678688 	 283.323761 	 285.288208 	 4.424688 	 99160.703125 	 392.202637 
330 	 41.678688 	 283.323761 	 289.643219 	 5.400354 	 98078.421875 	 407.223846 
331 	 41.678688 	 283.323761 	 279.260742 	 6.483890 	 96530.820312 	 369.577118 
332 	 41.678688 	 283.323761 	 272.309662 	 3.840488 	 98887.406250 	 338.272583 
333 	 41.678688 	 283.323761 	 271.870697 	 2.492266 	 100030.296875 	 319.762268 
334 	 41.678688 	 283.323761 	 278.865112 	 3.434494 	 99282.492188 	 344.467285 
335 	 41.678688 	 283.323761 	 282.786804 	 3.754382 	 97874.648438 	 373.087524 
336 	 41.678688 	 283.323761 	 270.921265 	 2.351853 	 98922.648438 	 318.446869 
337 	 41.678688 	 283.323761 	 269.606750 	 1.627987 	 99524.851562 	 320.382263 
338 	 41.678688 	 283.323761 	 271.903564 	 4.362627 	 99596.257812 	 305.929413 
339 	 41.678688 	 283.323761 	 275.401398 	 2.558590 	 99168.476562 	 361.459869 
340 	 41.678688 	 283.323761 	 277.011597 	 2.138363 	 99030.062500 	 332.015442 
341 	 41.678688 	 283.323761 	 286.097504 	 3.777750 	 98400.687500 	 428.915039 
342 	 41.678688 	 283.323761 	 286.012085 	 4.008708 	 97959.546875 	 383.816101 
343 	 41.678688 	 283.323761 	 279.579315 	 2.393897 	 98572.109375 	 361.829681 
344 	 41.678688 	 283.323761 	 276.407684 	 2.986249 	 98629.117188 	 299.909882 
345 	 41.678688 	 283.323761 	 278.485046 	 2.167791 	 98287.523438 	 333.064545 
346 	 41.678688 	 283.323761 	 270.742950 	 2.707439 	 99327.320312 	 338.634064 
347 	 41.678688 	 283.323761 	 273.103271 	 4.297620 	 99594.632812 	 303.509827 
348 	 41.678688 	 283.323761 	 278.220734 	 3.812094 	 97514.671875 	 384.765839 
349 	 41.678688 	 283.323761 	 272.338806 	 3.409196 	 97886.953125 	 343.401855 
350 	 41.678688 	 283.323761 	 273.653442 	 3.939739 	 98479.578125 	 322.500397 
351 	 41.678688 	 283.323761 	 277.112488 	 2.772224 	 98559.953125 	 317.536774 
352 	 41.678688 	 283.323761 	 276.056915 	 2.414721 	 98137.671875 	 342.789795 
353 	 41.678688 	 283.323761 	 275.520721 	 5.009867 	 97270.968750 	 341.709290 
354 	 41.678688 	 283.323761 	 268.870819 	 3.346218 	 98097.328125 	 329.844269 
355 	 41.678688 	 283.323761 	 269.096375 	 4.150167 	 99270.828125 	 313.575653 
356 	 41.678688 	 283.323761 	 278.354797 	 4.844470 	 99098.273438 	 350.249146 
357 	 41.678688 	 283.323761 	 278.206573 	 2.665339 	 99017.148438 	 364.050232 
358 	 41.678688 	 283.323761 	 271.090759 	 2.250794 	 99904.828125 	 328.239410 
359 	 41.678688 	 283.323761 	 272.257019 	 1.084673 	 99510.226562 	 342.041687 
360 	 41.678688 	 283.323761 	 272.608490 	 1.529750 	 99472.156250 	 325.658142 
361 	 41.678688 	 283.323761 	 279.218323 	 5.692476 	 98476.546875 	 345.159973 
362 	 41.678688 	 283.323761 	 273.847229 	 4.506196 	 98134.976562 	 352.136078 
363 	 41.678688 	 283.323761 	 273.055847 	 2.064623 	 99545.023438 	 326.774231 
364 	 41.678688 	 283.323761 	 273.743835 	 2.327592 	 100046.296875 	 315.915985 
