# 0: Day of Year [-] 	 1: lat [deg] 	 2: lon [deg] 	 3: tas [K] 	 4: sfcWind [m s-1] 	 5: ps [Pa] 	 6: Total Downwelling Rad Flux [W m-2] 
0 	 41.678688 	 283.323761 	 280.250610 	 2.649035 	 99126.406250 	 375.326782 
1 	 41.678688 	 283.323761 	 285.221069 	 3.745353 	 98838.953125 	 413.003448 
2 	 41.678688 	 283.323761 	 277.248535 	 2.864234 	 99503.750000 	 339.120636 
3 	 41.678688 	 283.323761 	 272.173431 	 4.425900 	 100283.796875 	 360.563019 
4 	 41.678688 	 283.323761 	 270.509674 	 2.707193 	 101060.000000 	 311.567932 
5 	 41.678688 	 283.323761 	 278.799438 	 3.923002 	 100410.203125 	 379.830597 
6 	 41.678688 	 283.323761 	 281.888550 	 3.880713 	 100415.796875 	 391.004364 
7 	 41.678688 	 283.323761 	 285.267609 	 3.688775 	 99109.281250 	 372.660187 
8 	 41.678688 	 283.323761 	 278.865448 	 1.352999 	 98875.898438 	 359.931183 
9 	 41.678688 	 283.323761 	 277.668365 	 2.621196 	 97486.546875 	 345.210052 
10 	 41.678688 	 283.323761 	 274.668793 	 4.014867 	 98385.851562 	 351.826294 
11 	 41.678688 	 283.323761 	 277.305450 	 3.579097 	 98765.218750 	 362.598022 
12 	 41.678688 	 283.323761 	 271.928558 	 2.926767 	 99429.601562 	 362.760498 
13 	 41.678688 	 283.323761 	 268.238464 	 2.832492 	 99733.609375 	 314.334991 
14 	 41.678688 	 283.323761 	 272.323334 	 3.550130 	 98838.546875 	 333.349365 
15 	 41.678688 	 283.323761 	 274.954559 	 3.762150 	 98256.859375 	 350.879761 
16 	 41.678688 	 283.323761 	 276.337219 	 2.452366 	 98362.476562 	 356.509521 
17 	 41.678688 	 283.323761 	 277.420380 	 3.844409 	 98012.000000 	 358.063385 
18 	 41.678688 	 283.323761 	 266.310608 	 3.191667 	 98556.226562 	 277.108032 
19 	 41.678688 	 283.323761 	 263.915863 	 2.713616 	 99641.343750 	 299.273560 
20 	 41.678688 	 283.323761 	 266.857971 	 2.824329 	 99610.398438 	 328.516968 
21 	 41.678688 	 283.323761 	 266.066711 	 2.379455 	 99686.812500 	 313.487457 
22 	 41.678688 	 283.323761 	 265.893280 	 1.334715 	 100097.000000 	 315.582275 
23 	 41.678688 	 283.323761 	 270.227875 	 3.792182 	 99655.906250 	 309.062714 
24 	 41.678688 	 283.323761 	 276.055725 	 1.955626 	 98503.320312 	 360.872314 
25 	 41.678688 	 283.323761 	 270.268829 	 2.226515 	 99270.039062 	 369.511841 
26 	 41.678688 	 283.323761 	 277.299377 	 4.044835 	 98856.843750 	 334.714294 
27 	 41.678688 	 283.323761 	 276.732239 	 2.612448 	 97572.406250 	 388.980133 
28 	 41.678688 	 283.323761 	 272.475250 	 3.064006 	 98021.796875 	 389.075195 
29 	 41.678688 	 283.323761 	 271.092865 	 1.098185 	 98393.601562 	 312.034729 
30 	 41.678688 	 283.323761 	 272.027008 	 4.245510 	 98208.000000 	 394.762695 
31 	 41.678688 	 283.323761 	 272.757111 	 4.182305 	 98219.609375 	 361.863403 
32 	 41.678688 	 283.323761 	 273.785370 	 4.170958 	 97558.796875 	 373.762146 
33 	 41.678688 	 283.323761 	 275.443726 	 3.034282 	 96776.929688 	 344.844696 
34 	 41.678688 	 283.323761 	 273.442200 	 4.497188 	 97187.156250 	 406.140320 
35 	 41.678688 	 283.323761 	 273.812561 	 2.542752 	 98450.656250 	 376.246216 
36 	 41.678688 	 283.323761 	 276.348083 	 1.500530 	 98825.593750 	 406.758636 
37 	 41.678688 	 283.323761 	 278.380981 	 1.256506 	 98762.031250 	 350.372375 
38 	 41.678688 	 283.323761 	 275.536255 	 2.961945 	 99160.218750 	 420.440125 
39 	 41.678688 	 283.323761 	 276.531799 	 2.738652 	 99613.296875 	 350.868011 
40 	 41.678688 	 283.323761 	 279.388702 	 1.436185 	 98545.960938 	 378.141022 
41 	 41.678688 	 283.323761 	 278.020477 	 3.033287 	 98191.421875 	 399.035217 
42 	 41.678688 	 283.323761 	 275.885406 	 2.561656 	 98975.960938 	 425.104004 
43 	 41.678688 	 283.323761 	 273.638611 	 1.582968 	 99575.046875 	 383.216064 
44 	 41.678688 	 283.323761 	 277.884766 	 2.101336 	 99106.812500 	 418.071472 
45 	 41.678688 	 283.323761 	 277.197144 	 3.240252 	 98690.593750 	 410.817505 
46 	 41.678688 	 283.323761 	 273.331757 	 1.702410 	 99156.796875 	 395.216858 
47 	 41.678688 	 283.323761 	 278.487549 	 1.924767 	 99048.937500 	 411.010529 
48 	 41.678688 	 283.323761 	 280.954620 	 2.742782 	 98709.117188 	 403.267548 
49 	 41.678688 	 283.323761 	 283.206573 	 3.340013 	 97794.156250 	 435.191986 
50 	 41.678688 	 283.323761 	 280.597321 	 1.871736 	 97697.203125 	 358.858734 
51 	 41.678688 	 283.323761 	 278.736969 	 4.507916 	 96686.906250 	 421.923340 
52 	 41.678688 	 283.323761 	 275.370605 	 3.392836 	 97514.796875 	 443.234436 
53 	 41.678688 	 283.323761 	 273.709900 	 2.536330 	 97485.156250 	 396.191589 
54 	 41.678688 	 283.323761 	 270.759705 	 3.469449 	 96912.703125 	 427.870789 
55 	 41.678688 	 283.323761 	 268.750763 	 5.336679 	 96833.023438 	 379.588440 
56 	 41.678688 	 283.323761 	 270.388672 	 4.060138 	 97526.078125 	 385.256470 
57 	 41.678688 	 283.323761 	 271.735870 	 3.046231 	 98073.921875 	 432.171783 
58 	 41.678688 	 283.323761 	 272.526031 	 2.468487 	 97421.062500 	 426.150238 
59 	 41.678688 	 283.323761 	 273.072723 	 2.330985 	 97251.953125 	 351.158478 
60 	 41.678688 	 283.323761 	 273.785278 	 2.445458 	 97919.500000 	 428.547974 
61 	 41.678688 	 283.323761 	 273.183685 	 2.535775 	 98579.500000 	 397.466339 
62 	 41.678688 	 283.323761 	 273.161285 	 2.238091 	 99413.101562 	 416.470398 
63 	 41.678688 	 283.323761 	 274.313629 	 2.058839 	 99676.273438 	 436.623657 
64 	 41.678688 	 283.323761 	 281.147064 	 3.793799 	 99246.390625 	 450.832184 
65 	 41.678688 	 283.323761 	 288.577972 	 4.513901 	 98216.296875 	 468.919434 
66 	 41.678688 	 283.323761 	 287.162537 	 3.303585 	 97131.429688 	 391.711517 
67 	 41.678688 	 283.323761 	 272.661774 	 5.567424 	 97879.546875 	 453.757324 
68 	 41.678688 	 283.323761 	 268.580383 	 3.351176 	 99056.023438 	 432.324921 
69 	 41.678688 	 283.323761 	 274.805878 	 2.917681 	 99310.796875 	 466.180542 
70 	 41.678688 	 283.323761 	 283.451691 	 3.846348 	 98604.617188 	 481.829010 
71 	 41.678688 	 283.323761 	 286.158356 	 3.232571 	 98513.617188 	 457.557587 
72 	 41.678688 	 283.323761 	 288.090240 	 4.161787 	 98574.429688 	 468.599854 
73 	 41.678688 	 283.323761 	 286.040955 	 4.347111 	 98452.679688 	 526.716064 
74 	 41.678688 	 283.323761 	 282.801025 	 1.778072 	 98961.398438 	 476.573364 
75 	 41.678688 	 283.323761 	 282.715881 	 2.069914 	 98877.539062 	 514.818481 
76 	 41.678688 	 283.323761 	 277.354279 	 2.716214 	 99570.882812 	 358.864136 
77 	 41.678688 	 283.323761 	 279.138519 	 3.579458 	 99273.976562 	 395.444305 
78 	 41.678688 	 283.323761 	 284.387939 	 2.259320 	 98476.640625 	 540.735840 
79 	 41.678688 	 283.323761 	 284.414001 	 4.365812 	 97873.031250 	 413.145020 
80 	 41.678688 	 283.323761 	 284.389069 	 3.539240 	 96756.406250 	 474.397858 
81 	 41.678688 	 283.323761 	 283.531403 	 3.678082 	 97361.796875 	 436.364624 
82 	 41.678688 	 283.323761 	 286.166016 	 5.504408 	 96289.546875 	 472.841125 
83 	 41.678688 	 283.323761 	 279.609863 	 4.965101 	 96726.937500 	 451.752197 
84 	 41.678688 	 283.323761 	 275.912659 	 3.416742 	 97137.710938 	 444.547852 
85 	 41.678688 	 283.323761 	 273.462524 	 4.914505 	 97617.242188 	 508.934814 
86 	 41.678688 	 283.323761 	 274.352112 	 3.478330 	 99116.429688 	 494.356689 
87 	 41.678688 	 283.323761 	 282.253876 	 2.387856 	 99523.859375 	 527.426270 
88 	 41.678688 	 283.323761 	 287.355560 	 3.956558 	 98837.601562 	 507.859009 
89 	 41.678688 	 283.323761 	 284.635010 	 4.658997 	 98165.250000 	 473.813171 
90 	 41.678688 	 283.323761 	 278.525452 	 2.633075 	 99038.406250 	 511.065979 
91 	 41.678688 	 283.323761 	 279.062103 	 1.644479 	 99630.140625 	 468.766022 
92 	 41.678688 	 283.323761 	 280.858032 	 2.792745 	 99195.937500 	 470.078125 
93 	 41.678688 	 283.323761 	 280.152069 	 4.185311 	 97957.953125 	 500.007233 
94 	 41.678688 	 283.323761 	 282.642883 	 4.473772 	 97772.390625 	 522.504944 
95 	 41.678688 	 283.323761 	 283.881927 	 2.548784 	 98825.492188 	 569.262390 
96 	 41.678688 	 283.323761 	 284.317566 	 1.045215 	 99619.000000 	 546.417908 
97 	 41.678688 	 283.323761 	 291.249054 	 2.580692 	 99304.929688 	 595.580200 
98 	 41.678688 	 283.323761 	 293.940643 	 1.862852 	 98900.140625 	 592.900146 
99 	 41.678688 	 283.323761 	 292.078827 	 1.817906 	 98795.859375 	 554.032043 
100 	 41.678688 	 283.323761 	 287.521545 	 3.088633 	 98520.796875 	 587.443115 
101 	 41.678688 	 283.323761 	 284.925873 	 2.785388 	 98356.171875 	 508.227631 
102 	 41.678688 	 283.323761 	 283.886292 	 2.009818 	 99097.867188 	 553.849731 
103 	 41.678688 	 283.323761 	 285.522858 	 2.938097 	 99549.187500 	 561.787354 
104 	 41.678688 	 283.323761 	 291.082581 	 3.241223 	 98774.843750 	 616.052002 
105 	 41.678688 	 283.323761 	 288.237885 	 2.098796 	 98874.296875 	 521.246948 
106 	 41.678688 	 283.323761 	 278.243317 	 3.058869 	 99292.382812 	 391.835449 
107 	 41.678688 	 283.323761 	 276.331329 	 4.556571 	 99691.039062 	 542.401733 
108 	 41.678688 	 283.323761 	 278.308380 	 3.334545 	 99931.523438 	 538.726746 
109 	 41.678688 	 283.323761 	 281.911743 	 2.674398 	 99517.789062 	 548.227966 
110 	 41.678688 	 283.323761 	 286.858795 	 3.391287 	 98784.226562 	 587.593750 
111 	 41.678688 	 283.323761 	 290.645264 	 2.703147 	 98587.703125 	 589.031677 
112 	 41.678688 	 283.323761 	 293.704681 	 2.332267 	 98576.156250 	 604.222351 
113 	 41.678688 	 283.323761 	 295.619324 	 2.652884 	 98496.523438 	 625.443787 
114 	 41.678688 	 283.323761 	 297.336090 	 2.782235 	 98324.976562 	 630.494141 
115 	 41.678688 	 283.323761 	 296.445465 	 3.426459 	 98089.656250 	 624.593811 
116 	 41.678688 	 283.323761 	 288.393158 	 3.858341 	 98464.093750 	 587.642456 
117 	 41.678688 	 283.323761 	 286.871063 	 1.745234 	 98955.343750 	 599.989502 
118 	 41.678688 	 283.323761 	 290.238007 	 1.488802 	 98431.992188 	 619.143433 
119 	 41.678688 	 283.323761 	 294.992493 	 3.759106 	 97444.820312 	 565.731567 
120 	 41.678688 	 283.323761 	 282.771667 	 3.423740 	 98669.726562 	 609.821533 
121 	 41.678688 	 283.323761 	 282.686737 	 2.390658 	 99391.203125 	 463.949097 
122 	 41.678688 	 283.323761 	 292.033325 	 4.020591 	 98439.812500 	 656.476196 
123 	 41.678688 	 283.323761 	 292.544922 	 1.784326 	 98718.921875 	 470.348602 
124 	 41.678688 	 283.323761 	 289.835968 	 2.417377 	 99003.132812 	 509.823792 
125 	 41.678688 	 283.323761 	 294.241791 	 3.128582 	 98478.976562 	 589.784119 
126 	 41.678688 	 283.323761 	 295.414978 	 2.978230 	 97822.828125 	 646.263916 
127 	 41.678688 	 283.323761 	 288.800079 	 3.634753 	 98674.226562 	 605.821411 
128 	 41.678688 	 283.323761 	 285.112671 	 2.316015 	 99700.031250 	 606.779297 
129 	 41.678688 	 283.323761 	 292.404968 	 4.592765 	 98775.921875 	 662.685913 
130 	 41.678688 	 283.323761 	 294.223145 	 3.572153 	 98124.601562 	 644.174194 
131 	 41.678688 	 283.323761 	 289.060120 	 1.184262 	 98060.601562 	 529.993591 
132 	 41.678688 	 283.323761 	 287.290833 	 2.649770 	 97624.429688 	 504.837402 
133 	 41.678688 	 283.323761 	 289.150269 	 3.485571 	 97488.929688 	 648.239868 
134 	 41.678688 	 283.323761 	 286.157379 	 4.243340 	 97183.242188 	 645.681641 
135 	 41.678688 	 283.323761 	 280.703400 	 3.013543 	 97467.976562 	 499.310822 
136 	 41.678688 	 283.323761 	 281.752533 	 3.031773 	 97615.773438 	 542.713135 
137 	 41.678688 	 283.323761 	 281.078003 	 3.208444 	 98074.156250 	 505.912231 
138 	 41.678688 	 283.323761 	 284.131165 	 3.368727 	 98396.109375 	 644.813599 
139 	 41.678688 	 283.323761 	 291.199097 	 2.435998 	 98761.726562 	 663.483521 
140 	 41.678688 	 283.323761 	 292.965393 	 2.073666 	 99106.703125 	 656.086609 
141 	 41.678688 	 283.323761 	 296.386688 	 2.947445 	 98704.460938 	 553.503174 
142 	 41.678688 	 283.323761 	 298.395050 	 3.967207 	 98420.437500 	 705.919556 
143 	 41.678688 	 283.323761 	 298.368408 	 3.423544 	 98449.796875 	 642.736328 
144 	 41.678688 	 283.323761 	 297.537628 	 3.548542 	 98474.789062 	 603.409973 
145 	 41.678688 	 283.323761 	 292.582001 	 1.624970 	 98849.226562 	 674.326416 
146 	 41.678688 	 283.323761 	 295.310425 	 2.964089 	 98495.156250 	 570.397339 
147 	 41.678688 	 283.323761 	 295.940460 	 3.126890 	 98207.796875 	 649.167725 
148 	 41.678688 	 283.323761 	 291.133026 	 4.447797 	 98063.468750 	 472.584229 
149 	 41.678688 	 283.323761 	 291.222015 	 3.064657 	 99269.359375 	 664.436646 
150 	 41.678688 	 283.323761 	 292.906738 	 2.764732 	 99549.906250 	 659.981812 
151 	 41.678688 	 283.323761 	 295.232300 	 4.134310 	 98908.171875 	 573.177490 
152 	 41.678688 	 283.323761 	 295.504639 	 1.561634 	 98624.226562 	 719.250061 
153 	 41.678688 	 283.323761 	 294.980927 	 2.877255 	 98474.156250 	 574.852478 
154 	 41.678688 	 283.323761 	 291.633484 	 2.986726 	 98879.078125 	 692.921814 
155 	 41.678688 	 283.323761 	 292.671661 	 1.721619 	 99300.078125 	 674.614563 
156 	 41.678688 	 283.323761 	 295.733002 	 1.338100 	 99057.023438 	 698.874756 
157 	 41.678688 	 283.323761 	 297.460693 	 2.509365 	 98619.710938 	 722.094604 
158 	 41.678688 	 283.323761 	 297.739166 	 3.965907 	 98034.546875 	 699.827026 
159 	 41.678688 	 283.323761 	 296.622345 	 1.578536 	 98390.773438 	 591.301819 
160 	 41.678688 	 283.323761 	 296.672516 	 2.701380 	 98830.992188 	 731.053589 
161 	 41.678688 	 283.323761 	 298.752594 	 4.159265 	 98595.968750 	 729.001831 
162 	 41.678688 	 283.323761 	 299.080139 	 2.587840 	 98372.031250 	 712.866821 
163 	 41.678688 	 283.323761 	 298.874939 	 2.536697 	 98551.882812 	 667.612915 
164 	 41.678688 	 283.323761 	 297.287201 	 1.776866 	 99208.796875 	 721.386108 
165 	 41.678688 	 283.323761 	 298.130585 	 3.917923 	 98973.843750 	 698.851196 
166 	 41.678688 	 283.323761 	 299.827698 	 2.885576 	 98170.890625 	 719.820190 
167 	 41.678688 	 283.323761 	 301.923248 	 2.568112 	 97838.351562 	 747.637329 
168 	 41.678688 	 283.323761 	 299.557373 	 1.394174 	 98718.210938 	 724.493774 
169 	 41.678688 	 283.323761 	 301.094879 	 4.171102 	 98704.562500 	 738.271240 
170 	 41.678688 	 283.323761 	 300.967896 	 1.544892 	 98414.062500 	 728.992554 
171 	 41.678688 	 283.323761 	 297.272156 	 2.966292 	 98560.617188 	 710.509460 
172 	 41.678688 	 283.323761 	 295.024597 	 2.948087 	 99232.031250 	 701.500366 
173 	 41.678688 	 283.323761 	 293.740417 	 2.013514 	 99545.796875 	 693.816406 
174 	 41.678688 	 283.323761 	 293.598511 	 1.033837 	 99509.078125 	 693.479858 
175 	 41.678688 	 283.323761 	 299.164368 	 3.861962 	 98890.609375 	 719.306580 
176 	 41.678688 	 283.323761 	 299.883759 	 2.479968 	 98615.601562 	 680.610962 
177 	 41.678688 	 283.323761 	 298.937805 	 1.402269 	 98740.773438 	 708.165161 
178 	 41.678688 	 283.323761 	 300.236572 	 1.738905 	 98519.601562 	 713.646484 
179 	 41.678688 	 283.323761 	 298.712891 	 2.020492 	 98134.281250 	 734.555847 
180 	 41.678688 	 283.323761 	 299.395660 	 3.376533 	 98122.296875 	 712.729248 
181 	 41.678688 	 283.323761 	 297.811066 	 2.761176 	 98627.437500 	 718.836548 
182 	 41.678688 	 283.323761 	 296.953369 	 1.703370 	 98546.570312 	 683.827759 
183 	 41.678688 	 283.323761 	 295.759857 	 3.612523 	 98522.171875 	 721.704224 
184 	 41.678688 	 283.323761 	 292.659790 	 1.416313 	 99191.570312 	 678.455872 
185 	 41.678688 	 283.323761 	 297.156799 	 2.890827 	 98861.429688 	 709.894165 
186 	 41.678688 	 283.323761 	 300.724792 	 2.891337 	 98322.429688 	 709.552368 
187 	 41.678688 	 283.323761 	 299.219727 	 1.699599 	 98263.976562 	 695.164917 
188 	 41.678688 	 283.323761 	 299.373474 	 2.358029 	 98590.421875 	 677.418579 
189 	 41.678688 	 283.323761 	 296.965149 	 3.624062 	 98442.500000 	 566.824951 
190 	 41.678688 	 283.323761 	 290.180786 	 2.993087 	 98684.289062 	 645.652039 
191 	 41.678688 	 283.323761 	 290.457977 	 2.531322 	 99058.062500 	 663.098816 
192 	 41.678688 	 283.323761 	 290.266235 	 0.796181 	 99466.500000 	 666.858826 
193 	 41.678688 	 283.323761 	 293.904877 	 2.329748 	 99599.843750 	 688.385620 
194 	 41.678688 	 283.323761 	 296.925476 	 4.531452 	 99345.031250 	 697.151367 
195 	 41.678688 	 283.323761 	 298.046997 	 4.944570 	 98764.406250 	 700.938416 
196 	 41.678688 	 283.323761 	 295.407684 	 2.069537 	 98444.070312 	 637.833740 
197 	 41.678688 	 283.323761 	 297.492371 	 2.798738 	 98808.570312 	 730.185425 
198 	 41.678688 	 283.323761 	 297.545135 	 1.814063 	 98955.007812 	 704.277039 
199 	 41.678688 	 283.323761 	 298.184387 	 5.020329 	 98697.937500 	 656.730469 
200 	 41.678688 	 283.323761 	 297.289246 	 3.611790 	 98091.578125 	 600.729858 
201 	 41.678688 	 283.323761 	 296.182220 	 1.784489 	 98202.851562 	 674.244995 
202 	 41.678688 	 283.323761 	 295.675201 	 1.227357 	 98502.851562 	 659.052612 
203 	 41.678688 	 283.323761 	 298.437927 	 1.287730 	 98635.882812 	 720.645325 
204 	 41.678688 	 283.323761 	 299.611237 	 3.435116 	 98268.328125 	 626.107788 
205 	 41.678688 	 283.323761 	 295.056793 	 3.081803 	 98016.828125 	 634.097412 
206 	 41.678688 	 283.323761 	 293.645599 	 1.359393 	 98290.367188 	 685.361084 
207 	 41.678688 	 283.323761 	 295.921204 	 2.476693 	 98500.757812 	 688.417175 
208 	 41.678688 	 283.323761 	 298.497406 	 3.730532 	 98141.281250 	 540.971497 
209 	 41.678688 	 283.323761 	 298.965942 	 2.025511 	 98389.218750 	 705.696106 
210 	 41.678688 	 283.323761 	 294.493530 	 1.954247 	 98443.023438 	 467.469025 
211 	 41.678688 	 283.323761 	 292.535553 	 3.237011 	 99173.390625 	 667.666443 
212 	 41.678688 	 283.323761 	 293.201172 	 1.924967 	 99368.773438 	 671.394775 
213 	 41.678688 	 283.323761 	 294.747528 	 3.989249 	 98968.429688 	 660.625488 
214 	 41.678688 	 283.323761 	 295.484802 	 3.041420 	 98558.742188 	 612.872192 
215 	 41.678688 	 283.323761 	 294.078430 	 2.423348 	 98813.617188 	 575.478821 
216 	 41.678688 	 283.323761 	 290.424164 	 1.583120 	 99087.539062 	 400.647705 
217 	 41.678688 	 283.323761 	 294.950562 	 1.738179 	 98866.117188 	 588.013062 
218 	 41.678688 	 283.323761 	 296.420502 	 2.681000 	 98680.046875 	 641.517212 
219 	 41.678688 	 283.323761 	 296.836639 	 1.299633 	 98974.843750 	 677.079956 
220 	 41.678688 	 283.323761 	 297.426819 	 1.248225 	 99077.453125 	 673.021423 
221 	 41.678688 	 283.323761 	 296.669586 	 4.239980 	 98778.226562 	 481.356750 
222 	 41.678688 	 283.323761 	 295.034027 	 2.221504 	 98226.117188 	 562.781311 
223 	 41.678688 	 283.323761 	 294.779114 	 1.402754 	 98478.890625 	 608.071533 
224 	 41.678688 	 283.323761 	 296.890045 	 1.414695 	 98563.382812 	 684.324829 
225 	 41.678688 	 283.323761 	 298.035126 	 1.001639 	 98685.437500 	 680.968689 
226 	 41.678688 	 283.323761 	 299.038574 	 1.248348 	 99079.156250 	 656.587463 
227 	 41.678688 	 283.323761 	 300.358276 	 2.216030 	 99289.523438 	 689.932739 
228 	 41.678688 	 283.323761 	 299.368652 	 3.202212 	 98948.007812 	 658.888184 
229 	 41.678688 	 283.323761 	 298.122772 	 2.428656 	 98892.507812 	 683.217041 
230 	 41.678688 	 283.323761 	 300.562195 	 2.795576 	 99011.070312 	 671.589783 
231 	 41.678688 	 283.323761 	 299.625793 	 3.086231 	 98904.976562 	 668.818726 
232 	 41.678688 	 283.323761 	 293.743958 	 1.959218 	 99240.406250 	 596.877441 
233 	 41.678688 	 283.323761 	 292.415527 	 2.214300 	 99049.679688 	 636.468750 
234 	 41.678688 	 283.323761 	 292.283844 	 1.140683 	 99563.039062 	 631.142334 
235 	 41.678688 	 283.323761 	 295.653473 	 1.504312 	 99630.648438 	 652.190552 
236 	 41.678688 	 283.323761 	 297.376984 	 2.700593 	 99670.156250 	 658.308838 
237 	 41.678688 	 283.323761 	 297.503418 	 3.901636 	 99203.781250 	 651.645264 
238 	 41.678688 	 283.323761 	 296.856415 	 3.639190 	 98516.320312 	 580.794250 
239 	 41.678688 	 283.323761 	 292.265015 	 3.084429 	 98711.679688 	 642.734558 
240 	 41.678688 	 283.323761 	 290.591583 	 1.035271 	 99212.929688 	 611.350220 
241 	 41.678688 	 283.323761 	 294.444489 	 2.939223 	 99065.992188 	 633.914917 
242 	 41.678688 	 283.323761 	 294.766998 	 3.186953 	 98862.671875 	 465.918701 
243 	 41.678688 	 283.323761 	 286.101196 	 3.340801 	 99499.382812 	 598.098022 
244 	 41.678688 	 283.323761 	 286.512268 	 2.190941 	 99303.156250 	 481.390564 
245 	 41.678688 	 283.323761 	 293.361847 	 3.874337 	 98415.156250 	 568.490112 
246 	 41.678688 	 283.323761 	 293.984131 	 1.437362 	 98376.796875 	 617.706482 
247 	 41.678688 	 283.323761 	 293.235474 	 0.858219 	 98739.609375 	 580.432922 
248 	 41.678688 	 283.323761 	 296.089355 	 3.000121 	 98496.046875 	 611.828064 
249 	 41.678688 	 283.323761 	 288.379608 	 1.416236 	 99424.093750 	 559.075806 
250 	 41.678688 	 283.323761 	 291.880371 	 2.681409 	 99393.773438 	 594.392273 
251 	 41.678688 	 283.323761 	 298.454498 	 2.929123 	 99267.718750 	 619.710876 
252 	 41.678688 	 283.323761 	 299.804535 	 2.338444 	 99263.617188 	 645.533081 
253 	 41.678688 	 283.323761 	 297.914886 	 2.151744 	 99132.781250 	 593.433533 
254 	 41.678688 	 283.323761 	 298.450043 	 2.517506 	 98756.820312 	 631.600281 
255 	 41.678688 	 283.323761 	 296.061554 	 2.524031 	 98930.523438 	 575.354126 
256 	 41.678688 	 283.323761 	 292.302704 	 1.898056 	 99665.906250 	 475.268066 
257 	 41.678688 	 283.323761 	 294.389374 	 2.297958 	 99912.179688 	 529.892700 
258 	 41.678688 	 283.323761 	 297.042328 	 2.075756 	 99406.726562 	 628.195129 
259 	 41.678688 	 283.323761 	 298.003601 	 0.934560 	 99158.453125 	 620.938354 
260 	 41.678688 	 283.323761 	 297.219940 	 2.018349 	 99500.773438 	 597.156921 
261 	 41.678688 	 283.323761 	 296.041473 	 1.974947 	 99630.703125 	 544.175781 
262 	 41.678688 	 283.323761 	 295.014038 	 2.471702 	 99385.156250 	 544.468384 
263 	 41.678688 	 283.323761 	 295.298431 	 3.700390 	 98706.593750 	 522.857300 
264 	 41.678688 	 283.323761 	 296.153320 	 3.069307 	 98222.843750 	 547.993225 
265 	 41.678688 	 283.323761 	 295.264862 	 0.803538 	 98256.359375 	 492.230652 
266 	 41.678688 	 283.323761 	 293.319519 	 1.634353 	 98397.148438 	 603.316040 
267 	 41.678688 	 283.323761 	 292.412384 	 1.164471 	 98675.992188 	 573.162720 
268 	 41.678688 	 283.323761 	 292.863251 	 3.222893 	 98379.203125 	 495.548615 
269 	 41.678688 	 283.323761 	 284.703735 	 2.730803 	 99127.382812 	 479.903564 
270 	 41.678688 	 283.323761 	 282.662689 	 2.325227 	 99967.437500 	 500.724060 
271 	 41.678688 	 283.323761 	 281.781250 	 1.932281 	 100358.203125 	 501.219116 
272 	 41.678688 	 283.323761 	 285.351166 	 4.097197 	 99552.476562 	 390.059326 
273 	 41.678688 	 283.323761 	 281.720093 	 2.610974 	 99840.281250 	 491.059753 
274 	 41.678688 	 283.323761 	 282.776550 	 1.823399 	 99509.343750 	 487.055664 
275 	 41.678688 	 283.323761 	 285.681763 	 2.178773 	 99290.476562 	 496.969360 
276 	 41.678688 	 283.323761 	 289.013184 	 3.273890 	 98826.757812 	 511.508179 
277 	 41.678688 	 283.323761 	 285.660187 	 2.426120 	 98358.257812 	 464.302704 
278 	 41.678688 	 283.323761 	 280.400970 	 0.946807 	 99006.937500 	 484.398010 
279 	 41.678688 	 283.323761 	 285.752808 	 3.104816 	 98625.882812 	 484.997467 
280 	 41.678688 	 283.323761 	 283.009705 	 4.009811 	 98709.421875 	 452.318237 
281 	 41.678688 	 283.323761 	 278.394348 	 2.255227 	 100035.796875 	 476.413391 
282 	 41.678688 	 283.323761 	 283.399445 	 3.388154 	 99530.437500 	 467.665710 
283 	 41.678688 	 283.323761 	 290.244812 	 2.418395 	 99056.468750 	 504.474915 
284 	 41.678688 	 283.323761 	 292.122589 	 1.670472 	 99114.750000 	 520.960266 
285 	 41.678688 	 283.323761 	 292.060455 	 1.427979 	 99088.531250 	 510.171448 
286 	 41.678688 	 283.323761 	 293.620300 	 2.175882 	 98937.718750 	 511.945007 
287 	 41.678688 	 283.323761 	 290.990906 	 1.123706 	 99347.867188 	 489.979187 
288 	 41.678688 	 283.323761 	 293.218567 	 2.987189 	 99707.718750 	 497.897064 
289 	 41.678688 	 283.323761 	 293.353027 	 4.408813 	 99364.117188 	 443.065186 
290 	 41.678688 	 283.323761 	 291.783295 	 4.446912 	 98406.328125 	 441.746796 
291 	 41.678688 	 283.323761 	 283.456055 	 2.500815 	 98547.343750 	 442.439972 
292 	 41.678688 	 283.323761 	 281.191956 	 3.074231 	 99010.359375 	 438.709534 
293 	 41.678688 	 283.323761 	 279.573273 	 2.927841 	 99403.523438 	 441.753815 
294 	 41.678688 	 283.323761 	 280.827057 	 2.823796 	 99318.210938 	 436.290161 
295 	 41.678688 	 283.323761 	 275.231720 	 0.898402 	 99907.023438 	 331.497498 
296 	 41.678688 	 283.323761 	 280.385468 	 2.125251 	 99518.031250 	 386.374634 
297 	 41.678688 	 283.323761 	 286.431458 	 4.133338 	 98295.867188 	 463.372345 
298 	 41.678688 	 283.323761 	 284.812561 	 2.249647 	 98288.203125 	 452.346619 
299 	 41.678688 	 283.323761 	 285.190704 	 1.488565 	 99114.343750 	 458.674316 
300 	 41.678688 	 283.323761 	 289.196838 	 3.996485 	 99276.593750 	 456.970856 
301 	 41.678688 	 283.323761 	 292.682281 	 4.188497 	 98737.156250 	 447.203949 
302 	 41.678688 	 283.323761 	 290.146912 	 3.379795 	 98086.226562 	 426.695496 
303 	 41.678688 	 283.323761 	 281.645020 	 3.502482 	 98550.617188 	 393.028534 
304 	 41.678688 	 283.323761 	 277.539124 	 1.192171 	 99697.890625 	 414.753235 
305 	 41.678688 	 283.323761 	 278.678711 	 3.177839 	 99626.296875 	 387.439575 
306 	 41.678688 	 283.323761 	 282.503479 	 2.632626 	 99012.218750 	 447.410095 
307 	 41.678688 	 283.323761 	 282.590607 	 4.204852 	 97960.703125 	 406.721069 
308 	 41.678688 	 283.323761 	 279.839386 	 3.153178 	 98391.570312 	 409.454956 
309 	 41.678688 	 283.323761 	 280.192780 	 2.858612 	 98598.703125 	 396.718323 
310 	 41.678688 	 283.323761 	 282.025696 	 1.126229 	 98738.171875 	 394.141602 
311 	 41.678688 	 283.323761 	 284.954590 	 3.833539 	 98490.968750 	 403.261993 
312 	 41.678688 	 283.323761 	 281.285187 	 2.753209 	 98312.789062 	 395.786163 
313 	 41.678688 	 283.323761 	 277.529541 	 1.755661 	 98489.656250 	 370.265350 
314 	 41.678688 	 283.323761 	 277.630127 	 2.414234 	 99026.906250 	 394.687469 
315 	 41.678688 	 283.323761 	 276.321075 	 1.766619 	 99838.226562 	 391.005585 
316 	 41.678688 	 283.323761 	 282.117035 	 2.776960 	 99668.421875 	 408.481476 
317 	 41.678688 	 283.323761 	 283.006134 	 2.904798 	 99829.062500 	 366.564301 
318 	 41.678688 	 283.323761 	 287.908478 	 4.869101 	 98850.476562 	 418.575531 
319 	 41.678688 	 283.323761 	 280.370300 	 3.221946 	 99052.968750 	 400.063934 
320 	 41.678688 	 283.323761 	 277.555634 	 1.788087 	 99539.109375 	 366.555908 
321 	 41.678688 	 283.323761 	 279.561859 	 2.573899 	 99628.171875 	 382.431091 
322 	 41.678688 	 283.323761 	 280.940063 	 2.507741 	 99501.078125 	 382.393677 
323 	 41.678688 	 283.323761 	 282.337860 	 3.030802 	 99251.156250 	 391.403564 
324 	 41.678688 	 283.323761 	 287.124023 	 3.212813 	 99034.156250 	 418.094574 
325 	 41.678688 	 283.323761 	 291.329590 	 4.431113 	 97831.242188 	 423.748840 
326 	 41.678688 	 283.323761 	 281.920135 	 1.726345 	 97032.453125 	 351.302124 
327 	 41.678688 	 283.323761 	 277.499786 	 2.576640 	 97131.226562 	 336.756653 
328 	 41.678688 	 283.323761 	 275.240356 	 3.241331 	 97522.070312 	 386.913757 
329 	 41.678688 	 283.323761 	 272.764557 	 2.499389 	 99086.523438 	 349.911041 
330 	 41.678688 	 283.323761 	 278.260406 	 5.656593 	 99667.171875 	 395.123199 
331 	 41.678688 	 283.323761 	 279.270538 	 3.970064 	 99234.523438 	 384.521942 
332 	 41.678688 	 283.323761 	 274.123474 	 1.483009 	 99910.656250 	 365.860291 
333 	 41.678688 	 283.323761 	 279.089417 	 2.945647 	 99641.148438 	 389.416504 
334 	 41.678688 	 283.323761 	 282.190887 	 1.172013 	 100077.796875 	 385.594696 
335 	 41.678688 	 283.323761 	 283.906677 	 2.908698 	 99986.617188 	 392.680542 
336 	 41.678688 	 283.323761 	 286.916992 	 4.532901 	 99835.648438 	 416.854645 
337 	 41.678688 	 283.323761 	 290.438263 	 6.243336 	 98118.656250 	 405.752319 
338 	 41.678688 	 283.323761 	 280.469604 	 4.393898 	 97740.617188 	 367.203156 
339 	 41.678688 	 283.323761 	 276.802094 	 4.477236 	 98231.867188 	 367.988068 
340 	 41.678688 	 283.323761 	 280.309357 	 2.674576 	 99093.078125 	 398.187805 
341 	 41.678688 	 283.323761 	 279.394257 	 4.485706 	 98619.929688 	 363.799622 
342 	 41.678688 	 283.323761 	 273.581207 	 4.319030 	 98518.343750 	 353.815887 
343 	 41.678688 	 283.323761 	 268.726257 	 1.744466 	 99855.531250 	 302.183899 
344 	 41.678688 	 283.323761 	 274.835175 	 3.617894 	 99407.437500 	 350.412628 
345 	 41.678688 	 283.323761 	 279.814362 	 1.769262 	 97983.226562 	 389.921539 
346 	 41.678688 	 283.323761 	 277.033997 	 1.477398 	 98603.500000 	 343.101624 
347 	 41.678688 	 283.323761 	 282.547394 	 4.758282 	 98119.632812 	 384.985291 
348 	 41.678688 	 283.323761 	 274.310181 	 5.892406 	 97718.656250 	 359.330078 
349 	 41.678688 	 283.323761 	 270.443024 	 3.576563 	 99684.507812 	 311.972473 
350 	 41.678688 	 283.323761 	 270.709045 	 4.088459 	 100647.796875 	 318.296448 
351 	 41.678688 	 283.323761 	 282.494751 	 5.790071 	 98217.882812 	 361.262970 
352 	 41.678688 	 283.323761 	 273.246948 	 3.606040 	 98073.476562 	 331.710999 
353 	 41.678688 	 283.323761 	 270.361023 	 2.366810 	 99701.312500 	 322.391663 
354 	 41.678688 	 283.323761 	 271.680023 	 3.334401 	 100125.601562 	 322.056274 
355 	 41.678688 	 283.323761 	 274.164642 	 2.595837 	 99508.523438 	 310.126190 
356 	 41.678688 	 283.323761 	 281.670685 	 5.270416 	 97912.406250 	 358.489288 
357 	 41.678688 	 283.323761 	 269.367126 	 5.151686 	 97708.421875 	 305.339111 
358 	 41.678688 	 283.323761 	 268.091217 	 3.319256 	 98598.812500 	 293.788330 
359 	 41.678688 	 283.323761 	 269.184662 	 2.424779 	 99140.382812 	 314.934509 
360 	 41.678688 	 283.323761 	 275.612885 	 4.593203 	 98553.812500 	 347.891785 
361 	 41.678688 	 283.323761 	 274.726532 	 2.755639 	 98856.117188 	 348.404236 
362 	 41.678688 	 283.323761 	 271.109253 	 1.409541 	 99142.648438 	 320.623901 
363 	 41.678688 	 283.323761 	 267.867676 	 3.398060 	 99101.492188 	 311.657562 
364 	 41.678688 	 283.323761 	 270.291260 	 3.629519 	 99790.039062 	 327.687561 
