# 0: Day of Year [-] 	 1: lat [deg] 	 2: lon [deg] 	 3: tas [K] 	 4: sfcWind [m s-1] 	 5: ps [Pa] 	 6: Total Downwelling Rad Flux [W m-2] 
0 	 41.678688 	 283.323761 	 274.651459 	 2.974756 	 98478.976562 	 325.083435 
1 	 41.678688 	 283.323761 	 271.995850 	 2.769815 	 98661.898438 	 300.541077 
2 	 41.678688 	 283.323761 	 275.786713 	 2.580937 	 98529.476562 	 348.226471 
3 	 41.678688 	 283.323761 	 279.608643 	 3.422567 	 97785.453125 	 344.664093 
4 	 41.678688 	 283.323761 	 274.663940 	 3.180109 	 97468.273438 	 331.815826 
5 	 41.678688 	 283.323761 	 273.694824 	 3.129084 	 97633.546875 	 375.666473 
6 	 41.678688 	 283.323761 	 273.209991 	 4.432128 	 97020.671875 	 361.115906 
7 	 41.678688 	 283.323761 	 271.590271 	 4.516519 	 96970.273438 	 308.325623 
8 	 41.678688 	 283.323761 	 270.860168 	 4.072994 	 98275.382812 	 319.913391 
9 	 41.678688 	 283.323761 	 270.031189 	 2.131138 	 98951.671875 	 290.321564 
10 	 41.678688 	 283.323761 	 269.852020 	 3.606054 	 97472.843750 	 336.993774 
11 	 41.678688 	 283.323761 	 269.824066 	 2.323221 	 98765.218750 	 324.124542 
12 	 41.678688 	 283.323761 	 273.015015 	 2.805189 	 99372.781250 	 319.822083 
13 	 41.678688 	 283.323761 	 276.505280 	 3.947841 	 98068.226562 	 343.793976 
14 	 41.678688 	 283.323761 	 271.939636 	 4.745382 	 96350.890625 	 304.983551 
15 	 41.678688 	 283.323761 	 271.607544 	 5.641365 	 96652.476562 	 342.017090 
16 	 41.678688 	 283.323761 	 271.518646 	 3.864473 	 97739.960938 	 348.126648 
17 	 41.678688 	 283.323761 	 269.426453 	 3.216366 	 98877.210938 	 344.974976 
18 	 41.678688 	 283.323761 	 269.450226 	 1.490512 	 99613.968750 	 332.038940 
19 	 41.678688 	 283.323761 	 273.051117 	 2.830293 	 99120.351562 	 364.281006 
20 	 41.678688 	 283.323761 	 272.825073 	 1.558289 	 99324.382812 	 331.815552 
21 	 41.678688 	 283.323761 	 276.013947 	 2.385936 	 99644.156250 	 340.281403 
22 	 41.678688 	 283.323761 	 280.111359 	 3.470214 	 100107.500000 	 367.449127 
23 	 41.678688 	 283.323761 	 287.306366 	 5.965026 	 98760.593750 	 387.853973 
24 	 41.678688 	 283.323761 	 282.949036 	 3.409616 	 96370.906250 	 357.808990 
25 	 41.678688 	 283.323761 	 277.493652 	 4.739276 	 96583.867188 	 355.274750 
26 	 41.678688 	 283.323761 	 275.063965 	 4.351164 	 97679.343750 	 384.933044 
27 	 41.678688 	 283.323761 	 273.629150 	 2.719775 	 99220.632812 	 356.651672 
28 	 41.678688 	 283.323761 	 273.898224 	 1.283360 	 99924.976562 	 368.252075 
29 	 41.678688 	 283.323761 	 279.444031 	 2.113619 	 99569.187500 	 377.823029 
30 	 41.678688 	 283.323761 	 277.892303 	 1.710662 	 99427.546875 	 351.177979 
31 	 41.678688 	 283.323761 	 284.467041 	 3.574730 	 98218.000000 	 420.146973 
32 	 41.678688 	 283.323761 	 282.432800 	 3.215952 	 97834.421875 	 437.054565 
33 	 41.678688 	 283.323761 	 279.568909 	 2.351280 	 98455.992188 	 382.578491 
34 	 41.678688 	 283.323761 	 273.994873 	 3.936849 	 98437.296875 	 321.661591 
35 	 41.678688 	 283.323761 	 270.713593 	 3.196261 	 96932.882812 	 317.878143 
36 	 41.678688 	 283.323761 	 268.555725 	 4.406234 	 97441.601562 	 379.944946 
37 	 41.678688 	 283.323761 	 270.525696 	 3.938905 	 97963.343750 	 372.023254 
38 	 41.678688 	 283.323761 	 270.172974 	 3.042958 	 98195.289062 	 359.305298 
39 	 41.678688 	 283.323761 	 270.377045 	 1.701408 	 98093.289062 	 355.794373 
40 	 41.678688 	 283.323761 	 271.160126 	 2.008939 	 98059.351562 	 366.662476 
41 	 41.678688 	 283.323761 	 273.980255 	 4.365491 	 96429.343750 	 349.614197 
42 	 41.678688 	 283.323761 	 273.208160 	 5.359144 	 94812.960938 	 367.361938 
43 	 41.678688 	 283.323761 	 272.411896 	 4.403380 	 96649.859375 	 355.078949 
44 	 41.678688 	 283.323761 	 269.120605 	 3.900651 	 97562.539062 	 375.309753 
45 	 41.678688 	 283.323761 	 262.817444 	 5.263720 	 98203.617188 	 371.171997 
46 	 41.678688 	 283.323761 	 267.614105 	 4.663074 	 98226.000000 	 364.110779 
47 	 41.678688 	 283.323761 	 271.705536 	 2.550734 	 98274.531250 	 393.385193 
48 	 41.678688 	 283.323761 	 271.587341 	 2.048596 	 98786.539062 	 322.247284 
49 	 41.678688 	 283.323761 	 276.179199 	 4.805956 	 97798.359375 	 347.693268 
50 	 41.678688 	 283.323761 	 275.934631 	 1.845478 	 96417.312500 	 379.859802 
51 	 41.678688 	 283.323761 	 274.777985 	 1.741352 	 96483.906250 	 371.584473 
52 	 41.678688 	 283.323761 	 272.622620 	 3.076262 	 96630.171875 	 428.084473 
53 	 41.678688 	 283.323761 	 272.310822 	 3.981686 	 96807.828125 	 361.615601 
54 	 41.678688 	 283.323761 	 272.466400 	 3.790339 	 98076.546875 	 413.505341 
55 	 41.678688 	 283.323761 	 270.876312 	 2.991248 	 99105.617188 	 404.442383 
56 	 41.678688 	 283.323761 	 268.552185 	 3.320017 	 99680.523438 	 324.733917 
57 	 41.678688 	 283.323761 	 278.612640 	 3.943439 	 96707.617188 	 412.873199 
58 	 41.678688 	 283.323761 	 269.705597 	 4.116784 	 96574.203125 	 406.088501 
59 	 41.678688 	 283.323761 	 268.008698 	 3.572431 	 97403.140625 	 315.011719 
60 	 41.678688 	 283.323761 	 266.886230 	 3.687973 	 97715.953125 	 423.350891 
61 	 41.678688 	 283.323761 	 267.260315 	 3.639597 	 98289.421875 	 387.464600 
62 	 41.678688 	 283.323761 	 274.815857 	 5.652873 	 96751.726562 	 449.847839 
63 	 41.678688 	 283.323761 	 269.452545 	 3.250480 	 98154.156250 	 425.043640 
64 	 41.678688 	 283.323761 	 272.058319 	 1.833088 	 98610.140625 	 436.347778 
65 	 41.678688 	 283.323761 	 271.397919 	 2.875062 	 98733.382812 	 327.565918 
66 	 41.678688 	 283.323761 	 273.608704 	 2.493866 	 98125.382812 	 362.440765 
67 	 41.678688 	 283.323761 	 278.953705 	 2.765705 	 97932.296875 	 392.397705 
68 	 41.678688 	 283.323761 	 277.934235 	 2.347368 	 97490.601562 	 436.310150 
69 	 41.678688 	 283.323761 	 276.142944 	 3.305015 	 98238.203125 	 484.653503 
70 	 41.678688 	 283.323761 	 273.059021 	 2.870408 	 99028.109375 	 447.350037 
71 	 41.678688 	 283.323761 	 272.629333 	 1.973108 	 98957.109375 	 388.602844 
72 	 41.678688 	 283.323761 	 278.398926 	 2.994153 	 98831.062500 	 495.975555 
73 	 41.678688 	 283.323761 	 281.635986 	 3.990220 	 98516.531250 	 416.642151 
74 	 41.678688 	 283.323761 	 282.810730 	 1.496684 	 99161.789062 	 510.037689 
75 	 41.678688 	 283.323761 	 284.388702 	 2.840491 	 99103.476562 	 529.736267 
76 	 41.678688 	 283.323761 	 285.109039 	 2.944251 	 98540.218750 	 389.129211 
77 	 41.678688 	 283.323761 	 279.511444 	 4.278156 	 98898.117188 	 520.775391 
78 	 41.678688 	 283.323761 	 278.533478 	 2.180542 	 99271.476562 	 465.556580 
79 	 41.678688 	 283.323761 	 282.907501 	 3.613205 	 99254.000000 	 482.025391 
80 	 41.678688 	 283.323761 	 285.879059 	 3.569815 	 98863.851562 	 466.767212 
81 	 41.678688 	 283.323761 	 290.199097 	 4.580268 	 97707.273438 	 487.593872 
82 	 41.678688 	 283.323761 	 287.648254 	 3.879136 	 97070.351562 	 485.105408 
83 	 41.678688 	 283.323761 	 283.279388 	 2.295724 	 97618.460938 	 552.681641 
84 	 41.678688 	 283.323761 	 284.054688 	 1.810786 	 97915.500000 	 450.456665 
85 	 41.678688 	 283.323761 	 281.548767 	 4.532538 	 97697.773438 	 438.634827 
86 	 41.678688 	 283.323761 	 275.472961 	 3.423758 	 98770.796875 	 510.407043 
87 	 41.678688 	 283.323761 	 280.325714 	 4.535464 	 99339.828125 	 396.295898 
88 	 41.678688 	 283.323761 	 287.148651 	 5.256154 	 98422.507812 	 407.811615 
89 	 41.678688 	 283.323761 	 278.554382 	 3.667578 	 98312.312500 	 474.745239 
90 	 41.678688 	 283.323761 	 276.794708 	 4.008974 	 98139.703125 	 467.023499 
91 	 41.678688 	 283.323761 	 279.549316 	 1.792088 	 98395.843750 	 533.974243 
92 	 41.678688 	 283.323761 	 281.628662 	 1.669654 	 98693.960938 	 507.097656 
93 	 41.678688 	 283.323761 	 283.239807 	 2.148047 	 98413.687500 	 416.036438 
94 	 41.678688 	 283.323761 	 284.980103 	 1.548779 	 98932.617188 	 567.067871 
95 	 41.678688 	 283.323761 	 287.192383 	 3.367537 	 99382.476562 	 549.234131 
96 	 41.678688 	 283.323761 	 286.936188 	 4.579748 	 98804.312500 	 416.527008 
97 	 41.678688 	 283.323761 	 290.266602 	 3.422625 	 97526.953125 	 564.149170 
98 	 41.678688 	 283.323761 	 284.005920 	 3.759038 	 97386.789062 	 394.284760 
99 	 41.678688 	 283.323761 	 281.305237 	 3.171599 	 97727.382812 	 576.054688 
100 	 41.678688 	 283.323761 	 281.690002 	 3.846617 	 97527.796875 	 513.998291 
101 	 41.678688 	 283.323761 	 278.036438 	 3.817725 	 97665.453125 	 560.295288 
102 	 41.678688 	 283.323761 	 278.417725 	 2.065091 	 98519.828125 	 546.440674 
103 	 41.678688 	 283.323761 	 279.464447 	 1.707347 	 99011.843750 	 551.735229 
104 	 41.678688 	 283.323761 	 281.831604 	 3.810722 	 98379.593750 	 437.913025 
105 	 41.678688 	 283.323761 	 280.346954 	 4.867530 	 97113.031250 	 406.464264 
106 	 41.678688 	 283.323761 	 282.188568 	 2.801518 	 98689.523438 	 573.580200 
107 	 41.678688 	 283.323761 	 279.628693 	 1.726026 	 99790.296875 	 508.719421 
108 	 41.678688 	 283.323761 	 288.006989 	 3.364374 	 98976.882812 	 506.903717 
109 	 41.678688 	 283.323761 	 290.038086 	 4.065116 	 97950.656250 	 465.772430 
110 	 41.678688 	 283.323761 	 290.578644 	 2.431509 	 98467.453125 	 589.701294 
111 	 41.678688 	 283.323761 	 295.994049 	 5.463544 	 98209.367188 	 589.988892 
112 	 41.678688 	 283.323761 	 291.725128 	 4.554193 	 98109.398438 	 600.613831 
113 	 41.678688 	 283.323761 	 286.340027 	 2.955448 	 98815.843750 	 595.447327 
114 	 41.678688 	 283.323761 	 280.224548 	 2.838361 	 99590.953125 	 549.003357 
115 	 41.678688 	 283.323761 	 281.175781 	 2.425767 	 99869.601562 	 572.665100 
116 	 41.678688 	 283.323761 	 283.334564 	 3.141980 	 99181.710938 	 435.920410 
117 	 41.678688 	 283.323761 	 277.904175 	 2.502712 	 100106.796875 	 570.979004 
118 	 41.678688 	 283.323761 	 280.796448 	 3.583424 	 100043.601562 	 548.514771 
119 	 41.678688 	 283.323761 	 288.288422 	 4.820206 	 98961.062500 	 495.856781 
120 	 41.678688 	 283.323761 	 290.313599 	 2.310945 	 98779.867188 	 644.016724 
121 	 41.678688 	 283.323761 	 291.512268 	 0.801713 	 98824.328125 	 645.332275 
122 	 41.678688 	 283.323761 	 295.362122 	 2.519515 	 98863.882812 	 667.924866 
123 	 41.678688 	 283.323761 	 293.114807 	 3.692681 	 98868.203125 	 653.269531 
124 	 41.678688 	 283.323761 	 291.792572 	 4.510721 	 98707.968750 	 541.050476 
125 	 41.678688 	 283.323761 	 291.375000 	 3.578373 	 98766.796875 	 443.553040 
126 	 41.678688 	 283.323761 	 291.347107 	 4.426657 	 98832.750000 	 464.963043 
127 	 41.678688 	 283.323761 	 291.786407 	 3.203187 	 98400.679688 	 514.993835 
128 	 41.678688 	 283.323761 	 290.487854 	 2.043561 	 98039.703125 	 605.634277 
129 	 41.678688 	 283.323761 	 285.716522 	 3.986469 	 98098.796875 	 617.395630 
130 	 41.678688 	 283.323761 	 281.041809 	 3.708605 	 99093.179688 	 611.964722 
131 	 41.678688 	 283.323761 	 280.907013 	 2.809845 	 99747.640625 	 588.821838 
132 	 41.678688 	 283.323761 	 281.845947 	 1.226204 	 100009.796875 	 571.951965 
133 	 41.678688 	 283.323761 	 283.383545 	 2.242689 	 100318.398438 	 518.264099 
134 	 41.678688 	 283.323761 	 286.398560 	 3.170995 	 100063.398438 	 618.849487 
135 	 41.678688 	 283.323761 	 293.436371 	 4.039827 	 98744.851562 	 652.673340 
136 	 41.678688 	 283.323761 	 293.198029 	 3.138714 	 98512.820312 	 668.127441 
137 	 41.678688 	 283.323761 	 294.764191 	 2.952455 	 98283.523438 	 671.046692 
138 	 41.678688 	 283.323761 	 293.715271 	 1.542536 	 98684.828125 	 669.016602 
139 	 41.678688 	 283.323761 	 294.567352 	 2.360219 	 98954.812500 	 663.719727 
140 	 41.678688 	 283.323761 	 294.792572 	 4.773051 	 98835.023438 	 645.582764 
141 	 41.678688 	 283.323761 	 291.608215 	 3.845690 	 98574.093750 	 671.399902 
142 	 41.678688 	 283.323761 	 288.052765 	 2.226827 	 98965.359375 	 525.905518 
143 	 41.678688 	 283.323761 	 289.904602 	 2.835089 	 98590.132812 	 658.010864 
144 	 41.678688 	 283.323761 	 286.942291 	 2.835991 	 98304.203125 	 447.551422 
145 	 41.678688 	 283.323761 	 291.172333 	 1.985234 	 98551.882812 	 671.810486 
146 	 41.678688 	 283.323761 	 294.531830 	 3.082388 	 98816.601562 	 706.939575 
147 	 41.678688 	 283.323761 	 297.311890 	 3.624882 	 98905.468750 	 706.591431 
148 	 41.678688 	 283.323761 	 297.159241 	 4.213421 	 99159.507812 	 715.312439 
149 	 41.678688 	 283.323761 	 297.730225 	 4.372057 	 99204.906250 	 719.375244 
150 	 41.678688 	 283.323761 	 295.978149 	 3.564165 	 99062.828125 	 601.082520 
151 	 41.678688 	 283.323761 	 294.095642 	 1.674423 	 99175.937500 	 659.657104 
152 	 41.678688 	 283.323761 	 296.525146 	 2.520477 	 98735.921875 	 632.355957 
153 	 41.678688 	 283.323761 	 296.736481 	 2.391634 	 98597.500000 	 617.556641 
154 	 41.678688 	 283.323761 	 296.112518 	 3.029415 	 98323.367188 	 675.376160 
155 	 41.678688 	 283.323761 	 296.785645 	 3.064454 	 98141.156250 	 671.392578 
156 	 41.678688 	 283.323761 	 298.570923 	 3.286631 	 98003.687500 	 639.079041 
157 	 41.678688 	 283.323761 	 296.262054 	 3.392585 	 97982.218750 	 671.273315 
158 	 41.678688 	 283.323761 	 295.630585 	 1.866098 	 98477.640625 	 702.931030 
159 	 41.678688 	 283.323761 	 296.547699 	 2.710031 	 98279.531250 	 588.526733 
160 	 41.678688 	 283.323761 	 297.784973 	 4.287959 	 97660.898438 	 714.134644 
161 	 41.678688 	 283.323761 	 289.895416 	 4.238339 	 98132.117188 	 687.490967 
162 	 41.678688 	 283.323761 	 289.633423 	 2.013190 	 99205.562500 	 547.031982 
163 	 41.678688 	 283.323761 	 293.395996 	 1.901188 	 99574.039062 	 703.676453 
164 	 41.678688 	 283.323761 	 293.545258 	 1.100987 	 99549.023438 	 693.913513 
165 	 41.678688 	 283.323761 	 295.436340 	 1.312503 	 99276.242188 	 710.567688 
166 	 41.678688 	 283.323761 	 300.154358 	 2.441041 	 99109.000000 	 727.682495 
167 	 41.678688 	 283.323761 	 301.200439 	 1.649924 	 98975.226562 	 749.475586 
168 	 41.678688 	 283.323761 	 301.170532 	 1.830474 	 98743.726562 	 748.065735 
169 	 41.678688 	 283.323761 	 301.809540 	 1.911561 	 98899.882812 	 712.080444 
170 	 41.678688 	 283.323761 	 299.783722 	 1.033626 	 98847.273438 	 665.855103 
171 	 41.678688 	 283.323761 	 299.357910 	 2.431447 	 98436.703125 	 678.448181 
172 	 41.678688 	 283.323761 	 298.356323 	 1.568402 	 98634.812500 	 733.651245 
173 	 41.678688 	 283.323761 	 298.576294 	 1.331937 	 98582.609375 	 721.333984 
174 	 41.678688 	 283.323761 	 299.042938 	 3.154741 	 97825.296875 	 679.929443 
175 	 41.678688 	 283.323761 	 298.344421 	 3.699668 	 97827.437500 	 723.726379 
176 	 41.678688 	 283.323761 	 297.364105 	 1.782267 	 98323.476562 	 684.374268 
177 	 41.678688 	 283.323761 	 296.267700 	 3.877918 	 98198.078125 	 725.024902 
178 	 41.678688 	 283.323761 	 292.786987 	 1.793063 	 98797.906250 	 616.448486 
179 	 41.678688 	 283.323761 	 293.134735 	 3.844390 	 98748.031250 	 541.057983 
180 	 41.678688 	 283.323761 	 294.696167 	 3.243485 	 99252.296875 	 560.471069 
181 	 41.678688 	 283.323761 	 295.020264 	 3.922715 	 99450.703125 	 681.173218 
182 	 41.678688 	 283.323761 	 298.386597 	 3.727706 	 98767.421875 	 679.172607 
183 	 41.678688 	 283.323761 	 298.064819 	 1.734914 	 98524.039062 	 704.971436 
184 	 41.678688 	 283.323761 	 294.093658 	 1.505953 	 98423.960938 	 548.559753 
185 	 41.678688 	 283.323761 	 295.453033 	 1.599922 	 98425.070312 	 712.808105 
186 	 41.678688 	 283.323761 	 298.885773 	 2.943479 	 97918.476562 	 702.907349 
187 	 41.678688 	 283.323761 	 302.851227 	 2.747596 	 97702.000000 	 734.753113 
188 	 41.678688 	 283.323761 	 299.940216 	 1.929810 	 98086.593750 	 636.885742 
189 	 41.678688 	 283.323761 	 297.607513 	 1.609953 	 98149.492188 	 513.303711 
190 	 41.678688 	 283.323761 	 296.198914 	 2.213610 	 98248.367188 	 708.421265 
191 	 41.678688 	 283.323761 	 294.505890 	 1.283128 	 98582.703125 	 563.847961 
192 	 41.678688 	 283.323761 	 292.629333 	 1.981454 	 98815.570312 	 688.166626 
193 	 41.678688 	 283.323761 	 293.552216 	 2.513554 	 99213.429688 	 686.676636 
194 	 41.678688 	 283.323761 	 294.135590 	 1.147291 	 99559.789062 	 656.104248 
195 	 41.678688 	 283.323761 	 295.894043 	 1.568042 	 99375.703125 	 685.221436 
196 	 41.678688 	 283.323761 	 296.823792 	 1.806584 	 98990.718750 	 689.303833 
197 	 41.678688 	 283.323761 	 296.230774 	 1.440624 	 98423.273438 	 686.764404 
198 	 41.678688 	 283.323761 	 298.240906 	 3.631654 	 97634.359375 	 716.426880 
199 	 41.678688 	 283.323761 	 296.316589 	 2.503862 	 97396.906250 	 636.400146 
200 	 41.678688 	 283.323761 	 295.296448 	 1.493777 	 98131.859375 	 630.546143 
201 	 41.678688 	 283.323761 	 299.028748 	 1.406160 	 98722.242188 	 711.700928 
202 	 41.678688 	 283.323761 	 298.395538 	 3.526005 	 98932.218750 	 639.393188 
203 	 41.678688 	 283.323761 	 297.303986 	 3.156751 	 98973.718750 	 690.121216 
204 	 41.678688 	 283.323761 	 300.544067 	 3.877345 	 98628.453125 	 706.428528 
205 	 41.678688 	 283.323761 	 299.010315 	 3.104760 	 98492.773438 	 691.222229 
206 	 41.678688 	 283.323761 	 296.205078 	 2.525178 	 98549.867188 	 674.095154 
207 	 41.678688 	 283.323761 	 296.314148 	 1.621884 	 99274.007812 	 663.462036 
208 	 41.678688 	 283.323761 	 296.250885 	 1.423417 	 99528.953125 	 667.506226 
209 	 41.678688 	 283.323761 	 299.227234 	 3.253915 	 99048.656250 	 678.889099 
210 	 41.678688 	 283.323761 	 298.392944 	 1.645285 	 98799.593750 	 650.554626 
211 	 41.678688 	 283.323761 	 299.350189 	 2.057068 	 98861.960938 	 705.386963 
212 	 41.678688 	 283.323761 	 299.808319 	 2.888415 	 98914.296875 	 664.757629 
213 	 41.678688 	 283.323761 	 301.837769 	 2.427690 	 98978.179688 	 710.044678 
214 	 41.678688 	 283.323761 	 301.527283 	 2.784372 	 98799.781250 	 714.672485 
215 	 41.678688 	 283.323761 	 300.982941 	 2.583292 	 98806.429688 	 685.113220 
216 	 41.678688 	 283.323761 	 299.834778 	 1.639392 	 98762.210938 	 669.781738 
217 	 41.678688 	 283.323761 	 299.690979 	 1.746714 	 98701.796875 	 710.039551 
218 	 41.678688 	 283.323761 	 300.366364 	 1.957334 	 98860.429688 	 705.288147 
219 	 41.678688 	 283.323761 	 301.267395 	 1.370022 	 99028.671875 	 710.424988 
220 	 41.678688 	 283.323761 	 301.216705 	 2.010411 	 98854.257812 	 654.264526 
221 	 41.678688 	 283.323761 	 300.539612 	 3.324125 	 98236.617188 	 675.120972 
222 	 41.678688 	 283.323761 	 297.804535 	 4.089060 	 98103.312500 	 683.551636 
223 	 41.678688 	 283.323761 	 296.668884 	 1.783622 	 98673.359375 	 664.294495 
224 	 41.678688 	 283.323761 	 301.733063 	 3.016250 	 98643.132812 	 692.317749 
225 	 41.678688 	 283.323761 	 300.026947 	 2.863050 	 98383.500000 	 660.955200 
226 	 41.678688 	 283.323761 	 303.146759 	 3.325624 	 98063.492188 	 689.671265 
227 	 41.678688 	 283.323761 	 301.087036 	 3.003983 	 98164.703125 	 670.632812 
228 	 41.678688 	 283.323761 	 300.795685 	 2.923584 	 98183.296875 	 703.332642 
229 	 41.678688 	 283.323761 	 298.755035 	 2.447809 	 98466.039062 	 673.430420 
230 	 41.678688 	 283.323761 	 295.963013 	 2.286798 	 98725.296875 	 656.711304 
231 	 41.678688 	 283.323761 	 295.938751 	 1.768878 	 99040.156250 	 657.036438 
232 	 41.678688 	 283.323761 	 297.721924 	 4.824285 	 98446.656250 	 641.122070 
233 	 41.678688 	 283.323761 	 291.232025 	 2.602676 	 99061.539062 	 600.540527 
234 	 41.678688 	 283.323761 	 296.723480 	 5.150256 	 98399.171875 	 636.160400 
235 	 41.678688 	 283.323761 	 299.217133 	 4.438464 	 97815.726562 	 645.898682 
236 	 41.678688 	 283.323761 	 288.943359 	 4.419657 	 98652.671875 	 513.167847 
237 	 41.678688 	 283.323761 	 286.714050 	 2.310492 	 99438.226562 	 580.224670 
238 	 41.678688 	 283.323761 	 287.246033 	 0.852260 	 99881.132812 	 600.331299 
239 	 41.678688 	 283.323761 	 291.024261 	 3.000766 	 99764.093750 	 572.280457 
240 	 41.678688 	 283.323761 	 295.182831 	 4.038877 	 99364.929688 	 631.144287 
241 	 41.678688 	 283.323761 	 297.598572 	 3.714885 	 98761.046875 	 650.504150 
242 	 41.678688 	 283.323761 	 296.745850 	 2.628786 	 97949.882812 	 642.920044 
243 	 41.678688 	 283.323761 	 293.410156 	 1.088270 	 98250.906250 	 615.638611 
244 	 41.678688 	 283.323761 	 294.651459 	 0.931977 	 98278.937500 	 626.909729 
245 	 41.678688 	 283.323761 	 295.543121 	 2.064803 	 98721.523438 	 626.209351 
246 	 41.678688 	 283.323761 	 291.674072 	 2.055587 	 99502.710938 	 592.915039 
247 	 41.678688 	 283.323761 	 293.871613 	 2.921352 	 99344.796875 	 581.851440 
248 	 41.678688 	 283.323761 	 298.235809 	 2.950899 	 99221.007812 	 637.582214 
249 	 41.678688 	 283.323761 	 299.205780 	 2.977152 	 99103.000000 	 643.687561 
250 	 41.678688 	 283.323761 	 298.667053 	 1.615717 	 98754.593750 	 615.667053 
251 	 41.678688 	 283.323761 	 300.827667 	 1.888006 	 98397.523438 	 637.288452 
252 	 41.678688 	 283.323761 	 296.859253 	 2.160402 	 98731.289062 	 622.371826 
253 	 41.678688 	 283.323761 	 297.385620 	 2.793118 	 98690.109375 	 550.770508 
254 	 41.678688 	 283.323761 	 296.318176 	 2.391472 	 98420.218750 	 568.595276 
255 	 41.678688 	 283.323761 	 294.736755 	 1.452411 	 98730.289062 	 558.854980 
256 	 41.678688 	 283.323761 	 297.600861 	 2.585917 	 98245.171875 	 623.987732 
257 	 41.678688 	 283.323761 	 294.906067 	 2.378717 	 98628.218750 	 605.133545 
258 	 41.678688 	 283.323761 	 295.589905 	 2.698526 	 98387.382812 	 576.776855 
259 	 41.678688 	 283.323761 	 300.949860 	 3.603952 	 97677.953125 	 629.966064 
260 	 41.678688 	 283.323761 	 298.673401 	 2.920309 	 97810.062500 	 603.082397 
261 	 41.678688 	 283.323761 	 290.517242 	 2.722575 	 98627.882812 	 519.629517 
262 	 41.678688 	 283.323761 	 287.864868 	 0.910617 	 99429.421875 	 541.837280 
263 	 41.678688 	 283.323761 	 294.803467 	 3.983289 	 99018.960938 	 574.545227 
264 	 41.678688 	 283.323761 	 290.455994 	 2.895793 	 98737.750000 	 542.253662 
265 	 41.678688 	 283.323761 	 284.143524 	 4.089317 	 99161.250000 	 464.360474 
266 	 41.678688 	 283.323761 	 281.674316 	 2.297594 	 99715.507812 	 502.106445 
267 	 41.678688 	 283.323761 	 286.497925 	 1.650416 	 99626.882812 	 527.980164 
268 	 41.678688 	 283.323761 	 290.832703 	 1.501764 	 99586.257812 	 548.977783 
269 	 41.678688 	 283.323761 	 292.877106 	 1.222016 	 99699.867188 	 551.974915 
270 	 41.678688 	 283.323761 	 292.281036 	 1.491204 	 99520.898438 	 547.687195 
271 	 41.678688 	 283.323761 	 294.246613 	 1.727916 	 99164.476562 	 555.880615 
272 	 41.678688 	 283.323761 	 290.073547 	 1.625317 	 99489.101562 	 535.635376 
273 	 41.678688 	 283.323761 	 287.708191 	 0.730156 	 99854.453125 	 523.161133 
274 	 41.678688 	 283.323761 	 290.361115 	 2.173317 	 99760.140625 	 435.884918 
275 	 41.678688 	 283.323761 	 293.320831 	 1.731619 	 99442.953125 	 559.461792 
276 	 41.678688 	 283.323761 	 291.391815 	 0.806069 	 99342.132812 	 513.663818 
277 	 41.678688 	 283.323761 	 293.310760 	 1.361019 	 99504.062500 	 537.598633 
278 	 41.678688 	 283.323761 	 292.269867 	 3.310749 	 99271.523438 	 468.989288 
279 	 41.678688 	 283.323761 	 292.242706 	 4.562688 	 98667.820312 	 464.888672 
280 	 41.678688 	 283.323761 	 286.415985 	 3.690987 	 98350.140625 	 498.282166 
281 	 41.678688 	 283.323761 	 283.480255 	 1.423353 	 99604.859375 	 480.662262 
282 	 41.678688 	 283.323761 	 287.067169 	 2.529883 	 99731.640625 	 494.937164 
283 	 41.678688 	 283.323761 	 289.206879 	 3.533302 	 98723.289062 	 441.573395 
284 	 41.678688 	 283.323761 	 284.256775 	 3.730197 	 98603.648438 	 489.101746 
285 	 41.678688 	 283.323761 	 281.851074 	 2.502861 	 99174.156250 	 470.734192 
286 	 41.678688 	 283.323761 	 289.931732 	 4.636855 	 98815.203125 	 495.927429 
287 	 41.678688 	 283.323761 	 288.917084 	 3.579110 	 98335.320312 	 408.687988 
288 	 41.678688 	 283.323761 	 281.683472 	 2.923076 	 99154.242188 	 470.432983 
289 	 41.678688 	 283.323761 	 280.902283 	 1.920401 	 99650.882812 	 455.462280 
290 	 41.678688 	 283.323761 	 285.431000 	 3.196729 	 99404.210938 	 414.807434 
291 	 41.678688 	 283.323761 	 284.399628 	 4.992525 	 98614.601562 	 434.841339 
292 	 41.678688 	 283.323761 	 277.826294 	 1.940469 	 99694.007812 	 410.619324 
293 	 41.678688 	 283.323761 	 281.889282 	 3.477116 	 99282.851562 	 399.626709 
294 	 41.678688 	 283.323761 	 287.441559 	 3.455225 	 98513.226562 	 492.695251 
295 	 41.678688 	 283.323761 	 286.979492 	 5.471133 	 97324.382812 	 466.068115 
296 	 41.678688 	 283.323761 	 280.503143 	 4.943789 	 98156.046875 	 421.492188 
297 	 41.678688 	 283.323761 	 279.134674 	 2.216851 	 99500.687500 	 436.384705 
298 	 41.678688 	 283.323761 	 281.189972 	 3.249432 	 100030.796875 	 407.638733 
299 	 41.678688 	 283.323761 	 288.736481 	 5.058753 	 99217.789062 	 413.232025 
300 	 41.678688 	 283.323761 	 286.955322 	 4.226952 	 98122.406250 	 413.568298 
301 	 41.678688 	 283.323761 	 280.058838 	 2.391034 	 99465.500000 	 439.523010 
302 	 41.678688 	 283.323761 	 281.224304 	 3.919464 	 99475.593750 	 377.962067 
303 	 41.678688 	 283.323761 	 280.432922 	 2.851027 	 99171.523438 	 418.675354 
304 	 41.678688 	 283.323761 	 276.391571 	 2.162870 	 100137.203125 	 416.887848 
305 	 41.678688 	 283.323761 	 281.219025 	 4.191383 	 99238.382812 	 367.778961 
306 	 41.678688 	 283.323761 	 285.210754 	 2.782744 	 98222.953125 	 458.786194 
307 	 41.678688 	 283.323761 	 281.420288 	 3.346359 	 98579.593750 	 430.060791 
308 	 41.678688 	 283.323761 	 280.568207 	 3.685594 	 98982.351562 	 403.588867 
309 	 41.678688 	 283.323761 	 279.838806 	 3.115087 	 98763.460938 	 417.000793 
310 	 41.678688 	 283.323761 	 279.082550 	 2.175641 	 99074.289062 	 396.309845 
311 	 41.678688 	 283.323761 	 280.878326 	 2.600136 	 99106.976562 	 410.607483 
312 	 41.678688 	 283.323761 	 284.135986 	 3.296184 	 99310.679688 	 433.486511 
313 	 41.678688 	 283.323761 	 289.127716 	 6.033332 	 98835.203125 	 401.888458 
314 	 41.678688 	 283.323761 	 282.531494 	 4.792399 	 97689.742188 	 430.744690 
315 	 41.678688 	 283.323761 	 275.742340 	 2.997416 	 98298.921875 	 388.599976 
316 	 41.678688 	 283.323761 	 275.768616 	 3.552116 	 98589.671875 	 378.712158 
317 	 41.678688 	 283.323761 	 279.625305 	 3.725091 	 98474.023438 	 389.780945 
318 	 41.678688 	 283.323761 	 272.604004 	 1.471813 	 99729.718750 	 356.440125 
319 	 41.678688 	 283.323761 	 273.924927 	 2.093631 	 100046.398438 	 338.092285 
320 	 41.678688 	 283.323761 	 280.381805 	 3.000978 	 99412.343750 	 381.283813 
321 	 41.678688 	 283.323761 	 281.488556 	 1.922315 	 99808.890625 	 374.161102 
322 	 41.678688 	 283.323761 	 284.731842 	 4.191749 	 99162.179688 	 392.895508 
323 	 41.678688 	 283.323761 	 285.473450 	 3.955080 	 98290.156250 	 390.303772 
324 	 41.678688 	 283.323761 	 284.731964 	 4.725783 	 97225.843750 	 352.215820 
325 	 41.678688 	 283.323761 	 270.739258 	 4.419590 	 98520.679688 	 356.342133 
326 	 41.678688 	 283.323761 	 269.356934 	 2.546601 	 100496.101562 	 351.216370 
327 	 41.678688 	 283.323761 	 272.143219 	 3.237786 	 101090.601562 	 352.944733 
328 	 41.678688 	 283.323761 	 279.126740 	 4.800422 	 100372.296875 	 357.846710 
329 	 41.678688 	 283.323761 	 281.576782 	 4.670588 	 98903.921875 	 390.288605 
330 	 41.678688 	 283.323761 	 273.254730 	 1.765293 	 99638.843750 	 340.369110 
331 	 41.678688 	 283.323761 	 276.389740 	 3.158391 	 100025.296875 	 351.968414 
332 	 41.678688 	 283.323761 	 282.821899 	 3.286111 	 100146.796875 	 366.180481 
333 	 41.678688 	 283.323761 	 288.103912 	 4.662148 	 99236.976562 	 397.839233 
334 	 41.678688 	 283.323761 	 274.629089 	 1.442248 	 99849.851562 	 334.541779 
335 	 41.678688 	 283.323761 	 283.980682 	 4.829871 	 98258.273438 	 375.678131 
336 	 41.678688 	 283.323761 	 280.991760 	 4.728141 	 97873.507812 	 397.956726 
337 	 41.678688 	 283.323761 	 274.186737 	 2.196797 	 100064.796875 	 357.232971 
338 	 41.678688 	 283.323761 	 275.635101 	 2.789929 	 99555.671875 	 341.693909 
339 	 41.678688 	 283.323761 	 280.136414 	 3.660415 	 98584.601562 	 329.330963 
340 	 41.678688 	 283.323761 	 286.146667 	 3.883488 	 96796.273438 	 387.756653 
341 	 41.678688 	 283.323761 	 275.334991 	 2.994536 	 98023.117188 	 344.514557 
342 	 41.678688 	 283.323761 	 276.501038 	 3.007881 	 98753.343750 	 331.247284 
343 	 41.678688 	 283.323761 	 276.697662 	 2.810073 	 98771.226562 	 329.037842 
344 	 41.678688 	 283.323761 	 268.997253 	 2.889426 	 99574.671875 	 322.443542 
345 	 41.678688 	 283.323761 	 267.689392 	 4.155732 	 99296.406250 	 253.987701 
346 	 41.678688 	 283.323761 	 270.049988 	 3.005093 	 99346.187500 	 308.552460 
347 	 41.678688 	 283.323761 	 270.046051 	 1.721208 	 100105.796875 	 285.937622 
348 	 41.678688 	 283.323761 	 273.038208 	 2.005561 	 100295.101562 	 343.309601 
349 	 41.678688 	 283.323761 	 274.095886 	 1.993728 	 100016.203125 	 328.519165 
350 	 41.678688 	 283.323761 	 275.434692 	 1.301272 	 99742.843750 	 345.075867 
351 	 41.678688 	 283.323761 	 273.871307 	 1.865671 	 99867.187500 	 340.945801 
352 	 41.678688 	 283.323761 	 275.301422 	 1.004128 	 99620.773438 	 361.039825 
353 	 41.678688 	 283.323761 	 273.957764 	 1.192767 	 99092.046875 	 309.524475 
354 	 41.678688 	 283.323761 	 275.522400 	 3.052631 	 97980.656250 	 323.645294 
355 	 41.678688 	 283.323761 	 270.805450 	 2.691212 	 98421.906250 	 328.778320 
356 	 41.678688 	 283.323761 	 269.496490 	 1.809738 	 99474.757812 	 308.300568 
357 	 41.678688 	 283.323761 	 269.891083 	 1.142019 	 100074.898438 	 309.252747 
358 	 41.678688 	 283.323761 	 270.675262 	 0.886710 	 99763.226562 	 321.195404 
359 	 41.678688 	 283.323761 	 271.668793 	 1.544955 	 100234.601562 	 327.336182 
360 	 41.678688 	 283.323761 	 275.987549 	 4.506207 	 100127.101562 	 318.037384 
361 	 41.678688 	 283.323761 	 282.695099 	 5.518786 	 98496.187500 	 362.124512 
362 	 41.678688 	 283.323761 	 272.165863 	 4.245675 	 97610.312500 	 345.767944 
363 	 41.678688 	 283.323761 	 268.644531 	 3.042939 	 98698.312500 	 305.878174 
364 	 41.678688 	 283.323761 	 270.688354 	 0.831224 	 99159.992188 	 338.668945 
