# 0: Day of Year [-] 	 1: lat [deg] 	 2: lon [deg] 	 3: tas [K] 	 4: sfcWind [m s-1] 	 5: ps [Pa] 	 6: Total Downwelling Rad Flux [W m-2] 
0 	 41.678688 	 283.323761 	 278.107147 	 3.548642 	 97742.906250 	 365.618042 
1 	 41.678688 	 283.323761 	 273.915405 	 3.484437 	 97731.679688 	 333.323761 
2 	 41.678688 	 283.323761 	 270.660950 	 3.557564 	 97983.046875 	 312.711945 
3 	 41.678688 	 283.323761 	 273.888275 	 2.682353 	 99234.343750 	 336.262970 
4 	 41.678688 	 283.323761 	 275.635468 	 4.028554 	 99056.203125 	 303.743774 
5 	 41.678688 	 283.323761 	 281.192993 	 4.666340 	 97039.789062 	 391.969299 
6 	 41.678688 	 283.323761 	 271.911682 	 3.830889 	 98226.601562 	 347.801910 
7 	 41.678688 	 283.323761 	 268.467041 	 3.428842 	 99475.429688 	 337.330933 
8 	 41.678688 	 283.323761 	 269.153900 	 3.008635 	 99980.656250 	 310.538330 
9 	 41.678688 	 283.323761 	 271.716675 	 3.308586 	 99234.617188 	 284.099060 
10 	 41.678688 	 283.323761 	 273.053955 	 3.566609 	 98260.171875 	 347.263062 
11 	 41.678688 	 283.323761 	 274.523865 	 3.158451 	 98866.257812 	 351.647339 
12 	 41.678688 	 283.323761 	 277.223358 	 3.264180 	 99208.382812 	 369.938354 
13 	 41.678688 	 283.323761 	 282.496033 	 5.124943 	 97988.867188 	 355.980438 
14 	 41.678688 	 283.323761 	 276.516541 	 5.326925 	 97690.531250 	 367.288025 
15 	 41.678688 	 283.323761 	 272.658783 	 2.257238 	 98981.343750 	 341.731506 
16 	 41.678688 	 283.323761 	 273.707977 	 2.300658 	 99373.867188 	 327.751862 
17 	 41.678688 	 283.323761 	 283.826111 	 3.060507 	 97599.179688 	 390.064087 
18 	 41.678688 	 283.323761 	 275.927246 	 4.526960 	 97411.296875 	 395.870331 
19 	 41.678688 	 283.323761 	 270.932129 	 2.678082 	 99205.343750 	 330.900513 
20 	 41.678688 	 283.323761 	 275.815460 	 5.195025 	 98728.156250 	 369.378815 
21 	 41.678688 	 283.323761 	 272.679718 	 2.516404 	 99542.929688 	 349.947388 
22 	 41.678688 	 283.323761 	 277.938202 	 4.181009 	 98413.992188 	 336.470001 
23 	 41.678688 	 283.323761 	 277.072144 	 2.781661 	 98494.632812 	 366.103912 
24 	 41.678688 	 283.323761 	 276.868347 	 3.773456 	 99598.226562 	 377.723907 
25 	 41.678688 	 283.323761 	 284.237823 	 5.993997 	 98390.773438 	 374.226227 
26 	 41.678688 	 283.323761 	 272.893433 	 4.272430 	 97984.906250 	 371.318787 
27 	 41.678688 	 283.323761 	 271.813385 	 3.291535 	 98998.398438 	 324.593750 
28 	 41.678688 	 283.323761 	 271.773315 	 2.474034 	 99656.406250 	 365.088928 
29 	 41.678688 	 283.323761 	 272.871307 	 1.994084 	 99771.187500 	 361.439453 
30 	 41.678688 	 283.323761 	 272.703918 	 1.456021 	 100159.398438 	 372.293121 
31 	 41.678688 	 283.323761 	 275.678528 	 2.892818 	 99261.523438 	 322.309387 
32 	 41.678688 	 283.323761 	 279.133850 	 2.813298 	 97391.976562 	 418.749084 
33 	 41.678688 	 283.323761 	 275.461395 	 2.619806 	 98400.226562 	 381.476044 
34 	 41.678688 	 283.323761 	 274.350525 	 2.472501 	 99549.742188 	 328.529297 
35 	 41.678688 	 283.323761 	 281.683472 	 1.711453 	 98931.109375 	 412.737427 
36 	 41.678688 	 283.323761 	 282.890503 	 3.558679 	 98194.906250 	 384.071777 
37 	 41.678688 	 283.323761 	 284.904449 	 3.971578 	 97303.382812 	 447.068542 
38 	 41.678688 	 283.323761 	 277.763855 	 1.923730 	 97582.218750 	 350.927368 
39 	 41.678688 	 283.323761 	 273.647858 	 3.575776 	 98282.851562 	 404.333740 
40 	 41.678688 	 283.323761 	 276.630890 	 2.160480 	 99605.906250 	 401.578735 
41 	 41.678688 	 283.323761 	 282.937988 	 5.002252 	 99317.773438 	 436.880920 
42 	 41.678688 	 283.323761 	 281.365967 	 2.348673 	 98440.789062 	 440.135284 
43 	 41.678688 	 283.323761 	 276.039673 	 2.595619 	 98171.742188 	 374.519592 
44 	 41.678688 	 283.323761 	 271.727478 	 2.929794 	 98856.289062 	 394.197388 
45 	 41.678688 	 283.323761 	 272.103760 	 2.673100 	 98788.531250 	 316.578552 
46 	 41.678688 	 283.323761 	 273.006836 	 2.659754 	 98264.656250 	 370.098267 
47 	 41.678688 	 283.323761 	 270.995270 	 3.093424 	 98464.257812 	 382.745667 
48 	 41.678688 	 283.323761 	 272.106598 	 2.321527 	 99255.507812 	 379.736084 
49 	 41.678688 	 283.323761 	 280.027832 	 1.803053 	 99058.203125 	 442.812805 
50 	 41.678688 	 283.323761 	 281.843811 	 4.262715 	 98800.492188 	 382.853760 
51 	 41.678688 	 283.323761 	 276.640350 	 2.549282 	 98547.406250 	 416.169495 
52 	 41.678688 	 283.323761 	 281.583008 	 3.863415 	 98865.632812 	 440.538574 
53 	 41.678688 	 283.323761 	 283.773438 	 2.625042 	 98969.882812 	 439.678894 
54 	 41.678688 	 283.323761 	 279.988739 	 2.582539 	 98710.390625 	 375.638062 
55 	 41.678688 	 283.323761 	 273.941803 	 2.861651 	 98974.421875 	 453.746216 
56 	 41.678688 	 283.323761 	 273.591034 	 1.027704 	 99952.046875 	 422.631836 
57 	 41.678688 	 283.323761 	 276.711456 	 2.570566 	 100136.203125 	 356.295349 
58 	 41.678688 	 283.323761 	 280.139801 	 4.176049 	 98964.437500 	 376.518890 
59 	 41.678688 	 283.323761 	 281.619141 	 3.963411 	 98314.453125 	 460.687134 
60 	 41.678688 	 283.323761 	 277.612457 	 2.271349 	 99535.937500 	 381.802856 
61 	 41.678688 	 283.323761 	 284.863129 	 4.859814 	 99190.460938 	 389.637512 
62 	 41.678688 	 283.323761 	 287.159882 	 4.321827 	 97808.906250 	 416.956299 
63 	 41.678688 	 283.323761 	 276.260559 	 2.694998 	 98252.437500 	 448.341064 
64 	 41.678688 	 283.323761 	 276.234741 	 3.128457 	 98435.046875 	 438.531860 
65 	 41.678688 	 283.323761 	 268.688629 	 3.959180 	 98953.273438 	 416.060364 
66 	 41.678688 	 283.323761 	 269.496643 	 4.258484 	 99248.617188 	 349.380676 
67 	 41.678688 	 283.323761 	 274.727142 	 2.557696 	 97939.523438 	 433.061401 
68 	 41.678688 	 283.323761 	 276.897339 	 3.299633 	 98526.156250 	 444.235107 
69 	 41.678688 	 283.323761 	 269.836395 	 2.532379 	 99933.648438 	 430.460022 
70 	 41.678688 	 283.323761 	 266.960693 	 2.986620 	 99869.320312 	 335.106537 
71 	 41.678688 	 283.323761 	 269.695648 	 1.709586 	 99100.773438 	 454.721252 
72 	 41.678688 	 283.323761 	 270.066071 	 1.961316 	 98630.453125 	 331.923523 
73 	 41.678688 	 283.323761 	 271.816681 	 5.035934 	 97487.593750 	 469.633850 
74 	 41.678688 	 283.323761 	 270.622437 	 3.435569 	 98423.351562 	 363.576508 
75 	 41.678688 	 283.323761 	 272.261780 	 1.671848 	 98960.726562 	 399.814697 
76 	 41.678688 	 283.323761 	 272.797943 	 4.406167 	 98607.382812 	 367.588562 
77 	 41.678688 	 283.323761 	 271.555664 	 4.589714 	 98116.710938 	 453.894226 
78 	 41.678688 	 283.323761 	 273.745941 	 2.343277 	 98910.437500 	 477.774658 
79 	 41.678688 	 283.323761 	 283.560455 	 3.168679 	 98564.710938 	 521.833374 
80 	 41.678688 	 283.323761 	 284.432678 	 3.263148 	 98909.203125 	 405.882996 
81 	 41.678688 	 283.323761 	 288.655243 	 5.286850 	 98736.937500 	 414.021637 
82 	 41.678688 	 283.323761 	 288.679047 	 2.259542 	 98450.273438 	 454.756836 
83 	 41.678688 	 283.323761 	 290.339355 	 6.366066 	 97529.789062 	 440.771240 
84 	 41.678688 	 283.323761 	 284.065033 	 4.217868 	 96723.171875 	 438.124298 
85 	 41.678688 	 283.323761 	 279.510773 	 3.394892 	 97873.218750 	 514.575073 
86 	 41.678688 	 283.323761 	 283.191162 	 3.433792 	 97877.882812 	 437.476196 
87 	 41.678688 	 283.323761 	 283.393524 	 6.366001 	 96784.101562 	 491.768921 
88 	 41.678688 	 283.323761 	 276.667511 	 5.200067 	 97649.750000 	 477.363861 
89 	 41.678688 	 283.323761 	 277.228638 	 2.589356 	 98661.843750 	 515.400024 
90 	 41.678688 	 283.323761 	 276.913635 	 2.664826 	 99292.726562 	 509.163513 
91 	 41.678688 	 283.323761 	 278.937195 	 4.032547 	 100035.296875 	 488.020325 
92 	 41.678688 	 283.323761 	 287.160248 	 4.232503 	 99037.523438 	 546.683716 
93 	 41.678688 	 283.323761 	 290.695953 	 3.209557 	 98784.320312 	 577.610413 
94 	 41.678688 	 283.323761 	 295.489685 	 3.546626 	 98762.343750 	 620.619263 
95 	 41.678688 	 283.323761 	 295.214722 	 3.927984 	 98536.093750 	 537.912720 
96 	 41.678688 	 283.323761 	 288.072113 	 5.367177 	 97711.953125 	 429.295013 
97 	 41.678688 	 283.323761 	 277.879608 	 3.214349 	 98292.500000 	 526.325439 
98 	 41.678688 	 283.323761 	 281.349915 	 4.466371 	 98116.000000 	 370.800964 
99 	 41.678688 	 283.323761 	 278.783569 	 4.685168 	 96652.828125 	 431.088501 
100 	 41.678688 	 283.323761 	 274.069427 	 4.314938 	 97496.703125 	 512.039368 
101 	 41.678688 	 283.323761 	 273.552765 	 2.775804 	 98858.078125 	 533.610535 
102 	 41.678688 	 283.323761 	 277.884705 	 1.711323 	 99542.078125 	 542.087646 
103 	 41.678688 	 283.323761 	 285.247192 	 2.430242 	 99436.289062 	 568.746338 
104 	 41.678688 	 283.323761 	 287.709625 	 5.423425 	 98341.101562 	 450.770142 
105 	 41.678688 	 283.323761 	 286.600128 	 4.372764 	 97812.796875 	 595.535156 
106 	 41.678688 	 283.323761 	 288.240967 	 3.812540 	 97730.343750 	 567.724854 
107 	 41.678688 	 283.323761 	 283.241577 	 3.063922 	 98364.132812 	 549.092834 
108 	 41.678688 	 283.323761 	 280.172699 	 2.852955 	 98657.148438 	 536.263794 
109 	 41.678688 	 283.323761 	 280.239075 	 2.299949 	 99158.632812 	 558.266907 
110 	 41.678688 	 283.323761 	 281.203918 	 3.000363 	 99325.156250 	 426.365967 
111 	 41.678688 	 283.323761 	 293.225159 	 3.760558 	 97987.156250 	 587.828125 
112 	 41.678688 	 283.323761 	 293.911682 	 4.473235 	 97270.976562 	 527.817627 
113 	 41.678688 	 283.323761 	 285.320312 	 3.879656 	 96687.296875 	 513.665405 
114 	 41.678688 	 283.323761 	 278.221802 	 4.810807 	 96542.007812 	 418.566467 
115 	 41.678688 	 283.323761 	 280.970612 	 4.531057 	 96322.593750 	 503.331329 
116 	 41.678688 	 283.323761 	 279.047302 	 4.356413 	 96664.773438 	 567.215149 
117 	 41.678688 	 283.323761 	 277.690674 	 4.390187 	 97805.117188 	 579.782593 
118 	 41.678688 	 283.323761 	 279.418518 	 3.742576 	 99052.171875 	 554.280396 
119 	 41.678688 	 283.323761 	 280.425812 	 2.728544 	 99826.640625 	 582.677002 
120 	 41.678688 	 283.323761 	 282.938660 	 1.407718 	 100264.296875 	 595.328613 
121 	 41.678688 	 283.323761 	 286.301147 	 3.210962 	 99595.453125 	 465.922760 
122 	 41.678688 	 283.323761 	 291.318207 	 2.454687 	 98776.273438 	 568.885498 
123 	 41.678688 	 283.323761 	 289.917542 	 2.237538 	 98973.507812 	 644.074768 
124 	 41.678688 	 283.323761 	 288.700623 	 3.400142 	 99127.359375 	 495.834900 
125 	 41.678688 	 283.323761 	 290.579926 	 3.468662 	 98384.593750 	 676.770569 
126 	 41.678688 	 283.323761 	 288.679413 	 1.408399 	 99024.296875 	 635.251221 
127 	 41.678688 	 283.323761 	 292.635315 	 3.954597 	 98241.648438 	 565.144287 
128 	 41.678688 	 283.323761 	 287.232849 	 3.639766 	 98318.226562 	 592.547546 
129 	 41.678688 	 283.323761 	 284.489349 	 2.144311 	 98863.703125 	 615.668579 
130 	 41.678688 	 283.323761 	 284.157532 	 1.335986 	 98693.976562 	 474.624298 
131 	 41.678688 	 283.323761 	 286.797729 	 3.145655 	 98151.968750 	 438.300964 
132 	 41.678688 	 283.323761 	 282.517883 	 2.414980 	 98926.492188 	 399.789368 
133 	 41.678688 	 283.323761 	 281.929962 	 1.495348 	 99156.296875 	 411.114166 
134 	 41.678688 	 283.323761 	 281.908569 	 1.745508 	 99059.468750 	 545.605591 
135 	 41.678688 	 283.323761 	 282.764984 	 2.676273 	 98983.476562 	 512.783264 
136 	 41.678688 	 283.323761 	 286.168549 	 2.666198 	 99095.710938 	 642.822083 
137 	 41.678688 	 283.323761 	 287.253632 	 1.600575 	 99390.187500 	 640.066772 
138 	 41.678688 	 283.323761 	 288.775269 	 1.912056 	 99140.640625 	 624.461670 
139 	 41.678688 	 283.323761 	 291.112183 	 3.695749 	 97929.257812 	 509.722229 
140 	 41.678688 	 283.323761 	 288.778717 	 4.734024 	 97578.390625 	 617.154419 
141 	 41.678688 	 283.323761 	 290.526459 	 2.687689 	 98467.398438 	 657.329468 
142 	 41.678688 	 283.323761 	 294.332184 	 3.765395 	 98159.921875 	 615.568726 
143 	 41.678688 	 283.323761 	 287.277710 	 3.514850 	 98360.921875 	 643.267517 
144 	 41.678688 	 283.323761 	 284.598206 	 2.199401 	 98838.757812 	 630.287354 
145 	 41.678688 	 283.323761 	 288.493652 	 2.777001 	 98799.703125 	 658.983276 
146 	 41.678688 	 283.323761 	 292.559235 	 3.268137 	 98385.859375 	 617.748718 
147 	 41.678688 	 283.323761 	 291.463226 	 2.067843 	 98180.312500 	 532.085632 
148 	 41.678688 	 283.323761 	 287.613831 	 4.320385 	 97677.976562 	 437.615387 
149 	 41.678688 	 283.323761 	 285.835571 	 3.689198 	 98179.343750 	 597.378662 
150 	 41.678688 	 283.323761 	 285.818695 	 1.265052 	 99464.546875 	 594.789917 
151 	 41.678688 	 283.323761 	 288.127136 	 1.505285 	 99465.328125 	 557.446838 
152 	 41.678688 	 283.323761 	 290.423950 	 0.835523 	 99281.656250 	 672.986206 
153 	 41.678688 	 283.323761 	 294.400421 	 2.042788 	 98832.093750 	 625.762512 
154 	 41.678688 	 283.323761 	 295.493805 	 4.492463 	 98492.390625 	 695.755005 
155 	 41.678688 	 283.323761 	 296.218933 	 1.699673 	 99147.140625 	 705.831726 
156 	 41.678688 	 283.323761 	 297.590820 	 3.492127 	 99251.273438 	 709.341919 
157 	 41.678688 	 283.323761 	 297.670502 	 2.468184 	 98834.273438 	 685.530396 
158 	 41.678688 	 283.323761 	 296.929443 	 1.414466 	 98879.148438 	 649.401123 
159 	 41.678688 	 283.323761 	 296.595551 	 2.561144 	 98508.859375 	 651.717407 
160 	 41.678688 	 283.323761 	 295.701263 	 2.961400 	 98438.140625 	 712.917847 
161 	 41.678688 	 283.323761 	 291.196106 	 2.320240 	 98837.687500 	 675.267212 
162 	 41.678688 	 283.323761 	 293.734039 	 1.341036 	 99083.820312 	 686.660522 
163 	 41.678688 	 283.323761 	 295.949219 	 1.363054 	 98794.210938 	 706.202271 
164 	 41.678688 	 283.323761 	 297.536865 	 1.517715 	 98496.546875 	 709.615723 
165 	 41.678688 	 283.323761 	 299.209137 	 1.916093 	 98490.226562 	 724.853516 
166 	 41.678688 	 283.323761 	 300.201965 	 2.231858 	 98373.531250 	 712.588440 
167 	 41.678688 	 283.323761 	 301.035828 	 2.988955 	 98457.906250 	 731.832397 
168 	 41.678688 	 283.323761 	 297.147003 	 1.330118 	 98732.593750 	 666.963989 
169 	 41.678688 	 283.323761 	 298.313049 	 3.198512 	 98158.289062 	 610.260620 
170 	 41.678688 	 283.323761 	 298.545105 	 3.873161 	 97456.101562 	 620.936890 
171 	 41.678688 	 283.323761 	 293.773407 	 3.863293 	 98041.429688 	 695.408203 
172 	 41.678688 	 283.323761 	 293.737427 	 2.154719 	 98328.406250 	 651.897949 
173 	 41.678688 	 283.323761 	 290.054962 	 2.200770 	 98669.257812 	 680.464844 
174 	 41.678688 	 283.323761 	 290.675110 	 1.479828 	 98309.507812 	 683.368774 
175 	 41.678688 	 283.323761 	 289.602539 	 3.228511 	 98171.046875 	 683.816895 
176 	 41.678688 	 283.323761 	 286.608093 	 2.229830 	 98819.656250 	 641.915833 
177 	 41.678688 	 283.323761 	 286.917206 	 1.739775 	 98954.882812 	 538.533325 
178 	 41.678688 	 283.323761 	 292.346954 	 2.452558 	 98619.796875 	 678.434021 
179 	 41.678688 	 283.323761 	 295.561157 	 0.983387 	 98592.148438 	 679.382690 
180 	 41.678688 	 283.323761 	 299.711548 	 2.153307 	 98315.250000 	 639.073608 
181 	 41.678688 	 283.323761 	 295.891418 	 1.329042 	 98229.031250 	 553.343811 
182 	 41.678688 	 283.323761 	 297.729034 	 1.604098 	 98450.406250 	 603.268799 
183 	 41.678688 	 283.323761 	 295.600647 	 3.279592 	 98657.687500 	 566.304077 
184 	 41.678688 	 283.323761 	 299.697815 	 3.524423 	 98196.789062 	 694.695862 
185 	 41.678688 	 283.323761 	 296.217377 	 2.579241 	 98130.523438 	 628.593994 
186 	 41.678688 	 283.323761 	 295.349335 	 3.193234 	 98764.109375 	 682.408752 
187 	 41.678688 	 283.323761 	 294.310486 	 2.568306 	 99903.046875 	 690.634155 
188 	 41.678688 	 283.323761 	 294.774780 	 1.043263 	 100022.203125 	 688.160889 
189 	 41.678688 	 283.323761 	 296.343842 	 0.963603 	 99493.351562 	 701.456787 
190 	 41.678688 	 283.323761 	 297.977722 	 1.489346 	 98901.476562 	 714.672974 
191 	 41.678688 	 283.323761 	 301.217682 	 2.722185 	 98472.390625 	 710.519470 
192 	 41.678688 	 283.323761 	 300.234436 	 2.246516 	 98468.210938 	 700.970947 
193 	 41.678688 	 283.323761 	 300.036499 	 1.502882 	 98835.867188 	 723.844727 
194 	 41.678688 	 283.323761 	 299.156677 	 1.143673 	 98997.226562 	 713.983521 
195 	 41.678688 	 283.323761 	 300.285431 	 2.235983 	 98921.968750 	 722.224670 
196 	 41.678688 	 283.323761 	 299.437164 	 2.466707 	 98874.476562 	 728.298706 
197 	 41.678688 	 283.323761 	 299.720551 	 2.758431 	 98671.843750 	 701.921875 
198 	 41.678688 	 283.323761 	 298.250549 	 3.162204 	 98305.093750 	 624.937439 
199 	 41.678688 	 283.323761 	 297.647675 	 2.334814 	 98013.882812 	 708.270325 
200 	 41.678688 	 283.323761 	 298.141388 	 4.183262 	 97483.156250 	 602.484375 
201 	 41.678688 	 283.323761 	 292.610962 	 2.572229 	 98367.117188 	 564.754883 
202 	 41.678688 	 283.323761 	 294.637115 	 3.468269 	 98662.960938 	 695.338318 
203 	 41.678688 	 283.323761 	 294.654633 	 1.493498 	 98941.500000 	 671.976318 
204 	 41.678688 	 283.323761 	 298.525970 	 2.199945 	 99032.531250 	 720.195312 
205 	 41.678688 	 283.323761 	 298.679565 	 1.669786 	 98760.960938 	 706.914917 
206 	 41.678688 	 283.323761 	 298.289673 	 0.880941 	 98905.796875 	 618.692444 
207 	 41.678688 	 283.323761 	 301.083069 	 3.232294 	 98861.101562 	 718.513000 
208 	 41.678688 	 283.323761 	 302.195679 	 2.591172 	 98980.507812 	 717.261108 
209 	 41.678688 	 283.323761 	 301.794556 	 4.004843 	 98569.117188 	 677.304565 
210 	 41.678688 	 283.323761 	 299.012512 	 1.094817 	 98748.953125 	 704.350220 
211 	 41.678688 	 283.323761 	 298.684784 	 1.743502 	 98757.023438 	 583.476807 
212 	 41.678688 	 283.323761 	 301.839844 	 3.057081 	 98787.382812 	 736.956360 
213 	 41.678688 	 283.323761 	 303.760773 	 2.936711 	 98462.406250 	 728.891968 
214 	 41.678688 	 283.323761 	 300.398346 	 1.206933 	 98220.937500 	 687.906372 
215 	 41.678688 	 283.323761 	 303.152832 	 3.450598 	 97833.953125 	 714.599487 
216 	 41.678688 	 283.323761 	 300.508362 	 3.023311 	 97881.953125 	 656.869507 
217 	 41.678688 	 283.323761 	 294.010803 	 2.320688 	 98770.226562 	 651.041382 
218 	 41.678688 	 283.323761 	 293.594086 	 2.046735 	 99212.296875 	 666.881165 
219 	 41.678688 	 283.323761 	 293.543579 	 1.577008 	 99379.976562 	 661.580078 
220 	 41.678688 	 283.323761 	 294.252625 	 1.010163 	 99253.351562 	 664.753906 
221 	 41.678688 	 283.323761 	 298.487885 	 3.648192 	 98536.578125 	 684.695923 
222 	 41.678688 	 283.323761 	 299.817963 	 4.020687 	 98409.546875 	 677.217773 
223 	 41.678688 	 283.323761 	 298.851257 	 1.771121 	 98693.179688 	 635.930176 
224 	 41.678688 	 283.323761 	 294.726501 	 1.206937 	 99267.390625 	 635.526001 
225 	 41.678688 	 283.323761 	 297.107178 	 1.781476 	 99239.882812 	 658.926331 
226 	 41.678688 	 283.323761 	 296.942902 	 2.046278 	 98990.906250 	 659.800781 
227 	 41.678688 	 283.323761 	 296.458771 	 2.244012 	 98800.460938 	 611.390503 
228 	 41.678688 	 283.323761 	 295.848389 	 2.873296 	 98365.726562 	 530.940430 
229 	 41.678688 	 283.323761 	 294.690277 	 1.028728 	 98003.921875 	 580.896545 
230 	 41.678688 	 283.323761 	 295.243561 	 1.906156 	 98114.750000 	 642.319092 
231 	 41.678688 	 283.323761 	 294.291382 	 1.207588 	 98639.593750 	 604.376709 
232 	 41.678688 	 283.323761 	 294.340027 	 1.437675 	 99024.703125 	 487.777618 
233 	 41.678688 	 283.323761 	 294.828003 	 2.544082 	 99212.320312 	 499.819092 
234 	 41.678688 	 283.323761 	 295.815399 	 1.976570 	 99280.671875 	 615.643555 
235 	 41.678688 	 283.323761 	 295.827301 	 1.521108 	 99147.750000 	 638.243835 
236 	 41.678688 	 283.323761 	 295.817200 	 0.825805 	 99138.546875 	 649.599121 
237 	 41.678688 	 283.323761 	 296.390350 	 1.157815 	 99146.289062 	 649.747009 
238 	 41.678688 	 283.323761 	 296.742554 	 2.209406 	 99055.039062 	 655.081055 
239 	 41.678688 	 283.323761 	 295.073700 	 1.950851 	 98987.976562 	 607.038879 
240 	 41.678688 	 283.323761 	 292.441650 	 2.354225 	 99686.250000 	 632.457825 
241 	 41.678688 	 283.323761 	 293.537384 	 2.268494 	 99749.906250 	 636.447205 
242 	 41.678688 	 283.323761 	 294.444153 	 1.955957 	 99395.953125 	 580.336548 
243 	 41.678688 	 283.323761 	 295.798309 	 2.528213 	 99032.617188 	 633.135742 
244 	 41.678688 	 283.323761 	 298.265289 	 2.654740 	 98656.109375 	 629.867737 
245 	 41.678688 	 283.323761 	 293.391327 	 0.599740 	 99142.828125 	 605.990234 
246 	 41.678688 	 283.323761 	 297.982178 	 1.302419 	 99092.343750 	 622.318665 
247 	 41.678688 	 283.323761 	 298.188263 	 1.716176 	 99057.953125 	 631.145081 
248 	 41.678688 	 283.323761 	 297.789825 	 2.770945 	 98671.007812 	 621.975830 
249 	 41.678688 	 283.323761 	 297.485718 	 2.246612 	 98206.593750 	 577.848022 
250 	 41.678688 	 283.323761 	 294.466461 	 1.217348 	 98631.226562 	 617.142151 
251 	 41.678688 	 283.323761 	 295.931396 	 2.133565 	 98514.953125 	 582.605591 
252 	 41.678688 	 283.323761 	 295.132996 	 2.446447 	 98166.070312 	 519.582153 
253 	 41.678688 	 283.323761 	 291.165375 	 2.390199 	 98412.921875 	 594.843201 
254 	 41.678688 	 283.323761 	 291.170654 	 2.215432 	 98694.976562 	 572.257019 
255 	 41.678688 	 283.323761 	 295.411926 	 2.905817 	 98318.562500 	 607.787598 
256 	 41.678688 	 283.323761 	 293.082062 	 1.197458 	 98877.750000 	 580.358948 
257 	 41.678688 	 283.323761 	 296.100159 	 3.247581 	 98701.281250 	 552.673706 
258 	 41.678688 	 283.323761 	 297.194733 	 3.310745 	 98623.039062 	 525.924988 
259 	 41.678688 	 283.323761 	 295.208527 	 3.963884 	 98496.273438 	 508.952728 
260 	 41.678688 	 283.323761 	 290.736328 	 2.053443 	 98094.929688 	 448.726227 
261 	 41.678688 	 283.323761 	 286.840393 	 3.140412 	 97979.507812 	 456.710632 
262 	 41.678688 	 283.323761 	 285.926422 	 2.734545 	 97459.156250 	 526.935425 
263 	 41.678688 	 283.323761 	 283.951569 	 2.500554 	 97826.843750 	 427.850098 
264 	 41.678688 	 283.323761 	 285.964050 	 2.588312 	 98291.718750 	 496.490509 
265 	 41.678688 	 283.323761 	 287.259064 	 2.554731 	 98658.171875 	 536.776123 
266 	 41.678688 	 283.323761 	 290.866638 	 2.471422 	 98600.179688 	 561.005981 
267 	 41.678688 	 283.323761 	 285.349121 	 1.193285 	 99032.109375 	 405.778320 
268 	 41.678688 	 283.323761 	 286.079865 	 2.570085 	 98836.257812 	 531.338989 
269 	 41.678688 	 283.323761 	 286.025818 	 1.952515 	 99092.351562 	 525.559509 
270 	 41.678688 	 283.323761 	 292.243408 	 3.490870 	 98723.617188 	 551.888184 
271 	 41.678688 	 283.323761 	 291.548065 	 2.177943 	 98551.718750 	 546.389709 
272 	 41.678688 	 283.323761 	 287.927734 	 0.997685 	 99091.093750 	 533.815552 
273 	 41.678688 	 283.323761 	 292.791443 	 2.207586 	 99161.007812 	 563.962341 
274 	 41.678688 	 283.323761 	 294.795074 	 0.990337 	 99102.046875 	 561.990356 
275 	 41.678688 	 283.323761 	 294.232239 	 3.165051 	 98857.359375 	 494.667908 
276 	 41.678688 	 283.323761 	 287.490814 	 3.522844 	 98919.453125 	 453.610596 
277 	 41.678688 	 283.323761 	 282.320801 	 1.911630 	 100013.296875 	 489.798035 
278 	 41.678688 	 283.323761 	 284.091919 	 1.998555 	 99973.742188 	 485.443939 
279 	 41.678688 	 283.323761 	 288.813629 	 1.348946 	 99468.757812 	 519.443970 
280 	 41.678688 	 283.323761 	 291.242676 	 0.976631 	 98966.937500 	 525.266541 
281 	 41.678688 	 283.323761 	 291.938782 	 0.617578 	 98836.921875 	 536.006226 
282 	 41.678688 	 283.323761 	 290.939697 	 0.597702 	 99146.476562 	 469.993103 
283 	 41.678688 	 283.323761 	 290.234406 	 2.114465 	 99847.726562 	 476.017792 
284 	 41.678688 	 283.323761 	 290.956482 	 1.637724 	 99783.507812 	 504.003387 
285 	 41.678688 	 283.323761 	 289.877502 	 1.359940 	 99885.953125 	 486.184998 
286 	 41.678688 	 283.323761 	 290.945984 	 2.645439 	 99948.898438 	 491.567657 
287 	 41.678688 	 283.323761 	 291.386993 	 2.830565 	 99915.203125 	 464.612335 
288 	 41.678688 	 283.323761 	 291.488129 	 2.379217 	 99491.906250 	 486.730591 
289 	 41.678688 	 283.323761 	 290.775024 	 1.061682 	 98980.648438 	 440.212921 
290 	 41.678688 	 283.323761 	 290.336365 	 0.887316 	 99050.203125 	 449.209900 
291 	 41.678688 	 283.323761 	 290.557556 	 0.988981 	 99125.179688 	 445.670471 
292 	 41.678688 	 283.323761 	 290.302460 	 1.586962 	 99511.117188 	 459.074005 
293 	 41.678688 	 283.323761 	 289.937592 	 1.411071 	 99188.578125 	 464.272949 
294 	 41.678688 	 283.323761 	 287.004913 	 1.150599 	 98712.617188 	 398.984039 
295 	 41.678688 	 283.323761 	 288.644165 	 1.492350 	 98510.929688 	 454.057709 
296 	 41.678688 	 283.323761 	 282.585541 	 2.572814 	 98170.656250 	 442.147644 
297 	 41.678688 	 283.323761 	 277.719238 	 2.988599 	 98145.351562 	 370.550232 
298 	 41.678688 	 283.323761 	 277.648499 	 2.021200 	 98942.898438 	 424.905212 
299 	 41.678688 	 283.323761 	 280.166382 	 2.761917 	 99369.460938 	 425.311829 
300 	 41.678688 	 283.323761 	 282.944519 	 3.845042 	 99469.742188 	 405.546204 
301 	 41.678688 	 283.323761 	 283.824585 	 3.938996 	 98986.398438 	 386.587158 
302 	 41.678688 	 283.323761 	 275.437500 	 4.907797 	 99323.132812 	 406.492615 
303 	 41.678688 	 283.323761 	 275.104889 	 2.017208 	 99130.726562 	 392.160278 
304 	 41.678688 	 283.323761 	 278.752960 	 0.596502 	 98950.976562 	 410.026154 
305 	 41.678688 	 283.323761 	 277.059906 	 2.045569 	 98661.843750 	 338.086365 
306 	 41.678688 	 283.323761 	 275.312927 	 3.389939 	 99216.703125 	 388.856323 
307 	 41.678688 	 283.323761 	 273.518555 	 0.720034 	 100010.203125 	 384.809937 
308 	 41.678688 	 283.323761 	 276.117035 	 1.201693 	 100414.101562 	 392.564148 
309 	 41.678688 	 283.323761 	 280.582001 	 2.416525 	 100523.398438 	 382.878754 
310 	 41.678688 	 283.323761 	 285.293335 	 3.424414 	 100302.601562 	 408.697693 
311 	 41.678688 	 283.323761 	 289.183075 	 5.318231 	 99672.671875 	 417.915253 
312 	 41.678688 	 283.323761 	 288.063080 	 3.965201 	 98518.992188 	 475.147888 
313 	 41.678688 	 283.323761 	 283.148682 	 2.654572 	 98332.218750 	 375.815979 
314 	 41.678688 	 283.323761 	 284.389221 	 2.737382 	 99087.476562 	 420.351379 
315 	 41.678688 	 283.323761 	 288.887085 	 3.259846 	 99843.820312 	 451.279480 
316 	 41.678688 	 283.323761 	 287.376648 	 2.877954 	 100042.703125 	 401.175201 
317 	 41.678688 	 283.323761 	 283.325287 	 1.727297 	 99725.507812 	 401.793213 
318 	 41.678688 	 283.323761 	 278.778992 	 1.059941 	 99328.062500 	 391.501953 
319 	 41.678688 	 283.323761 	 285.999817 	 3.832487 	 98848.000000 	 398.028564 
320 	 41.678688 	 283.323761 	 290.597595 	 5.278630 	 98599.812500 	 427.556702 
321 	 41.678688 	 283.323761 	 285.300507 	 3.353513 	 98546.906250 	 421.856049 
322 	 41.678688 	 283.323761 	 288.369751 	 4.368627 	 98788.343750 	 407.288605 
323 	 41.678688 	 283.323761 	 284.605225 	 2.653754 	 99090.976562 	 383.087463 
324 	 41.678688 	 283.323761 	 281.195770 	 3.198826 	 100313.296875 	 391.309662 
325 	 41.678688 	 283.323761 	 288.828003 	 5.242931 	 99254.507812 	 425.728577 
326 	 41.678688 	 283.323761 	 283.092285 	 3.632395 	 98296.046875 	 376.131104 
327 	 41.678688 	 283.323761 	 271.716461 	 2.478008 	 99227.367188 	 368.768646 
328 	 41.678688 	 283.323761 	 273.568024 	 2.295046 	 98827.421875 	 335.109772 
329 	 41.678688 	 283.323761 	 274.118195 	 1.805691 	 99056.343750 	 318.956238 
330 	 41.678688 	 283.323761 	 272.151825 	 0.983234 	 99164.656250 	 351.090851 
331 	 41.678688 	 283.323761 	 277.293182 	 1.954986 	 99091.617188 	 361.444916 
332 	 41.678688 	 283.323761 	 282.677338 	 2.435985 	 97981.500000 	 410.015991 
333 	 41.678688 	 283.323761 	 280.757111 	 2.922250 	 97750.343750 	 391.028809 
334 	 41.678688 	 283.323761 	 274.531525 	 1.598338 	 98788.406250 	 380.525726 
335 	 41.678688 	 283.323761 	 274.440826 	 2.422538 	 98748.929688 	 324.986847 
336 	 41.678688 	 283.323761 	 270.048889 	 3.872185 	 97599.632812 	 350.275238 
337 	 41.678688 	 283.323761 	 268.880554 	 4.927706 	 97471.078125 	 307.593994 
338 	 41.678688 	 283.323761 	 270.002686 	 4.065893 	 97745.960938 	 285.501556 
339 	 41.678688 	 283.323761 	 272.176056 	 3.589889 	 98941.757812 	 368.975372 
340 	 41.678688 	 283.323761 	 271.284698 	 1.605545 	 99976.523438 	 346.310944 
341 	 41.678688 	 283.323761 	 272.813202 	 2.475747 	 99699.023438 	 313.022705 
342 	 41.678688 	 283.323761 	 272.154907 	 1.857426 	 99496.789062 	 330.227692 
343 	 41.678688 	 283.323761 	 271.222809 	 1.668897 	 99955.953125 	 293.460907 
344 	 41.678688 	 283.323761 	 279.003998 	 5.013606 	 98932.406250 	 353.834198 
345 	 41.678688 	 283.323761 	 277.878387 	 2.845634 	 97703.226562 	 341.872986 
346 	 41.678688 	 283.323761 	 271.705566 	 1.576272 	 97704.968750 	 332.531006 
347 	 41.678688 	 283.323761 	 275.751648 	 4.327667 	 97516.562500 	 320.358917 
348 	 41.678688 	 283.323761 	 274.909058 	 3.929393 	 97789.453125 	 326.431183 
349 	 41.678688 	 283.323761 	 272.297729 	 2.233182 	 98239.117188 	 305.906219 
350 	 41.678688 	 283.323761 	 273.298920 	 3.608381 	 97082.937500 	 342.692596 
351 	 41.678688 	 283.323761 	 268.930084 	 3.535920 	 98426.632812 	 323.936890 
352 	 41.678688 	 283.323761 	 267.211700 	 2.147165 	 99681.429688 	 303.918396 
353 	 41.678688 	 283.323761 	 269.828735 	 2.128083 	 99291.781250 	 311.965668 
354 	 41.678688 	 283.323761 	 268.453094 	 3.643758 	 98185.507812 	 338.800964 
355 	 41.678688 	 283.323761 	 268.760132 	 4.675945 	 98186.453125 	 301.559204 
356 	 41.678688 	 283.323761 	 272.685730 	 2.349819 	 99224.992188 	 330.468506 
357 	 41.678688 	 283.323761 	 275.619873 	 2.766895 	 98806.250000 	 309.399536 
358 	 41.678688 	 283.323761 	 269.371429 	 2.944290 	 98994.320312 	 322.150146 
359 	 41.678688 	 283.323761 	 264.804535 	 2.348927 	 99580.046875 	 291.180359 
360 	 41.678688 	 283.323761 	 266.182465 	 1.756830 	 99964.523438 	 311.445831 
361 	 41.678688 	 283.323761 	 272.566284 	 2.631278 	 99514.937500 	 364.568481 
362 	 41.678688 	 283.323761 	 274.386200 	 2.179224 	 99231.390625 	 355.483398 
363 	 41.678688 	 283.323761 	 271.172394 	 2.876542 	 99364.640625 	 297.698822 
364 	 41.678688 	 283.323761 	 270.571289 	 4.451372 	 97933.078125 	 323.980499 
