# 0: Day of Year [-] 	 1: lat [deg] 	 2: lon [deg] 	 3: tas [K] 	 4: sfcWind [m s-1] 	 5: ps [Pa] 	 6: Total Downwelling Rad Flux [W m-2] 
0 	 41.678688 	 283.323761 	 271.468842 	 2.467966 	 97047.632812 	 298.808197 
1 	 41.678688 	 283.323761 	 272.613922 	 3.858641 	 97285.976562 	 330.083740 
2 	 41.678688 	 283.323761 	 276.510956 	 4.455547 	 97542.562500 	 332.645294 
3 	 41.678688 	 283.323761 	 270.666077 	 3.735749 	 98568.757812 	 316.112762 
4 	 41.678688 	 283.323761 	 273.305328 	 4.207838 	 98867.710938 	 325.228241 
5 	 41.678688 	 283.323761 	 276.802979 	 3.177129 	 98756.937500 	 329.683655 
6 	 41.678688 	 283.323761 	 270.467804 	 1.861470 	 99540.773438 	 320.458038 
7 	 41.678688 	 283.323761 	 266.282623 	 1.864819 	 100292.000000 	 307.674347 
8 	 41.678688 	 283.323761 	 267.627991 	 3.046190 	 100574.101562 	 319.846313 
9 	 41.678688 	 283.323761 	 277.369751 	 4.740914 	 99288.710938 	 351.073059 
10 	 41.678688 	 283.323761 	 275.198242 	 3.150335 	 98840.718750 	 362.659271 
11 	 41.678688 	 283.323761 	 269.680084 	 1.465356 	 99883.382812 	 322.384247 
12 	 41.678688 	 283.323761 	 268.097534 	 0.809871 	 99932.976562 	 318.794891 
13 	 41.678688 	 283.323761 	 269.579742 	 0.861554 	 100257.898438 	 325.901794 
14 	 41.678688 	 283.323761 	 270.765503 	 0.429646 	 100431.398438 	 334.336639 
15 	 41.678688 	 283.323761 	 274.112549 	 2.661210 	 100444.398438 	 337.046448 
16 	 41.678688 	 283.323761 	 277.754120 	 3.694313 	 99830.843750 	 407.526520 
17 	 41.678688 	 283.323761 	 280.148499 	 3.852448 	 98797.843750 	 362.352234 
18 	 41.678688 	 283.323761 	 276.851593 	 0.855991 	 98655.898438 	 367.324646 
19 	 41.678688 	 283.323761 	 282.279236 	 3.345245 	 98399.609375 	 358.850342 
20 	 41.678688 	 283.323761 	 285.105011 	 5.204815 	 97307.937500 	 442.861420 
21 	 41.678688 	 283.323761 	 272.717377 	 2.053499 	 97729.523438 	 345.664734 
22 	 41.678688 	 283.323761 	 270.267120 	 1.399053 	 98324.820312 	 333.589661 
23 	 41.678688 	 283.323761 	 272.425140 	 2.219212 	 99288.851562 	 346.703796 
24 	 41.678688 	 283.323761 	 272.528656 	 3.911743 	 100048.500000 	 319.611115 
25 	 41.678688 	 283.323761 	 276.957947 	 4.412389 	 97067.062500 	 387.686829 
26 	 41.678688 	 283.323761 	 270.834076 	 4.499853 	 96421.023438 	 344.605347 
27 	 41.678688 	 283.323761 	 271.066101 	 4.006570 	 97504.718750 	 355.609283 
28 	 41.678688 	 283.323761 	 269.858276 	 0.944248 	 98537.828125 	 326.173737 
29 	 41.678688 	 283.323761 	 271.767853 	 1.814907 	 98649.023438 	 368.300385 
30 	 41.678688 	 283.323761 	 274.162201 	 2.850394 	 98065.078125 	 392.934998 
31 	 41.678688 	 283.323761 	 274.876587 	 4.353978 	 97842.000000 	 363.548279 
32 	 41.678688 	 283.323761 	 272.658112 	 2.620298 	 98408.093750 	 336.590942 
33 	 41.678688 	 283.323761 	 275.344177 	 2.659013 	 97577.000000 	 334.804230 
34 	 41.678688 	 283.323761 	 269.060852 	 3.346277 	 98023.742188 	 359.807800 
35 	 41.678688 	 283.323761 	 272.267487 	 3.521076 	 97494.328125 	 336.674866 
36 	 41.678688 	 283.323761 	 268.648895 	 3.959343 	 97906.007812 	 395.377991 
37 	 41.678688 	 283.323761 	 266.343781 	 3.347741 	 98939.046875 	 346.172119 
38 	 41.678688 	 283.323761 	 268.739227 	 3.070276 	 99205.226562 	 310.878601 
39 	 41.678688 	 283.323761 	 274.654114 	 4.868071 	 97589.070312 	 386.440582 
40 	 41.678688 	 283.323761 	 271.175232 	 3.466489 	 97578.687500 	 371.671387 
41 	 41.678688 	 283.323761 	 268.493103 	 3.079794 	 97785.867188 	 322.366150 
42 	 41.678688 	 283.323761 	 267.862549 	 3.760468 	 98064.703125 	 355.109070 
43 	 41.678688 	 283.323761 	 276.055420 	 6.517826 	 96458.281250 	 380.700195 
44 	 41.678688 	 283.323761 	 264.610931 	 4.695416 	 97907.781250 	 361.196716 
45 	 41.678688 	 283.323761 	 270.353180 	 3.736007 	 98516.273438 	 407.792236 
46 	 41.678688 	 283.323761 	 273.213776 	 3.220437 	 99322.648438 	 393.953796 
47 	 41.678688 	 283.323761 	 281.371399 	 2.141562 	 98959.921875 	 408.704895 
48 	 41.678688 	 283.323761 	 283.909149 	 3.640513 	 97904.203125 	 392.665833 
49 	 41.678688 	 283.323761 	 276.305817 	 2.101281 	 97803.382812 	 388.226959 
50 	 41.678688 	 283.323761 	 275.816406 	 0.815675 	 98350.343750 	 352.588501 
51 	 41.678688 	 283.323761 	 277.090149 	 1.916196 	 97639.257812 	 412.897705 
52 	 41.678688 	 283.323761 	 272.327576 	 4.843501 	 97734.101562 	 435.182312 
53 	 41.678688 	 283.323761 	 271.195190 	 3.264357 	 98853.476562 	 399.850464 
54 	 41.678688 	 283.323761 	 278.426514 	 5.085037 	 97973.539062 	 385.480957 
55 	 41.678688 	 283.323761 	 274.435150 	 3.650769 	 98949.351562 	 414.343750 
56 	 41.678688 	 283.323761 	 273.243988 	 1.991793 	 99383.867188 	 347.488953 
57 	 41.678688 	 283.323761 	 279.565155 	 1.899988 	 98847.812500 	 427.920837 
58 	 41.678688 	 283.323761 	 278.628326 	 1.730488 	 98993.062500 	 434.547882 
59 	 41.678688 	 283.323761 	 280.423187 	 4.168329 	 97939.281250 	 452.962036 
60 	 41.678688 	 283.323761 	 272.720795 	 4.024413 	 98286.039062 	 432.015808 
61 	 41.678688 	 283.323761 	 274.272339 	 2.248821 	 98837.960938 	 429.331329 
62 	 41.678688 	 283.323761 	 279.848389 	 3.576061 	 97825.062500 	 355.643982 
63 	 41.678688 	 283.323761 	 273.215240 	 4.312180 	 97992.648438 	 439.258881 
64 	 41.678688 	 283.323761 	 268.939819 	 3.730742 	 98843.093750 	 408.983917 
65 	 41.678688 	 283.323761 	 270.621124 	 2.453496 	 99548.617188 	 422.572205 
66 	 41.678688 	 283.323761 	 279.842255 	 3.711576 	 99130.593750 	 485.364136 
67 	 41.678688 	 283.323761 	 287.420837 	 4.873685 	 98273.921875 	 510.901489 
68 	 41.678688 	 283.323761 	 285.711060 	 2.624027 	 98570.546875 	 486.293854 
69 	 41.678688 	 283.323761 	 287.502594 	 1.964877 	 98676.437500 	 427.146362 
70 	 41.678688 	 283.323761 	 287.209320 	 3.707972 	 98919.437500 	 453.159119 
71 	 41.678688 	 283.323761 	 285.676605 	 3.319874 	 98713.968750 	 473.435547 
72 	 41.678688 	 283.323761 	 288.039093 	 4.301525 	 98186.023438 	 412.547485 
73 	 41.678688 	 283.323761 	 283.349152 	 2.662702 	 97804.757812 	 460.105164 
74 	 41.678688 	 283.323761 	 283.345245 	 1.846657 	 98374.257812 	 505.494751 
75 	 41.678688 	 283.323761 	 284.690918 	 3.106737 	 98502.117188 	 501.746216 
76 	 41.678688 	 283.323761 	 283.833374 	 1.858743 	 97714.453125 	 411.101959 
77 	 41.678688 	 283.323761 	 280.533386 	 2.098043 	 97981.492188 	 472.580383 
78 	 41.678688 	 283.323761 	 280.809937 	 3.203647 	 97846.078125 	 369.302704 
79 	 41.678688 	 283.323761 	 276.743286 	 3.345201 	 97721.226562 	 442.620300 
80 	 41.678688 	 283.323761 	 278.439972 	 4.180677 	 97657.976562 	 512.589172 
81 	 41.678688 	 283.323761 	 282.342499 	 2.750322 	 98834.546875 	 530.708008 
82 	 41.678688 	 283.323761 	 287.169983 	 4.322302 	 98318.218750 	 498.743805 
83 	 41.678688 	 283.323761 	 278.819977 	 3.180572 	 99184.679688 	 508.582764 
84 	 41.678688 	 283.323761 	 275.768707 	 2.608687 	 100052.796875 	 389.482483 
85 	 41.678688 	 283.323761 	 280.376221 	 3.593760 	 99557.226562 	 452.692627 
86 	 41.678688 	 283.323761 	 287.936493 	 5.152027 	 98695.078125 	 493.736572 
87 	 41.678688 	 283.323761 	 283.836548 	 3.910551 	 97967.429688 	 513.737305 
88 	 41.678688 	 283.323761 	 278.241791 	 2.573716 	 99083.890625 	 525.188416 
89 	 41.678688 	 283.323761 	 281.983673 	 2.744636 	 99046.867188 	 493.198059 
90 	 41.678688 	 283.323761 	 283.053101 	 2.601870 	 98255.617188 	 429.559631 
91 	 41.678688 	 283.323761 	 280.630676 	 7.574348 	 96726.421875 	 389.473419 
92 	 41.678688 	 283.323761 	 280.034607 	 6.644404 	 96166.843750 	 560.410034 
93 	 41.678688 	 283.323761 	 282.271973 	 3.453853 	 97244.257812 	 525.663330 
94 	 41.678688 	 283.323761 	 290.453522 	 3.942982 	 97167.929688 	 527.909912 
95 	 41.678688 	 283.323761 	 290.955780 	 2.484971 	 97807.351562 	 601.127319 
96 	 41.678688 	 283.323761 	 294.088013 	 4.302011 	 97812.500000 	 560.255371 
97 	 41.678688 	 283.323761 	 291.017517 	 3.872118 	 97533.539062 	 435.037506 
98 	 41.678688 	 283.323761 	 281.379822 	 3.628309 	 97974.726562 	 564.339172 
99 	 41.678688 	 283.323761 	 278.153473 	 2.456779 	 98804.726562 	 507.468292 
100 	 41.678688 	 283.323761 	 279.988068 	 1.500697 	 99073.343750 	 555.509399 
101 	 41.678688 	 283.323761 	 284.983337 	 3.316319 	 98864.609375 	 551.450073 
102 	 41.678688 	 283.323761 	 289.050262 	 3.102098 	 98952.843750 	 577.014038 
103 	 41.678688 	 283.323761 	 289.902618 	 5.730528 	 98633.632812 	 491.915222 
104 	 41.678688 	 283.323761 	 291.056152 	 2.589782 	 98210.820312 	 483.544556 
105 	 41.678688 	 283.323761 	 281.225128 	 4.127555 	 97895.148438 	 519.162415 
106 	 41.678688 	 283.323761 	 277.335846 	 3.733447 	 98543.476562 	 383.021484 
107 	 41.678688 	 283.323761 	 275.756348 	 3.178653 	 98774.382812 	 456.457977 
108 	 41.678688 	 283.323761 	 278.572083 	 2.856234 	 98961.976562 	 521.539673 
109 	 41.678688 	 283.323761 	 282.423950 	 3.162470 	 98928.937500 	 478.438446 
110 	 41.678688 	 283.323761 	 286.719299 	 3.423081 	 98039.546875 	 500.761963 
111 	 41.678688 	 283.323761 	 281.010345 	 3.085885 	 97575.703125 	 443.774536 
112 	 41.678688 	 283.323761 	 282.941010 	 2.381857 	 98181.757812 	 603.284302 
113 	 41.678688 	 283.323761 	 287.115875 	 2.762199 	 98367.226562 	 587.043945 
114 	 41.678688 	 283.323761 	 289.111084 	 2.019444 	 98311.031250 	 597.123779 
115 	 41.678688 	 283.323761 	 288.348663 	 1.302574 	 98986.929688 	 616.756958 
116 	 41.678688 	 283.323761 	 289.428528 	 1.020717 	 99528.382812 	 622.939209 
117 	 41.678688 	 283.323761 	 292.740204 	 2.129748 	 99482.906250 	 644.001282 
118 	 41.678688 	 283.323761 	 294.376190 	 1.513231 	 99181.718750 	 633.520996 
119 	 41.678688 	 283.323761 	 294.479736 	 3.720265 	 98474.453125 	 657.579834 
120 	 41.678688 	 283.323761 	 287.046143 	 4.012024 	 98289.843750 	 618.963318 
121 	 41.678688 	 283.323761 	 287.933197 	 3.144793 	 98294.937500 	 593.023560 
122 	 41.678688 	 283.323761 	 291.491364 	 3.036610 	 97418.898438 	 445.810791 
123 	 41.678688 	 283.323761 	 284.729034 	 1.212362 	 97858.703125 	 382.766510 
124 	 41.678688 	 283.323761 	 289.402893 	 2.998429 	 97881.687500 	 606.108398 
125 	 41.678688 	 283.323761 	 291.864380 	 2.000324 	 98141.343750 	 578.656494 
126 	 41.678688 	 283.323761 	 294.809326 	 4.338029 	 97842.703125 	 656.580933 
127 	 41.678688 	 283.323761 	 287.545807 	 3.653015 	 97529.593750 	 525.512024 
128 	 41.678688 	 283.323761 	 280.692688 	 5.098756 	 97652.820312 	 517.238159 
129 	 41.678688 	 283.323761 	 285.435425 	 3.926159 	 98130.062500 	 605.059326 
130 	 41.678688 	 283.323761 	 287.815765 	 1.597975 	 98361.843750 	 485.194489 
131 	 41.678688 	 283.323761 	 293.325897 	 1.838131 	 98361.406250 	 592.897034 
132 	 41.678688 	 283.323761 	 295.237671 	 2.013208 	 98708.226562 	 612.107483 
133 	 41.678688 	 283.323761 	 295.218201 	 3.149187 	 98554.421875 	 598.823425 
134 	 41.678688 	 283.323761 	 287.924011 	 2.646118 	 99247.226562 	 636.559570 
135 	 41.678688 	 283.323761 	 286.953217 	 1.437960 	 99686.000000 	 625.449219 
136 	 41.678688 	 283.323761 	 290.536682 	 2.000205 	 99318.578125 	 639.134766 
137 	 41.678688 	 283.323761 	 295.782410 	 3.134727 	 98712.640625 	 675.511292 
138 	 41.678688 	 283.323761 	 295.870819 	 4.156810 	 98336.226562 	 675.720093 
139 	 41.678688 	 283.323761 	 286.373047 	 2.043327 	 99018.593750 	 485.630554 
140 	 41.678688 	 283.323761 	 293.887360 	 5.102010 	 98005.257812 	 533.493164 
141 	 41.678688 	 283.323761 	 290.632843 	 2.419558 	 98439.609375 	 606.961060 
142 	 41.678688 	 283.323761 	 288.998016 	 2.797848 	 98506.203125 	 529.222656 
143 	 41.678688 	 283.323761 	 285.259155 	 2.977938 	 99094.226562 	 561.088440 
144 	 41.678688 	 283.323761 	 284.826263 	 3.619072 	 99430.437500 	 633.514160 
145 	 41.678688 	 283.323761 	 281.472870 	 2.699017 	 99765.593750 	 612.603210 
146 	 41.678688 	 283.323761 	 283.320557 	 0.754781 	 99856.406250 	 626.846375 
147 	 41.678688 	 283.323761 	 287.817871 	 2.256332 	 99501.421875 	 641.144653 
148 	 41.678688 	 283.323761 	 291.425018 	 4.258595 	 98461.171875 	 564.310913 
149 	 41.678688 	 283.323761 	 291.668579 	 1.583856 	 98165.929688 	 521.271240 
150 	 41.678688 	 283.323761 	 292.680237 	 1.493850 	 98686.296875 	 692.804565 
151 	 41.678688 	 283.323761 	 294.993713 	 1.882973 	 99159.046875 	 685.843262 
152 	 41.678688 	 283.323761 	 300.668274 	 3.918468 	 98362.937500 	 721.924072 
153 	 41.678688 	 283.323761 	 298.794861 	 3.783657 	 98019.859375 	 683.101685 
154 	 41.678688 	 283.323761 	 296.043732 	 4.380450 	 97465.531250 	 577.481323 
155 	 41.678688 	 283.323761 	 285.137390 	 5.014522 	 97778.476562 	 518.204102 
156 	 41.678688 	 283.323761 	 285.388580 	 2.746986 	 98784.781250 	 645.104980 
157 	 41.678688 	 283.323761 	 289.384094 	 0.952320 	 99341.507812 	 672.546631 
158 	 41.678688 	 283.323761 	 293.742279 	 2.763795 	 99357.046875 	 689.974304 
159 	 41.678688 	 283.323761 	 295.928284 	 4.996113 	 98834.109375 	 663.889099 
160 	 41.678688 	 283.323761 	 297.562714 	 5.842998 	 97901.062500 	 678.458557 
161 	 41.678688 	 283.323761 	 286.744659 	 4.163862 	 99128.156250 	 647.926941 
162 	 41.678688 	 283.323761 	 288.214203 	 1.767649 	 99478.203125 	 658.673706 
163 	 41.678688 	 283.323761 	 293.796509 	 1.662003 	 99088.890625 	 686.053040 
164 	 41.678688 	 283.323761 	 298.231934 	 1.667943 	 98986.593750 	 710.660889 
165 	 41.678688 	 283.323761 	 299.762787 	 2.063029 	 98955.656250 	 710.608154 
166 	 41.678688 	 283.323761 	 300.612061 	 3.011807 	 98888.632812 	 701.486084 
167 	 41.678688 	 283.323761 	 300.779816 	 2.257546 	 98770.593750 	 738.925781 
168 	 41.678688 	 283.323761 	 299.308289 	 2.714731 	 98360.562500 	 699.270630 
169 	 41.678688 	 283.323761 	 300.613037 	 3.209781 	 98182.742188 	 712.892090 
170 	 41.678688 	 283.323761 	 299.017548 	 2.501865 	 98209.671875 	 647.016113 
171 	 41.678688 	 283.323761 	 298.266144 	 2.009916 	 98364.656250 	 680.196167 
172 	 41.678688 	 283.323761 	 300.800537 	 4.416311 	 97953.640625 	 705.175720 
173 	 41.678688 	 283.323761 	 296.736786 	 2.316047 	 98469.210938 	 726.341431 
174 	 41.678688 	 283.323761 	 296.313599 	 1.736873 	 98944.046875 	 694.686768 
175 	 41.678688 	 283.323761 	 297.783386 	 3.908757 	 98475.812500 	 638.432861 
176 	 41.678688 	 283.323761 	 295.372589 	 3.388314 	 98175.710938 	 651.256226 
177 	 41.678688 	 283.323761 	 293.760864 	 2.264516 	 98695.500000 	 621.011047 
178 	 41.678688 	 283.323761 	 296.397156 	 1.318643 	 98454.882812 	 678.416748 
179 	 41.678688 	 283.323761 	 297.392303 	 2.391722 	 98791.218750 	 655.379639 
180 	 41.678688 	 283.323761 	 298.151001 	 4.084301 	 98646.859375 	 705.866028 
181 	 41.678688 	 283.323761 	 299.275055 	 3.666771 	 97851.789062 	 713.955750 
182 	 41.678688 	 283.323761 	 299.811035 	 2.542827 	 97676.210938 	 676.802979 
183 	 41.678688 	 283.323761 	 297.666321 	 1.413069 	 98177.843750 	 706.868408 
184 	 41.678688 	 283.323761 	 294.720093 	 4.275639 	 98479.023438 	 489.269989 
185 	 41.678688 	 283.323761 	 288.254547 	 3.814775 	 99558.523438 	 666.662598 
186 	 41.678688 	 283.323761 	 290.210815 	 2.226606 	 99727.109375 	 672.390015 
187 	 41.678688 	 283.323761 	 292.164154 	 2.809400 	 99633.070312 	 678.474243 
188 	 41.678688 	 283.323761 	 293.452789 	 1.745338 	 99382.101562 	 685.477905 
189 	 41.678688 	 283.323761 	 295.257782 	 1.325734 	 99039.093750 	 696.132202 
190 	 41.678688 	 283.323761 	 298.345520 	 1.534719 	 98837.296875 	 711.971313 
191 	 41.678688 	 283.323761 	 301.131470 	 1.794170 	 98829.296875 	 733.783691 
192 	 41.678688 	 283.323761 	 302.535767 	 1.671700 	 98919.640625 	 733.202515 
193 	 41.678688 	 283.323761 	 302.428650 	 1.936806 	 98820.976562 	 729.314514 
194 	 41.678688 	 283.323761 	 300.880920 	 2.250135 	 98546.218750 	 707.094971 
195 	 41.678688 	 283.323761 	 304.038910 	 2.065814 	 98398.046875 	 738.450806 
196 	 41.678688 	 283.323761 	 302.574066 	 2.843552 	 98062.773438 	 723.459717 
197 	 41.678688 	 283.323761 	 296.948334 	 2.717011 	 98602.453125 	 703.263794 
198 	 41.678688 	 283.323761 	 291.520233 	 1.634069 	 99255.617188 	 509.070374 
199 	 41.678688 	 283.323761 	 294.357452 	 1.309035 	 99606.187500 	 660.077515 
200 	 41.678688 	 283.323761 	 295.376801 	 1.535693 	 99727.468750 	 689.069580 
201 	 41.678688 	 283.323761 	 296.246674 	 2.061372 	 99548.031250 	 695.034424 
202 	 41.678688 	 283.323761 	 297.963928 	 2.028680 	 99186.968750 	 709.955750 
203 	 41.678688 	 283.323761 	 299.806122 	 2.602859 	 98703.593750 	 702.963257 
204 	 41.678688 	 283.323761 	 298.126251 	 2.887720 	 98095.796875 	 577.595459 
205 	 41.678688 	 283.323761 	 297.138000 	 1.631944 	 98442.546875 	 689.521851 
206 	 41.678688 	 283.323761 	 299.071106 	 3.707029 	 98505.468750 	 596.457397 
207 	 41.678688 	 283.323761 	 302.047180 	 2.790488 	 98250.539062 	 662.819763 
208 	 41.678688 	 283.323761 	 298.729126 	 1.789501 	 97983.703125 	 561.353638 
209 	 41.678688 	 283.323761 	 297.484589 	 0.562493 	 97933.601562 	 638.436523 
210 	 41.678688 	 283.323761 	 298.850311 	 1.963571 	 97719.476562 	 715.412292 
211 	 41.678688 	 283.323761 	 300.767242 	 2.827458 	 97314.523438 	 637.164124 
212 	 41.678688 	 283.323761 	 297.718445 	 2.958660 	 97603.117188 	 655.033325 
213 	 41.678688 	 283.323761 	 296.041046 	 3.040831 	 97887.648438 	 677.113892 
214 	 41.678688 	 283.323761 	 295.127747 	 2.049341 	 98342.781250 	 673.694275 
215 	 41.678688 	 283.323761 	 297.886658 	 3.677979 	 98466.117188 	 615.354736 
216 	 41.678688 	 283.323761 	 299.131073 	 3.568698 	 98193.843750 	 528.117432 
217 	 41.678688 	 283.323761 	 297.962769 	 2.135451 	 98393.273438 	 663.296448 
218 	 41.678688 	 283.323761 	 294.988007 	 2.780134 	 98848.671875 	 561.174072 
219 	 41.678688 	 283.323761 	 296.690216 	 1.979526 	 98794.046875 	 624.937012 
220 	 41.678688 	 283.323761 	 297.872101 	 4.930478 	 98117.382812 	 547.736694 
221 	 41.678688 	 283.323761 	 295.491119 	 2.537733 	 97568.531250 	 651.596558 
222 	 41.678688 	 283.323761 	 295.644073 	 2.230028 	 98119.312500 	 647.552490 
223 	 41.678688 	 283.323761 	 295.470490 	 1.544950 	 98607.960938 	 673.098511 
224 	 41.678688 	 283.323761 	 296.176239 	 0.607476 	 98871.117188 	 668.689270 
225 	 41.678688 	 283.323761 	 301.753632 	 2.968141 	 98458.851562 	 661.961548 
226 	 41.678688 	 283.323761 	 302.070404 	 2.702825 	 98179.492188 	 692.257751 
227 	 41.678688 	 283.323761 	 298.508636 	 1.995551 	 98468.117188 	 584.247070 
228 	 41.678688 	 283.323761 	 301.954163 	 2.175966 	 98454.617188 	 678.061340 
229 	 41.678688 	 283.323761 	 299.793335 	 2.355520 	 98005.898438 	 559.042969 
230 	 41.678688 	 283.323761 	 299.351807 	 2.053431 	 98041.320312 	 649.620605 
231 	 41.678688 	 283.323761 	 293.272797 	 4.901516 	 97997.328125 	 604.076660 
232 	 41.678688 	 283.323761 	 291.149170 	 1.008620 	 98431.796875 	 457.520142 
233 	 41.678688 	 283.323761 	 293.333374 	 0.810262 	 98539.320312 	 641.207397 
234 	 41.678688 	 283.323761 	 295.951172 	 2.650996 	 98534.796875 	 644.729858 
235 	 41.678688 	 283.323761 	 301.077454 	 3.368326 	 98114.031250 	 668.049072 
236 	 41.678688 	 283.323761 	 299.611511 	 1.699672 	 98496.023438 	 664.024597 
237 	 41.678688 	 283.323761 	 301.368866 	 2.995021 	 98666.773438 	 671.308350 
238 	 41.678688 	 283.323761 	 297.649506 	 1.428604 	 99033.859375 	 650.705933 
239 	 41.678688 	 283.323761 	 299.201355 	 2.084002 	 99222.812500 	 658.558350 
240 	 41.678688 	 283.323761 	 301.130371 	 2.742929 	 98889.328125 	 561.848267 
241 	 41.678688 	 283.323761 	 299.186279 	 2.485855 	 98362.718750 	 660.042114 
242 	 41.678688 	 283.323761 	 296.924744 	 0.851002 	 98463.820312 	 619.459473 
243 	 41.678688 	 283.323761 	 301.960388 	 2.132749 	 98295.140625 	 635.896790 
244 	 41.678688 	 283.323761 	 305.593414 	 2.535143 	 98071.132812 	 663.604492 
245 	 41.678688 	 283.323761 	 296.974579 	 2.262824 	 98569.890625 	 627.054077 
246 	 41.678688 	 283.323761 	 290.647095 	 2.218765 	 99133.328125 	 591.158325 
247 	 41.678688 	 283.323761 	 289.252319 	 2.420455 	 99726.601562 	 572.297363 
248 	 41.678688 	 283.323761 	 297.324493 	 4.180799 	 99352.546875 	 587.580078 
249 	 41.678688 	 283.323761 	 302.185150 	 2.250871 	 99079.648438 	 639.747925 
250 	 41.678688 	 283.323761 	 300.647064 	 2.575835 	 98989.796875 	 573.541077 
251 	 41.678688 	 283.323761 	 296.687897 	 2.529704 	 99036.656250 	 536.690186 
252 	 41.678688 	 283.323761 	 291.782990 	 1.640476 	 99528.617188 	 576.654053 
253 	 41.678688 	 283.323761 	 297.375641 	 4.162724 	 99201.882812 	 613.251953 
254 	 41.678688 	 283.323761 	 294.334686 	 2.933165 	 98331.210938 	 483.430115 
255 	 41.678688 	 283.323761 	 289.783722 	 3.383116 	 98596.023438 	 535.351257 
256 	 41.678688 	 283.323761 	 287.401001 	 1.327598 	 99222.718750 	 555.264282 
257 	 41.678688 	 283.323761 	 290.877991 	 1.912846 	 98931.250000 	 540.325562 
258 	 41.678688 	 283.323761 	 290.428864 	 1.522618 	 98089.132812 	 505.119141 
259 	 41.678688 	 283.323761 	 285.340973 	 3.873393 	 98563.976562 	 534.664429 
260 	 41.678688 	 283.323761 	 283.978241 	 1.804076 	 98891.148438 	 529.145630 
261 	 41.678688 	 283.323761 	 283.514221 	 2.025326 	 98775.703125 	 525.749146 
262 	 41.678688 	 283.323761 	 284.556519 	 2.729006 	 98836.367188 	 480.326599 
263 	 41.678688 	 283.323761 	 286.989288 	 1.960760 	 99086.476562 	 543.424072 
264 	 41.678688 	 283.323761 	 287.570526 	 0.754012 	 99222.898438 	 534.356445 
265 	 41.678688 	 283.323761 	 289.986298 	 0.822755 	 99053.437500 	 547.303833 
266 	 41.678688 	 283.323761 	 294.333344 	 1.925946 	 99028.867188 	 562.771423 
267 	 41.678688 	 283.323761 	 295.728241 	 2.605362 	 98641.250000 	 533.784058 
268 	 41.678688 	 283.323761 	 295.807312 	 1.392679 	 98215.796875 	 583.809692 
269 	 41.678688 	 283.323761 	 293.451172 	 2.468401 	 98850.937500 	 552.900879 
270 	 41.678688 	 283.323761 	 290.831421 	 3.010611 	 99701.351562 	 536.108521 
271 	 41.678688 	 283.323761 	 292.858276 	 4.623849 	 99314.226562 	 529.403564 
272 	 41.678688 	 283.323761 	 294.021515 	 3.711062 	 98520.476562 	 560.253296 
273 	 41.678688 	 283.323761 	 288.618042 	 2.738313 	 98313.953125 	 485.233521 
274 	 41.678688 	 283.323761 	 287.924896 	 2.579731 	 98513.382812 	 498.013550 
275 	 41.678688 	 283.323761 	 284.983582 	 1.887569 	 98559.773438 	 500.069092 
276 	 41.678688 	 283.323761 	 283.444855 	 2.926123 	 98405.093750 	 493.837402 
277 	 41.678688 	 283.323761 	 281.499481 	 1.497535 	 99413.460938 	 476.049622 
278 	 41.678688 	 283.323761 	 283.965942 	 2.037675 	 99573.976562 	 482.228729 
279 	 41.678688 	 283.323761 	 289.198669 	 2.954880 	 98839.242188 	 508.511780 
280 	 41.678688 	 283.323761 	 288.168365 	 4.599779 	 97865.960938 	 486.457275 
281 	 41.678688 	 283.323761 	 283.353821 	 4.639861 	 97979.757812 	 420.535156 
282 	 41.678688 	 283.323761 	 284.708954 	 3.643492 	 98217.531250 	 471.244263 
283 	 41.678688 	 283.323761 	 281.909790 	 1.913989 	 99098.273438 	 455.291931 
284 	 41.678688 	 283.323761 	 283.022736 	 2.227852 	 99927.203125 	 466.477936 
285 	 41.678688 	 283.323761 	 289.131470 	 3.847914 	 100012.601562 	 485.639221 
286 	 41.678688 	 283.323761 	 291.607483 	 2.897660 	 100052.500000 	 460.897980 
287 	 41.678688 	 283.323761 	 292.098999 	 2.799753 	 100122.898438 	 485.052551 
288 	 41.678688 	 283.323761 	 292.703888 	 2.327835 	 100007.203125 	 501.270691 
289 	 41.678688 	 283.323761 	 293.441864 	 2.225521 	 99702.101562 	 513.345215 
290 	 41.678688 	 283.323761 	 290.710663 	 2.190832 	 100068.101562 	 495.698181 
291 	 41.678688 	 283.323761 	 292.411285 	 3.278571 	 99569.296875 	 517.221924 
292 	 41.678688 	 283.323761 	 291.985718 	 2.909365 	 99428.187500 	 454.981567 
293 	 41.678688 	 283.323761 	 292.096130 	 4.907547 	 98984.156250 	 423.886993 
294 	 41.678688 	 283.323761 	 285.402344 	 2.416682 	 98210.210938 	 483.606201 
295 	 41.678688 	 283.323761 	 283.087311 	 1.790264 	 98500.343750 	 407.435913 
296 	 41.678688 	 283.323761 	 283.487305 	 1.112732 	 99336.156250 	 451.395691 
297 	 41.678688 	 283.323761 	 281.849854 	 2.685945 	 99158.382812 	 427.076233 
298 	 41.678688 	 283.323761 	 281.931458 	 2.275937 	 99309.109375 	 384.256897 
299 	 41.678688 	 283.323761 	 278.067505 	 1.472810 	 99188.726562 	 389.883728 
300 	 41.678688 	 283.323761 	 281.261322 	 3.281979 	 98424.171875 	 422.398071 
301 	 41.678688 	 283.323761 	 280.784210 	 3.575352 	 98063.976562 	 400.714966 
302 	 41.678688 	 283.323761 	 277.397308 	 2.994829 	 99180.117188 	 389.857056 
303 	 41.678688 	 283.323761 	 278.174286 	 2.386898 	 99416.296875 	 428.385620 
304 	 41.678688 	 283.323761 	 278.593323 	 1.134705 	 100024.898438 	 406.412537 
305 	 41.678688 	 283.323761 	 280.620178 	 1.495611 	 100337.601562 	 417.643463 
306 	 41.678688 	 283.323761 	 282.506409 	 1.690144 	 100093.398438 	 428.446045 
307 	 41.678688 	 283.323761 	 283.717621 	 2.154474 	 99872.281250 	 400.442932 
308 	 41.678688 	 283.323761 	 284.209839 	 1.420294 	 99876.898438 	 424.058685 
309 	 41.678688 	 283.323761 	 285.415192 	 1.305424 	 99839.062500 	 426.356171 
310 	 41.678688 	 283.323761 	 287.554077 	 1.896971 	 99150.921875 	 431.957367 
311 	 41.678688 	 283.323761 	 286.853333 	 1.484585 	 98945.476562 	 420.302765 
312 	 41.678688 	 283.323761 	 284.627258 	 2.678546 	 98900.609375 	 401.123230 
313 	 41.678688 	 283.323761 	 286.013367 	 2.484945 	 97988.906250 	 387.092560 
314 	 41.678688 	 283.323761 	 281.324005 	 2.553815 	 98052.273438 	 406.909485 
315 	 41.678688 	 283.323761 	 277.264313 	 2.586605 	 98514.882812 	 371.241333 
316 	 41.678688 	 283.323761 	 278.033325 	 4.168736 	 96866.851562 	 384.665741 
317 	 41.678688 	 283.323761 	 276.902222 	 5.162588 	 96878.648438 	 397.528717 
318 	 41.678688 	 283.323761 	 277.523712 	 3.745612 	 97696.718750 	 384.727997 
319 	 41.678688 	 283.323761 	 281.096436 	 3.663379 	 97748.210938 	 386.728271 
320 	 41.678688 	 283.323761 	 276.377625 	 3.881944 	 98588.953125 	 385.267487 
321 	 41.678688 	 283.323761 	 274.048370 	 2.617545 	 99767.648438 	 386.574341 
322 	 41.678688 	 283.323761 	 272.065552 	 2.294431 	 99755.578125 	 352.583984 
323 	 41.678688 	 283.323761 	 275.491791 	 1.552396 	 99500.789062 	 379.592255 
324 	 41.678688 	 283.323761 	 279.021332 	 3.297858 	 99489.218750 	 394.654175 
325 	 41.678688 	 283.323761 	 284.022858 	 3.320158 	 99268.289062 	 378.626129 
326 	 41.678688 	 283.323761 	 289.830170 	 4.378271 	 98242.906250 	 421.145844 
327 	 41.678688 	 283.323761 	 277.758148 	 1.767865 	 98431.117188 	 349.562805 
328 	 41.678688 	 283.323761 	 272.865570 	 0.845563 	 98555.203125 	 346.555359 
329 	 41.678688 	 283.323761 	 273.527954 	 3.109401 	 97890.476562 	 341.044678 
330 	 41.678688 	 283.323761 	 272.686340 	 2.944021 	 98299.703125 	 314.632507 
331 	 41.678688 	 283.323761 	 273.107788 	 2.932943 	 98120.468750 	 345.923828 
332 	 41.678688 	 283.323761 	 271.007172 	 2.586976 	 98912.929688 	 341.015900 
333 	 41.678688 	 283.323761 	 271.808899 	 2.636989 	 99482.500000 	 339.877319 
334 	 41.678688 	 283.323761 	 277.959320 	 2.751277 	 99246.609375 	 379.609100 
335 	 41.678688 	 283.323761 	 283.406372 	 5.859057 	 98022.507812 	 372.288727 
336 	 41.678688 	 283.323761 	 277.410767 	 5.221178 	 97583.328125 	 371.188843 
337 	 41.678688 	 283.323761 	 271.413727 	 3.029724 	 98828.843750 	 326.334412 
338 	 41.678688 	 283.323761 	 272.957458 	 2.365423 	 98932.046875 	 334.546021 
339 	 41.678688 	 283.323761 	 274.785736 	 2.140286 	 98581.117188 	 316.998810 
340 	 41.678688 	 283.323761 	 275.058594 	 3.021483 	 98368.796875 	 340.252380 
341 	 41.678688 	 283.323761 	 273.433563 	 2.413547 	 99989.453125 	 343.294312 
342 	 41.678688 	 283.323761 	 272.580383 	 3.436095 	 100202.703125 	 318.386841 
343 	 41.678688 	 283.323761 	 280.495056 	 4.337878 	 98816.140625 	 351.132019 
344 	 41.678688 	 283.323761 	 276.613770 	 2.796697 	 98960.117188 	 356.849030 
345 	 41.678688 	 283.323761 	 272.014923 	 0.940916 	 99684.406250 	 310.572449 
346 	 41.678688 	 283.323761 	 271.354767 	 2.528962 	 99926.882812 	 332.993530 
347 	 41.678688 	 283.323761 	 269.583221 	 2.941336 	 100530.203125 	 345.287079 
348 	 41.678688 	 283.323761 	 275.757904 	 4.449209 	 98507.390625 	 339.265198 
349 	 41.678688 	 283.323761 	 272.718414 	 4.082941 	 97475.117188 	 343.072205 
350 	 41.678688 	 283.323761 	 274.997192 	 4.447737 	 98115.742188 	 317.508942 
351 	 41.678688 	 283.323761 	 273.718414 	 4.637551 	 98297.226562 	 330.064728 
352 	 41.678688 	 283.323761 	 269.063446 	 2.537567 	 99779.031250 	 305.799896 
353 	 41.678688 	 283.323761 	 270.366577 	 1.442321 	 99970.101562 	 318.931030 
354 	 41.678688 	 283.323761 	 270.690063 	 1.634603 	 99840.843750 	 295.428741 
355 	 41.678688 	 283.323761 	 274.286377 	 3.034535 	 98270.390625 	 326.308014 
356 	 41.678688 	 283.323761 	 268.984467 	 4.320178 	 98719.687500 	 339.958130 
357 	 41.678688 	 283.323761 	 268.147247 	 1.826708 	 99468.781250 	 311.553101 
358 	 41.678688 	 283.323761 	 267.873535 	 1.897262 	 99529.000000 	 298.979553 
359 	 41.678688 	 283.323761 	 266.777740 	 0.956734 	 99447.796875 	 303.360840 
360 	 41.678688 	 283.323761 	 271.510040 	 3.215345 	 98665.898438 	 300.761169 
361 	 41.678688 	 283.323761 	 270.661499 	 1.529998 	 98846.718750 	 316.863129 
362 	 41.678688 	 283.323761 	 273.496399 	 3.228829 	 99248.546875 	 323.526550 
363 	 41.678688 	 283.323761 	 280.854950 	 6.107780 	 98087.343750 	 354.049713 
364 	 41.678688 	 283.323761 	 274.334351 	 2.537343 	 96915.656250 	 333.631744 
