# 0: Day of Year [-] 	 1: lat [deg] 	 2: lon [deg] 	 3: tas [K] 	 4: sfcWind [m s-1] 	 5: ps [Pa] 	 6: Total Downwelling Rad Flux [W m-2] 
0 	 41.678688 	 283.323761 	 275.191406 	 3.236254 	 97757.382812 	 325.734741 
1 	 41.678688 	 283.323761 	 272.694763 	 1.958990 	 98576.023438 	 339.920288 
2 	 41.678688 	 283.323761 	 271.989258 	 2.046362 	 97730.093750 	 346.123047 
3 	 41.678688 	 283.323761 	 270.240326 	 3.416081 	 97107.117188 	 303.010315 
4 	 41.678688 	 283.323761 	 274.572540 	 3.874920 	 96764.718750 	 332.433350 
5 	 41.678688 	 283.323761 	 270.528870 	 3.217819 	 98065.406250 	 326.707184 
6 	 41.678688 	 283.323761 	 273.503418 	 5.053812 	 97822.000000 	 361.471741 
7 	 41.678688 	 283.323761 	 266.372894 	 2.566513 	 99933.960938 	 322.601074 
8 	 41.678688 	 283.323761 	 271.723022 	 3.047289 	 99515.078125 	 328.337402 
9 	 41.678688 	 283.323761 	 272.290985 	 2.714711 	 99675.460938 	 329.367432 
10 	 41.678688 	 283.323761 	 280.397736 	 4.240154 	 98308.273438 	 365.774384 
11 	 41.678688 	 283.323761 	 273.355042 	 4.117391 	 98050.156250 	 359.832062 
12 	 41.678688 	 283.323761 	 264.366516 	 2.441140 	 100002.898438 	 290.539856 
13 	 41.678688 	 283.323761 	 267.301788 	 2.243064 	 99675.562500 	 311.857544 
14 	 41.678688 	 283.323761 	 266.192413 	 2.744417 	 99270.742188 	 323.776520 
15 	 41.678688 	 283.323761 	 266.707550 	 1.757715 	 100003.101562 	 311.054810 
16 	 41.678688 	 283.323761 	 266.640198 	 1.174701 	 100340.398438 	 294.760468 
17 	 41.678688 	 283.323761 	 270.433746 	 2.242429 	 99548.476562 	 304.311859 
18 	 41.678688 	 283.323761 	 270.077545 	 2.745655 	 99390.156250 	 334.711548 
19 	 41.678688 	 283.323761 	 272.047211 	 2.934121 	 99923.367188 	 313.467590 
20 	 41.678688 	 283.323761 	 277.046936 	 3.306993 	 98714.382812 	 343.452515 
21 	 41.678688 	 283.323761 	 275.185486 	 3.383579 	 97636.828125 	 352.844330 
22 	 41.678688 	 283.323761 	 270.012482 	 2.261478 	 99047.171875 	 328.866302 
23 	 41.678688 	 283.323761 	 275.677216 	 4.668334 	 99082.406250 	 349.773865 
24 	 41.678688 	 283.323761 	 269.661957 	 2.555603 	 99208.007812 	 355.321808 
25 	 41.678688 	 283.323761 	 269.832703 	 1.861387 	 98883.609375 	 344.970642 
26 	 41.678688 	 283.323761 	 272.909515 	 2.254943 	 98341.210938 	 357.590912 
27 	 41.678688 	 283.323761 	 272.251617 	 1.701788 	 98759.187500 	 371.931152 
28 	 41.678688 	 283.323761 	 275.350037 	 1.565528 	 99101.796875 	 374.999329 
29 	 41.678688 	 283.323761 	 276.491730 	 2.016838 	 99517.273438 	 395.621368 
30 	 41.678688 	 283.323761 	 273.869934 	 0.922678 	 99628.671875 	 369.669861 
31 	 41.678688 	 283.323761 	 275.934082 	 1.613285 	 99730.093750 	 359.808655 
32 	 41.678688 	 283.323761 	 276.688324 	 1.910502 	 99569.523438 	 391.359039 
33 	 41.678688 	 283.323761 	 275.437164 	 1.640450 	 99709.039062 	 374.524841 
34 	 41.678688 	 283.323761 	 277.726715 	 1.290370 	 99498.656250 	 363.480774 
35 	 41.678688 	 283.323761 	 278.952118 	 2.551826 	 99736.398438 	 350.725647 
36 	 41.678688 	 283.323761 	 281.267944 	 3.008427 	 99797.617188 	 388.090149 
37 	 41.678688 	 283.323761 	 284.776733 	 4.184919 	 99600.421875 	 425.160065 
38 	 41.678688 	 283.323761 	 286.041595 	 4.037706 	 99628.546875 	 424.313782 
39 	 41.678688 	 283.323761 	 286.832733 	 4.509562 	 99588.929688 	 413.325409 
40 	 41.678688 	 283.323761 	 285.977692 	 5.412802 	 99356.570312 	 397.085175 
41 	 41.678688 	 283.323761 	 282.234161 	 5.851429 	 97719.437500 	 377.526215 
42 	 41.678688 	 283.323761 	 273.350067 	 3.315725 	 97799.382812 	 366.176453 
43 	 41.678688 	 283.323761 	 271.504486 	 2.303178 	 98042.117188 	 380.595886 
44 	 41.678688 	 283.323761 	 269.923615 	 2.038728 	 98019.179688 	 374.861084 
45 	 41.678688 	 283.323761 	 268.610809 	 2.527635 	 98184.976562 	 395.809326 
46 	 41.678688 	 283.323761 	 267.825623 	 3.056516 	 98148.296875 	 365.532135 
47 	 41.678688 	 283.323761 	 271.924957 	 3.083241 	 97583.023438 	 377.779846 
48 	 41.678688 	 283.323761 	 275.008484 	 3.715595 	 97439.179688 	 389.141968 
49 	 41.678688 	 283.323761 	 278.170532 	 3.505583 	 97764.679688 	 418.446350 
50 	 41.678688 	 283.323761 	 276.929108 	 1.479576 	 98356.992188 	 400.952545 
51 	 41.678688 	 283.323761 	 281.535492 	 2.182093 	 97805.820312 	 416.716705 
52 	 41.678688 	 283.323761 	 273.729462 	 3.470185 	 97415.531250 	 407.069824 
53 	 41.678688 	 283.323761 	 267.257812 	 4.792553 	 97700.226562 	 390.103760 
54 	 41.678688 	 283.323761 	 270.793091 	 3.737206 	 98320.187500 	 397.592133 
55 	 41.678688 	 283.323761 	 273.701263 	 2.401534 	 98320.132812 	 334.760620 
56 	 41.678688 	 283.323761 	 272.909760 	 4.793324 	 96873.859375 	 442.526428 
57 	 41.678688 	 283.323761 	 268.619049 	 2.162083 	 99007.296875 	 400.127045 
58 	 41.678688 	 283.323761 	 275.334900 	 4.780491 	 99225.718750 	 327.354919 
59 	 41.678688 	 283.323761 	 282.698517 	 4.267454 	 96959.000000 	 494.148071 
60 	 41.678688 	 283.323761 	 266.603271 	 5.618877 	 97464.820312 	 409.410706 
61 	 41.678688 	 283.323761 	 269.437317 	 3.152755 	 98640.437500 	 400.222717 
62 	 41.678688 	 283.323761 	 273.807037 	 3.068310 	 99161.648438 	 404.368469 
63 	 41.678688 	 283.323761 	 275.533508 	 4.503073 	 97474.023438 	 427.403748 
64 	 41.678688 	 283.323761 	 269.292694 	 4.273452 	 97762.476562 	 410.521606 
65 	 41.678688 	 283.323761 	 269.245636 	 3.591010 	 98079.148438 	 412.448486 
66 	 41.678688 	 283.323761 	 270.581268 	 2.622934 	 98193.601562 	 429.202881 
67 	 41.678688 	 283.323761 	 271.575562 	 1.961830 	 98825.406250 	 459.934204 
68 	 41.678688 	 283.323761 	 272.531433 	 0.833293 	 99218.921875 	 433.372314 
69 	 41.678688 	 283.323761 	 275.629364 	 1.209573 	 99267.453125 	 452.169525 
70 	 41.678688 	 283.323761 	 277.167206 	 0.893390 	 99135.851562 	 486.192810 
71 	 41.678688 	 283.323761 	 278.090668 	 2.913306 	 98998.421875 	 451.638092 
72 	 41.678688 	 283.323761 	 282.002289 	 3.729618 	 98980.710938 	 428.646027 
73 	 41.678688 	 283.323761 	 281.126251 	 4.374825 	 99375.578125 	 454.551605 
74 	 41.678688 	 283.323761 	 278.406738 	 1.975599 	 99809.460938 	 471.604675 
75 	 41.678688 	 283.323761 	 280.089935 	 3.807512 	 99170.718750 	 423.613342 
76 	 41.678688 	 283.323761 	 284.896851 	 2.238541 	 98495.882812 	 458.306915 
77 	 41.678688 	 283.323761 	 285.005035 	 2.502763 	 97897.476562 	 402.973816 
78 	 41.678688 	 283.323761 	 282.793030 	 3.891230 	 96747.789062 	 376.901917 
79 	 41.678688 	 283.323761 	 280.282410 	 2.296997 	 97770.953125 	 538.134949 
80 	 41.678688 	 283.323761 	 279.345886 	 1.290545 	 98006.476562 	 476.394440 
81 	 41.678688 	 283.323761 	 278.705109 	 2.650036 	 97132.773438 	 504.582275 
82 	 41.678688 	 283.323761 	 275.181030 	 3.901422 	 96826.640625 	 500.922119 
83 	 41.678688 	 283.323761 	 272.872162 	 1.177551 	 97781.968750 	 445.979370 
84 	 41.678688 	 283.323761 	 273.226440 	 2.816336 	 98319.406250 	 418.438965 
85 	 41.678688 	 283.323761 	 275.194397 	 2.877308 	 98780.156250 	 488.604370 
86 	 41.678688 	 283.323761 	 276.387054 	 1.140654 	 99356.046875 	 494.731873 
87 	 41.678688 	 283.323761 	 281.234772 	 3.241517 	 99231.117188 	 510.776001 
88 	 41.678688 	 283.323761 	 285.048615 	 3.292619 	 99148.367188 	 526.562256 
89 	 41.678688 	 283.323761 	 286.465820 	 5.557246 	 99270.492188 	 400.613220 
90 	 41.678688 	 283.323761 	 288.683258 	 4.202071 	 98208.296875 	 541.102295 
91 	 41.678688 	 283.323761 	 284.603210 	 3.309368 	 98207.851562 	 481.060120 
92 	 41.678688 	 283.323761 	 283.603271 	 2.998389 	 98928.109375 	 576.855774 
93 	 41.678688 	 283.323761 	 284.702942 	 1.757904 	 99282.046875 	 533.953735 
94 	 41.678688 	 283.323761 	 288.515106 	 4.352636 	 98471.093750 	 571.684509 
95 	 41.678688 	 283.323761 	 290.320068 	 5.096769 	 96982.187500 	 460.274628 
96 	 41.678688 	 283.323761 	 282.193665 	 3.900311 	 96699.093750 	 515.804138 
97 	 41.678688 	 283.323761 	 279.556122 	 2.488881 	 97676.328125 	 483.388000 
98 	 41.678688 	 283.323761 	 283.857605 	 3.851655 	 97625.710938 	 438.513611 
99 	 41.678688 	 283.323761 	 282.483643 	 4.382243 	 96558.312500 	 427.524261 
100 	 41.678688 	 283.323761 	 275.895538 	 3.433901 	 95387.929688 	 439.235535 
101 	 41.678688 	 283.323761 	 275.370941 	 3.781597 	 96048.843750 	 465.059143 
102 	 41.678688 	 283.323761 	 278.161041 	 2.934302 	 97139.093750 	 568.786438 
103 	 41.678688 	 283.323761 	 284.612823 	 2.810242 	 97386.757812 	 553.781799 
104 	 41.678688 	 283.323761 	 280.089447 	 3.244792 	 98155.226562 	 512.511475 
105 	 41.678688 	 283.323761 	 281.018311 	 3.152711 	 98973.656250 	 495.162781 
106 	 41.678688 	 283.323761 	 285.662323 	 3.951952 	 98327.968750 	 546.032593 
107 	 41.678688 	 283.323761 	 278.578522 	 1.890710 	 99139.882812 	 537.786133 
108 	 41.678688 	 283.323761 	 283.395355 	 2.900427 	 98529.070312 	 417.176575 
109 	 41.678688 	 283.323761 	 286.950165 	 2.942656 	 97488.609375 	 533.369019 
110 	 41.678688 	 283.323761 	 280.562927 	 5.129018 	 97436.953125 	 439.617615 
111 	 41.678688 	 283.323761 	 279.748199 	 2.933237 	 98439.617188 	 533.050110 
112 	 41.678688 	 283.323761 	 276.970062 	 2.662255 	 98896.296875 	 380.719818 
113 	 41.678688 	 283.323761 	 280.997375 	 3.368246 	 97465.117188 	 460.131317 
114 	 41.678688 	 283.323761 	 281.387299 	 2.669691 	 97968.687500 	 587.010437 
115 	 41.678688 	 283.323761 	 284.070953 	 4.048547 	 98095.578125 	 500.814514 
116 	 41.678688 	 283.323761 	 282.106445 	 3.492704 	 97339.023438 	 530.221069 
117 	 41.678688 	 283.323761 	 281.482056 	 4.501898 	 97387.570312 	 564.009460 
118 	 41.678688 	 283.323761 	 280.696442 	 2.879754 	 98525.992188 	 462.805145 
119 	 41.678688 	 283.323761 	 280.734192 	 1.482591 	 97594.453125 	 497.148773 
120 	 41.678688 	 283.323761 	 279.922150 	 3.364949 	 97003.250000 	 471.301575 
121 	 41.678688 	 283.323761 	 280.384552 	 3.308844 	 98234.617188 	 498.908966 
122 	 41.678688 	 283.323761 	 282.207031 	 1.435715 	 98926.523438 	 581.730957 
123 	 41.678688 	 283.323761 	 287.158112 	 1.991887 	 98587.093750 	 598.246826 
124 	 41.678688 	 283.323761 	 285.951141 	 2.801772 	 98554.773438 	 633.011108 
125 	 41.678688 	 283.323761 	 286.109131 	 2.367851 	 98714.156250 	 616.910278 
126 	 41.678688 	 283.323761 	 292.108887 	 1.826416 	 98505.976562 	 660.737183 
127 	 41.678688 	 283.323761 	 298.929260 	 3.542630 	 98356.476562 	 690.893555 
128 	 41.678688 	 283.323761 	 295.990356 	 2.869445 	 99286.773438 	 660.314453 
129 	 41.678688 	 283.323761 	 291.671753 	 2.350713 	 100271.898438 	 654.511292 
130 	 41.678688 	 283.323761 	 292.155029 	 4.032613 	 99926.382812 	 656.533936 
131 	 41.678688 	 283.323761 	 294.300598 	 2.560576 	 99283.578125 	 613.591003 
132 	 41.678688 	 283.323761 	 294.658173 	 0.807797 	 99466.671875 	 663.359741 
133 	 41.678688 	 283.323761 	 293.384491 	 0.560377 	 99407.796875 	 630.704651 
134 	 41.678688 	 283.323761 	 295.252258 	 1.178306 	 98894.546875 	 628.296509 
135 	 41.678688 	 283.323761 	 295.258667 	 1.283311 	 98348.656250 	 662.644409 
136 	 41.678688 	 283.323761 	 294.816986 	 2.264933 	 98164.289062 	 654.437378 
137 	 41.678688 	 283.323761 	 293.589417 	 1.328496 	 98750.546875 	 670.684082 
138 	 41.678688 	 283.323761 	 295.601929 	 3.092218 	 98539.906250 	 643.097473 
139 	 41.678688 	 283.323761 	 295.507874 	 2.334476 	 98278.007812 	 664.149414 
140 	 41.678688 	 283.323761 	 291.225006 	 3.352760 	 98848.757812 	 667.938599 
141 	 41.678688 	 283.323761 	 290.823486 	 1.712974 	 99509.953125 	 659.978149 
142 	 41.678688 	 283.323761 	 293.993835 	 3.195895 	 99137.046875 	 680.486572 
143 	 41.678688 	 283.323761 	 295.618896 	 3.266574 	 98498.937500 	 657.842224 
144 	 41.678688 	 283.323761 	 296.914246 	 3.155055 	 98091.031250 	 626.890503 
145 	 41.678688 	 283.323761 	 293.830994 	 1.634130 	 98330.109375 	 650.451660 
146 	 41.678688 	 283.323761 	 293.523773 	 2.655068 	 98547.171875 	 577.938904 
147 	 41.678688 	 283.323761 	 293.082245 	 1.903374 	 99115.453125 	 685.708618 
148 	 41.678688 	 283.323761 	 294.068054 	 0.919046 	 99033.750000 	 691.217651 
149 	 41.678688 	 283.323761 	 296.266541 	 1.961925 	 98654.703125 	 703.010437 
150 	 41.678688 	 283.323761 	 296.735809 	 1.049040 	 98609.929688 	 634.785278 
151 	 41.678688 	 283.323761 	 298.712616 	 2.719481 	 98607.023438 	 720.533264 
152 	 41.678688 	 283.323761 	 296.141785 	 2.339993 	 98406.953125 	 658.204773 
153 	 41.678688 	 283.323761 	 295.928986 	 1.290004 	 98463.953125 	 620.217529 
154 	 41.678688 	 283.323761 	 296.490997 	 2.709714 	 98352.953125 	 621.379272 
155 	 41.678688 	 283.323761 	 298.974365 	 3.199563 	 97914.906250 	 727.370300 
156 	 41.678688 	 283.323761 	 296.012360 	 2.087427 	 98200.656250 	 658.905396 
157 	 41.678688 	 283.323761 	 289.505341 	 5.637033 	 98458.843750 	 692.149536 
158 	 41.678688 	 283.323761 	 290.776398 	 1.045658 	 98865.828125 	 685.458191 
159 	 41.678688 	 283.323761 	 292.304535 	 1.858102 	 98310.390625 	 664.307434 
160 	 41.678688 	 283.323761 	 292.259949 	 2.546281 	 98660.820312 	 686.566772 
161 	 41.678688 	 283.323761 	 292.426605 	 1.827219 	 99196.500000 	 671.830627 
162 	 41.678688 	 283.323761 	 294.652435 	 3.177628 	 99408.968750 	 702.958923 
163 	 41.678688 	 283.323761 	 293.444214 	 2.699421 	 99316.093750 	 691.282532 
164 	 41.678688 	 283.323761 	 293.834259 	 3.539913 	 98828.867188 	 670.607483 
165 	 41.678688 	 283.323761 	 295.909851 	 5.278884 	 98134.453125 	 560.635010 
166 	 41.678688 	 283.323761 	 298.877960 	 4.663110 	 97344.156250 	 679.373291 
167 	 41.678688 	 283.323761 	 295.117950 	 3.692061 	 97775.960938 	 678.603271 
168 	 41.678688 	 283.323761 	 289.008911 	 2.472479 	 98481.429688 	 538.210693 
169 	 41.678688 	 283.323761 	 290.135468 	 1.361715 	 98955.687500 	 670.336853 
170 	 41.678688 	 283.323761 	 294.124939 	 2.991363 	 98829.921875 	 684.651611 
171 	 41.678688 	 283.323761 	 296.540741 	 3.165088 	 98121.242188 	 698.242676 
172 	 41.678688 	 283.323761 	 295.005432 	 1.695774 	 98194.070312 	 713.806763 
173 	 41.678688 	 283.323761 	 295.604309 	 0.788856 	 98570.351562 	 713.325317 
174 	 41.678688 	 283.323761 	 299.622498 	 1.881816 	 98582.750000 	 725.293945 
175 	 41.678688 	 283.323761 	 303.184631 	 2.954164 	 98310.039062 	 734.466187 
176 	 41.678688 	 283.323761 	 301.137878 	 2.099276 	 98411.812500 	 724.372437 
177 	 41.678688 	 283.323761 	 295.808044 	 2.860674 	 98851.406250 	 693.642334 
178 	 41.678688 	 283.323761 	 297.995392 	 3.392045 	 98270.968750 	 713.696655 
179 	 41.678688 	 283.323761 	 294.890106 	 2.263674 	 98413.992188 	 673.822754 
180 	 41.678688 	 283.323761 	 295.861389 	 2.389419 	 98182.718750 	 630.459229 
181 	 41.678688 	 283.323761 	 297.135468 	 2.365731 	 98085.906250 	 714.457825 
182 	 41.678688 	 283.323761 	 293.225220 	 3.686264 	 98328.296875 	 713.040771 
183 	 41.678688 	 283.323761 	 291.737335 	 1.211698 	 98371.273438 	 687.418274 
184 	 41.678688 	 283.323761 	 294.331512 	 2.207703 	 98095.859375 	 637.484253 
185 	 41.678688 	 283.323761 	 296.144073 	 1.618225 	 98179.226562 	 659.177246 
186 	 41.678688 	 283.323761 	 299.370941 	 1.557865 	 98569.773438 	 735.046448 
187 	 41.678688 	 283.323761 	 303.345795 	 3.622924 	 98094.023438 	 732.926453 
188 	 41.678688 	 283.323761 	 298.991272 	 2.711559 	 97684.062500 	 730.329346 
189 	 41.678688 	 283.323761 	 295.679657 	 3.106727 	 98384.937500 	 701.950195 
190 	 41.678688 	 283.323761 	 295.167664 	 1.525038 	 99081.039062 	 695.857605 
191 	 41.678688 	 283.323761 	 299.114929 	 3.620538 	 99185.078125 	 659.719604 
192 	 41.678688 	 283.323761 	 299.099335 	 2.063612 	 98456.679688 	 676.007507 
193 	 41.678688 	 283.323761 	 297.473938 	 2.394624 	 98583.070312 	 709.260681 
194 	 41.678688 	 283.323761 	 299.211090 	 2.728843 	 98664.140625 	 719.699219 
195 	 41.678688 	 283.323761 	 306.551727 	 4.221312 	 97911.601562 	 733.921875 
196 	 41.678688 	 283.323761 	 301.592682 	 3.612423 	 97931.406250 	 730.768311 
197 	 41.678688 	 283.323761 	 297.324707 	 1.836239 	 98382.609375 	 695.816040 
198 	 41.678688 	 283.323761 	 300.948364 	 2.007887 	 98159.640625 	 690.235107 
199 	 41.678688 	 283.323761 	 301.842133 	 2.560968 	 97993.773438 	 723.103882 
200 	 41.678688 	 283.323761 	 297.698273 	 2.241541 	 98469.023438 	 717.487427 
201 	 41.678688 	 283.323761 	 298.510132 	 2.128700 	 98553.781250 	 655.172607 
202 	 41.678688 	 283.323761 	 303.434448 	 3.209099 	 98125.953125 	 706.305054 
203 	 41.678688 	 283.323761 	 297.778351 	 4.472082 	 98234.796875 	 702.769653 
204 	 41.678688 	 283.323761 	 291.880341 	 2.396820 	 99162.382812 	 558.035339 
205 	 41.678688 	 283.323761 	 294.157928 	 2.712398 	 98899.171875 	 609.450623 
206 	 41.678688 	 283.323761 	 296.698212 	 2.777787 	 98327.773438 	 573.356628 
207 	 41.678688 	 283.323761 	 297.213776 	 3.283244 	 98436.953125 	 693.180054 
208 	 41.678688 	 283.323761 	 296.612274 	 3.098654 	 99153.257812 	 690.710693 
209 	 41.678688 	 283.323761 	 296.529449 	 1.227581 	 99476.273438 	 673.810181 
210 	 41.678688 	 283.323761 	 299.004059 	 1.410433 	 99234.406250 	 698.771240 
211 	 41.678688 	 283.323761 	 300.705841 	 1.630314 	 98805.703125 	 707.012817 
212 	 41.678688 	 283.323761 	 298.120697 	 2.591123 	 98374.656250 	 677.325073 
213 	 41.678688 	 283.323761 	 296.878540 	 1.938689 	 98664.273438 	 683.497559 
214 	 41.678688 	 283.323761 	 302.410065 	 2.195429 	 98527.812500 	 711.104370 
215 	 41.678688 	 283.323761 	 304.567871 	 2.434476 	 98516.601562 	 685.909546 
216 	 41.678688 	 283.323761 	 305.042603 	 3.326533 	 98411.257812 	 703.732300 
217 	 41.678688 	 283.323761 	 299.481079 	 3.265826 	 98269.570312 	 507.785095 
218 	 41.678688 	 283.323761 	 292.018066 	 2.472862 	 98753.421875 	 674.653442 
219 	 41.678688 	 283.323761 	 294.103180 	 1.701093 	 99160.437500 	 654.295044 
220 	 41.678688 	 283.323761 	 297.738770 	 3.304637 	 98442.640625 	 587.907593 
221 	 41.678688 	 283.323761 	 292.395142 	 3.552918 	 98547.890625 	 642.679688 
222 	 41.678688 	 283.323761 	 291.584686 	 1.944521 	 99414.789062 	 639.070312 
223 	 41.678688 	 283.323761 	 295.167572 	 4.999720 	 99254.117188 	 559.346436 
224 	 41.678688 	 283.323761 	 294.847443 	 2.343312 	 99294.039062 	 551.854980 
225 	 41.678688 	 283.323761 	 293.471466 	 3.969386 	 99365.539062 	 564.923767 
226 	 41.678688 	 283.323761 	 291.921844 	 3.678837 	 98495.546875 	 546.286194 
227 	 41.678688 	 283.323761 	 289.369965 	 2.822457 	 98661.187500 	 604.285950 
228 	 41.678688 	 283.323761 	 290.572296 	 1.872279 	 98871.312500 	 632.106812 
229 	 41.678688 	 283.323761 	 291.019989 	 1.610673 	 98971.546875 	 536.232666 
230 	 41.678688 	 283.323761 	 297.204468 	 3.576325 	 98178.609375 	 623.468750 
231 	 41.678688 	 283.323761 	 296.371002 	 2.471426 	 97950.656250 	 607.196594 
232 	 41.678688 	 283.323761 	 294.720215 	 2.152819 	 98176.828125 	 606.366089 
233 	 41.678688 	 283.323761 	 295.695709 	 2.665772 	 98049.320312 	 634.699280 
234 	 41.678688 	 283.323761 	 294.358795 	 2.941015 	 98620.828125 	 478.384003 
235 	 41.678688 	 283.323761 	 294.458038 	 2.323110 	 98205.671875 	 629.657166 
236 	 41.678688 	 283.323761 	 294.492126 	 1.693879 	 98347.960938 	 648.799316 
237 	 41.678688 	 283.323761 	 293.232635 	 2.128449 	 98574.718750 	 629.566406 
238 	 41.678688 	 283.323761 	 290.963318 	 2.660926 	 98881.460938 	 554.453918 
239 	 41.678688 	 283.323761 	 291.643158 	 2.243589 	 99220.781250 	 572.539368 
240 	 41.678688 	 283.323761 	 292.147400 	 1.077395 	 99409.187500 	 622.898682 
241 	 41.678688 	 283.323761 	 293.408234 	 0.757068 	 99466.640625 	 626.783447 
242 	 41.678688 	 283.323761 	 294.561279 	 0.635393 	 99376.578125 	 627.350098 
243 	 41.678688 	 283.323761 	 295.529419 	 0.937994 	 98966.890625 	 627.862000 
244 	 41.678688 	 283.323761 	 293.572723 	 3.382557 	 98280.312500 	 599.684937 
245 	 41.678688 	 283.323761 	 288.768402 	 1.485493 	 99043.101562 	 583.360413 
246 	 41.678688 	 283.323761 	 292.220947 	 3.519876 	 98591.382812 	 558.655640 
247 	 41.678688 	 283.323761 	 295.633392 	 1.442664 	 98422.703125 	 621.699097 
248 	 41.678688 	 283.323761 	 296.171875 	 1.901010 	 98419.843750 	 540.130737 
249 	 41.678688 	 283.323761 	 300.948517 	 2.824705 	 98098.750000 	 617.755432 
250 	 41.678688 	 283.323761 	 292.375122 	 1.940101 	 98720.148438 	 609.415649 
251 	 41.678688 	 283.323761 	 292.530975 	 1.150213 	 99318.343750 	 595.209473 
252 	 41.678688 	 283.323761 	 297.306702 	 3.773155 	 99191.796875 	 620.465576 
253 	 41.678688 	 283.323761 	 298.228760 	 2.804305 	 98949.289062 	 578.367554 
254 	 41.678688 	 283.323761 	 296.228577 	 1.233208 	 99236.226562 	 627.118408 
255 	 41.678688 	 283.323761 	 295.107300 	 2.142192 	 99723.132812 	 505.760132 
256 	 41.678688 	 283.323761 	 295.281372 	 3.449338 	 99749.656250 	 598.085876 
257 	 41.678688 	 283.323761 	 297.609039 	 3.131826 	 99243.828125 	 594.111755 
258 	 41.678688 	 283.323761 	 292.240967 	 2.212058 	 99192.031250 	 522.426392 
259 	 41.678688 	 283.323761 	 286.731201 	 2.413743 	 99360.406250 	 469.579132 
260 	 41.678688 	 283.323761 	 288.037476 	 1.714257 	 99340.492188 	 481.962280 
261 	 41.678688 	 283.323761 	 290.081940 	 0.935474 	 99117.546875 	 576.684021 
262 	 41.678688 	 283.323761 	 292.546082 	 3.502878 	 98716.500000 	 578.662231 
263 	 41.678688 	 283.323761 	 298.140991 	 4.010977 	 98293.039062 	 605.243225 
264 	 41.678688 	 283.323761 	 294.052582 	 3.238241 	 98381.070312 	 555.088318 
265 	 41.678688 	 283.323761 	 288.818054 	 2.139570 	 99401.156250 	 463.783752 
266 	 41.678688 	 283.323761 	 293.532440 	 3.877264 	 98840.781250 	 520.435181 
267 	 41.678688 	 283.323761 	 296.211151 	 2.933682 	 98325.062500 	 577.858643 
268 	 41.678688 	 283.323761 	 295.697571 	 3.094284 	 98291.703125 	 553.771240 
269 	 41.678688 	 283.323761 	 292.105225 	 1.944189 	 98790.843750 	 552.174622 
270 	 41.678688 	 283.323761 	 294.751923 	 4.093517 	 98315.500000 	 484.848724 
271 	 41.678688 	 283.323761 	 284.389771 	 3.385476 	 98330.046875 	 454.136505 
272 	 41.678688 	 283.323761 	 281.741211 	 3.872905 	 99183.507812 	 479.273254 
273 	 41.678688 	 283.323761 	 281.211578 	 1.978600 	 99861.382812 	 485.522034 
274 	 41.678688 	 283.323761 	 286.911224 	 3.091239 	 99895.742188 	 502.052063 
275 	 41.678688 	 283.323761 	 288.500458 	 3.176642 	 99865.640625 	 497.210266 
276 	 41.678688 	 283.323761 	 291.009155 	 2.647232 	 99408.226562 	 465.343140 
277 	 41.678688 	 283.323761 	 292.034393 	 1.450757 	 99513.773438 	 537.060669 
278 	 41.678688 	 283.323761 	 294.267883 	 2.285391 	 99308.523438 	 549.392334 
279 	 41.678688 	 283.323761 	 293.292877 	 2.040509 	 99275.203125 	 540.256714 
280 	 41.678688 	 283.323761 	 292.678284 	 2.397223 	 99073.453125 	 532.760864 
281 	 41.678688 	 283.323761 	 294.649780 	 3.346095 	 98486.312500 	 529.416687 
282 	 41.678688 	 283.323761 	 286.610443 	 2.066627 	 98438.671875 	 490.225647 
283 	 41.678688 	 283.323761 	 282.323669 	 2.849531 	 98575.500000 	 417.163727 
284 	 41.678688 	 283.323761 	 281.818756 	 5.041061 	 97812.507812 	 410.766083 
285 	 41.678688 	 283.323761 	 277.936676 	 3.704247 	 99386.257812 	 393.837769 
286 	 41.678688 	 283.323761 	 277.971222 	 2.405183 	 100207.398438 	 448.222229 
287 	 41.678688 	 283.323761 	 281.982025 	 4.263935 	 99746.273438 	 395.353333 
288 	 41.678688 	 283.323761 	 282.951508 	 1.666090 	 99295.828125 	 392.261414 
289 	 41.678688 	 283.323761 	 281.751129 	 3.086502 	 99737.882812 	 432.185089 
290 	 41.678688 	 283.323761 	 281.486816 	 1.829457 	 99846.656250 	 448.535706 
291 	 41.678688 	 283.323761 	 280.990692 	 1.567149 	 99707.882812 	 457.857361 
292 	 41.678688 	 283.323761 	 280.514465 	 0.442231 	 99620.640625 	 454.037964 
293 	 41.678688 	 283.323761 	 282.536011 	 0.434069 	 99383.328125 	 462.736816 
294 	 41.678688 	 283.323761 	 281.496765 	 0.202098 	 99363.859375 	 452.029724 
295 	 41.678688 	 283.323761 	 284.000793 	 1.042696 	 99467.578125 	 434.196289 
296 	 41.678688 	 283.323761 	 285.170044 	 1.485538 	 99411.507812 	 460.257080 
297 	 41.678688 	 283.323761 	 285.136261 	 1.013275 	 99026.289062 	 433.508331 
298 	 41.678688 	 283.323761 	 285.508301 	 2.561067 	 98373.351562 	 369.997131 
299 	 41.678688 	 283.323761 	 279.081848 	 4.196918 	 98297.203125 	 360.409668 
300 	 41.678688 	 283.323761 	 276.726227 	 2.983926 	 97960.593750 	 375.868774 
301 	 41.678688 	 283.323761 	 277.529755 	 3.269316 	 97552.812500 	 405.031860 
302 	 41.678688 	 283.323761 	 280.776703 	 4.503510 	 97111.226562 	 425.210266 
303 	 41.678688 	 283.323761 	 277.952728 	 3.604354 	 98648.203125 	 373.829926 
304 	 41.678688 	 283.323761 	 276.084351 	 2.386631 	 99470.273438 	 390.873871 
305 	 41.678688 	 283.323761 	 274.867218 	 1.075520 	 99611.273438 	 392.933472 
306 	 41.678688 	 283.323761 	 276.348083 	 0.911182 	 99869.757812 	 379.888062 
307 	 41.678688 	 283.323761 	 280.572906 	 2.786116 	 100128.500000 	 399.752136 
308 	 41.678688 	 283.323761 	 286.841095 	 3.930292 	 99285.421875 	 398.240845 
309 	 41.678688 	 283.323761 	 283.205688 	 2.415559 	 98439.148438 	 409.345154 
310 	 41.678688 	 283.323761 	 279.392426 	 1.935721 	 98735.343750 	 398.855713 
311 	 41.678688 	 283.323761 	 278.982086 	 3.318037 	 99449.679688 	 371.395813 
312 	 41.678688 	 283.323761 	 287.367249 	 3.944162 	 98475.226562 	 392.198944 
313 	 41.678688 	 283.323761 	 281.246094 	 2.586261 	 97799.203125 	 377.770874 
314 	 41.678688 	 283.323761 	 278.692596 	 3.040640 	 98947.242188 	 363.296783 
315 	 41.678688 	 283.323761 	 278.756165 	 2.136288 	 99822.929688 	 401.281006 
316 	 41.678688 	 283.323761 	 277.827026 	 1.374601 	 99807.070312 	 363.335205 
317 	 41.678688 	 283.323761 	 280.101074 	 3.525884 	 99350.117188 	 371.242859 
318 	 41.678688 	 283.323761 	 285.878418 	 5.679224 	 98588.351562 	 418.661957 
319 	 41.678688 	 283.323761 	 285.599640 	 4.556601 	 97562.648438 	 445.586884 
320 	 41.678688 	 283.323761 	 276.940674 	 3.840276 	 97519.312500 	 367.199158 
321 	 41.678688 	 283.323761 	 273.467590 	 3.316678 	 98686.507812 	 368.261383 
322 	 41.678688 	 283.323761 	 272.426514 	 2.052485 	 99784.000000 	 355.495300 
323 	 41.678688 	 283.323761 	 276.280151 	 2.648662 	 100202.703125 	 374.445496 
324 	 41.678688 	 283.323761 	 278.672791 	 2.748698 	 100145.500000 	 380.344818 
325 	 41.678688 	 283.323761 	 284.416504 	 3.716104 	 99477.281250 	 410.089661 
326 	 41.678688 	 283.323761 	 286.528168 	 2.065268 	 98966.132812 	 388.975708 
327 	 41.678688 	 283.323761 	 282.783539 	 2.489833 	 99274.281250 	 395.659607 
328 	 41.678688 	 283.323761 	 283.982819 	 2.912397 	 98471.296875 	 370.326782 
329 	 41.678688 	 283.323761 	 280.918640 	 2.744785 	 97791.421875 	 401.427948 
330 	 41.678688 	 283.323761 	 277.970703 	 2.742199 	 97833.109375 	 339.671417 
331 	 41.678688 	 283.323761 	 275.772491 	 3.948724 	 97944.062500 	 362.324280 
332 	 41.678688 	 283.323761 	 273.835022 	 3.456412 	 99689.703125 	 344.311981 
333 	 41.678688 	 283.323761 	 275.660126 	 3.231612 	 100109.101562 	 340.785065 
334 	 41.678688 	 283.323761 	 277.067902 	 3.136253 	 100138.796875 	 330.116150 
335 	 41.678688 	 283.323761 	 286.303467 	 4.715199 	 98383.687500 	 393.946228 
336 	 41.678688 	 283.323761 	 276.592987 	 4.602014 	 98657.046875 	 365.923126 
337 	 41.678688 	 283.323761 	 273.019684 	 2.083231 	 100661.101562 	 316.226135 
338 	 41.678688 	 283.323761 	 279.725006 	 4.697295 	 100364.203125 	 344.589691 
339 	 41.678688 	 283.323761 	 289.348633 	 5.039641 	 98925.171875 	 392.866394 
340 	 41.678688 	 283.323761 	 277.599884 	 2.179978 	 99201.593750 	 322.071960 
341 	 41.678688 	 283.323761 	 272.518799 	 2.226777 	 99411.046875 	 334.208984 
342 	 41.678688 	 283.323761 	 271.970856 	 1.493478 	 99461.898438 	 318.017120 
343 	 41.678688 	 283.323761 	 270.026123 	 1.175812 	 99285.789062 	 320.278992 
344 	 41.678688 	 283.323761 	 270.191254 	 1.663771 	 99465.117188 	 284.042419 
345 	 41.678688 	 283.323761 	 282.062073 	 4.391235 	 97440.210938 	 366.750916 
346 	 41.678688 	 283.323761 	 274.007507 	 4.391787 	 97354.382812 	 340.812744 
347 	 41.678688 	 283.323761 	 270.414215 	 3.240262 	 99938.382812 	 320.687042 
348 	 41.678688 	 283.323761 	 274.958954 	 3.801456 	 99639.898438 	 307.428772 
349 	 41.678688 	 283.323761 	 279.594879 	 3.187465 	 98442.906250 	 396.692963 
350 	 41.678688 	 283.323761 	 272.691589 	 1.853889 	 99828.851562 	 322.975037 
351 	 41.678688 	 283.323761 	 280.564697 	 3.874969 	 99140.171875 	 366.471832 
352 	 41.678688 	 283.323761 	 286.978271 	 6.297510 	 97546.992188 	 377.742554 
353 	 41.678688 	 283.323761 	 274.626343 	 2.758307 	 98987.921875 	 322.610718 
354 	 41.678688 	 283.323761 	 278.692627 	 4.077313 	 98631.359375 	 337.548767 
355 	 41.678688 	 283.323761 	 274.648956 	 3.746132 	 98524.523438 	 347.487213 
356 	 41.678688 	 283.323761 	 271.716888 	 2.682432 	 99779.976562 	 321.918976 
357 	 41.678688 	 283.323761 	 273.959839 	 4.144381 	 99184.023438 	 323.890961 
358 	 41.678688 	 283.323761 	 269.196106 	 4.356939 	 98971.140625 	 299.049652 
359 	 41.678688 	 283.323761 	 273.234467 	 2.560122 	 99878.250000 	 318.366821 
360 	 41.678688 	 283.323761 	 274.033051 	 4.151639 	 99910.656250 	 307.450623 
361 	 41.678688 	 283.323761 	 274.599731 	 3.800003 	 99173.171875 	 370.455414 
362 	 41.678688 	 283.323761 	 271.513733 	 3.363797 	 99508.156250 	 305.945679 
363 	 41.678688 	 283.323761 	 271.189667 	 2.080847 	 100315.898438 	 311.688049 
364 	 41.678688 	 283.323761 	 273.509399 	 1.787083 	 100051.500000 	 298.215515 
