# 0: Day of Year [-] 	 1: lat [deg] 	 2: lon [deg] 	 3: tas [K] 	 4: sfcWind [m s-1] 	 5: ps [Pa] 	 6: Total Downwelling Rad Flux [W m-2] 
0 	 41.678688 	 283.323761 	 274.009552 	 3.051411 	 97141.171875 	 358.660034 
1 	 41.678688 	 283.323761 	 276.171112 	 4.715620 	 96989.453125 	 369.336151 
2 	 41.678688 	 283.323761 	 273.550262 	 3.641066 	 97681.773438 	 321.306213 
3 	 41.678688 	 283.323761 	 279.060242 	 3.361776 	 97551.726562 	 375.308044 
4 	 41.678688 	 283.323761 	 274.241943 	 0.592094 	 97977.437500 	 328.357025 
5 	 41.678688 	 283.323761 	 269.430664 	 1.933063 	 98731.242188 	 340.969452 
6 	 41.678688 	 283.323761 	 270.551483 	 2.320574 	 97548.820312 	 342.395813 
7 	 41.678688 	 283.323761 	 269.359680 	 3.823761 	 97276.101562 	 319.216858 
8 	 41.678688 	 283.323761 	 273.380737 	 3.287587 	 98922.218750 	 322.266754 
9 	 41.678688 	 283.323761 	 276.892883 	 2.918823 	 99543.453125 	 353.731445 
10 	 41.678688 	 283.323761 	 281.500061 	 3.737187 	 98798.757812 	 354.500732 
11 	 41.678688 	 283.323761 	 282.050201 	 5.200847 	 96945.406250 	 362.841888 
12 	 41.678688 	 283.323761 	 271.018646 	 2.442324 	 99049.617188 	 329.804169 
13 	 41.678688 	 283.323761 	 274.649750 	 1.819255 	 99805.671875 	 371.062531 
14 	 41.678688 	 283.323761 	 278.641846 	 4.228522 	 98876.656250 	 345.311279 
15 	 41.678688 	 283.323761 	 272.903412 	 4.705657 	 98051.218750 	 338.557343 
16 	 41.678688 	 283.323761 	 268.611633 	 3.371666 	 99098.250000 	 328.938171 
17 	 41.678688 	 283.323761 	 269.857788 	 3.428736 	 99154.031250 	 304.511627 
18 	 41.678688 	 283.323761 	 269.061890 	 3.499875 	 98275.460938 	 354.978912 
19 	 41.678688 	 283.323761 	 266.359222 	 2.484193 	 99808.710938 	 289.055359 
20 	 41.678688 	 283.323761 	 271.304779 	 1.867875 	 99453.953125 	 340.525208 
21 	 41.678688 	 283.323761 	 275.665375 	 3.649169 	 99111.070312 	 371.907501 
22 	 41.678688 	 283.323761 	 280.925507 	 5.034422 	 98783.968750 	 399.387970 
23 	 41.678688 	 283.323761 	 274.944275 	 5.121501 	 98297.226562 	 355.715729 
24 	 41.678688 	 283.323761 	 262.655975 	 2.113753 	 100015.000000 	 325.542847 
25 	 41.678688 	 283.323761 	 268.158997 	 4.265594 	 99278.851562 	 286.201111 
26 	 41.678688 	 283.323761 	 269.052399 	 3.667958 	 98343.640625 	 358.910828 
27 	 41.678688 	 283.323761 	 257.892242 	 1.932804 	 99758.578125 	 299.584412 
28 	 41.678688 	 283.323761 	 264.492065 	 2.208154 	 99898.718750 	 342.035950 
29 	 41.678688 	 283.323761 	 265.038025 	 2.971975 	 100207.898438 	 299.243347 
30 	 41.678688 	 283.323761 	 275.656799 	 4.949215 	 98587.312500 	 369.354218 
31 	 41.678688 	 283.323761 	 269.031525 	 2.376459 	 99249.968750 	 352.263550 
32 	 41.678688 	 283.323761 	 262.260986 	 2.276301 	 99502.460938 	 327.659973 
33 	 41.678688 	 283.323761 	 264.290161 	 1.256987 	 99467.476562 	 341.256958 
34 	 41.678688 	 283.323761 	 274.747101 	 2.168805 	 98987.898438 	 342.539001 
35 	 41.678688 	 283.323761 	 276.065430 	 2.612644 	 98549.796875 	 390.581696 
36 	 41.678688 	 283.323761 	 271.499969 	 2.573383 	 98145.187500 	 373.374695 
37 	 41.678688 	 283.323761 	 267.567444 	 1.130829 	 97750.992188 	 329.656830 
38 	 41.678688 	 283.323761 	 268.339966 	 2.967123 	 97919.328125 	 399.762024 
39 	 41.678688 	 283.323761 	 268.426422 	 2.241904 	 98730.796875 	 362.861816 
40 	 41.678688 	 283.323761 	 274.438568 	 2.271672 	 99285.148438 	 423.144043 
41 	 41.678688 	 283.323761 	 280.041412 	 4.869213 	 98735.906250 	 369.932312 
42 	 41.678688 	 283.323761 	 274.286652 	 3.382267 	 98436.000000 	 393.692993 
43 	 41.678688 	 283.323761 	 268.988800 	 3.336270 	 99573.828125 	 369.800873 
44 	 41.678688 	 283.323761 	 272.383789 	 3.883111 	 98822.421875 	 414.862976 
45 	 41.678688 	 283.323761 	 269.630829 	 3.887896 	 98541.976562 	 379.343079 
46 	 41.678688 	 283.323761 	 267.491211 	 2.119869 	 99741.867188 	 374.259277 
47 	 41.678688 	 283.323761 	 275.560120 	 4.570276 	 99235.062500 	 383.821167 
48 	 41.678688 	 283.323761 	 282.012665 	 4.447463 	 98528.648438 	 453.841583 
49 	 41.678688 	 283.323761 	 272.094421 	 3.519194 	 99304.617188 	 397.216888 
50 	 41.678688 	 283.323761 	 269.809265 	 1.775034 	 99709.421875 	 373.732849 
51 	 41.678688 	 283.323761 	 276.645508 	 2.754411 	 98679.281250 	 357.987183 
52 	 41.678688 	 283.323761 	 278.786011 	 5.721743 	 96927.578125 	 420.164062 
53 	 41.678688 	 283.323761 	 272.427643 	 2.872093 	 98264.953125 	 402.333862 
54 	 41.678688 	 283.323761 	 275.041992 	 2.887538 	 98836.726562 	 353.782867 
55 	 41.678688 	 283.323761 	 278.270782 	 2.415027 	 98981.218750 	 447.660248 
56 	 41.678688 	 283.323761 	 282.274048 	 2.607860 	 98713.632812 	 456.911621 
57 	 41.678688 	 283.323761 	 287.864685 	 5.009038 	 97118.820312 	 411.070251 
58 	 41.678688 	 283.323761 	 275.612976 	 3.346891 	 96694.546875 	 409.507019 
59 	 41.678688 	 283.323761 	 275.489197 	 3.304595 	 97267.296875 	 345.568054 
60 	 41.678688 	 283.323761 	 269.309235 	 4.298855 	 96088.023438 	 385.354767 
61 	 41.678688 	 283.323761 	 267.189423 	 5.355280 	 96421.328125 	 344.202087 
62 	 41.678688 	 283.323761 	 269.330261 	 4.142431 	 97821.273438 	 421.585999 
63 	 41.678688 	 283.323761 	 275.329742 	 3.328982 	 98425.882812 	 357.524048 
64 	 41.678688 	 283.323761 	 282.142639 	 2.803872 	 97637.343750 	 374.060242 
65 	 41.678688 	 283.323761 	 274.132782 	 4.016343 	 97207.726562 	 467.324921 
66 	 41.678688 	 283.323761 	 273.759979 	 3.894392 	 98489.203125 	 438.821991 
67 	 41.678688 	 283.323761 	 278.985352 	 2.666217 	 98979.539062 	 428.787170 
68 	 41.678688 	 283.323761 	 276.093109 	 2.250800 	 98848.820312 	 346.256409 
69 	 41.678688 	 283.323761 	 268.707245 	 4.074271 	 97420.656250 	 451.979706 
70 	 41.678688 	 283.323761 	 268.591309 	 3.207335 	 97668.953125 	 425.766418 
71 	 41.678688 	 283.323761 	 267.121582 	 4.476285 	 97955.476562 	 435.070984 
72 	 41.678688 	 283.323761 	 280.600708 	 4.726501 	 98267.359375 	 501.634094 
73 	 41.678688 	 283.323761 	 270.743683 	 4.362456 	 99195.250000 	 470.345520 
74 	 41.678688 	 283.323761 	 268.377502 	 3.296454 	 99934.460938 	 421.714294 
75 	 41.678688 	 283.323761 	 281.066986 	 2.892077 	 98363.351562 	 402.881805 
76 	 41.678688 	 283.323761 	 273.758881 	 2.632546 	 98947.812500 	 357.939606 
77 	 41.678688 	 283.323761 	 271.300720 	 2.299850 	 99298.343750 	 396.921600 
78 	 41.678688 	 283.323761 	 271.442413 	 4.009841 	 99517.203125 	 492.238953 
79 	 41.678688 	 283.323761 	 271.838562 	 2.243637 	 100386.601562 	 468.934631 
80 	 41.678688 	 283.323761 	 280.060669 	 3.651834 	 99598.320312 	 494.433624 
81 	 41.678688 	 283.323761 	 284.682190 	 3.847108 	 99047.101562 	 449.694214 
82 	 41.678688 	 283.323761 	 284.741425 	 4.764391 	 97969.796875 	 415.479065 
83 	 41.678688 	 283.323761 	 272.365204 	 4.703269 	 98597.890625 	 504.516327 
84 	 41.678688 	 283.323761 	 273.357300 	 2.672381 	 98783.968750 	 345.624878 
85 	 41.678688 	 283.323761 	 279.465576 	 3.295323 	 97733.476562 	 415.231079 
86 	 41.678688 	 283.323761 	 273.212433 	 5.245327 	 97552.429688 	 516.346802 
87 	 41.678688 	 283.323761 	 274.131805 	 5.833262 	 97481.656250 	 446.678955 
88 	 41.678688 	 283.323761 	 275.731628 	 3.997442 	 98295.398438 	 434.713318 
89 	 41.678688 	 283.323761 	 277.533234 	 3.720167 	 98699.570312 	 434.041046 
90 	 41.678688 	 283.323761 	 279.859558 	 3.281558 	 99092.773438 	 535.911255 
91 	 41.678688 	 283.323761 	 283.056671 	 1.552981 	 99118.773438 	 542.296448 
92 	 41.678688 	 283.323761 	 283.799469 	 2.061337 	 98605.656250 	 559.364380 
93 	 41.678688 	 283.323761 	 281.807495 	 1.095755 	 98886.648438 	 541.502625 
94 	 41.678688 	 283.323761 	 285.428802 	 2.814762 	 98699.882812 	 391.935394 
95 	 41.678688 	 283.323761 	 289.310211 	 0.798560 	 98459.750000 	 578.539429 
96 	 41.678688 	 283.323761 	 291.201233 	 1.276318 	 98611.093750 	 579.848938 
97 	 41.678688 	 283.323761 	 290.403076 	 2.410190 	 98707.710938 	 547.474365 
98 	 41.678688 	 283.323761 	 284.383423 	 3.498639 	 98946.656250 	 578.120728 
99 	 41.678688 	 283.323761 	 283.169281 	 2.115848 	 99243.617188 	 434.135498 
100 	 41.678688 	 283.323761 	 289.571594 	 3.475834 	 99356.539062 	 575.770081 
101 	 41.678688 	 283.323761 	 289.149628 	 4.489760 	 99835.882812 	 504.545776 
102 	 41.678688 	 283.323761 	 291.632050 	 5.291260 	 99420.046875 	 468.281189 
103 	 41.678688 	 283.323761 	 290.698029 	 3.793416 	 98611.398438 	 460.585175 
104 	 41.678688 	 283.323761 	 285.089020 	 3.022465 	 98261.648438 	 562.142944 
105 	 41.678688 	 283.323761 	 279.038757 	 3.177723 	 98582.953125 	 443.074188 
106 	 41.678688 	 283.323761 	 281.202087 	 2.367907 	 99390.960938 	 572.063171 
107 	 41.678688 	 283.323761 	 283.384644 	 3.335248 	 98840.273438 	 464.552826 
108 	 41.678688 	 283.323761 	 280.957092 	 4.334166 	 96925.640625 	 389.568726 
109 	 41.678688 	 283.323761 	 278.442413 	 4.290933 	 97633.203125 	 563.478271 
110 	 41.678688 	 283.323761 	 276.760651 	 3.634234 	 98043.273438 	 463.848877 
111 	 41.678688 	 283.323761 	 274.829865 	 4.629490 	 98084.171875 	 519.960022 
112 	 41.678688 	 283.323761 	 278.419769 	 2.780147 	 98584.523438 	 550.380737 
113 	 41.678688 	 283.323761 	 281.728790 	 1.489631 	 99168.031250 	 500.557373 
114 	 41.678688 	 283.323761 	 289.606537 	 2.649095 	 98730.679688 	 528.245178 
115 	 41.678688 	 283.323761 	 290.162323 	 3.336056 	 98380.382812 	 508.528015 
116 	 41.678688 	 283.323761 	 284.156464 	 4.162721 	 99129.476562 	 597.994629 
117 	 41.678688 	 283.323761 	 283.270538 	 2.138432 	 99868.226562 	 583.324524 
118 	 41.678688 	 283.323761 	 285.202606 	 3.832864 	 99238.226562 	 433.019501 
119 	 41.678688 	 283.323761 	 290.752075 	 1.087218 	 98601.773438 	 607.743713 
120 	 41.678688 	 283.323761 	 292.282776 	 2.921736 	 98159.156250 	 513.054810 
121 	 41.678688 	 283.323761 	 291.326630 	 2.582549 	 98527.023438 	 643.981995 
122 	 41.678688 	 283.323761 	 293.612305 	 1.482899 	 98644.546875 	 653.598511 
123 	 41.678688 	 283.323761 	 295.579834 	 2.392527 	 98593.093750 	 623.408386 
124 	 41.678688 	 283.323761 	 295.776978 	 2.462931 	 98403.351562 	 653.900513 
125 	 41.678688 	 283.323761 	 296.905365 	 1.170719 	 98442.437500 	 668.498657 
126 	 41.678688 	 283.323761 	 296.038483 	 4.443682 	 98123.953125 	 647.190918 
127 	 41.678688 	 283.323761 	 289.479706 	 2.546889 	 96631.171875 	 452.538361 
128 	 41.678688 	 283.323761 	 277.918030 	 4.958774 	 97227.296875 	 380.510406 
129 	 41.678688 	 283.323761 	 284.826965 	 3.651035 	 98662.000000 	 612.033508 
130 	 41.678688 	 283.323761 	 288.066254 	 1.310337 	 99297.570312 	 618.437622 
131 	 41.678688 	 283.323761 	 290.961304 	 2.329687 	 98673.101562 	 573.837952 
132 	 41.678688 	 283.323761 	 289.131226 	 0.983985 	 98039.296875 	 568.041138 
133 	 41.678688 	 283.323761 	 293.202820 	 1.293949 	 98066.296875 	 654.814087 
134 	 41.678688 	 283.323761 	 298.608459 	 3.303044 	 98127.023438 	 701.298889 
135 	 41.678688 	 283.323761 	 299.231323 	 3.001884 	 98225.898438 	 650.367554 
136 	 41.678688 	 283.323761 	 293.896942 	 2.149029 	 98346.703125 	 608.506531 
137 	 41.678688 	 283.323761 	 289.222717 	 2.761233 	 98341.882812 	 582.114136 
138 	 41.678688 	 283.323761 	 286.348083 	 3.417801 	 98133.539062 	 577.297546 
139 	 41.678688 	 283.323761 	 284.989227 	 1.954889 	 98425.421875 	 595.201904 
140 	 41.678688 	 283.323761 	 284.806793 	 2.957293 	 98803.742188 	 595.881470 
141 	 41.678688 	 283.323761 	 286.801300 	 3.776200 	 98176.718750 	 465.982483 
142 	 41.678688 	 283.323761 	 285.143280 	 3.439765 	 97968.773438 	 577.420532 
143 	 41.678688 	 283.323761 	 284.640991 	 5.423419 	 98526.507812 	 570.337402 
144 	 41.678688 	 283.323761 	 289.802246 	 3.238650 	 98981.710938 	 669.389160 
145 	 41.678688 	 283.323761 	 291.536743 	 1.443100 	 98841.343750 	 653.598755 
146 	 41.678688 	 283.323761 	 292.809998 	 2.862763 	 98458.242188 	 694.809204 
147 	 41.678688 	 283.323761 	 292.404419 	 2.640021 	 98463.023438 	 674.249146 
148 	 41.678688 	 283.323761 	 296.446381 	 4.503842 	 97998.492188 	 694.492188 
149 	 41.678688 	 283.323761 	 292.927155 	 3.963030 	 98562.796875 	 655.567505 
150 	 41.678688 	 283.323761 	 290.332703 	 1.467387 	 99406.679688 	 653.122925 
151 	 41.678688 	 283.323761 	 290.926941 	 1.595584 	 99331.156250 	 674.767456 
152 	 41.678688 	 283.323761 	 295.956940 	 3.282938 	 98814.656250 	 674.933289 
153 	 41.678688 	 283.323761 	 293.525787 	 2.848306 	 98859.640625 	 665.984985 
154 	 41.678688 	 283.323761 	 295.613251 	 5.352084 	 97851.828125 	 556.223877 
155 	 41.678688 	 283.323761 	 291.250488 	 2.398393 	 98272.328125 	 598.617065 
156 	 41.678688 	 283.323761 	 293.039307 	 1.803373 	 98442.882812 	 661.783325 
157 	 41.678688 	 283.323761 	 294.622589 	 5.346706 	 97790.843750 	 510.391846 
158 	 41.678688 	 283.323761 	 290.164246 	 4.122213 	 97970.859375 	 674.707092 
159 	 41.678688 	 283.323761 	 288.327820 	 1.532946 	 99375.156250 	 653.040039 
160 	 41.678688 	 283.323761 	 297.489441 	 4.803948 	 99020.179688 	 717.966858 
161 	 41.678688 	 283.323761 	 301.195221 	 4.022679 	 98779.109375 	 712.543335 
162 	 41.678688 	 283.323761 	 296.476227 	 2.612807 	 99436.007812 	 705.923950 
163 	 41.678688 	 283.323761 	 300.616516 	 4.476801 	 98509.031250 	 742.750977 
164 	 41.678688 	 283.323761 	 298.814087 	 3.362210 	 98548.843750 	 668.743408 
165 	 41.678688 	 283.323761 	 300.436646 	 4.466619 	 98227.960938 	 724.461670 
166 	 41.678688 	 283.323761 	 296.385162 	 2.136460 	 98604.203125 	 686.286621 
167 	 41.678688 	 283.323761 	 294.537262 	 2.241352 	 98277.820312 	 666.437866 
168 	 41.678688 	 283.323761 	 293.385193 	 1.968014 	 98323.601562 	 647.930786 
169 	 41.678688 	 283.323761 	 292.106079 	 2.448327 	 99012.976562 	 709.519409 
170 	 41.678688 	 283.323761 	 292.782959 	 1.285582 	 99604.906250 	 689.810181 
171 	 41.678688 	 283.323761 	 295.393005 	 3.573874 	 99611.406250 	 698.071045 
172 	 41.678688 	 283.323761 	 296.129028 	 4.564074 	 99348.460938 	 680.806885 
173 	 41.678688 	 283.323761 	 296.133240 	 3.903592 	 99100.039062 	 595.939575 
174 	 41.678688 	 283.323761 	 297.224335 	 3.570672 	 98927.218750 	 717.090576 
175 	 41.678688 	 283.323761 	 298.275177 	 3.831799 	 98410.578125 	 681.139404 
176 	 41.678688 	 283.323761 	 298.120544 	 1.427771 	 98285.960938 	 702.293518 
177 	 41.678688 	 283.323761 	 296.515533 	 2.529952 	 98469.289062 	 725.570862 
178 	 41.678688 	 283.323761 	 298.086273 	 4.056839 	 98591.539062 	 677.826294 
179 	 41.678688 	 283.323761 	 299.261047 	 2.653764 	 98338.031250 	 726.759460 
180 	 41.678688 	 283.323761 	 302.683380 	 2.831960 	 98517.992188 	 750.095459 
181 	 41.678688 	 283.323761 	 299.538849 	 1.965947 	 99060.226562 	 719.638550 
182 	 41.678688 	 283.323761 	 300.234375 	 3.320501 	 98686.531250 	 725.701111 
183 	 41.678688 	 283.323761 	 302.965240 	 3.336415 	 98308.367188 	 735.195435 
184 	 41.678688 	 283.323761 	 295.371521 	 2.452913 	 98482.492188 	 582.156372 
185 	 41.678688 	 283.323761 	 290.234161 	 1.299285 	 98460.421875 	 509.936920 
186 	 41.678688 	 283.323761 	 288.618164 	 3.568727 	 98510.109375 	 650.693176 
187 	 41.678688 	 283.323761 	 288.518951 	 2.541710 	 98905.546875 	 655.405579 
188 	 41.678688 	 283.323761 	 295.607178 	 3.282112 	 98854.367188 	 666.296143 
189 	 41.678688 	 283.323761 	 296.300385 	 3.860922 	 98904.226562 	 573.209717 
190 	 41.678688 	 283.323761 	 300.682037 	 4.522260 	 98711.882812 	 715.477417 
191 	 41.678688 	 283.323761 	 298.070007 	 1.512258 	 98785.687500 	 707.084717 
192 	 41.678688 	 283.323761 	 298.386383 	 3.217467 	 98591.406250 	 671.254272 
193 	 41.678688 	 283.323761 	 296.475403 	 1.504512 	 98711.523438 	 691.148010 
194 	 41.678688 	 283.323761 	 298.105164 	 1.186858 	 98750.796875 	 696.304321 
195 	 41.678688 	 283.323761 	 297.341461 	 1.093398 	 98617.117188 	 716.227844 
196 	 41.678688 	 283.323761 	 298.956848 	 2.600427 	 98567.703125 	 617.401855 
197 	 41.678688 	 283.323761 	 300.037079 	 2.646210 	 97911.523438 	 714.638855 
198 	 41.678688 	 283.323761 	 295.763397 	 2.283699 	 98512.523438 	 654.060852 
199 	 41.678688 	 283.323761 	 293.687256 	 2.341639 	 99025.617188 	 685.400024 
200 	 41.678688 	 283.323761 	 295.294373 	 1.531713 	 99317.343750 	 696.079224 
201 	 41.678688 	 283.323761 	 297.291748 	 4.113073 	 99234.046875 	 666.419922 
202 	 41.678688 	 283.323761 	 298.218475 	 4.012850 	 99081.117188 	 651.915527 
203 	 41.678688 	 283.323761 	 297.967957 	 3.868529 	 99139.828125 	 646.588074 
204 	 41.678688 	 283.323761 	 296.658600 	 4.792301 	 98983.648438 	 595.799866 
205 	 41.678688 	 283.323761 	 297.403778 	 3.286895 	 98488.171875 	 597.353455 
206 	 41.678688 	 283.323761 	 294.820770 	 2.300528 	 98458.406250 	 677.463745 
207 	 41.678688 	 283.323761 	 292.845123 	 2.769449 	 98801.132812 	 673.897339 
208 	 41.678688 	 283.323761 	 292.890015 	 0.567680 	 98995.257812 	 671.167480 
209 	 41.678688 	 283.323761 	 295.138000 	 2.134780 	 98456.031250 	 565.936279 
210 	 41.678688 	 283.323761 	 295.385773 	 2.743618 	 97957.742188 	 665.534729 
211 	 41.678688 	 283.323761 	 296.445923 	 2.577957 	 98377.250000 	 692.143372 
212 	 41.678688 	 283.323761 	 297.205292 	 1.058467 	 98795.937500 	 629.655884 
213 	 41.678688 	 283.323761 	 300.790588 	 3.166849 	 98448.750000 	 708.078369 
214 	 41.678688 	 283.323761 	 297.583038 	 2.630281 	 98448.078125 	 691.445496 
215 	 41.678688 	 283.323761 	 297.278137 	 2.074728 	 98293.351562 	 634.114014 
216 	 41.678688 	 283.323761 	 297.110931 	 3.330815 	 98029.250000 	 685.851074 
217 	 41.678688 	 283.323761 	 296.795105 	 1.544415 	 98754.796875 	 683.226990 
218 	 41.678688 	 283.323761 	 298.435974 	 2.694108 	 98582.820312 	 685.609497 
219 	 41.678688 	 283.323761 	 299.106140 	 3.007167 	 98020.921875 	 691.155823 
220 	 41.678688 	 283.323761 	 296.302826 	 2.612599 	 98219.148438 	 665.803772 
221 	 41.678688 	 283.323761 	 297.070892 	 1.186989 	 98683.281250 	 656.698608 
222 	 41.678688 	 283.323761 	 298.213684 	 2.957472 	 98846.179688 	 654.559875 
223 	 41.678688 	 283.323761 	 299.573151 	 4.741534 	 98260.296875 	 559.931702 
224 	 41.678688 	 283.323761 	 292.711456 	 3.304490 	 98624.476562 	 644.115906 
225 	 41.678688 	 283.323761 	 289.213715 	 2.456573 	 99104.937500 	 617.756714 
226 	 41.678688 	 283.323761 	 289.620392 	 0.807773 	 100057.703125 	 628.441345 
227 	 41.678688 	 283.323761 	 292.835510 	 4.614310 	 99925.843750 	 572.312378 
228 	 41.678688 	 283.323761 	 296.807465 	 5.290056 	 98772.273438 	 510.970917 
229 	 41.678688 	 283.323761 	 297.238281 	 2.923694 	 98309.343750 	 611.544434 
230 	 41.678688 	 283.323761 	 299.871460 	 3.605889 	 98230.812500 	 610.828186 
231 	 41.678688 	 283.323761 	 295.708130 	 3.548023 	 98274.960938 	 616.305542 
232 	 41.678688 	 283.323761 	 293.322968 	 2.293318 	 98616.531250 	 640.168823 
233 	 41.678688 	 283.323761 	 294.957520 	 2.092870 	 98806.226562 	 645.139648 
234 	 41.678688 	 283.323761 	 295.737122 	 0.918470 	 98982.203125 	 642.910034 
235 	 41.678688 	 283.323761 	 298.872162 	 2.793873 	 98944.226562 	 660.394287 
236 	 41.678688 	 283.323761 	 300.702454 	 3.323465 	 98586.359375 	 660.491516 
237 	 41.678688 	 283.323761 	 298.677765 	 0.880216 	 98497.640625 	 662.425720 
238 	 41.678688 	 283.323761 	 298.016357 	 1.740811 	 98235.218750 	 660.220886 
239 	 41.678688 	 283.323761 	 297.859497 	 2.394555 	 98134.546875 	 651.073792 
240 	 41.678688 	 283.323761 	 298.144989 	 2.818611 	 98585.203125 	 603.590332 
241 	 41.678688 	 283.323761 	 300.519409 	 2.836326 	 98269.921875 	 644.980896 
242 	 41.678688 	 283.323761 	 300.152222 	 2.495424 	 98481.343750 	 657.181152 
243 	 41.678688 	 283.323761 	 303.282562 	 2.231263 	 98422.000000 	 655.601807 
244 	 41.678688 	 283.323761 	 303.815155 	 2.019248 	 98668.429688 	 658.711365 
245 	 41.678688 	 283.323761 	 302.213745 	 2.960599 	 98537.523438 	 607.426697 
246 	 41.678688 	 283.323761 	 300.426025 	 3.464233 	 98558.382812 	 643.617920 
247 	 41.678688 	 283.323761 	 294.268707 	 1.673813 	 99476.031250 	 547.159180 
248 	 41.678688 	 283.323761 	 294.438019 	 2.089925 	 99593.710938 	 513.917847 
249 	 41.678688 	 283.323761 	 297.517914 	 3.169701 	 99020.296875 	 561.421509 
250 	 41.678688 	 283.323761 	 297.847137 	 2.405931 	 98573.093750 	 651.175476 
251 	 41.678688 	 283.323761 	 299.739075 	 2.573491 	 98541.726562 	 610.645569 
252 	 41.678688 	 283.323761 	 297.308014 	 0.869911 	 98693.093750 	 611.769470 
253 	 41.678688 	 283.323761 	 297.481445 	 1.761286 	 98471.046875 	 632.459595 
254 	 41.678688 	 283.323761 	 293.453491 	 2.808925 	 98382.132812 	 608.097656 
255 	 41.678688 	 283.323761 	 289.608704 	 2.489527 	 99250.976562 	 567.438232 
256 	 41.678688 	 283.323761 	 289.856964 	 2.576461 	 99609.156250 	 565.198303 
257 	 41.678688 	 283.323761 	 294.016754 	 3.445567 	 99432.156250 	 583.557983 
258 	 41.678688 	 283.323761 	 295.523560 	 2.717006 	 98991.859375 	 599.249695 
259 	 41.678688 	 283.323761 	 293.132141 	 2.518095 	 98382.070312 	 460.653259 
260 	 41.678688 	 283.323761 	 284.553101 	 2.620730 	 98923.796875 	 543.668579 
261 	 41.678688 	 283.323761 	 284.055939 	 1.122753 	 99198.187500 	 531.453857 
262 	 41.678688 	 283.323761 	 288.463287 	 2.965262 	 99106.343750 	 504.047943 
263 	 41.678688 	 283.323761 	 295.674591 	 4.393927 	 98643.187500 	 516.218140 
264 	 41.678688 	 283.323761 	 295.969757 	 4.077413 	 98354.093750 	 518.035767 
265 	 41.678688 	 283.323761 	 287.581604 	 2.365261 	 99160.242188 	 482.876129 
266 	 41.678688 	 283.323761 	 286.463470 	 1.867587 	 100043.796875 	 526.445557 
267 	 41.678688 	 283.323761 	 286.362579 	 1.809568 	 100285.398438 	 531.140137 
268 	 41.678688 	 283.323761 	 288.981140 	 3.481460 	 99882.179688 	 533.728210 
269 	 41.678688 	 283.323761 	 291.403290 	 5.039914 	 99122.640625 	 449.409119 
270 	 41.678688 	 283.323761 	 290.291962 	 3.412190 	 98473.468750 	 560.313965 
271 	 41.678688 	 283.323761 	 285.986633 	 2.288061 	 98683.507812 	 512.383789 
272 	 41.678688 	 283.323761 	 284.663452 	 1.067026 	 99114.007812 	 497.333740 
273 	 41.678688 	 283.323761 	 287.959290 	 2.484522 	 99563.539062 	 413.768585 
274 	 41.678688 	 283.323761 	 290.977722 	 1.034340 	 99324.976562 	 528.292114 
275 	 41.678688 	 283.323761 	 293.216644 	 3.680874 	 99160.328125 	 491.895447 
276 	 41.678688 	 283.323761 	 293.439117 	 4.414908 	 98664.906250 	 517.110962 
277 	 41.678688 	 283.323761 	 294.362640 	 4.006334 	 98595.632812 	 531.631287 
278 	 41.678688 	 283.323761 	 293.734100 	 3.357797 	 98946.703125 	 469.206024 
279 	 41.678688 	 283.323761 	 292.799164 	 3.921526 	 98451.078125 	 435.205017 
280 	 41.678688 	 283.323761 	 286.304718 	 3.094183 	 98003.460938 	 432.065002 
281 	 41.678688 	 283.323761 	 282.877899 	 2.895416 	 98686.539062 	 454.181702 
282 	 41.678688 	 283.323761 	 282.845245 	 1.751251 	 99747.476562 	 492.983276 
283 	 41.678688 	 283.323761 	 286.362732 	 4.090611 	 98942.539062 	 490.911682 
284 	 41.678688 	 283.323761 	 288.862610 	 4.917947 	 97732.546875 	 510.076324 
285 	 41.678688 	 283.323761 	 281.952545 	 4.614127 	 98487.960938 	 483.196594 
286 	 41.678688 	 283.323761 	 279.605042 	 1.924196 	 99372.929688 	 450.998291 
287 	 41.678688 	 283.323761 	 286.091644 	 3.496596 	 99064.460938 	 489.862701 
288 	 41.678688 	 283.323761 	 290.171509 	 2.488654 	 99056.921875 	 493.975098 
289 	 41.678688 	 283.323761 	 288.917206 	 2.202358 	 98900.179688 	 409.563171 
290 	 41.678688 	 283.323761 	 284.719940 	 4.054575 	 98576.078125 	 454.363220 
291 	 41.678688 	 283.323761 	 281.251129 	 2.440897 	 99488.906250 	 477.283203 
292 	 41.678688 	 283.323761 	 281.969910 	 2.603626 	 98900.226562 	 414.798889 
293 	 41.678688 	 283.323761 	 277.523346 	 2.375912 	 98186.578125 	 426.972595 
294 	 41.678688 	 283.323761 	 276.384796 	 4.571295 	 97863.437500 	 369.262848 
295 	 41.678688 	 283.323761 	 275.746399 	 3.395270 	 98965.093750 	 396.517548 
296 	 41.678688 	 283.323761 	 274.317841 	 2.477493 	 99697.382812 	 394.524658 
297 	 41.678688 	 283.323761 	 278.813904 	 1.996223 	 99738.007812 	 431.003540 
298 	 41.678688 	 283.323761 	 284.620270 	 2.791312 	 99414.562500 	 449.179230 
299 	 41.678688 	 283.323761 	 284.404510 	 1.542833 	 99389.882812 	 408.339691 
300 	 41.678688 	 283.323761 	 285.764160 	 2.065681 	 98785.539062 	 446.438965 
301 	 41.678688 	 283.323761 	 286.331390 	 2.099079 	 98670.492188 	 445.560760 
302 	 41.678688 	 283.323761 	 284.131989 	 1.258861 	 99238.117188 	 393.392212 
303 	 41.678688 	 283.323761 	 287.543152 	 2.613739 	 99287.429688 	 418.796051 
304 	 41.678688 	 283.323761 	 289.870026 	 3.143669 	 98147.617188 	 430.549988 
305 	 41.678688 	 283.323761 	 282.338470 	 4.581648 	 97239.023438 	 405.060028 
306 	 41.678688 	 283.323761 	 281.901520 	 3.832604 	 97929.843750 	 419.159241 
307 	 41.678688 	 283.323761 	 281.842682 	 2.386910 	 97966.046875 	 394.386475 
308 	 41.678688 	 283.323761 	 278.439911 	 2.106532 	 98361.617188 	 382.575134 
309 	 41.678688 	 283.323761 	 279.919403 	 3.553751 	 97640.796875 	 382.764771 
310 	 41.678688 	 283.323761 	 277.124115 	 4.457645 	 97908.859375 	 373.411072 
311 	 41.678688 	 283.323761 	 276.358276 	 3.195801 	 98696.500000 	 382.602356 
312 	 41.678688 	 283.323761 	 276.115601 	 1.350937 	 99112.406250 	 367.378815 
313 	 41.678688 	 283.323761 	 280.877899 	 3.336468 	 98927.156250 	 410.733368 
314 	 41.678688 	 283.323761 	 284.699524 	 2.364326 	 98968.179688 	 429.663513 
315 	 41.678688 	 283.323761 	 288.144104 	 2.087894 	 98646.070312 	 445.727020 
316 	 41.678688 	 283.323761 	 290.405701 	 5.673089 	 97521.742188 	 407.664612 
317 	 41.678688 	 283.323761 	 279.011963 	 3.678552 	 97826.906250 	 403.731964 
318 	 41.678688 	 283.323761 	 276.410980 	 2.023109 	 98824.953125 	 392.159546 
319 	 41.678688 	 283.323761 	 279.498566 	 2.063588 	 98625.687500 	 372.244202 
320 	 41.678688 	 283.323761 	 279.600952 	 1.421127 	 99014.156250 	 371.453064 
321 	 41.678688 	 283.323761 	 284.429565 	 5.430876 	 98420.718750 	 396.181885 
322 	 41.678688 	 283.323761 	 285.883392 	 4.313002 	 97516.781250 	 415.914856 
323 	 41.678688 	 283.323761 	 277.426727 	 1.663389 	 99191.500000 	 375.771423 
324 	 41.678688 	 283.323761 	 279.131714 	 3.191879 	 99188.679688 	 357.605225 
325 	 41.678688 	 283.323761 	 280.600464 	 2.634361 	 98516.156250 	 387.860046 
326 	 41.678688 	 283.323761 	 277.853577 	 1.711047 	 98755.179688 	 389.394958 
327 	 41.678688 	 283.323761 	 277.866455 	 3.390637 	 98770.593750 	 347.629181 
328 	 41.678688 	 283.323761 	 278.734528 	 3.430635 	 98102.867188 	 380.898834 
329 	 41.678688 	 283.323761 	 275.102692 	 5.422247 	 98473.093750 	 383.971710 
330 	 41.678688 	 283.323761 	 277.511200 	 2.143297 	 98963.703125 	 366.118256 
331 	 41.678688 	 283.323761 	 284.211151 	 1.253909 	 99242.203125 	 391.480713 
332 	 41.678688 	 283.323761 	 284.452850 	 2.625518 	 99765.320312 	 408.108948 
333 	 41.678688 	 283.323761 	 284.522491 	 3.826071 	 99329.546875 	 374.613739 
334 	 41.678688 	 283.323761 	 277.521393 	 1.628179 	 99704.046875 	 379.641602 
335 	 41.678688 	 283.323761 	 277.823700 	 1.966193 	 99797.281250 	 355.962036 
336 	 41.678688 	 283.323761 	 281.378448 	 3.174889 	 99657.242188 	 378.382660 
337 	 41.678688 	 283.323761 	 282.609955 	 3.475352 	 99499.851562 	 400.794250 
338 	 41.678688 	 283.323761 	 287.123871 	 4.230447 	 99453.390625 	 404.373810 
339 	 41.678688 	 283.323761 	 289.530609 	 5.399851 	 99009.617188 	 425.085693 
340 	 41.678688 	 283.323761 	 274.794678 	 4.026799 	 99060.593750 	 373.036621 
341 	 41.678688 	 283.323761 	 270.983734 	 1.408805 	 99489.828125 	 295.573608 
342 	 41.678688 	 283.323761 	 272.668274 	 1.681862 	 99097.687500 	 342.342865 
343 	 41.678688 	 283.323761 	 270.644897 	 1.477224 	 98783.546875 	 314.311646 
344 	 41.678688 	 283.323761 	 272.420074 	 2.261868 	 97917.703125 	 305.330353 
345 	 41.678688 	 283.323761 	 270.778412 	 3.374269 	 97446.609375 	 364.089966 
346 	 41.678688 	 283.323761 	 269.686401 	 3.514796 	 97980.648438 	 312.445923 
347 	 41.678688 	 283.323761 	 268.936371 	 2.070801 	 98279.671875 	 287.396912 
348 	 41.678688 	 283.323761 	 269.173523 	 5.147707 	 97309.929688 	 326.974518 
349 	 41.678688 	 283.323761 	 269.626556 	 4.143497 	 97833.078125 	 310.405365 
350 	 41.678688 	 283.323761 	 270.632416 	 2.711482 	 98400.976562 	 312.636475 
351 	 41.678688 	 283.323761 	 270.093140 	 1.572024 	 98416.250000 	 315.853607 
352 	 41.678688 	 283.323761 	 269.322845 	 0.638041 	 98258.617188 	 327.817688 
353 	 41.678688 	 283.323761 	 270.431946 	 1.311309 	 97805.742188 	 298.171204 
354 	 41.678688 	 283.323761 	 271.089478 	 2.587305 	 97575.960938 	 349.265198 
355 	 41.678688 	 283.323761 	 269.638214 	 2.056916 	 98452.156250 	 312.906372 
356 	 41.678688 	 283.323761 	 273.125824 	 3.980684 	 98642.656250 	 310.660614 
357 	 41.678688 	 283.323761 	 277.641296 	 2.493584 	 98096.843750 	 344.868011 
358 	 41.678688 	 283.323761 	 272.561401 	 3.660208 	 97613.328125 	 330.508179 
359 	 41.678688 	 283.323761 	 270.972565 	 3.982211 	 98277.367188 	 328.567688 
360 	 41.678688 	 283.323761 	 268.595917 	 1.949069 	 99410.882812 	 307.021332 
361 	 41.678688 	 283.323761 	 269.600586 	 1.403159 	 99582.820312 	 301.366943 
362 	 41.678688 	 283.323761 	 270.579803 	 1.801111 	 99298.257812 	 330.193024 
363 	 41.678688 	 283.323761 	 268.680756 	 2.944084 	 98964.226562 	 283.291870 
364 	 41.678688 	 283.323761 	 268.287445 	 4.902038 	 97421.750000 	 311.401154 
