# 0: Day of Year [-] 	 1: lat [deg] 	 2: lon [deg] 	 3: tas [K] 	 4: sfcWind [m s-1] 	 5: ps [Pa] 	 6: Total Downwelling Rad Flux [W m-2] 
0 	 41.678688 	 283.323761 	 272.192230 	 3.594153 	 98034.117188 	 314.122406 
1 	 41.678688 	 283.323761 	 276.027740 	 4.073814 	 97852.218750 	 318.144287 
2 	 41.678688 	 283.323761 	 275.041962 	 2.518331 	 98876.898438 	 346.724609 
3 	 41.678688 	 283.323761 	 278.084076 	 3.546123 	 98693.273438 	 365.287872 
4 	 41.678688 	 283.323761 	 277.961395 	 2.317744 	 98342.382812 	 357.104767 
5 	 41.678688 	 283.323761 	 275.251190 	 2.718666 	 98984.703125 	 331.934082 
6 	 41.678688 	 283.323761 	 280.033569 	 1.932838 	 99348.250000 	 358.383301 
7 	 41.678688 	 283.323761 	 281.754028 	 3.345181 	 99155.359375 	 346.127502 
8 	 41.678688 	 283.323761 	 286.570953 	 3.430852 	 97522.828125 	 388.910706 
9 	 41.678688 	 283.323761 	 276.335968 	 4.995404 	 96578.773438 	 350.871948 
10 	 41.678688 	 283.323761 	 272.347931 	 4.397053 	 96740.929688 	 354.951233 
11 	 41.678688 	 283.323761 	 272.675079 	 3.478451 	 97916.328125 	 336.181641 
12 	 41.678688 	 283.323761 	 276.127869 	 3.380243 	 98435.789062 	 343.802979 
13 	 41.678688 	 283.323761 	 279.558655 	 3.280965 	 98598.312500 	 362.580750 
14 	 41.678688 	 283.323761 	 280.638733 	 4.859425 	 98177.406250 	 377.637146 
15 	 41.678688 	 283.323761 	 267.443481 	 3.328574 	 100198.203125 	 311.173431 
16 	 41.678688 	 283.323761 	 268.199127 	 3.110833 	 100515.703125 	 270.197296 
17 	 41.678688 	 283.323761 	 272.444946 	 2.064072 	 99468.617188 	 371.549438 
18 	 41.678688 	 283.323761 	 269.412689 	 1.248179 	 100054.500000 	 288.988434 
19 	 41.678688 	 283.323761 	 276.710205 	 3.741578 	 99180.617188 	 360.443176 
20 	 41.678688 	 283.323761 	 282.668762 	 3.662672 	 98040.382812 	 346.328644 
21 	 41.678688 	 283.323761 	 275.015839 	 3.256262 	 98533.156250 	 353.402496 
22 	 41.678688 	 283.323761 	 272.833038 	 4.290720 	 98231.679688 	 345.761749 
23 	 41.678688 	 283.323761 	 268.686981 	 4.826215 	 97940.203125 	 308.753357 
24 	 41.678688 	 283.323761 	 265.671051 	 3.597614 	 99213.492188 	 312.798767 
25 	 41.678688 	 283.323761 	 273.201141 	 5.819579 	 97699.851562 	 374.293091 
26 	 41.678688 	 283.323761 	 262.114349 	 2.955673 	 99578.156250 	 306.489197 
27 	 41.678688 	 283.323761 	 264.856598 	 2.890566 	 100172.703125 	 274.232361 
28 	 41.678688 	 283.323761 	 275.750793 	 3.377228 	 98623.617188 	 362.269897 
29 	 41.678688 	 283.323761 	 275.093079 	 2.695774 	 98794.289062 	 392.397339 
30 	 41.678688 	 283.323761 	 271.552704 	 1.632288 	 99021.882812 	 351.790588 
31 	 41.678688 	 283.323761 	 266.680511 	 4.778623 	 98062.156250 	 359.918701 
32 	 41.678688 	 283.323761 	 263.349854 	 2.826544 	 99219.296875 	 308.729309 
33 	 41.678688 	 283.323761 	 273.817688 	 4.868222 	 99068.656250 	 338.806458 
34 	 41.678688 	 283.323761 	 279.545654 	 3.065771 	 98983.296875 	 363.021973 
35 	 41.678688 	 283.323761 	 272.368469 	 3.023990 	 98879.710938 	 338.600555 
36 	 41.678688 	 283.323761 	 266.137512 	 4.817328 	 97666.812500 	 357.386780 
37 	 41.678688 	 283.323761 	 269.282349 	 2.563843 	 98937.632812 	 356.049347 
38 	 41.678688 	 283.323761 	 275.495758 	 3.000734 	 99128.617188 	 374.949585 
39 	 41.678688 	 283.323761 	 277.556580 	 3.133686 	 98513.023438 	 351.271545 
40 	 41.678688 	 283.323761 	 272.189636 	 3.008408 	 98390.109375 	 335.089355 
41 	 41.678688 	 283.323761 	 270.058380 	 5.454286 	 97851.953125 	 413.850586 
42 	 41.678688 	 283.323761 	 265.428314 	 2.189473 	 98484.296875 	 296.390869 
43 	 41.678688 	 283.323761 	 275.095459 	 3.522242 	 98759.023438 	 399.692932 
44 	 41.678688 	 283.323761 	 277.846527 	 5.336231 	 98059.687500 	 396.615448 
45 	 41.678688 	 283.323761 	 271.790833 	 3.418239 	 98333.273438 	 411.620117 
46 	 41.678688 	 283.323761 	 270.532227 	 2.799123 	 98241.750000 	 364.286957 
47 	 41.678688 	 283.323761 	 272.223083 	 1.763031 	 98029.890625 	 407.361115 
48 	 41.678688 	 283.323761 	 271.154480 	 1.859936 	 98854.062500 	 404.254333 
49 	 41.678688 	 283.323761 	 274.042206 	 2.244015 	 98955.343750 	 415.052734 
50 	 41.678688 	 283.323761 	 272.328583 	 2.442910 	 98892.273438 	 431.019409 
51 	 41.678688 	 283.323761 	 265.468903 	 2.497812 	 99604.703125 	 330.809509 
52 	 41.678688 	 283.323761 	 275.521729 	 3.521023 	 98337.570312 	 424.717499 
53 	 41.678688 	 283.323761 	 273.788177 	 4.611373 	 97787.109375 	 396.592041 
54 	 41.678688 	 283.323761 	 272.572052 	 3.779024 	 98576.046875 	 407.374451 
55 	 41.678688 	 283.323761 	 279.101135 	 4.063829 	 98503.250000 	 373.360687 
56 	 41.678688 	 283.323761 	 276.228027 	 3.171941 	 98735.578125 	 418.810364 
57 	 41.678688 	 283.323761 	 266.914856 	 3.625127 	 100273.398438 	 406.519897 
58 	 41.678688 	 283.323761 	 266.781219 	 0.796163 	 100284.703125 	 406.424133 
59 	 41.678688 	 283.323761 	 274.391052 	 2.481338 	 98884.640625 	 429.623047 
60 	 41.678688 	 283.323761 	 274.844727 	 1.399941 	 99372.140625 	 448.198334 
61 	 41.678688 	 283.323761 	 276.918854 	 1.491864 	 99454.703125 	 424.390045 
62 	 41.678688 	 283.323761 	 275.761139 	 1.278647 	 99789.546875 	 425.066772 
63 	 41.678688 	 283.323761 	 282.089111 	 2.774695 	 99124.757812 	 386.072327 
64 	 41.678688 	 283.323761 	 283.939850 	 1.358857 	 98603.117188 	 496.293579 
65 	 41.678688 	 283.323761 	 285.041199 	 2.625082 	 98238.890625 	 403.213379 
66 	 41.678688 	 283.323761 	 284.143433 	 3.137388 	 97669.421875 	 472.833984 
67 	 41.678688 	 283.323761 	 278.015228 	 2.578999 	 98685.929688 	 397.074707 
68 	 41.678688 	 283.323761 	 285.046906 	 5.474740 	 98887.382812 	 490.940643 
69 	 41.678688 	 283.323761 	 292.246613 	 4.103012 	 98671.132812 	 549.227417 
70 	 41.678688 	 283.323761 	 290.102173 	 3.116411 	 98680.843750 	 421.816620 
71 	 41.678688 	 283.323761 	 282.067291 	 4.271261 	 98443.289062 	 428.742554 
72 	 41.678688 	 283.323761 	 274.195618 	 5.822804 	 98665.500000 	 409.474335 
73 	 41.678688 	 283.323761 	 274.048370 	 2.837352 	 99813.523438 	 452.791382 
74 	 41.678688 	 283.323761 	 279.510590 	 4.463821 	 98691.132812 	 352.840973 
75 	 41.678688 	 283.323761 	 286.906738 	 4.349373 	 97654.281250 	 436.874878 
76 	 41.678688 	 283.323761 	 286.522095 	 3.329603 	 97876.796875 	 501.262146 
77 	 41.678688 	 283.323761 	 279.526855 	 6.055567 	 97590.593750 	 501.512512 
78 	 41.678688 	 283.323761 	 270.566956 	 5.402931 	 98941.046875 	 465.459015 
79 	 41.678688 	 283.323761 	 271.742432 	 3.127770 	 100037.500000 	 347.364410 
80 	 41.678688 	 283.323761 	 278.374603 	 3.727204 	 99175.867188 	 506.836792 
81 	 41.678688 	 283.323761 	 281.214417 	 3.931398 	 99059.343750 	 501.452454 
82 	 41.678688 	 283.323761 	 284.248688 	 3.509957 	 99165.093750 	 502.250732 
83 	 41.678688 	 283.323761 	 289.094940 	 4.131021 	 98749.273438 	 531.428406 
84 	 41.678688 	 283.323761 	 287.408844 	 2.378661 	 99327.023438 	 415.846252 
85 	 41.678688 	 283.323761 	 290.633392 	 2.931698 	 98832.726562 	 585.941223 
86 	 41.678688 	 283.323761 	 290.630768 	 4.152953 	 98284.109375 	 428.003693 
87 	 41.678688 	 283.323761 	 280.003601 	 3.103845 	 99164.859375 	 440.403381 
88 	 41.678688 	 283.323761 	 285.000580 	 5.250785 	 97956.406250 	 540.935486 
89 	 41.678688 	 283.323761 	 279.924835 	 2.900113 	 98467.890625 	 470.921692 
90 	 41.678688 	 283.323761 	 279.132721 	 3.535868 	 98330.367188 	 539.588928 
91 	 41.678688 	 283.323761 	 274.663666 	 3.776758 	 98533.406250 	 498.060059 
92 	 41.678688 	 283.323761 	 274.004517 	 3.509099 	 98819.742188 	 498.050598 
93 	 41.678688 	 283.323761 	 277.178680 	 1.466901 	 99508.218750 	 516.655884 
94 	 41.678688 	 283.323761 	 285.423950 	 1.213959 	 99093.296875 	 556.307129 
95 	 41.678688 	 283.323761 	 288.421021 	 1.526979 	 99021.476562 	 573.340942 
96 	 41.678688 	 283.323761 	 288.912292 	 2.922452 	 99259.632812 	 499.072510 
97 	 41.678688 	 283.323761 	 288.957214 	 3.093010 	 98627.179688 	 533.450378 
98 	 41.678688 	 283.323761 	 286.429169 	 3.532181 	 97328.906250 	 531.274170 
99 	 41.678688 	 283.323761 	 283.850555 	 3.450953 	 98051.726562 	 556.228882 
100 	 41.678688 	 283.323761 	 288.952820 	 3.828029 	 97867.367188 	 493.455872 
101 	 41.678688 	 283.323761 	 282.363647 	 2.607723 	 97996.859375 	 403.269196 
102 	 41.678688 	 283.323761 	 280.296692 	 3.649124 	 98089.859375 	 578.562134 
103 	 41.678688 	 283.323761 	 281.930634 	 3.889872 	 98652.046875 	 539.964111 
104 	 41.678688 	 283.323761 	 279.293243 	 3.442034 	 98267.398438 	 570.952881 
105 	 41.678688 	 283.323761 	 276.750732 	 2.986551 	 98713.320312 	 545.133911 
106 	 41.678688 	 283.323761 	 284.091003 	 4.167800 	 98726.460938 	 547.956848 
107 	 41.678688 	 283.323761 	 290.144958 	 4.044634 	 98254.656250 	 581.851318 
108 	 41.678688 	 283.323761 	 290.615845 	 4.775933 	 97403.671875 	 482.016724 
109 	 41.678688 	 283.323761 	 279.847046 	 3.465022 	 98423.140625 	 558.049561 
110 	 41.678688 	 283.323761 	 280.677063 	 2.864381 	 99403.031250 	 521.988159 
111 	 41.678688 	 283.323761 	 290.852509 	 5.150002 	 98720.406250 	 602.511902 
112 	 41.678688 	 283.323761 	 291.981476 	 2.794658 	 98359.062500 	 455.958496 
113 	 41.678688 	 283.323761 	 285.385010 	 2.168873 	 98704.906250 	 512.979309 
114 	 41.678688 	 283.323761 	 286.243500 	 2.940894 	 97706.070312 	 557.104248 
115 	 41.678688 	 283.323761 	 284.111481 	 1.971030 	 98407.796875 	 567.663940 
116 	 41.678688 	 283.323761 	 282.571533 	 4.745938 	 99250.679688 	 399.387177 
117 	 41.678688 	 283.323761 	 284.195862 	 4.917215 	 99416.343750 	 407.375702 
118 	 41.678688 	 283.323761 	 287.570068 	 3.831048 	 99663.921875 	 470.802002 
119 	 41.678688 	 283.323761 	 289.297058 	 3.584527 	 99657.976562 	 576.819824 
120 	 41.678688 	 283.323761 	 289.968719 	 4.304893 	 98987.406250 	 551.149780 
121 	 41.678688 	 283.323761 	 288.820374 	 2.810701 	 97819.570312 	 505.808350 
122 	 41.678688 	 283.323761 	 282.210602 	 3.685832 	 97059.359375 	 431.766052 
123 	 41.678688 	 283.323761 	 283.162720 	 3.056818 	 97443.500000 	 594.952881 
124 	 41.678688 	 283.323761 	 282.258331 	 3.702904 	 97110.937500 	 459.867798 
125 	 41.678688 	 283.323761 	 278.622559 	 3.994038 	 97286.882812 	 495.900696 
126 	 41.678688 	 283.323761 	 278.070129 	 2.942803 	 97914.687500 	 473.349457 
127 	 41.678688 	 283.323761 	 279.972137 	 6.278080 	 96750.648438 	 512.061523 
128 	 41.678688 	 283.323761 	 283.929260 	 3.658544 	 97607.257812 	 618.680420 
129 	 41.678688 	 283.323761 	 287.349426 	 1.907602 	 98377.578125 	 623.962769 
130 	 41.678688 	 283.323761 	 294.379211 	 4.098479 	 98251.109375 	 623.685669 
131 	 41.678688 	 283.323761 	 295.441742 	 2.626168 	 98523.953125 	 617.975708 
132 	 41.678688 	 283.323761 	 288.555450 	 2.617579 	 99414.437500 	 455.363129 
133 	 41.678688 	 283.323761 	 290.037567 	 3.997992 	 99006.601562 	 585.956238 
134 	 41.678688 	 283.323761 	 289.878876 	 2.256441 	 98641.703125 	 654.954102 
135 	 41.678688 	 283.323761 	 290.436890 	 3.268783 	 98120.062500 	 545.873535 
136 	 41.678688 	 283.323761 	 286.774536 	 2.290712 	 98144.023438 	 534.100952 
137 	 41.678688 	 283.323761 	 287.612762 	 1.473803 	 98646.843750 	 637.947021 
138 	 41.678688 	 283.323761 	 292.825653 	 4.212708 	 98407.773438 	 591.522766 
139 	 41.678688 	 283.323761 	 290.679718 	 2.360713 	 98521.312500 	 660.404663 
140 	 41.678688 	 283.323761 	 286.557465 	 1.334129 	 99008.523438 	 632.476196 
141 	 41.678688 	 283.323761 	 283.507812 	 3.818616 	 98523.906250 	 584.364319 
142 	 41.678688 	 283.323761 	 278.731262 	 6.111071 	 98425.226562 	 598.838379 
143 	 41.678688 	 283.323761 	 283.008392 	 3.704212 	 98553.117188 	 620.974487 
144 	 41.678688 	 283.323761 	 289.062073 	 4.572061 	 98439.937500 	 483.017822 
145 	 41.678688 	 283.323761 	 293.869171 	 3.479045 	 98772.742188 	 626.564087 
146 	 41.678688 	 283.323761 	 294.765167 	 2.933750 	 98990.906250 	 677.053345 
147 	 41.678688 	 283.323761 	 296.786621 	 3.475207 	 98792.789062 	 698.354126 
148 	 41.678688 	 283.323761 	 297.288391 	 2.965477 	 98454.046875 	 617.108948 
149 	 41.678688 	 283.323761 	 294.865448 	 2.568316 	 98924.726562 	 654.974426 
150 	 41.678688 	 283.323761 	 293.936981 	 3.316231 	 99310.593750 	 482.089874 
151 	 41.678688 	 283.323761 	 290.634674 	 2.685542 	 99137.976562 	 526.499207 
152 	 41.678688 	 283.323761 	 292.484009 	 1.846709 	 98817.843750 	 642.501038 
153 	 41.678688 	 283.323761 	 293.116760 	 3.741199 	 98078.953125 	 586.712585 
154 	 41.678688 	 283.323761 	 284.207581 	 4.234862 	 99140.218750 	 650.653442 
155 	 41.678688 	 283.323761 	 284.734833 	 1.522787 	 99523.523438 	 636.057251 
156 	 41.678688 	 283.323761 	 289.755890 	 3.004909 	 99272.117188 	 648.857239 
157 	 41.678688 	 283.323761 	 294.235809 	 3.723472 	 98771.773438 	 674.338623 
158 	 41.678688 	 283.323761 	 296.391144 	 2.604651 	 98492.859375 	 622.139771 
159 	 41.678688 	 283.323761 	 295.030945 	 2.425763 	 98462.507812 	 620.682678 
160 	 41.678688 	 283.323761 	 295.007385 	 1.850669 	 98520.242188 	 606.896240 
161 	 41.678688 	 283.323761 	 295.245850 	 2.527887 	 98698.000000 	 608.732178 
162 	 41.678688 	 283.323761 	 295.249908 	 1.665864 	 98748.546875 	 616.287476 
163 	 41.678688 	 283.323761 	 294.923157 	 1.373232 	 99085.953125 	 579.442871 
164 	 41.678688 	 283.323761 	 294.833496 	 2.553755 	 99416.671875 	 537.943298 
165 	 41.678688 	 283.323761 	 296.040955 	 2.835724 	 99105.820312 	 652.818115 
166 	 41.678688 	 283.323761 	 296.610809 	 3.007315 	 98412.718750 	 701.521729 
167 	 41.678688 	 283.323761 	 297.152405 	 1.656729 	 98276.679688 	 691.367065 
168 	 41.678688 	 283.323761 	 297.952148 	 1.638990 	 98308.859375 	 697.281921 
169 	 41.678688 	 283.323761 	 300.702759 	 2.302012 	 98291.226562 	 711.628052 
170 	 41.678688 	 283.323761 	 296.824890 	 3.727054 	 98799.156250 	 705.051758 
171 	 41.678688 	 283.323761 	 293.294098 	 1.761319 	 98849.101562 	 678.741089 
172 	 41.678688 	 283.323761 	 297.447937 	 2.512603 	 98199.476562 	 712.549011 
173 	 41.678688 	 283.323761 	 294.825775 	 1.849290 	 98108.976562 	 620.055908 
174 	 41.678688 	 283.323761 	 292.776642 	 3.136827 	 98171.593750 	 628.256226 
175 	 41.678688 	 283.323761 	 293.559204 	 0.640249 	 98440.281250 	 585.073975 
176 	 41.678688 	 283.323761 	 293.579895 	 1.057530 	 98278.390625 	 657.145264 
177 	 41.678688 	 283.323761 	 294.341217 	 1.790422 	 98625.601562 	 648.242859 
178 	 41.678688 	 283.323761 	 292.332642 	 2.208224 	 98380.476562 	 542.318237 
179 	 41.678688 	 283.323761 	 295.160950 	 2.483766 	 98347.406250 	 653.471558 
180 	 41.678688 	 283.323761 	 293.986237 	 1.723585 	 98870.210938 	 571.740601 
181 	 41.678688 	 283.323761 	 292.992401 	 2.492788 	 99329.093750 	 559.455444 
182 	 41.678688 	 283.323761 	 295.525360 	 1.868456 	 98770.523438 	 569.910522 
183 	 41.678688 	 283.323761 	 294.755035 	 2.332783 	 98379.882812 	 586.621582 
184 	 41.678688 	 283.323761 	 295.542572 	 2.383727 	 98500.500000 	 719.901489 
185 	 41.678688 	 283.323761 	 296.845215 	 4.333631 	 98553.109375 	 653.967468 
186 	 41.678688 	 283.323761 	 299.780426 	 3.075699 	 98412.796875 	 696.268555 
187 	 41.678688 	 283.323761 	 300.561737 	 1.189684 	 98644.851562 	 732.122803 
188 	 41.678688 	 283.323761 	 300.479340 	 1.527435 	 98602.890625 	 736.750549 
189 	 41.678688 	 283.323761 	 302.510529 	 2.508365 	 98447.226562 	 738.826538 
190 	 41.678688 	 283.323761 	 299.580231 	 1.735640 	 98547.296875 	 680.775208 
191 	 41.678688 	 283.323761 	 297.225922 	 1.640853 	 99123.578125 	 717.680298 
192 	 41.678688 	 283.323761 	 299.852783 	 3.092577 	 98821.976562 	 705.171692 
193 	 41.678688 	 283.323761 	 301.199280 	 2.249091 	 98382.078125 	 700.179443 
194 	 41.678688 	 283.323761 	 299.701385 	 1.838931 	 98444.593750 	 614.611511 
195 	 41.678688 	 283.323761 	 298.532318 	 1.789360 	 98789.906250 	 698.836426 
196 	 41.678688 	 283.323761 	 297.606323 	 1.234631 	 98750.742188 	 581.632812 
197 	 41.678688 	 283.323761 	 299.382324 	 1.655794 	 98582.906250 	 701.980042 
198 	 41.678688 	 283.323761 	 300.338501 	 1.486375 	 98803.140625 	 721.633667 
199 	 41.678688 	 283.323761 	 302.105133 	 2.864720 	 98601.992188 	 727.245544 
200 	 41.678688 	 283.323761 	 300.614227 	 2.552560 	 98638.296875 	 717.747070 
201 	 41.678688 	 283.323761 	 298.968811 	 2.377620 	 98605.781250 	 678.101562 
202 	 41.678688 	 283.323761 	 299.972107 	 1.425259 	 98001.656250 	 719.326111 
203 	 41.678688 	 283.323761 	 295.845612 	 2.396724 	 97819.882812 	 633.554749 
204 	 41.678688 	 283.323761 	 290.335724 	 1.817083 	 98718.929688 	 651.323608 
205 	 41.678688 	 283.323761 	 291.218414 	 1.702952 	 99079.382812 	 667.339844 
206 	 41.678688 	 283.323761 	 293.236511 	 1.248934 	 99435.859375 	 677.356018 
207 	 41.678688 	 283.323761 	 296.520630 	 4.079501 	 99566.117188 	 615.723389 
208 	 41.678688 	 283.323761 	 298.270538 	 4.469450 	 99332.140625 	 647.408203 
209 	 41.678688 	 283.323761 	 299.096344 	 4.609842 	 99092.117188 	 632.299194 
210 	 41.678688 	 283.323761 	 296.297119 	 1.484867 	 99042.679688 	 626.020874 
211 	 41.678688 	 283.323761 	 297.050049 	 1.019845 	 99203.609375 	 684.652588 
212 	 41.678688 	 283.323761 	 296.490234 	 1.593370 	 99099.039062 	 674.903137 
213 	 41.678688 	 283.323761 	 299.150269 	 1.891772 	 98874.132812 	 706.419556 
214 	 41.678688 	 283.323761 	 299.964447 	 2.233037 	 98748.226562 	 697.225281 
215 	 41.678688 	 283.323761 	 299.473877 	 2.502147 	 98763.960938 	 693.944641 
216 	 41.678688 	 283.323761 	 299.551208 	 3.209516 	 98890.703125 	 706.218140 
217 	 41.678688 	 283.323761 	 298.357269 	 3.172938 	 98853.882812 	 706.425720 
218 	 41.678688 	 283.323761 	 298.279175 	 1.739379 	 99032.992188 	 575.275330 
219 	 41.678688 	 283.323761 	 299.179596 	 2.578256 	 99068.328125 	 685.869690 
220 	 41.678688 	 283.323761 	 298.460724 	 1.521838 	 98776.523438 	 672.606323 
221 	 41.678688 	 283.323761 	 300.215973 	 1.180595 	 98687.710938 	 697.780762 
222 	 41.678688 	 283.323761 	 299.538757 	 1.239539 	 98712.117188 	 686.212769 
223 	 41.678688 	 283.323761 	 300.943665 	 2.546412 	 98431.257812 	 682.184509 
224 	 41.678688 	 283.323761 	 300.203766 	 3.160431 	 98101.593750 	 686.682861 
225 	 41.678688 	 283.323761 	 295.291565 	 1.516796 	 98768.492188 	 652.881470 
226 	 41.678688 	 283.323761 	 294.533569 	 3.239609 	 98868.210938 	 544.475159 
227 	 41.678688 	 283.323761 	 296.386261 	 2.358845 	 98597.476562 	 605.681580 
228 	 41.678688 	 283.323761 	 294.274719 	 2.918978 	 98524.023438 	 651.104370 
229 	 41.678688 	 283.323761 	 293.017487 	 1.537232 	 98855.031250 	 592.271423 
230 	 41.678688 	 283.323761 	 293.364349 	 2.325237 	 98720.546875 	 587.971497 
231 	 41.678688 	 283.323761 	 292.445740 	 3.245570 	 98019.117188 	 581.877625 
232 	 41.678688 	 283.323761 	 289.227753 	 2.019920 	 98097.250000 	 611.059937 
233 	 41.678688 	 283.323761 	 292.659241 	 2.651987 	 98418.117188 	 600.301697 
234 	 41.678688 	 283.323761 	 296.390686 	 1.379256 	 99034.617188 	 661.659180 
235 	 41.678688 	 283.323761 	 295.584930 	 1.195369 	 99242.906250 	 627.263550 
236 	 41.678688 	 283.323761 	 297.607178 	 1.854131 	 99235.796875 	 591.696411 
237 	 41.678688 	 283.323761 	 298.439087 	 2.313094 	 99183.906250 	 661.581543 
238 	 41.678688 	 283.323761 	 297.262634 	 2.265459 	 98889.203125 	 649.366455 
239 	 41.678688 	 283.323761 	 298.775787 	 3.574850 	 98649.226562 	 571.126404 
240 	 41.678688 	 283.323761 	 301.329376 	 3.313810 	 98402.187500 	 639.121887 
241 	 41.678688 	 283.323761 	 294.912964 	 1.819488 	 98936.343750 	 627.386719 
242 	 41.678688 	 283.323761 	 293.773987 	 1.534971 	 99241.281250 	 623.371826 
243 	 41.678688 	 283.323761 	 297.009216 	 2.803353 	 98810.679688 	 599.569580 
244 	 41.678688 	 283.323761 	 300.184601 	 3.050783 	 98295.468750 	 639.059143 
245 	 41.678688 	 283.323761 	 298.025787 	 1.858428 	 98589.937500 	 607.461426 
246 	 41.678688 	 283.323761 	 297.559875 	 1.156566 	 98946.203125 	 630.288330 
247 	 41.678688 	 283.323761 	 298.365845 	 1.219029 	 98855.039062 	 600.046875 
248 	 41.678688 	 283.323761 	 298.732086 	 2.160753 	 98503.679688 	 610.359314 
249 	 41.678688 	 283.323761 	 300.882660 	 2.454913 	 98224.117188 	 637.287109 
250 	 41.678688 	 283.323761 	 298.135040 	 0.929341 	 98717.031250 	 630.657349 
251 	 41.678688 	 283.323761 	 299.035156 	 3.026361 	 98182.242188 	 607.517212 
252 	 41.678688 	 283.323761 	 291.270081 	 3.055030 	 98260.140625 	 581.086060 
253 	 41.678688 	 283.323761 	 287.307526 	 1.741799 	 99009.296875 	 557.021667 
254 	 41.678688 	 283.323761 	 286.236267 	 2.041710 	 99984.078125 	 553.069092 
255 	 41.678688 	 283.323761 	 293.671265 	 4.273170 	 100019.796875 	 591.624756 
256 	 41.678688 	 283.323761 	 294.012024 	 3.943787 	 99665.859375 	 505.752319 
257 	 41.678688 	 283.323761 	 293.871796 	 3.815027 	 99283.812500 	 547.035278 
258 	 41.678688 	 283.323761 	 296.102020 	 3.751426 	 98932.781250 	 610.182007 
259 	 41.678688 	 283.323761 	 296.724152 	 2.512333 	 98965.843750 	 565.798828 
260 	 41.678688 	 283.323761 	 294.510376 	 3.868777 	 98417.843750 	 552.165649 
261 	 41.678688 	 283.323761 	 287.754120 	 1.893509 	 98887.476562 	 539.841980 
262 	 41.678688 	 283.323761 	 284.904327 	 2.895829 	 99732.640625 	 490.243225 
263 	 41.678688 	 283.323761 	 282.900513 	 2.529335 	 100379.203125 	 503.997162 
264 	 41.678688 	 283.323761 	 283.561310 	 1.186137 	 100227.203125 	 516.568604 
265 	 41.678688 	 283.323761 	 285.454376 	 1.186014 	 99817.343750 	 522.825806 
266 	 41.678688 	 283.323761 	 290.836060 	 2.413593 	 99594.578125 	 522.086670 
267 	 41.678688 	 283.323761 	 290.929108 	 1.626797 	 99587.656250 	 539.992249 
268 	 41.678688 	 283.323761 	 293.231079 	 1.872237 	 99209.273438 	 540.331238 
269 	 41.678688 	 283.323761 	 292.704834 	 0.824303 	 99248.187500 	 553.974915 
270 	 41.678688 	 283.323761 	 295.377167 	 3.529378 	 99125.156250 	 561.967896 
271 	 41.678688 	 283.323761 	 291.933105 	 2.059432 	 98735.929688 	 453.317444 
272 	 41.678688 	 283.323761 	 286.757446 	 1.419274 	 98716.601562 	 417.801758 
273 	 41.678688 	 283.323761 	 285.255615 	 2.255724 	 98901.656250 	 508.968719 
274 	 41.678688 	 283.323761 	 284.748047 	 2.519542 	 98745.468750 	 456.806091 
275 	 41.678688 	 283.323761 	 280.427887 	 2.552985 	 98884.023438 	 474.414948 
276 	 41.678688 	 283.323761 	 277.533966 	 2.198585 	 99272.320312 	 417.954834 
277 	 41.678688 	 283.323761 	 276.618958 	 0.567231 	 99886.242188 	 353.472839 
278 	 41.678688 	 283.323761 	 276.845642 	 2.829699 	 100105.500000 	 460.557922 
279 	 41.678688 	 283.323761 	 274.916779 	 0.613244 	 100145.000000 	 407.247620 
280 	 41.678688 	 283.323761 	 280.417542 	 2.680092 	 99662.820312 	 454.863464 
281 	 41.678688 	 283.323761 	 286.413025 	 2.160355 	 99425.796875 	 488.378601 
282 	 41.678688 	 283.323761 	 289.217468 	 2.988255 	 98983.453125 	 421.108551 
283 	 41.678688 	 283.323761 	 284.532715 	 2.259497 	 98952.640625 	 392.015381 
284 	 41.678688 	 283.323761 	 280.410248 	 3.328793 	 99315.492188 	 438.490784 
285 	 41.678688 	 283.323761 	 277.827606 	 2.247634 	 99869.046875 	 437.116730 
286 	 41.678688 	 283.323761 	 282.280884 	 1.866929 	 99450.257812 	 472.371796 
287 	 41.678688 	 283.323761 	 280.754944 	 0.805309 	 99394.382812 	 460.112000 
288 	 41.678688 	 283.323761 	 283.588623 	 1.819718 	 99024.609375 	 467.231812 
289 	 41.678688 	 283.323761 	 285.780579 	 2.419228 	 98495.101562 	 473.460999 
290 	 41.678688 	 283.323761 	 289.062561 	 4.139460 	 97608.796875 	 441.928314 
291 	 41.678688 	 283.323761 	 281.802551 	 4.313030 	 98142.703125 	 397.115051 
292 	 41.678688 	 283.323761 	 280.959930 	 2.709292 	 99137.171875 	 450.515442 
293 	 41.678688 	 283.323761 	 287.675323 	 2.314398 	 98839.726562 	 446.064758 
294 	 41.678688 	 283.323761 	 284.900085 	 1.215618 	 99788.187500 	 451.518005 
295 	 41.678688 	 283.323761 	 286.901001 	 3.836796 	 99817.171875 	 463.955933 
296 	 41.678688 	 283.323761 	 289.773621 	 3.144440 	 99234.640625 	 452.652100 
297 	 41.678688 	 283.323761 	 290.637848 	 2.153305 	 99138.117188 	 432.152863 
298 	 41.678688 	 283.323761 	 290.163818 	 1.447973 	 99345.742188 	 478.302002 
299 	 41.678688 	 283.323761 	 291.457336 	 4.469932 	 98304.281250 	 421.315491 
300 	 41.678688 	 283.323761 	 279.478821 	 3.180127 	 98740.078125 	 353.616669 
301 	 41.678688 	 283.323761 	 278.587769 	 0.790226 	 99502.203125 	 426.215698 
302 	 41.678688 	 283.323761 	 279.820343 	 1.654667 	 99599.367188 	 400.927734 
303 	 41.678688 	 283.323761 	 283.168976 	 2.363366 	 99074.312500 	 423.681335 
304 	 41.678688 	 283.323761 	 278.067810 	 4.579009 	 99564.398438 	 415.554932 
305 	 41.678688 	 283.323761 	 277.235321 	 2.442715 	 100098.500000 	 387.637207 
306 	 41.678688 	 283.323761 	 280.828552 	 2.374462 	 99732.156250 	 402.850708 
307 	 41.678688 	 283.323761 	 284.227478 	 2.432893 	 99553.460938 	 408.267059 
308 	 41.678688 	 283.323761 	 287.765869 	 1.995122 	 99634.492188 	 447.400024 
309 	 41.678688 	 283.323761 	 288.008331 	 1.902812 	 99574.273438 	 408.048798 
310 	 41.678688 	 283.323761 	 289.194489 	 3.283197 	 99025.843750 	 436.397766 
311 	 41.678688 	 283.323761 	 284.583893 	 2.267032 	 99291.023438 	 420.217712 
312 	 41.678688 	 283.323761 	 282.216980 	 3.043344 	 99527.156250 	 368.002472 
313 	 41.678688 	 283.323761 	 286.656891 	 4.003687 	 97944.406250 	 393.926453 
314 	 41.678688 	 283.323761 	 280.924835 	 4.303643 	 97696.890625 	 421.164490 
315 	 41.678688 	 283.323761 	 279.273499 	 3.090542 	 98290.718750 	 395.770782 
316 	 41.678688 	 283.323761 	 277.124390 	 1.828071 	 99396.429688 	 385.133453 
317 	 41.678688 	 283.323761 	 276.921173 	 2.319126 	 99876.273438 	 366.568573 
318 	 41.678688 	 283.323761 	 282.143585 	 3.048246 	 100021.000000 	 400.799744 
319 	 41.678688 	 283.323761 	 285.489288 	 4.100329 	 100043.796875 	 440.149902 
320 	 41.678688 	 283.323761 	 288.290039 	 4.066746 	 99164.437500 	 393.611359 
321 	 41.678688 	 283.323761 	 285.054138 	 5.418432 	 98225.710938 	 431.284210 
322 	 41.678688 	 283.323761 	 278.663452 	 1.796314 	 98999.726562 	 354.430573 
323 	 41.678688 	 283.323761 	 278.173737 	 3.184422 	 98663.593750 	 361.714630 
324 	 41.678688 	 283.323761 	 276.834412 	 4.077212 	 97953.726562 	 334.152039 
325 	 41.678688 	 283.323761 	 275.934357 	 3.216146 	 98488.890625 	 355.389893 
326 	 41.678688 	 283.323761 	 275.833252 	 1.568614 	 98876.492188 	 375.098450 
327 	 41.678688 	 283.323761 	 278.432098 	 2.630304 	 98857.578125 	 369.778778 
328 	 41.678688 	 283.323761 	 283.011108 	 2.991609 	 98921.906250 	 394.441254 
329 	 41.678688 	 283.323761 	 286.878906 	 3.579552 	 98886.296875 	 420.296387 
330 	 41.678688 	 283.323761 	 289.352875 	 6.099308 	 98469.039062 	 402.950867 
331 	 41.678688 	 283.323761 	 281.520691 	 4.445124 	 97769.367188 	 388.011505 
332 	 41.678688 	 283.323761 	 275.388306 	 4.281693 	 98290.757812 	 318.595490 
333 	 41.678688 	 283.323761 	 276.193573 	 3.255155 	 99145.289062 	 351.789673 
334 	 41.678688 	 283.323761 	 277.549347 	 2.354141 	 98919.140625 	 372.294128 
335 	 41.678688 	 283.323761 	 280.460449 	 3.682875 	 97737.171875 	 369.033142 
336 	 41.678688 	 283.323761 	 276.054901 	 4.649171 	 96679.593750 	 343.064148 
337 	 41.678688 	 283.323761 	 274.807495 	 4.774769 	 98250.843750 	 343.001587 
338 	 41.678688 	 283.323761 	 275.097229 	 2.308778 	 99365.656250 	 318.540588 
339 	 41.678688 	 283.323761 	 272.949921 	 2.706476 	 99646.078125 	 356.133331 
340 	 41.678688 	 283.323761 	 274.224884 	 2.852697 	 99482.359375 	 335.995850 
341 	 41.678688 	 283.323761 	 276.843781 	 2.142013 	 98948.976562 	 353.513062 
342 	 41.678688 	 283.323761 	 277.201233 	 1.762190 	 98576.867188 	 340.896576 
343 	 41.678688 	 283.323761 	 277.263794 	 2.127044 	 98215.546875 	 348.969696 
344 	 41.678688 	 283.323761 	 276.287109 	 2.349440 	 98710.312500 	 348.000031 
345 	 41.678688 	 283.323761 	 274.747253 	 1.440150 	 99243.726562 	 365.828735 
346 	 41.678688 	 283.323761 	 278.500977 	 4.445031 	 99327.890625 	 360.403656 
347 	 41.678688 	 283.323761 	 282.374329 	 4.445747 	 98715.203125 	 389.273041 
348 	 41.678688 	 283.323761 	 274.298126 	 2.613272 	 98089.882812 	 346.493530 
349 	 41.678688 	 283.323761 	 268.455811 	 2.827214 	 97232.476562 	 291.899536 
350 	 41.678688 	 283.323761 	 267.994476 	 4.065582 	 97769.351562 	 301.170868 
351 	 41.678688 	 283.323761 	 267.519165 	 3.379087 	 98328.039062 	 292.786896 
352 	 41.678688 	 283.323761 	 267.894623 	 2.924394 	 99324.703125 	 296.913025 
353 	 41.678688 	 283.323761 	 270.698059 	 3.638222 	 99330.273438 	 287.848022 
354 	 41.678688 	 283.323761 	 272.401886 	 2.184486 	 98442.257812 	 366.357361 
355 	 41.678688 	 283.323761 	 267.455750 	 2.391392 	 99487.429688 	 290.806335 
356 	 41.678688 	 283.323761 	 267.977661 	 2.080604 	 99318.093750 	 304.939880 
357 	 41.678688 	 283.323761 	 269.327850 	 2.525565 	 99464.429688 	 297.263428 
358 	 41.678688 	 283.323761 	 271.254883 	 1.930292 	 99671.617188 	 317.946716 
359 	 41.678688 	 283.323761 	 274.988647 	 3.090362 	 99941.343750 	 317.335388 
360 	 41.678688 	 283.323761 	 281.139038 	 4.573524 	 99251.523438 	 342.010071 
361 	 41.678688 	 283.323761 	 284.793365 	 2.661960 	 98665.882812 	 383.739716 
362 	 41.678688 	 283.323761 	 288.046539 	 4.885114 	 98106.281250 	 398.980377 
363 	 41.678688 	 283.323761 	 288.452972 	 4.256124 	 97178.976562 	 384.812103 
364 	 41.678688 	 283.323761 	 275.452179 	 3.956119 	 97742.132812 	 337.944946 
