# 0: Day of Year [-] 	 1: lat [deg] 	 2: lon [deg] 	 3: tas [K] 	 4: sfcWind [m s-1] 	 5: ps [Pa] 	 6: Total Downwelling Rad Flux [W m-2] 
0 	 41.678688 	 283.323761 	 281.419525 	 4.223958 	 98704.718750 	 372.729431 
1 	 41.678688 	 283.323761 	 284.568909 	 5.340736 	 98966.773438 	 371.653595 
2 	 41.678688 	 283.323761 	 287.200958 	 6.151628 	 97876.898438 	 389.324738 
3 	 41.678688 	 283.323761 	 277.059448 	 2.415806 	 98061.210938 	 328.603271 
4 	 41.678688 	 283.323761 	 275.216095 	 4.191874 	 97548.343750 	 327.719177 
5 	 41.678688 	 283.323761 	 272.222046 	 3.520527 	 98282.023438 	 295.448853 
6 	 41.678688 	 283.323761 	 276.282471 	 5.749384 	 97717.218750 	 365.013306 
7 	 41.678688 	 283.323761 	 269.637787 	 2.565232 	 99771.796875 	 286.095612 
8 	 41.678688 	 283.323761 	 282.489716 	 6.101931 	 98003.406250 	 348.514984 
9 	 41.678688 	 283.323761 	 277.381958 	 4.381262 	 98216.062500 	 343.742493 
10 	 41.678688 	 283.323761 	 273.085022 	 1.902695 	 99990.703125 	 326.819611 
11 	 41.678688 	 283.323761 	 277.994202 	 2.812643 	 99622.921875 	 345.617676 
12 	 41.678688 	 283.323761 	 280.777252 	 2.663133 	 98351.226562 	 364.859528 
13 	 41.678688 	 283.323761 	 287.981232 	 5.090126 	 96586.843750 	 444.125214 
14 	 41.678688 	 283.323761 	 272.038177 	 5.514517 	 96646.601562 	 327.148773 
15 	 41.678688 	 283.323761 	 272.183807 	 3.051726 	 98409.453125 	 333.582458 
16 	 41.678688 	 283.323761 	 273.763733 	 3.138817 	 98927.453125 	 326.758392 
17 	 41.678688 	 283.323761 	 278.339905 	 3.566396 	 97903.343750 	 364.416199 
18 	 41.678688 	 283.323761 	 277.186340 	 2.522954 	 97766.781250 	 318.201477 
19 	 41.678688 	 283.323761 	 271.481537 	 4.821937 	 96578.593750 	 360.191406 
20 	 41.678688 	 283.323761 	 271.789581 	 5.826287 	 97229.367188 	 343.508972 
21 	 41.678688 	 283.323761 	 274.207367 	 2.230223 	 98705.070312 	 341.265503 
22 	 41.678688 	 283.323761 	 280.924316 	 4.913250 	 99211.007812 	 345.265686 
23 	 41.678688 	 283.323761 	 286.553009 	 4.812366 	 98934.218750 	 413.663055 
24 	 41.678688 	 283.323761 	 277.970032 	 2.052010 	 97992.203125 	 358.856659 
25 	 41.678688 	 283.323761 	 270.349182 	 3.393124 	 97822.382812 	 342.392761 
26 	 41.678688 	 283.323761 	 271.095093 	 3.874743 	 97913.476562 	 351.318024 
27 	 41.678688 	 283.323761 	 271.293640 	 4.537151 	 97270.750000 	 355.468018 
28 	 41.678688 	 283.323761 	 268.114502 	 3.889761 	 98067.117188 	 340.633057 
29 	 41.678688 	 283.323761 	 267.469269 	 2.640486 	 98796.023438 	 328.940582 
30 	 41.678688 	 283.323761 	 268.952881 	 1.931925 	 98956.906250 	 339.869324 
31 	 41.678688 	 283.323761 	 273.521881 	 2.806260 	 98741.843750 	 325.349182 
32 	 41.678688 	 283.323761 	 277.053436 	 2.173788 	 98891.007812 	 388.970764 
33 	 41.678688 	 283.323761 	 270.424011 	 2.815733 	 99858.882812 	 363.409393 
34 	 41.678688 	 283.323761 	 270.674164 	 3.667553 	 100375.398438 	 347.088226 
35 	 41.678688 	 283.323761 	 281.678528 	 6.688389 	 98113.781250 	 365.749847 
36 	 41.678688 	 283.323761 	 271.328796 	 3.831024 	 97923.312500 	 356.778320 
37 	 41.678688 	 283.323761 	 268.562988 	 3.851469 	 98490.851562 	 368.118958 
38 	 41.678688 	 283.323761 	 272.310791 	 3.827102 	 99029.476562 	 314.794434 
39 	 41.678688 	 283.323761 	 268.070770 	 3.869880 	 98820.046875 	 394.257812 
40 	 41.678688 	 283.323761 	 266.556244 	 1.724818 	 100636.203125 	 349.093811 
41 	 41.678688 	 283.323761 	 268.326904 	 0.779610 	 101104.296875 	 370.639099 
42 	 41.678688 	 283.323761 	 273.462646 	 2.906409 	 100666.296875 	 348.353088 
43 	 41.678688 	 283.323761 	 281.914948 	 3.419276 	 99169.906250 	 396.373169 
44 	 41.678688 	 283.323761 	 282.554199 	 2.065342 	 97985.320312 	 425.596375 
45 	 41.678688 	 283.323761 	 276.610382 	 3.467941 	 98757.687500 	 444.009735 
46 	 41.678688 	 283.323761 	 273.261688 	 1.215594 	 100307.500000 	 406.303772 
47 	 41.678688 	 283.323761 	 278.085602 	 4.825565 	 100344.898438 	 394.248260 
48 	 41.678688 	 283.323761 	 287.072083 	 4.998930 	 98679.218750 	 459.009766 
49 	 41.678688 	 283.323761 	 279.109375 	 2.712890 	 98244.960938 	 354.556671 
50 	 41.678688 	 283.323761 	 274.849518 	 4.064916 	 97949.609375 	 356.406830 
51 	 41.678688 	 283.323761 	 276.967865 	 2.917002 	 98571.687500 	 409.046936 
52 	 41.678688 	 283.323761 	 282.252747 	 1.801000 	 99074.523438 	 447.461792 
53 	 41.678688 	 283.323761 	 285.454590 	 2.324674 	 99168.539062 	 482.438110 
54 	 41.678688 	 283.323761 	 285.662903 	 2.787811 	 98706.570312 	 438.000427 
55 	 41.678688 	 283.323761 	 279.603577 	 2.468679 	 99111.828125 	 443.855774 
56 	 41.678688 	 283.323761 	 280.025696 	 2.001120 	 99841.406250 	 409.597168 
57 	 41.678688 	 283.323761 	 283.471008 	 4.085309 	 99985.406250 	 465.060852 
58 	 41.678688 	 283.323761 	 286.306427 	 6.014841 	 99238.187500 	 408.200409 
59 	 41.678688 	 283.323761 	 276.020599 	 4.047116 	 98267.609375 	 473.285217 
60 	 41.678688 	 283.323761 	 274.356903 	 1.267678 	 98835.539062 	 391.950867 
61 	 41.678688 	 283.323761 	 278.285004 	 3.201475 	 98633.976562 	 402.647644 
62 	 41.678688 	 283.323761 	 277.060547 	 4.896059 	 98243.117188 	 358.552582 
63 	 41.678688 	 283.323761 	 276.580170 	 4.522210 	 97908.382812 	 452.735382 
64 	 41.678688 	 283.323761 	 275.858612 	 3.203695 	 97638.750000 	 374.966125 
65 	 41.678688 	 283.323761 	 276.989716 	 3.288646 	 97689.406250 	 412.231750 
66 	 41.678688 	 283.323761 	 273.410797 	 3.595291 	 98168.437500 	 431.162262 
67 	 41.678688 	 283.323761 	 272.667450 	 2.501262 	 99169.039062 	 322.521851 
68 	 41.678688 	 283.323761 	 283.441803 	 4.494533 	 98763.781250 	 429.094421 
69 	 41.678688 	 283.323761 	 287.172333 	 2.820658 	 97425.671875 	 419.442078 
70 	 41.678688 	 283.323761 	 275.800293 	 4.469796 	 96694.851562 	 403.220947 
71 	 41.678688 	 283.323761 	 276.644043 	 5.087912 	 97073.617188 	 375.425079 
72 	 41.678688 	 283.323761 	 274.380005 	 5.485270 	 97529.250000 	 453.420258 
73 	 41.678688 	 283.323761 	 274.549622 	 4.012815 	 99109.117188 	 467.343384 
74 	 41.678688 	 283.323761 	 276.718262 	 2.746004 	 99568.570312 	 436.233673 
75 	 41.678688 	 283.323761 	 288.084259 	 3.963883 	 98474.429688 	 519.914307 
76 	 41.678688 	 283.323761 	 290.033020 	 4.492558 	 98162.437500 	 469.182373 
77 	 41.678688 	 283.323761 	 285.283051 	 4.964751 	 98274.046875 	 485.630341 
78 	 41.678688 	 283.323761 	 276.605469 	 2.990142 	 100123.398438 	 457.986511 
79 	 41.678688 	 283.323761 	 285.976959 	 4.297016 	 99368.109375 	 462.899689 
80 	 41.678688 	 283.323761 	 289.402008 	 4.707043 	 97980.796875 	 469.059692 
81 	 41.678688 	 283.323761 	 285.037445 	 4.997593 	 97051.382812 	 481.602783 
82 	 41.678688 	 283.323761 	 277.387573 	 5.870873 	 97227.757812 	 469.716492 
83 	 41.678688 	 283.323761 	 274.990295 	 5.958080 	 97141.460938 	 480.173767 
84 	 41.678688 	 283.323761 	 274.307098 	 3.356667 	 98097.867188 	 375.574463 
85 	 41.678688 	 283.323761 	 285.988281 	 3.917831 	 97198.523438 	 430.419434 
86 	 41.678688 	 283.323761 	 280.753326 	 3.811957 	 96720.226562 	 455.176697 
87 	 41.678688 	 283.323761 	 276.240723 	 2.596726 	 99112.468750 	 498.386414 
88 	 41.678688 	 283.323761 	 280.577606 	 3.886961 	 99719.359375 	 521.570801 
89 	 41.678688 	 283.323761 	 285.431488 	 6.697223 	 99055.156250 	 446.433868 
90 	 41.678688 	 283.323761 	 282.214539 	 3.164474 	 98720.406250 	 437.695709 
91 	 41.678688 	 283.323761 	 276.868683 	 3.869324 	 98485.898438 	 400.840515 
92 	 41.678688 	 283.323761 	 279.743744 	 4.184739 	 97582.273438 	 539.096558 
93 	 41.678688 	 283.323761 	 282.464722 	 3.719689 	 97615.812500 	 523.635864 
94 	 41.678688 	 283.323761 	 278.102417 	 4.537458 	 97881.226562 	 462.646851 
95 	 41.678688 	 283.323761 	 275.462677 	 3.956992 	 98782.007812 	 550.537598 
96 	 41.678688 	 283.323761 	 279.078369 	 2.113729 	 99553.031250 	 523.725098 
97 	 41.678688 	 283.323761 	 289.212646 	 2.353247 	 99114.289062 	 575.700134 
98 	 41.678688 	 283.323761 	 290.529572 	 2.722769 	 98677.546875 	 529.134033 
99 	 41.678688 	 283.323761 	 290.630951 	 3.066414 	 98214.617188 	 493.890991 
100 	 41.678688 	 283.323761 	 290.281189 	 3.197213 	 98405.726562 	 458.689575 
101 	 41.678688 	 283.323761 	 286.107971 	 2.230206 	 99473.257812 	 612.186157 
102 	 41.678688 	 283.323761 	 287.680969 	 2.845243 	 99824.273438 	 586.977844 
103 	 41.678688 	 283.323761 	 292.869843 	 3.042003 	 99053.273438 	 629.202026 
104 	 41.678688 	 283.323761 	 293.625366 	 3.030221 	 98144.070312 	 538.173401 
105 	 41.678688 	 283.323761 	 287.429688 	 2.068500 	 97528.601562 	 501.102600 
106 	 41.678688 	 283.323761 	 281.090698 	 5.459373 	 97647.703125 	 528.932129 
107 	 41.678688 	 283.323761 	 283.397705 	 2.465072 	 98605.882812 	 598.966797 
108 	 41.678688 	 283.323761 	 290.674225 	 2.650765 	 98826.609375 	 617.874146 
109 	 41.678688 	 283.323761 	 295.319153 	 3.879040 	 98482.882812 	 626.657837 
110 	 41.678688 	 283.323761 	 285.658203 	 3.037021 	 98521.382812 	 396.655762 
111 	 41.678688 	 283.323761 	 276.532684 	 4.094578 	 98467.117188 	 541.106812 
112 	 41.678688 	 283.323761 	 279.474304 	 3.083866 	 98586.328125 	 563.911011 
113 	 41.678688 	 283.323761 	 288.345093 	 3.853116 	 98333.390625 	 548.902344 
114 	 41.678688 	 283.323761 	 295.075165 	 3.928748 	 98173.781250 	 624.600342 
115 	 41.678688 	 283.323761 	 289.975708 	 3.245609 	 98479.390625 	 541.647217 
116 	 41.678688 	 283.323761 	 284.272491 	 2.351753 	 99078.046875 	 537.727112 
117 	 41.678688 	 283.323761 	 284.420593 	 2.492954 	 98235.726562 	 540.330444 
118 	 41.678688 	 283.323761 	 281.453674 	 1.396428 	 98620.296875 	 563.790894 
119 	 41.678688 	 283.323761 	 281.225708 	 1.623186 	 98370.093750 	 450.948578 
120 	 41.678688 	 283.323761 	 281.312927 	 1.756601 	 98842.062500 	 603.590576 
121 	 41.678688 	 283.323761 	 282.991852 	 4.326200 	 98913.781250 	 410.668488 
122 	 41.678688 	 283.323761 	 288.599121 	 3.591963 	 97811.250000 	 432.650635 
123 	 41.678688 	 283.323761 	 282.931732 	 3.748589 	 98699.257812 	 602.645935 
124 	 41.678688 	 283.323761 	 282.920868 	 0.828396 	 99260.937500 	 606.109619 
125 	 41.678688 	 283.323761 	 285.731049 	 2.678013 	 99577.890625 	 568.172241 
126 	 41.678688 	 283.323761 	 288.889771 	 3.634397 	 99339.406250 	 600.166260 
127 	 41.678688 	 283.323761 	 294.258972 	 4.118721 	 98433.773438 	 596.009583 
128 	 41.678688 	 283.323761 	 288.222565 	 2.788359 	 98771.187500 	 623.934082 
129 	 41.678688 	 283.323761 	 287.126190 	 2.310316 	 98910.726562 	 509.568298 
130 	 41.678688 	 283.323761 	 280.999359 	 4.216371 	 99071.078125 	 620.968811 
131 	 41.678688 	 283.323761 	 280.713226 	 1.431599 	 99277.156250 	 602.541199 
132 	 41.678688 	 283.323761 	 284.168823 	 1.049108 	 98517.062500 	 622.347900 
133 	 41.678688 	 283.323761 	 288.249451 	 3.783051 	 97716.617188 	 596.233765 
134 	 41.678688 	 283.323761 	 280.481995 	 3.975024 	 98589.296875 	 601.268250 
135 	 41.678688 	 283.323761 	 281.336548 	 2.252722 	 99075.546875 	 595.116699 
136 	 41.678688 	 283.323761 	 287.533386 	 3.373130 	 98108.382812 	 583.064331 
137 	 41.678688 	 283.323761 	 284.122070 	 3.098258 	 98049.289062 	 624.825684 
138 	 41.678688 	 283.323761 	 281.300476 	 1.923914 	 98229.828125 	 521.514343 
139 	 41.678688 	 283.323761 	 288.203552 	 1.557900 	 97785.492188 	 467.952698 
140 	 41.678688 	 283.323761 	 288.044128 	 1.776471 	 98017.953125 	 445.083588 
141 	 41.678688 	 283.323761 	 288.231659 	 2.961679 	 98230.820312 	 611.840332 
142 	 41.678688 	 283.323761 	 287.335754 	 3.486947 	 98044.281250 	 439.389771 
143 	 41.678688 	 283.323761 	 291.307892 	 2.715386 	 98133.226562 	 670.856018 
144 	 41.678688 	 283.323761 	 294.292084 	 2.134929 	 98585.343750 	 687.235840 
145 	 41.678688 	 283.323761 	 294.880890 	 1.861853 	 99192.843750 	 658.785278 
146 	 41.678688 	 283.323761 	 297.698120 	 1.949306 	 98946.796875 	 692.382690 
147 	 41.678688 	 283.323761 	 296.450012 	 3.050255 	 98641.906250 	 668.385742 
148 	 41.678688 	 283.323761 	 295.732178 	 2.642657 	 98247.750000 	 625.280273 
149 	 41.678688 	 283.323761 	 293.596497 	 2.595804 	 99009.796875 	 484.259155 
150 	 41.678688 	 283.323761 	 289.273651 	 2.686582 	 99488.632812 	 503.819855 
151 	 41.678688 	 283.323761 	 289.897186 	 2.267190 	 99258.750000 	 547.446411 
152 	 41.678688 	 283.323761 	 291.353577 	 1.585360 	 98860.382812 	 604.789490 
153 	 41.678688 	 283.323761 	 294.647339 	 0.954106 	 98522.843750 	 688.497009 
154 	 41.678688 	 283.323761 	 297.160431 	 2.955923 	 97984.726562 	 709.951904 
155 	 41.678688 	 283.323761 	 294.553040 	 4.115613 	 97003.460938 	 613.891602 
156 	 41.678688 	 283.323761 	 289.017151 	 3.295645 	 97438.906250 	 644.784363 
157 	 41.678688 	 283.323761 	 285.905884 	 3.349855 	 98161.523438 	 620.189758 
158 	 41.678688 	 283.323761 	 287.863495 	 2.401120 	 98569.406250 	 657.788513 
159 	 41.678688 	 283.323761 	 289.792694 	 1.810124 	 98788.773438 	 630.066528 
160 	 41.678688 	 283.323761 	 293.027222 	 3.106020 	 98737.070312 	 674.751099 
161 	 41.678688 	 283.323761 	 293.509216 	 2.075964 	 98493.203125 	 622.937012 
162 	 41.678688 	 283.323761 	 295.444092 	 1.876846 	 98768.562500 	 674.502258 
163 	 41.678688 	 283.323761 	 294.348907 	 2.432478 	 98913.609375 	 636.800354 
164 	 41.678688 	 283.323761 	 296.336182 	 3.769054 	 98277.953125 	 635.470642 
165 	 41.678688 	 283.323761 	 298.883087 	 3.263084 	 98052.312500 	 731.631592 
166 	 41.678688 	 283.323761 	 298.682892 	 3.454358 	 97991.859375 	 695.341797 
167 	 41.678688 	 283.323761 	 292.819000 	 3.352975 	 98454.062500 	 552.887207 
168 	 41.678688 	 283.323761 	 288.433167 	 2.532070 	 98897.109375 	 475.712616 
169 	 41.678688 	 283.323761 	 290.267517 	 1.773659 	 99127.171875 	 652.304565 
170 	 41.678688 	 283.323761 	 292.795868 	 2.819933 	 99204.578125 	 676.780090 
171 	 41.678688 	 283.323761 	 291.750580 	 3.183132 	 99286.562500 	 613.660767 
172 	 41.678688 	 283.323761 	 293.037750 	 1.582622 	 99034.976562 	 660.815735 
173 	 41.678688 	 283.323761 	 294.907043 	 1.090961 	 98944.546875 	 653.268921 
174 	 41.678688 	 283.323761 	 297.588379 	 2.308511 	 98889.937500 	 713.637817 
175 	 41.678688 	 283.323761 	 302.210236 	 3.083849 	 98414.210938 	 727.226440 
176 	 41.678688 	 283.323761 	 301.082367 	 2.860115 	 98215.007812 	 633.484802 
177 	 41.678688 	 283.323761 	 296.433441 	 1.676862 	 98573.960938 	 610.061890 
178 	 41.678688 	 283.323761 	 298.634827 	 2.295434 	 98539.421875 	 723.043213 
179 	 41.678688 	 283.323761 	 300.820862 	 3.420333 	 97867.726562 	 699.375732 
180 	 41.678688 	 283.323761 	 297.775116 	 4.243505 	 97677.546875 	 698.951660 
181 	 41.678688 	 283.323761 	 291.343079 	 2.504862 	 98802.117188 	 680.381531 
182 	 41.678688 	 283.323761 	 291.432007 	 2.070904 	 99375.687500 	 676.825439 
183 	 41.678688 	 283.323761 	 294.385193 	 1.541661 	 99378.289062 	 658.005066 
184 	 41.678688 	 283.323761 	 294.524078 	 1.616221 	 99264.046875 	 587.190002 
185 	 41.678688 	 283.323761 	 294.677948 	 1.814206 	 99202.898438 	 676.681885 
186 	 41.678688 	 283.323761 	 295.189606 	 1.531866 	 99083.953125 	 594.116821 
187 	 41.678688 	 283.323761 	 295.680603 	 1.495635 	 98686.023438 	 621.444641 
188 	 41.678688 	 283.323761 	 296.440216 	 1.552475 	 98576.226562 	 711.770996 
189 	 41.678688 	 283.323761 	 298.843964 	 2.735133 	 98171.906250 	 711.994507 
190 	 41.678688 	 283.323761 	 298.936218 	 2.764249 	 98293.843750 	 706.812439 
191 	 41.678688 	 283.323761 	 294.600891 	 2.586212 	 98871.476562 	 695.829102 
192 	 41.678688 	 283.323761 	 294.985168 	 1.515418 	 99057.296875 	 643.741150 
193 	 41.678688 	 283.323761 	 299.017456 	 2.515994 	 98827.679688 	 679.987183 
194 	 41.678688 	 283.323761 	 301.368256 	 2.757541 	 98566.679688 	 736.552246 
195 	 41.678688 	 283.323761 	 300.418549 	 2.889808 	 98259.023438 	 629.152710 
196 	 41.678688 	 283.323761 	 299.423462 	 2.189152 	 98105.671875 	 603.571777 
197 	 41.678688 	 283.323761 	 299.240784 	 1.494849 	 97922.757812 	 597.779175 
198 	 41.678688 	 283.323761 	 298.553223 	 2.296232 	 97713.796875 	 704.153320 
199 	 41.678688 	 283.323761 	 298.035767 	 2.626138 	 97589.906250 	 710.263916 
200 	 41.678688 	 283.323761 	 295.503510 	 2.706843 	 98156.539062 	 658.085083 
201 	 41.678688 	 283.323761 	 296.689423 	 3.192445 	 98219.710938 	 710.442139 
202 	 41.678688 	 283.323761 	 295.071503 	 2.689332 	 98704.390625 	 514.439636 
203 	 41.678688 	 283.323761 	 294.391663 	 1.485563 	 99330.671875 	 657.531616 
204 	 41.678688 	 283.323761 	 297.400940 	 2.070228 	 99396.046875 	 564.269775 
205 	 41.678688 	 283.323761 	 297.139221 	 1.975478 	 99189.796875 	 685.913513 
206 	 41.678688 	 283.323761 	 298.705963 	 2.913573 	 98845.023438 	 642.265503 
207 	 41.678688 	 283.323761 	 297.994904 	 2.499115 	 98628.546875 	 616.425964 
208 	 41.678688 	 283.323761 	 298.329193 	 2.133544 	 98520.562500 	 651.566406 
209 	 41.678688 	 283.323761 	 297.730499 	 2.069965 	 98603.296875 	 652.937378 
210 	 41.678688 	 283.323761 	 297.074799 	 1.078202 	 98685.296875 	 643.325928 
211 	 41.678688 	 283.323761 	 297.915436 	 1.413742 	 98657.546875 	 709.562134 
212 	 41.678688 	 283.323761 	 297.062714 	 1.254765 	 98663.898438 	 680.465820 
213 	 41.678688 	 283.323761 	 297.452789 	 2.717346 	 98664.671875 	 691.536743 
214 	 41.678688 	 283.323761 	 295.352722 	 2.352593 	 98648.117188 	 568.004517 
215 	 41.678688 	 283.323761 	 296.192505 	 2.502018 	 98445.226562 	 573.740112 
216 	 41.678688 	 283.323761 	 294.995270 	 2.767067 	 98558.398438 	 642.070801 
217 	 41.678688 	 283.323761 	 292.229187 	 1.151990 	 99230.406250 	 653.100342 
218 	 41.678688 	 283.323761 	 294.829132 	 2.358298 	 99119.828125 	 524.072693 
219 	 41.678688 	 283.323761 	 297.012146 	 4.586377 	 98654.289062 	 608.228088 
220 	 41.678688 	 283.323761 	 296.681976 	 2.670179 	 98179.039062 	 643.304077 
221 	 41.678688 	 283.323761 	 298.893738 	 2.031287 	 98552.070312 	 696.656006 
222 	 41.678688 	 283.323761 	 298.297577 	 3.010533 	 98271.390625 	 673.141418 
223 	 41.678688 	 283.323761 	 297.616669 	 1.897207 	 98856.343750 	 689.339050 
224 	 41.678688 	 283.323761 	 297.856964 	 1.880955 	 98842.031250 	 685.011597 
225 	 41.678688 	 283.323761 	 298.284851 	 2.716269 	 98575.296875 	 687.139587 
226 	 41.678688 	 283.323761 	 293.993103 	 1.007136 	 98962.960938 	 611.835449 
227 	 41.678688 	 283.323761 	 295.004913 	 1.803625 	 98724.398438 	 520.885864 
228 	 41.678688 	 283.323761 	 296.664368 	 1.676032 	 98530.921875 	 681.254822 
229 	 41.678688 	 283.323761 	 293.624359 	 0.939254 	 98585.476562 	 601.949524 
230 	 41.678688 	 283.323761 	 294.513000 	 1.203165 	 98598.179688 	 605.508179 
231 	 41.678688 	 283.323761 	 294.505676 	 0.849297 	 98667.046875 	 621.065247 
232 	 41.678688 	 283.323761 	 295.946289 	 1.145393 	 98425.156250 	 672.165405 
233 	 41.678688 	 283.323761 	 296.854340 	 2.026708 	 98119.843750 	 663.593140 
234 	 41.678688 	 283.323761 	 299.235962 	 4.034643 	 97721.578125 	 674.993164 
235 	 41.678688 	 283.323761 	 293.121124 	 3.125870 	 98009.093750 	 622.643188 
236 	 41.678688 	 283.323761 	 296.352539 	 2.116081 	 98242.953125 	 638.248413 
237 	 41.678688 	 283.323761 	 295.595062 	 1.207335 	 98278.750000 	 619.054077 
238 	 41.678688 	 283.323761 	 298.491821 	 3.303878 	 97960.617188 	 639.229065 
239 	 41.678688 	 283.323761 	 296.905914 	 2.876951 	 98085.898438 	 540.515747 
240 	 41.678688 	 283.323761 	 294.846283 	 3.623163 	 98103.750000 	 648.691162 
241 	 41.678688 	 283.323761 	 292.024414 	 2.042667 	 98760.726562 	 613.393799 
242 	 41.678688 	 283.323761 	 293.024536 	 1.826478 	 98793.679688 	 618.525146 
243 	 41.678688 	 283.323761 	 291.627869 	 1.043391 	 98810.757812 	 583.439819 
244 	 41.678688 	 283.323761 	 291.734985 	 1.234765 	 99061.226562 	 611.218750 
245 	 41.678688 	 283.323761 	 293.523987 	 1.908968 	 99486.898438 	 568.791382 
246 	 41.678688 	 283.323761 	 295.354401 	 3.433524 	 99002.609375 	 633.310364 
247 	 41.678688 	 283.323761 	 297.099762 	 3.242743 	 98388.742188 	 603.475220 
248 	 41.678688 	 283.323761 	 294.631409 	 2.973080 	 97992.953125 	 458.481873 
249 	 41.678688 	 283.323761 	 288.307037 	 4.292428 	 98461.296875 	 522.154297 
250 	 41.678688 	 283.323761 	 289.931183 	 1.939664 	 99032.851562 	 594.415771 
251 	 41.678688 	 283.323761 	 291.810822 	 1.491513 	 99052.773438 	 599.956665 
252 	 41.678688 	 283.323761 	 296.314087 	 3.205451 	 98767.367188 	 606.390259 
253 	 41.678688 	 283.323761 	 294.045135 	 2.618744 	 98847.437500 	 599.697144 
254 	 41.678688 	 283.323761 	 292.390411 	 1.007911 	 99081.929688 	 582.024292 
255 	 41.678688 	 283.323761 	 298.299194 	 3.055264 	 98496.906250 	 569.412170 
256 	 41.678688 	 283.323761 	 290.219482 	 2.907576 	 98685.281250 	 565.629272 
257 	 41.678688 	 283.323761 	 287.849579 	 1.105648 	 98936.789062 	 532.741943 
258 	 41.678688 	 283.323761 	 291.942871 	 2.090890 	 98886.726562 	 543.678650 
259 	 41.678688 	 283.323761 	 294.477142 	 4.031248 	 99059.960938 	 581.829712 
260 	 41.678688 	 283.323761 	 295.075378 	 3.620217 	 98593.296875 	 560.847473 
261 	 41.678688 	 283.323761 	 285.863678 	 1.889735 	 99129.656250 	 533.820190 
262 	 41.678688 	 283.323761 	 289.582214 	 1.828262 	 98742.898438 	 541.591064 
263 	 41.678688 	 283.323761 	 287.974274 	 1.836650 	 99150.132812 	 550.661865 
264 	 41.678688 	 283.323761 	 286.238068 	 1.145763 	 99606.398438 	 537.585938 
265 	 41.678688 	 283.323761 	 291.026306 	 2.510272 	 99263.539062 	 557.583374 
266 	 41.678688 	 283.323761 	 294.301819 	 2.708502 	 99002.476562 	 581.540161 
267 	 41.678688 	 283.323761 	 294.841888 	 3.058038 	 98872.492188 	 578.371704 
268 	 41.678688 	 283.323761 	 287.679565 	 3.750953 	 99397.453125 	 543.656250 
269 	 41.678688 	 283.323761 	 281.885712 	 2.520041 	 100347.203125 	 498.033691 
270 	 41.678688 	 283.323761 	 281.852905 	 0.871458 	 100432.898438 	 503.181458 
271 	 41.678688 	 283.323761 	 286.763672 	 1.939360 	 99757.078125 	 515.707764 
272 	 41.678688 	 283.323761 	 290.266876 	 1.851055 	 98982.953125 	 522.062866 
273 	 41.678688 	 283.323761 	 292.885529 	 1.960895 	 98704.312500 	 543.463501 
274 	 41.678688 	 283.323761 	 292.060120 	 1.772856 	 98816.453125 	 549.353516 
275 	 41.678688 	 283.323761 	 293.571381 	 2.584332 	 98768.476562 	 489.252808 
276 	 41.678688 	 283.323761 	 292.029907 	 3.343905 	 98310.093750 	 451.868530 
277 	 41.678688 	 283.323761 	 282.231903 	 2.744596 	 98742.671875 	 471.808899 
278 	 41.678688 	 283.323761 	 281.664948 	 1.825730 	 99383.320312 	 486.369568 
279 	 41.678688 	 283.323761 	 284.590454 	 4.360327 	 99130.226562 	 486.967651 
280 	 41.678688 	 283.323761 	 289.406342 	 4.765501 	 98101.382812 	 452.457001 
281 	 41.678688 	 283.323761 	 285.505951 	 2.916013 	 98302.843750 	 492.979675 
282 	 41.678688 	 283.323761 	 280.407074 	 1.251324 	 99058.476562 	 344.489868 
283 	 41.678688 	 283.323761 	 283.177124 	 2.367806 	 98797.390625 	 414.491333 
284 	 41.678688 	 283.323761 	 280.888885 	 3.161790 	 98560.039062 	 398.356598 
285 	 41.678688 	 283.323761 	 282.046112 	 2.647991 	 99255.117188 	 480.533997 
286 	 41.678688 	 283.323761 	 285.315643 	 3.891568 	 98630.671875 	 461.622894 
287 	 41.678688 	 283.323761 	 286.745636 	 3.549937 	 97888.328125 	 462.827820 
288 	 41.678688 	 283.323761 	 283.073395 	 2.384220 	 98448.093750 	 460.828308 
289 	 41.678688 	 283.323761 	 288.639374 	 4.192575 	 97696.117188 	 470.847290 
290 	 41.678688 	 283.323761 	 280.103485 	 2.104372 	 98416.460938 	 388.422363 
291 	 41.678688 	 283.323761 	 279.079437 	 2.589819 	 98926.968750 	 404.773529 
292 	 41.678688 	 283.323761 	 277.748993 	 1.364818 	 99633.882812 	 435.430664 
293 	 41.678688 	 283.323761 	 278.457764 	 1.029816 	 99950.031250 	 433.683929 
294 	 41.678688 	 283.323761 	 279.065277 	 0.655011 	 99685.398438 	 442.504578 
295 	 41.678688 	 283.323761 	 277.325226 	 0.369353 	 99059.671875 	 391.301575 
296 	 41.678688 	 283.323761 	 281.642365 	 1.290602 	 99037.968750 	 449.627686 
297 	 41.678688 	 283.323761 	 283.150665 	 2.104344 	 99257.359375 	 449.878235 
298 	 41.678688 	 283.323761 	 286.485687 	 3.467977 	 99255.828125 	 463.000397 
299 	 41.678688 	 283.323761 	 286.094604 	 2.862317 	 99523.093750 	 410.614563 
300 	 41.678688 	 283.323761 	 290.324219 	 4.736902 	 99252.523438 	 420.502899 
301 	 41.678688 	 283.323761 	 289.313690 	 4.806990 	 97960.773438 	 478.027130 
302 	 41.678688 	 283.323761 	 279.772095 	 4.120464 	 98012.906250 	 384.297119 
303 	 41.678688 	 283.323761 	 279.182556 	 2.895407 	 99232.351562 	 363.864471 
304 	 41.678688 	 283.323761 	 280.451935 	 1.257509 	 99373.710938 	 369.693115 
305 	 41.678688 	 283.323761 	 280.465973 	 2.293603 	 99045.742188 	 388.197083 
306 	 41.678688 	 283.323761 	 277.770874 	 1.264990 	 99119.960938 	 422.902100 
307 	 41.678688 	 283.323761 	 278.533600 	 2.162891 	 98850.601562 	 405.571533 
308 	 41.678688 	 283.323761 	 277.937469 	 2.422307 	 99295.187500 	 393.311432 
309 	 41.678688 	 283.323761 	 280.248871 	 2.914171 	 99374.453125 	 411.493561 
310 	 41.678688 	 283.323761 	 282.585144 	 3.524219 	 99358.648438 	 419.329529 
311 	 41.678688 	 283.323761 	 284.092529 	 3.146809 	 98924.523438 	 422.612457 
312 	 41.678688 	 283.323761 	 282.371216 	 2.563545 	 99255.539062 	 401.668152 
313 	 41.678688 	 283.323761 	 278.609283 	 2.676715 	 100296.500000 	 401.454651 
314 	 41.678688 	 283.323761 	 285.467255 	 3.608420 	 99526.796875 	 388.670380 
315 	 41.678688 	 283.323761 	 285.236481 	 3.909559 	 97593.007812 	 407.972626 
316 	 41.678688 	 283.323761 	 278.097260 	 2.936939 	 98540.453125 	 410.590088 
317 	 41.678688 	 283.323761 	 275.923706 	 2.138281 	 99031.546875 	 405.323792 
318 	 41.678688 	 283.323761 	 275.009949 	 4.109342 	 99026.437500 	 372.844330 
319 	 41.678688 	 283.323761 	 273.282196 	 1.767900 	 100309.398438 	 325.445923 
320 	 41.678688 	 283.323761 	 278.310455 	 4.869073 	 100305.703125 	 341.339996 
321 	 41.678688 	 283.323761 	 282.349304 	 4.948724 	 98606.531250 	 385.547150 
322 	 41.678688 	 283.323761 	 274.185455 	 3.222650 	 99172.796875 	 365.746826 
323 	 41.678688 	 283.323761 	 272.898438 	 1.862563 	 100303.796875 	 375.257507 
324 	 41.678688 	 283.323761 	 273.170441 	 2.594847 	 100680.796875 	 346.340118 
325 	 41.678688 	 283.323761 	 281.429443 	 3.937671 	 99843.148438 	 371.550079 
326 	 41.678688 	 283.323761 	 280.344452 	 2.563275 	 99089.296875 	 381.498505 
327 	 41.678688 	 283.323761 	 278.132111 	 2.306483 	 98560.039062 	 392.190552 
328 	 41.678688 	 283.323761 	 278.573486 	 4.239165 	 96719.656250 	 376.247528 
329 	 41.678688 	 283.323761 	 274.340118 	 5.511312 	 97073.726562 	 366.805695 
330 	 41.678688 	 283.323761 	 274.247650 	 3.181023 	 98718.796875 	 348.036835 
331 	 41.678688 	 283.323761 	 276.093079 	 2.057932 	 99075.117188 	 351.818115 
332 	 41.678688 	 283.323761 	 278.697235 	 2.698895 	 98915.750000 	 374.523163 
333 	 41.678688 	 283.323761 	 280.730286 	 3.161788 	 98855.203125 	 362.092041 
334 	 41.678688 	 283.323761 	 280.480469 	 1.239548 	 99230.898438 	 381.009064 
335 	 41.678688 	 283.323761 	 281.260132 	 2.398466 	 99680.703125 	 360.216888 
336 	 41.678688 	 283.323761 	 280.129028 	 4.508435 	 98347.632812 	 403.704010 
337 	 41.678688 	 283.323761 	 270.946259 	 4.086547 	 99239.007812 	 324.553925 
338 	 41.678688 	 283.323761 	 275.850555 	 3.019825 	 99451.460938 	 346.190216 
339 	 41.678688 	 283.323761 	 275.668823 	 2.572786 	 99454.453125 	 316.532501 
340 	 41.678688 	 283.323761 	 280.320648 	 2.891173 	 99068.218750 	 364.758331 
341 	 41.678688 	 283.323761 	 288.118896 	 5.201836 	 97944.812500 	 401.003723 
342 	 41.678688 	 283.323761 	 277.941193 	 4.046043 	 97990.859375 	 369.253967 
343 	 41.678688 	 283.323761 	 271.654968 	 1.094432 	 99870.468750 	 332.280884 
344 	 41.678688 	 283.323761 	 273.766449 	 1.705095 	 99801.343750 	 333.287384 
345 	 41.678688 	 283.323761 	 282.812256 	 6.393364 	 97112.156250 	 408.633698 
346 	 41.678688 	 283.323761 	 273.391876 	 4.570769 	 97689.851562 	 330.768372 
347 	 41.678688 	 283.323761 	 270.629578 	 2.503227 	 99110.859375 	 322.535187 
348 	 41.678688 	 283.323761 	 269.041168 	 3.054814 	 99383.140625 	 307.654999 
349 	 41.678688 	 283.323761 	 271.586060 	 3.177338 	 98878.703125 	 324.738892 
350 	 41.678688 	 283.323761 	 271.555145 	 2.830915 	 98468.937500 	 314.120239 
351 	 41.678688 	 283.323761 	 269.814117 	 2.836806 	 98795.656250 	 289.119415 
352 	 41.678688 	 283.323761 	 272.438263 	 2.106785 	 98502.953125 	 326.154724 
353 	 41.678688 	 283.323761 	 272.358368 	 3.229887 	 98199.023438 	 322.814758 
354 	 41.678688 	 283.323761 	 273.228302 	 2.879872 	 98174.179688 	 326.474670 
355 	 41.678688 	 283.323761 	 268.572968 	 2.342724 	 99285.710938 	 304.730469 
356 	 41.678688 	 283.323761 	 266.393677 	 0.975056 	 99703.843750 	 302.905640 
357 	 41.678688 	 283.323761 	 269.659607 	 2.917756 	 99085.273438 	 322.746582 
358 	 41.678688 	 283.323761 	 270.048615 	 2.496116 	 98637.070312 	 336.945587 
359 	 41.678688 	 283.323761 	 275.978424 	 2.545599 	 98205.539062 	 347.414734 
360 	 41.678688 	 283.323761 	 269.719360 	 3.585506 	 98176.968750 	 333.110260 
361 	 41.678688 	 283.323761 	 264.479858 	 3.168994 	 98495.179688 	 307.198303 
362 	 41.678688 	 283.323761 	 265.375427 	 2.496990 	 99129.367188 	 300.947662 
363 	 41.678688 	 283.323761 	 265.228180 	 1.894247 	 99421.109375 	 309.337769 
364 	 41.678688 	 283.323761 	 269.088562 	 2.023442 	 98715.093750 	 321.135895 
