# 0: Day of Year [-] 	 1: lat [deg] 	 2: lon [deg] 	 3: tas [K] 	 4: sfcWind [m s-1] 	 5: ps [Pa] 	 6: Total Downwelling Rad Flux [W m-2] 
0 	 41.678688 	 283.323761 	 268.679810 	 2.130219 	 97437.656250 	 291.318024 
1 	 41.678688 	 283.323761 	 265.915436 	 5.716246 	 96900.843750 	 315.660370 
2 	 41.678688 	 283.323761 	 265.388123 	 2.736561 	 97825.937500 	 259.759308 
3 	 41.678688 	 283.323761 	 265.188141 	 2.223912 	 97986.312500 	 300.857025 
4 	 41.678688 	 283.323761 	 266.263550 	 2.541589 	 98140.007812 	 306.693359 
5 	 41.678688 	 283.323761 	 267.781677 	 3.613753 	 99047.726562 	 340.193695 
6 	 41.678688 	 283.323761 	 265.924896 	 2.117032 	 100268.703125 	 309.913635 
7 	 41.678688 	 283.323761 	 265.929749 	 1.580170 	 100700.500000 	 322.711273 
8 	 41.678688 	 283.323761 	 265.988525 	 1.162279 	 100215.898438 	 325.948486 
9 	 41.678688 	 283.323761 	 275.175110 	 2.248404 	 99305.031250 	 343.567627 
10 	 41.678688 	 283.323761 	 277.669464 	 3.705085 	 98369.156250 	 333.463989 
11 	 41.678688 	 283.323761 	 274.987122 	 5.099174 	 95867.453125 	 335.374908 
12 	 41.678688 	 283.323761 	 268.703156 	 4.156350 	 96627.359375 	 309.833130 
13 	 41.678688 	 283.323761 	 268.193848 	 3.213743 	 97549.117188 	 347.086182 
14 	 41.678688 	 283.323761 	 267.924500 	 2.804932 	 98797.546875 	 328.206970 
15 	 41.678688 	 283.323761 	 269.159973 	 2.256690 	 99181.492188 	 315.802795 
16 	 41.678688 	 283.323761 	 270.786591 	 1.449149 	 99523.562500 	 337.644836 
17 	 41.678688 	 283.323761 	 271.676788 	 1.192953 	 99022.437500 	 344.339050 
18 	 41.678688 	 283.323761 	 272.548248 	 2.832780 	 98116.406250 	 343.760315 
19 	 41.678688 	 283.323761 	 271.251953 	 2.077250 	 98928.406250 	 334.508759 
20 	 41.678688 	 283.323761 	 272.811218 	 2.332974 	 98783.656250 	 342.782471 
21 	 41.678688 	 283.323761 	 273.919006 	 1.118331 	 98102.656250 	 372.741516 
22 	 41.678688 	 283.323761 	 272.586823 	 2.322011 	 97828.820312 	 341.287048 
23 	 41.678688 	 283.323761 	 274.091461 	 4.534375 	 94639.898438 	 326.232391 
24 	 41.678688 	 283.323761 	 271.451202 	 5.488995 	 95973.289062 	 370.911133 
25 	 41.678688 	 283.323761 	 274.462646 	 3.225205 	 98138.382812 	 345.312225 
26 	 41.678688 	 283.323761 	 274.281342 	 2.467479 	 98773.203125 	 313.609955 
27 	 41.678688 	 283.323761 	 268.181915 	 1.274658 	 99484.492188 	 344.492157 
28 	 41.678688 	 283.323761 	 266.195526 	 1.357039 	 100255.101562 	 285.812805 
29 	 41.678688 	 283.323761 	 273.341431 	 2.667467 	 99735.203125 	 404.441040 
30 	 41.678688 	 283.323761 	 274.171478 	 3.005374 	 100190.398438 	 321.764038 
31 	 41.678688 	 283.323761 	 283.058411 	 3.949830 	 99369.757812 	 384.934296 
32 	 41.678688 	 283.323761 	 286.584930 	 4.050758 	 98407.726562 	 378.842651 
33 	 41.678688 	 283.323761 	 275.270203 	 2.782065 	 98173.500000 	 370.838562 
34 	 41.678688 	 283.323761 	 265.590485 	 3.160328 	 98302.898438 	 324.112152 
35 	 41.678688 	 283.323761 	 264.449799 	 3.672283 	 97784.453125 	 277.539459 
36 	 41.678688 	 283.323761 	 270.119446 	 4.048225 	 97390.062500 	 343.697876 
37 	 41.678688 	 283.323761 	 274.974274 	 5.334852 	 96650.250000 	 383.217834 
38 	 41.678688 	 283.323761 	 263.618896 	 3.429114 	 98090.289062 	 329.880798 
39 	 41.678688 	 283.323761 	 266.800232 	 3.734659 	 99095.289062 	 359.515076 
40 	 41.678688 	 283.323761 	 278.441895 	 3.634716 	 99155.671875 	 353.570190 
41 	 41.678688 	 283.323761 	 279.119110 	 4.094798 	 99821.796875 	 403.590881 
42 	 41.678688 	 283.323761 	 283.419495 	 7.280830 	 98544.320312 	 374.710052 
43 	 41.678688 	 283.323761 	 268.047333 	 3.353368 	 99624.976562 	 362.148071 
44 	 41.678688 	 283.323761 	 271.081818 	 2.303699 	 99967.343750 	 375.391785 
45 	 41.678688 	 283.323761 	 274.655182 	 1.915925 	 99263.210938 	 402.517059 
46 	 41.678688 	 283.323761 	 275.552826 	 2.483410 	 98593.523438 	 350.339020 
47 	 41.678688 	 283.323761 	 271.123901 	 2.767210 	 98320.429688 	 387.537964 
48 	 41.678688 	 283.323761 	 269.123199 	 1.440295 	 99372.906250 	 382.371796 
49 	 41.678688 	 283.323761 	 272.147858 	 2.404858 	 99320.320312 	 391.711914 
50 	 41.678688 	 283.323761 	 276.447968 	 1.958803 	 98673.921875 	 356.058228 
51 	 41.678688 	 283.323761 	 274.637726 	 1.816302 	 99196.851562 	 441.753418 
52 	 41.678688 	 283.323761 	 278.173248 	 4.337369 	 98977.359375 	 353.568634 
53 	 41.678688 	 283.323761 	 278.576477 	 3.664948 	 98531.242188 	 462.638672 
54 	 41.678688 	 283.323761 	 277.936310 	 2.385545 	 98839.382812 	 432.162842 
55 	 41.678688 	 283.323761 	 282.255676 	 4.227281 	 97872.140625 	 418.508148 
56 	 41.678688 	 283.323761 	 279.204437 	 3.697190 	 98273.296875 	 424.818848 
57 	 41.678688 	 283.323761 	 280.689270 	 3.133107 	 99014.546875 	 450.510803 
58 	 41.678688 	 283.323761 	 280.081238 	 1.834741 	 99538.023438 	 461.334778 
59 	 41.678688 	 283.323761 	 285.822235 	 2.354219 	 99149.117188 	 487.951233 
60 	 41.678688 	 283.323761 	 287.044586 	 3.586689 	 98854.187500 	 423.893341 
61 	 41.678688 	 283.323761 	 283.878326 	 2.328004 	 99303.500000 	 487.992096 
62 	 41.678688 	 283.323761 	 278.933197 	 1.882494 	 99851.796875 	 418.657959 
63 	 41.678688 	 283.323761 	 284.110809 	 2.998453 	 98911.976562 	 394.793121 
64 	 41.678688 	 283.323761 	 275.503876 	 3.727154 	 99207.460938 	 350.395142 
65 	 41.678688 	 283.323761 	 274.532227 	 3.183882 	 99601.023438 	 348.466736 
66 	 41.678688 	 283.323761 	 276.507751 	 1.664127 	 99007.578125 	 361.990417 
67 	 41.678688 	 283.323761 	 279.079681 	 1.337779 	 98759.109375 	 444.678864 
68 	 41.678688 	 283.323761 	 281.330750 	 1.669154 	 99075.093750 	 422.241272 
69 	 41.678688 	 283.323761 	 285.255096 	 2.554207 	 99511.703125 	 405.442169 
70 	 41.678688 	 283.323761 	 289.162292 	 5.296091 	 98921.453125 	 461.387146 
71 	 41.678688 	 283.323761 	 285.985840 	 2.049968 	 98495.117188 	 522.873779 
72 	 41.678688 	 283.323761 	 282.329803 	 2.143667 	 99240.023438 	 520.775696 
73 	 41.678688 	 283.323761 	 281.719940 	 3.576667 	 100112.398438 	 488.861816 
74 	 41.678688 	 283.323761 	 289.593079 	 4.256258 	 99683.023438 	 545.147034 
75 	 41.678688 	 283.323761 	 289.826385 	 3.598011 	 99375.468750 	 461.937866 
76 	 41.678688 	 283.323761 	 290.029572 	 5.485251 	 98613.039062 	 439.825317 
77 	 41.678688 	 283.323761 	 280.772095 	 4.151639 	 97643.406250 	 442.613586 
78 	 41.678688 	 283.323761 	 277.056915 	 5.720849 	 98065.242188 	 525.927612 
79 	 41.678688 	 283.323761 	 277.507599 	 2.229873 	 100195.296875 	 487.408966 
80 	 41.678688 	 283.323761 	 279.676300 	 4.208050 	 100241.703125 	 490.473083 
81 	 41.678688 	 283.323761 	 284.113373 	 4.659732 	 99615.046875 	 417.030640 
82 	 41.678688 	 283.323761 	 283.837128 	 1.585747 	 99479.117188 	 526.521729 
83 	 41.678688 	 283.323761 	 281.051270 	 0.911694 	 99449.789062 	 453.351227 
84 	 41.678688 	 283.323761 	 284.188507 	 2.362592 	 99091.031250 	 492.241791 
85 	 41.678688 	 283.323761 	 282.030334 	 1.629269 	 99179.671875 	 527.724854 
86 	 41.678688 	 283.323761 	 281.964478 	 0.974742 	 99568.906250 	 533.369995 
87 	 41.678688 	 283.323761 	 284.339935 	 1.298278 	 100198.796875 	 554.190247 
88 	 41.678688 	 283.323761 	 283.618011 	 2.098382 	 99978.148438 	 537.236328 
89 	 41.678688 	 283.323761 	 285.178650 	 2.490953 	 99585.812500 	 415.872192 
90 	 41.678688 	 283.323761 	 289.234863 	 3.123287 	 98872.562500 	 534.987915 
91 	 41.678688 	 283.323761 	 282.616669 	 3.728050 	 98283.953125 	 524.520996 
92 	 41.678688 	 283.323761 	 280.056732 	 3.876553 	 98287.992188 	 563.814697 
93 	 41.678688 	 283.323761 	 280.564117 	 1.615134 	 98249.476562 	 395.015442 
94 	 41.678688 	 283.323761 	 284.075073 	 3.331698 	 97937.617188 	 450.620667 
95 	 41.678688 	 283.323761 	 281.158691 	 3.420180 	 98144.000000 	 513.326904 
96 	 41.678688 	 283.323761 	 280.435089 	 2.451139 	 98902.750000 	 554.690308 
97 	 41.678688 	 283.323761 	 278.647400 	 1.714805 	 99323.843750 	 518.458740 
98 	 41.678688 	 283.323761 	 279.613556 	 1.689198 	 99259.546875 	 433.772919 
99 	 41.678688 	 283.323761 	 283.320038 	 5.017211 	 98062.140625 	 398.778931 
100 	 41.678688 	 283.323761 	 277.850128 	 5.052866 	 97346.640625 	 577.704163 
101 	 41.678688 	 283.323761 	 278.779266 	 2.124140 	 98252.343750 	 493.394501 
102 	 41.678688 	 283.323761 	 286.166687 	 4.206074 	 98370.687500 	 469.613495 
103 	 41.678688 	 283.323761 	 286.525543 	 2.680764 	 97701.148438 	 529.000183 
104 	 41.678688 	 283.323761 	 283.979828 	 1.833520 	 98781.609375 	 564.656006 
105 	 41.678688 	 283.323761 	 287.267273 	 3.034364 	 99378.820312 	 576.678955 
106 	 41.678688 	 283.323761 	 291.114227 	 4.878731 	 99205.523438 	 500.993103 
107 	 41.678688 	 283.323761 	 289.131958 	 1.917328 	 98925.890625 	 548.190369 
108 	 41.678688 	 283.323761 	 283.781189 	 2.794694 	 98117.203125 	 579.234985 
109 	 41.678688 	 283.323761 	 279.203308 	 4.527459 	 97660.773438 	 501.049835 
110 	 41.678688 	 283.323761 	 280.105469 	 3.245809 	 97875.546875 	 568.484436 
111 	 41.678688 	 283.323761 	 284.297485 	 2.974499 	 97400.710938 	 417.177704 
112 	 41.678688 	 283.323761 	 283.741760 	 2.442436 	 97371.890625 	 584.477234 
113 	 41.678688 	 283.323761 	 280.940979 	 4.518129 	 97703.320312 	 564.359497 
114 	 41.678688 	 283.323761 	 279.069702 	 3.053610 	 97655.406250 	 407.395508 
115 	 41.678688 	 283.323761 	 279.334747 	 3.498425 	 95969.671875 	 507.754028 
116 	 41.678688 	 283.323761 	 279.775513 	 6.008118 	 96128.171875 	 539.588013 
117 	 41.678688 	 283.323761 	 279.472473 	 4.486338 	 97132.312500 	 566.957520 
118 	 41.678688 	 283.323761 	 279.791107 	 4.323515 	 97626.906250 	 493.812347 
119 	 41.678688 	 283.323761 	 279.577881 	 3.121278 	 98185.250000 	 527.529663 
120 	 41.678688 	 283.323761 	 279.515991 	 2.489486 	 98599.343750 	 570.613220 
121 	 41.678688 	 283.323761 	 279.980988 	 1.092021 	 98925.093750 	 580.710571 
122 	 41.678688 	 283.323761 	 284.088074 	 1.289766 	 99066.992188 	 549.893616 
123 	 41.678688 	 283.323761 	 288.896820 	 3.877193 	 98668.796875 	 567.325684 
124 	 41.678688 	 283.323761 	 287.220154 	 3.087997 	 97397.062500 	 541.397705 
125 	 41.678688 	 283.323761 	 286.367798 	 3.054048 	 97558.046875 	 584.389465 
126 	 41.678688 	 283.323761 	 290.813843 	 1.702383 	 98270.289062 	 649.845337 
127 	 41.678688 	 283.323761 	 296.325470 	 1.703347 	 98500.226562 	 668.163330 
128 	 41.678688 	 283.323761 	 295.971069 	 1.941104 	 98035.953125 	 661.232300 
129 	 41.678688 	 283.323761 	 294.045746 	 2.405664 	 98129.093750 	 665.804443 
130 	 41.678688 	 283.323761 	 290.242554 	 2.602467 	 98589.156250 	 585.374146 
131 	 41.678688 	 283.323761 	 289.861694 	 3.611079 	 98068.320312 	 648.210083 
132 	 41.678688 	 283.323761 	 286.638000 	 3.976681 	 98522.296875 	 625.361572 
133 	 41.678688 	 283.323761 	 283.690399 	 2.422728 	 99041.992188 	 480.183258 
134 	 41.678688 	 283.323761 	 287.356934 	 2.912591 	 98614.429688 	 623.431274 
135 	 41.678688 	 283.323761 	 290.810791 	 2.885698 	 99003.828125 	 675.172363 
136 	 41.678688 	 283.323761 	 299.190582 	 4.017778 	 98226.562500 	 707.837830 
137 	 41.678688 	 283.323761 	 299.420898 	 4.407147 	 97960.976562 	 706.807861 
138 	 41.678688 	 283.323761 	 296.452576 	 4.672668 	 97351.257812 	 648.992798 
139 	 41.678688 	 283.323761 	 285.527588 	 5.466145 	 97436.203125 	 599.551697 
140 	 41.678688 	 283.323761 	 283.200989 	 2.856858 	 98713.828125 	 626.882751 
141 	 41.678688 	 283.323761 	 282.063263 	 1.010686 	 99058.859375 	 549.366821 
142 	 41.678688 	 283.323761 	 286.973450 	 2.718225 	 98778.976562 	 499.234680 
143 	 41.678688 	 283.323761 	 286.247772 	 3.377973 	 98396.023438 	 662.751099 
144 	 41.678688 	 283.323761 	 283.551575 	 3.326375 	 98701.593750 	 624.243286 
145 	 41.678688 	 283.323761 	 285.118286 	 2.253461 	 99072.671875 	 640.167175 
146 	 41.678688 	 283.323761 	 288.094971 	 1.605536 	 99032.328125 	 598.687561 
147 	 41.678688 	 283.323761 	 293.881042 	 1.003190 	 98548.312500 	 650.347290 
148 	 41.678688 	 283.323761 	 295.556213 	 1.909867 	 98744.382812 	 705.365601 
149 	 41.678688 	 283.323761 	 296.602478 	 2.661245 	 99116.843750 	 608.177917 
150 	 41.678688 	 283.323761 	 296.825073 	 2.246395 	 99325.796875 	 668.528687 
151 	 41.678688 	 283.323761 	 295.860535 	 3.287875 	 99177.718750 	 635.620667 
152 	 41.678688 	 283.323761 	 295.623718 	 1.313193 	 99254.203125 	 670.663330 
153 	 41.678688 	 283.323761 	 295.436340 	 2.423544 	 99078.781250 	 713.935425 
154 	 41.678688 	 283.323761 	 296.072571 	 4.001187 	 98106.632812 	 570.539673 
155 	 41.678688 	 283.323761 	 290.661713 	 3.314472 	 98033.078125 	 663.809570 
156 	 41.678688 	 283.323761 	 288.089111 	 2.740404 	 98480.242188 	 597.401855 
157 	 41.678688 	 283.323761 	 293.167419 	 5.416730 	 97387.656250 	 518.370178 
158 	 41.678688 	 283.323761 	 287.432983 	 3.194958 	 97769.773438 	 627.194580 
159 	 41.678688 	 283.323761 	 286.245667 	 1.587486 	 99254.906250 	 652.929932 
160 	 41.678688 	 283.323761 	 292.429016 	 3.520490 	 99309.507812 	 681.526001 
161 	 41.678688 	 283.323761 	 297.192535 	 3.966711 	 99161.226562 	 707.013794 
162 	 41.678688 	 283.323761 	 298.635681 	 3.742574 	 99028.359375 	 713.723938 
163 	 41.678688 	 283.323761 	 299.137146 	 2.623828 	 98582.101562 	 705.137085 
164 	 41.678688 	 283.323761 	 299.186768 	 2.097752 	 98273.492188 	 728.076050 
165 	 41.678688 	 283.323761 	 296.283722 	 3.135966 	 98401.210938 	 697.012756 
166 	 41.678688 	 283.323761 	 291.738495 	 2.527654 	 99002.671875 	 670.851440 
167 	 41.678688 	 283.323761 	 290.220825 	 1.868419 	 98898.976562 	 465.900360 
168 	 41.678688 	 283.323761 	 290.796783 	 2.739148 	 98572.976562 	 469.771606 
169 	 41.678688 	 283.323761 	 288.721069 	 2.126883 	 99071.078125 	 677.911987 
170 	 41.678688 	 283.323761 	 290.024139 	 1.586124 	 99395.773438 	 622.328735 
171 	 41.678688 	 283.323761 	 288.700836 	 3.619202 	 99455.648438 	 435.521576 
172 	 41.678688 	 283.323761 	 289.792786 	 3.649941 	 99122.968750 	 455.677277 
173 	 41.678688 	 283.323761 	 292.558533 	 2.956009 	 98543.468750 	 695.111694 
174 	 41.678688 	 283.323761 	 294.141754 	 2.724689 	 98403.093750 	 685.359192 
175 	 41.678688 	 283.323761 	 291.920258 	 1.974541 	 98766.789062 	 681.793701 
176 	 41.678688 	 283.323761 	 297.219208 	 2.217531 	 98531.882812 	 714.553528 
177 	 41.678688 	 283.323761 	 300.123047 	 2.372013 	 98468.976562 	 733.419434 
178 	 41.678688 	 283.323761 	 301.608337 	 3.182196 	 98288.710938 	 686.583252 
179 	 41.678688 	 283.323761 	 298.562195 	 2.371861 	 98295.882812 	 601.258118 
180 	 41.678688 	 283.323761 	 298.397308 	 3.152409 	 97741.039062 	 723.383911 
181 	 41.678688 	 283.323761 	 296.983490 	 2.989794 	 97939.226562 	 672.664795 
182 	 41.678688 	 283.323761 	 292.700195 	 2.249670 	 98270.210938 	 681.532227 
183 	 41.678688 	 283.323761 	 292.377350 	 2.049069 	 98480.859375 	 588.940186 
184 	 41.678688 	 283.323761 	 294.782593 	 2.421343 	 98007.453125 	 679.420532 
185 	 41.678688 	 283.323761 	 293.902771 	 1.929440 	 98036.226562 	 649.900024 
186 	 41.678688 	 283.323761 	 293.895813 	 2.187699 	 98254.062500 	 665.826782 
187 	 41.678688 	 283.323761 	 294.917999 	 1.823290 	 98331.117188 	 693.936523 
188 	 41.678688 	 283.323761 	 297.111694 	 4.067294 	 97854.617188 	 603.739685 
189 	 41.678688 	 283.323761 	 295.537292 	 1.775555 	 98198.070312 	 715.320679 
190 	 41.678688 	 283.323761 	 295.353424 	 2.709774 	 98506.843750 	 709.400513 
191 	 41.678688 	 283.323761 	 292.884949 	 2.170204 	 98676.726562 	 625.874756 
192 	 41.678688 	 283.323761 	 292.877380 	 1.975543 	 98524.023438 	 672.878845 
193 	 41.678688 	 283.323761 	 294.102264 	 2.054857 	 98721.132812 	 675.537354 
194 	 41.678688 	 283.323761 	 295.057556 	 1.564314 	 98746.328125 	 673.125366 
195 	 41.678688 	 283.323761 	 294.431854 	 1.942246 	 98783.617188 	 677.866882 
196 	 41.678688 	 283.323761 	 295.501099 	 1.205530 	 98572.210938 	 684.862183 
197 	 41.678688 	 283.323761 	 296.622406 	 2.617244 	 98408.726562 	 687.141113 
198 	 41.678688 	 283.323761 	 298.878082 	 3.920949 	 98302.210938 	 623.222229 
199 	 41.678688 	 283.323761 	 299.264496 	 2.086171 	 98146.953125 	 695.723816 
200 	 41.678688 	 283.323761 	 297.605804 	 2.193794 	 98172.367188 	 632.750916 
201 	 41.678688 	 283.323761 	 298.390198 	 4.747508 	 97653.781250 	 726.568481 
202 	 41.678688 	 283.323761 	 293.238281 	 3.918764 	 97958.773438 	 626.393066 
203 	 41.678688 	 283.323761 	 296.413666 	 2.031778 	 98533.492188 	 693.015869 
204 	 41.678688 	 283.323761 	 296.396210 	 1.697665 	 98511.609375 	 512.158325 
205 	 41.678688 	 283.323761 	 297.780457 	 1.004649 	 98750.726562 	 714.168701 
206 	 41.678688 	 283.323761 	 303.008667 	 3.645725 	 98237.320312 	 716.016052 
207 	 41.678688 	 283.323761 	 301.870453 	 2.828138 	 98247.617188 	 697.358276 
208 	 41.678688 	 283.323761 	 301.974335 	 4.606741 	 97491.343750 	 739.869995 
209 	 41.678688 	 283.323761 	 298.530975 	 2.731114 	 97731.179688 	 688.010254 
210 	 41.678688 	 283.323761 	 297.493042 	 3.088639 	 97691.453125 	 547.857666 
211 	 41.678688 	 283.323761 	 298.012146 	 2.124220 	 97915.609375 	 706.501343 
212 	 41.678688 	 283.323761 	 298.616302 	 2.485945 	 98546.421875 	 693.270996 
213 	 41.678688 	 283.323761 	 300.444763 	 3.827733 	 98452.656250 	 676.758118 
214 	 41.678688 	 283.323761 	 297.251465 	 1.583568 	 98941.117188 	 695.329346 
215 	 41.678688 	 283.323761 	 297.762756 	 1.544088 	 98824.812500 	 587.808105 
216 	 41.678688 	 283.323761 	 296.066193 	 1.719695 	 98800.328125 	 667.620239 
217 	 41.678688 	 283.323761 	 296.637573 	 2.646359 	 98396.750000 	 650.419800 
218 	 41.678688 	 283.323761 	 296.728851 	 3.592970 	 98180.687500 	 657.964111 
219 	 41.678688 	 283.323761 	 291.367950 	 1.849853 	 98269.406250 	 474.661682 
220 	 41.678688 	 283.323761 	 291.203003 	 2.374874 	 98020.359375 	 644.650818 
221 	 41.678688 	 283.323761 	 291.370026 	 1.070199 	 98675.101562 	 650.132141 
222 	 41.678688 	 283.323761 	 292.233307 	 1.226216 	 98920.406250 	 589.120605 
223 	 41.678688 	 283.323761 	 295.778656 	 3.077942 	 98776.312500 	 583.463013 
224 	 41.678688 	 283.323761 	 297.261902 	 3.769488 	 98275.812500 	 581.586792 
225 	 41.678688 	 283.323761 	 293.932251 	 2.612909 	 98353.976562 	 657.792236 
226 	 41.678688 	 283.323761 	 293.172394 	 1.223946 	 98769.460938 	 647.907715 
227 	 41.678688 	 283.323761 	 295.832306 	 1.609765 	 98827.796875 	 663.181152 
228 	 41.678688 	 283.323761 	 300.012115 	 3.026780 	 98493.242188 	 674.761230 
229 	 41.678688 	 283.323761 	 299.580292 	 3.195691 	 98449.773438 	 673.199219 
230 	 41.678688 	 283.323761 	 295.211029 	 1.536028 	 98822.726562 	 646.508362 
231 	 41.678688 	 283.323761 	 299.473816 	 2.302663 	 98458.976562 	 674.056641 
232 	 41.678688 	 283.323761 	 298.733551 	 2.040997 	 98379.546875 	 640.259705 
233 	 41.678688 	 283.323761 	 299.714386 	 1.472391 	 98911.796875 	 633.675720 
234 	 41.678688 	 283.323761 	 300.718628 	 1.558497 	 99167.093750 	 684.046509 
235 	 41.678688 	 283.323761 	 301.844879 	 1.404825 	 99095.726562 	 683.541382 
236 	 41.678688 	 283.323761 	 299.038635 	 1.394817 	 99069.210938 	 587.455017 
237 	 41.678688 	 283.323761 	 297.557739 	 1.935915 	 98771.882812 	 595.929565 
238 	 41.678688 	 283.323761 	 296.030487 	 3.904115 	 98376.187500 	 650.366760 
239 	 41.678688 	 283.323761 	 290.164154 	 2.608714 	 99371.250000 	 606.102722 
240 	 41.678688 	 283.323761 	 290.142548 	 2.479766 	 99768.523438 	 604.816040 
241 	 41.678688 	 283.323761 	 295.477417 	 3.570402 	 99613.242188 	 630.083862 
242 	 41.678688 	 283.323761 	 297.045013 	 2.335139 	 99497.296875 	 617.851807 
243 	 41.678688 	 283.323761 	 297.966187 	 2.117098 	 99290.039062 	 640.473328 
244 	 41.678688 	 283.323761 	 300.471130 	 3.058654 	 98701.507812 	 642.247742 
245 	 41.678688 	 283.323761 	 291.718109 	 3.662168 	 99192.953125 	 609.473938 
246 	 41.678688 	 283.323761 	 286.603668 	 1.875992 	 99630.820312 	 570.197632 
247 	 41.678688 	 283.323761 	 287.611420 	 1.194088 	 99913.187500 	 577.849243 
248 	 41.678688 	 283.323761 	 291.907959 	 3.182558 	 99582.781250 	 566.810120 
249 	 41.678688 	 283.323761 	 299.997559 	 3.289038 	 98854.632812 	 606.079895 
250 	 41.678688 	 283.323761 	 303.070770 	 3.007457 	 98676.750000 	 631.832581 
251 	 41.678688 	 283.323761 	 302.428192 	 2.581634 	 98793.046875 	 619.987061 
252 	 41.678688 	 283.323761 	 300.569977 	 2.974736 	 98792.062500 	 595.370117 
253 	 41.678688 	 283.323761 	 298.505768 	 2.339681 	 98849.093750 	 607.511597 
254 	 41.678688 	 283.323761 	 293.922852 	 1.881188 	 98980.093750 	 595.915771 
255 	 41.678688 	 283.323761 	 292.658356 	 1.268379 	 98986.750000 	 543.207886 
256 	 41.678688 	 283.323761 	 297.547333 	 3.650235 	 98929.789062 	 598.106018 
257 	 41.678688 	 283.323761 	 298.997437 	 4.932238 	 99086.656250 	 612.699402 
258 	 41.678688 	 283.323761 	 295.306702 	 2.513808 	 99125.960938 	 610.807739 
259 	 41.678688 	 283.323761 	 291.497681 	 1.564691 	 99681.460938 	 572.608521 
260 	 41.678688 	 283.323761 	 296.026337 	 2.961609 	 99423.976562 	 590.874084 
261 	 41.678688 	 283.323761 	 297.829620 	 2.379625 	 98964.796875 	 599.196899 
262 	 41.678688 	 283.323761 	 296.947632 	 1.337193 	 99039.218750 	 559.736755 
263 	 41.678688 	 283.323761 	 298.039642 	 3.520785 	 99011.960938 	 526.349609 
264 	 41.678688 	 283.323761 	 296.143127 	 2.880747 	 98801.953125 	 586.827820 
265 	 41.678688 	 283.323761 	 291.346680 	 2.121115 	 99327.250000 	 518.588257 
266 	 41.678688 	 283.323761 	 294.070343 	 1.743168 	 99921.898438 	 488.029968 
267 	 41.678688 	 283.323761 	 292.985352 	 1.757155 	 100094.000000 	 506.727570 
268 	 41.678688 	 283.323761 	 293.127930 	 1.629429 	 99669.171875 	 536.096497 
269 	 41.678688 	 283.323761 	 293.338654 	 2.252568 	 99126.726562 	 545.371826 
270 	 41.678688 	 283.323761 	 288.844666 	 2.056312 	 99997.046875 	 477.276794 
271 	 41.678688 	 283.323761 	 290.938019 	 3.339782 	 100346.601562 	 507.340363 
272 	 41.678688 	 283.323761 	 292.555573 	 3.245304 	 99791.476562 	 474.052948 
273 	 41.678688 	 283.323761 	 292.831024 	 3.763090 	 98939.023438 	 474.146210 
274 	 41.678688 	 283.323761 	 285.357361 	 2.240626 	 99135.007812 	 378.561920 
275 	 41.678688 	 283.323761 	 284.701965 	 3.611056 	 99153.320312 	 427.504791 
276 	 41.678688 	 283.323761 	 284.003326 	 2.933760 	 99243.156250 	 482.236084 
277 	 41.678688 	 283.323761 	 283.068604 	 0.754574 	 99543.812500 	 492.026123 
278 	 41.678688 	 283.323761 	 287.188385 	 1.099252 	 99577.273438 	 511.861206 
279 	 41.678688 	 283.323761 	 289.254974 	 0.752611 	 99681.859375 	 522.392517 
280 	 41.678688 	 283.323761 	 288.300110 	 0.629203 	 99616.000000 	 512.251831 
281 	 41.678688 	 283.323761 	 286.937439 	 0.921433 	 99899.726562 	 504.724670 
282 	 41.678688 	 283.323761 	 288.762054 	 2.613722 	 99642.031250 	 476.608093 
283 	 41.678688 	 283.323761 	 280.897400 	 2.356709 	 100357.703125 	 455.068665 
284 	 41.678688 	 283.323761 	 282.345978 	 2.162286 	 99999.531250 	 476.896057 
285 	 41.678688 	 283.323761 	 285.235168 	 1.294358 	 99504.062500 	 470.876648 
286 	 41.678688 	 283.323761 	 284.455597 	 0.803560 	 99839.093750 	 484.580261 
287 	 41.678688 	 283.323761 	 286.786316 	 2.581070 	 99564.851562 	 463.803772 
288 	 41.678688 	 283.323761 	 288.867706 	 3.107822 	 98654.273438 	 487.093719 
289 	 41.678688 	 283.323761 	 288.290192 	 2.962816 	 97959.976562 	 506.909912 
290 	 41.678688 	 283.323761 	 284.697052 	 4.008107 	 98203.132812 	 476.893494 
291 	 41.678688 	 283.323761 	 285.465424 	 4.543423 	 98698.273438 	 491.394714 
292 	 41.678688 	 283.323761 	 284.323273 	 2.206532 	 99324.109375 	 457.683319 
293 	 41.678688 	 283.323761 	 287.366455 	 2.009347 	 99085.578125 	 453.213867 
294 	 41.678688 	 283.323761 	 288.782349 	 1.425738 	 99204.421875 	 477.189636 
295 	 41.678688 	 283.323761 	 288.750885 	 2.685296 	 99161.773438 	 467.562897 
296 	 41.678688 	 283.323761 	 291.392883 	 1.977398 	 98898.820312 	 489.785095 
297 	 41.678688 	 283.323761 	 292.246765 	 2.026179 	 98537.562500 	 485.322876 
298 	 41.678688 	 283.323761 	 289.156189 	 1.426741 	 99075.468750 	 468.133972 
299 	 41.678688 	 283.323761 	 289.380280 	 3.288053 	 99459.289062 	 478.125061 
300 	 41.678688 	 283.323761 	 290.398224 	 3.261635 	 99569.562500 	 440.554382 
301 	 41.678688 	 283.323761 	 291.118866 	 2.772677 	 99364.750000 	 428.895905 
302 	 41.678688 	 283.323761 	 292.274109 	 3.134261 	 99812.960938 	 462.357178 
303 	 41.678688 	 283.323761 	 291.424133 	 2.688249 	 99766.281250 	 439.645172 
304 	 41.678688 	 283.323761 	 291.467163 	 1.323734 	 99322.000000 	 459.546967 
305 	 41.678688 	 283.323761 	 289.025452 	 1.443772 	 99227.023438 	 460.672852 
306 	 41.678688 	 283.323761 	 288.986023 	 2.382740 	 99178.890625 	 481.931702 
307 	 41.678688 	 283.323761 	 280.675476 	 1.336094 	 99957.968750 	 419.047913 
308 	 41.678688 	 283.323761 	 282.164001 	 2.724911 	 99839.773438 	 404.383484 
309 	 41.678688 	 283.323761 	 285.734131 	 1.825878 	 99627.148438 	 426.877380 
310 	 41.678688 	 283.323761 	 288.531830 	 1.868180 	 99295.851562 	 483.882996 
311 	 41.678688 	 283.323761 	 289.575623 	 1.803742 	 99160.000000 	 459.286224 
312 	 41.678688 	 283.323761 	 285.257263 	 2.604206 	 99530.812500 	 451.996826 
313 	 41.678688 	 283.323761 	 282.951202 	 2.636721 	 99537.687500 	 412.759277 
314 	 41.678688 	 283.323761 	 285.207001 	 3.081115 	 98330.093750 	 379.944885 
315 	 41.678688 	 283.323761 	 275.769318 	 3.339357 	 98748.359375 	 386.589355 
316 	 41.678688 	 283.323761 	 272.526306 	 2.070044 	 99413.382812 	 366.580292 
317 	 41.678688 	 283.323761 	 278.466675 	 2.727158 	 98705.476562 	 352.685059 
318 	 41.678688 	 283.323761 	 278.710236 	 2.982934 	 97965.960938 	 382.481934 
319 	 41.678688 	 283.323761 	 279.883148 	 2.052082 	 99215.070312 	 390.831146 
320 	 41.678688 	 283.323761 	 281.531769 	 2.742776 	 99618.203125 	 399.585144 
321 	 41.678688 	 283.323761 	 281.657867 	 2.512916 	 99262.953125 	 374.627075 
322 	 41.678688 	 283.323761 	 283.316498 	 4.398052 	 98083.773438 	 412.013336 
323 	 41.678688 	 283.323761 	 279.891571 	 5.866971 	 96858.968750 	 391.900726 
324 	 41.678688 	 283.323761 	 275.345947 	 3.335696 	 98458.578125 	 367.515991 
325 	 41.678688 	 283.323761 	 282.027863 	 3.664209 	 98987.460938 	 398.616302 
326 	 41.678688 	 283.323761 	 288.789093 	 2.932126 	 100047.796875 	 420.621826 
327 	 41.678688 	 283.323761 	 289.255920 	 4.037990 	 100575.500000 	 437.602844 
328 	 41.678688 	 283.323761 	 288.271881 	 3.990074 	 100450.796875 	 422.031860 
329 	 41.678688 	 283.323761 	 286.045990 	 3.494315 	 100117.203125 	 392.440186 
330 	 41.678688 	 283.323761 	 281.546021 	 2.148975 	 100353.500000 	 369.841461 
331 	 41.678688 	 283.323761 	 283.934357 	 1.516910 	 100615.601562 	 392.145660 
332 	 41.678688 	 283.323761 	 284.843231 	 2.911472 	 100636.000000 	 411.303040 
333 	 41.678688 	 283.323761 	 286.580811 	 3.668905 	 100046.398438 	 413.253357 
334 	 41.678688 	 283.323761 	 285.803589 	 4.487062 	 98898.367188 	 419.620880 
335 	 41.678688 	 283.323761 	 280.615479 	 3.765350 	 98835.546875 	 376.408142 
336 	 41.678688 	 283.323761 	 273.733734 	 2.492270 	 100219.398438 	 356.761627 
337 	 41.678688 	 283.323761 	 278.381714 	 2.235875 	 99880.757812 	 371.133728 
338 	 41.678688 	 283.323761 	 275.407196 	 1.132465 	 99446.156250 	 358.222351 
339 	 41.678688 	 283.323761 	 273.834778 	 1.542322 	 99226.226562 	 349.158203 
340 	 41.678688 	 283.323761 	 276.971283 	 2.236767 	 98823.773438 	 331.768982 
341 	 41.678688 	 283.323761 	 279.685272 	 1.626504 	 99422.046875 	 371.640076 
342 	 41.678688 	 283.323761 	 284.755768 	 3.742890 	 99179.000000 	 378.185181 
343 	 41.678688 	 283.323761 	 285.770020 	 5.046227 	 97019.773438 	 384.488434 
344 	 41.678688 	 283.323761 	 275.206421 	 3.800395 	 98725.937500 	 337.501404 
345 	 41.678688 	 283.323761 	 274.825867 	 2.309512 	 99652.312500 	 336.440216 
346 	 41.678688 	 283.323761 	 281.058105 	 5.399102 	 98525.117188 	 348.407318 
347 	 41.678688 	 283.323761 	 274.297852 	 1.419605 	 98622.093750 	 319.431519 
348 	 41.678688 	 283.323761 	 278.735840 	 4.240880 	 96442.617188 	 352.585754 
349 	 41.678688 	 283.323761 	 274.072998 	 6.029276 	 96535.031250 	 350.473175 
350 	 41.678688 	 283.323761 	 272.269775 	 5.058854 	 97188.367188 	 336.429993 
351 	 41.678688 	 283.323761 	 273.042816 	 3.585473 	 98114.367188 	 324.434540 
352 	 41.678688 	 283.323761 	 273.744110 	 2.859107 	 98449.359375 	 324.949921 
353 	 41.678688 	 283.323761 	 269.725311 	 2.717277 	 98425.000000 	 323.136658 
354 	 41.678688 	 283.323761 	 269.172455 	 2.764147 	 98390.820312 	 300.852295 
355 	 41.678688 	 283.323761 	 268.804993 	 1.013213 	 98684.367188 	 306.196686 
356 	 41.678688 	 283.323761 	 268.440033 	 2.295548 	 99035.062500 	 302.118317 
357 	 41.678688 	 283.323761 	 269.077850 	 1.492366 	 99133.953125 	 328.304443 
358 	 41.678688 	 283.323761 	 269.576447 	 0.945709 	 99367.343750 	 327.420959 
359 	 41.678688 	 283.323761 	 269.675873 	 1.811834 	 99359.843750 	 318.734070 
360 	 41.678688 	 283.323761 	 273.878571 	 3.012617 	 99043.546875 	 333.491730 
361 	 41.678688 	 283.323761 	 275.003387 	 1.961830 	 98924.617188 	 310.925446 
362 	 41.678688 	 283.323761 	 269.547577 	 1.943605 	 98802.976562 	 318.585693 
363 	 41.678688 	 283.323761 	 269.504395 	 3.832758 	 98275.453125 	 313.580261 
364 	 41.678688 	 283.323761 	 266.182312 	 2.467152 	 99721.593750 	 292.830566 
