# 0: Day of Year [-] 	 1: lat [deg] 	 2: lon [deg] 	 3: tas [K] 	 4: sfcWind [m s-1] 	 5: ps [Pa] 	 6: Total Downwelling Rad Flux [W m-2] 
0 	 41.678688 	 283.323761 	 270.329376 	 1.654896 	 99561.101562 	 318.929932 
1 	 41.678688 	 283.323761 	 268.864655 	 1.175684 	 99422.859375 	 307.221100 
2 	 41.678688 	 283.323761 	 270.068207 	 2.779597 	 98701.406250 	 292.194061 
3 	 41.678688 	 283.323761 	 269.302826 	 2.399292 	 98412.929688 	 352.930054 
4 	 41.678688 	 283.323761 	 266.186096 	 3.037775 	 98731.718750 	 308.094116 
5 	 41.678688 	 283.323761 	 270.438263 	 2.671780 	 98527.476562 	 327.221985 
6 	 41.678688 	 283.323761 	 270.938263 	 4.031272 	 97497.507812 	 329.701599 
7 	 41.678688 	 283.323761 	 263.525269 	 3.636039 	 98388.046875 	 291.395538 
8 	 41.678688 	 283.323761 	 268.825226 	 4.271012 	 98528.656250 	 316.679840 
9 	 41.678688 	 283.323761 	 261.113739 	 1.771769 	 99799.789062 	 288.018433 
10 	 41.678688 	 283.323761 	 258.403137 	 0.483423 	 100641.898438 	 271.302032 
11 	 41.678688 	 283.323761 	 261.411713 	 2.383440 	 100682.703125 	 317.656433 
12 	 41.678688 	 283.323761 	 261.903351 	 1.371255 	 100206.000000 	 303.552002 
13 	 41.678688 	 283.323761 	 268.320923 	 1.984803 	 99014.273438 	 301.365295 
14 	 41.678688 	 283.323761 	 267.686127 	 2.876886 	 98147.523438 	 341.281891 
15 	 41.678688 	 283.323761 	 270.498413 	 3.584299 	 97583.007812 	 357.737579 
16 	 41.678688 	 283.323761 	 266.011078 	 2.555871 	 98288.093750 	 315.048889 
17 	 41.678688 	 283.323761 	 264.987518 	 2.648688 	 98984.593750 	 321.756897 
18 	 41.678688 	 283.323761 	 268.300446 	 1.919484 	 99558.539062 	 338.854279 
19 	 41.678688 	 283.323761 	 274.532898 	 3.259834 	 99716.023438 	 356.636108 
20 	 41.678688 	 283.323761 	 278.326080 	 4.032324 	 99496.390625 	 376.875366 
21 	 41.678688 	 283.323761 	 282.790161 	 3.331648 	 98041.007812 	 362.627411 
22 	 41.678688 	 283.323761 	 273.123779 	 1.687540 	 98309.390625 	 358.337219 
23 	 41.678688 	 283.323761 	 269.108307 	 1.556571 	 98541.757812 	 322.798370 
24 	 41.678688 	 283.323761 	 272.299530 	 3.435263 	 97979.507812 	 362.239777 
25 	 41.678688 	 283.323761 	 268.225006 	 3.610998 	 98427.789062 	 324.133179 
26 	 41.678688 	 283.323761 	 265.576965 	 2.611474 	 99564.328125 	 326.988800 
27 	 41.678688 	 283.323761 	 264.048828 	 1.654300 	 100207.000000 	 323.593628 
28 	 41.678688 	 283.323761 	 266.916504 	 2.578662 	 99284.398438 	 292.189941 
29 	 41.678688 	 283.323761 	 272.894135 	 2.754140 	 98290.828125 	 370.511932 
30 	 41.678688 	 283.323761 	 268.184174 	 3.080859 	 97654.117188 	 352.938965 
31 	 41.678688 	 283.323761 	 263.400757 	 4.511400 	 97891.890625 	 364.630951 
32 	 41.678688 	 283.323761 	 268.805573 	 3.800683 	 98211.078125 	 341.938538 
33 	 41.678688 	 283.323761 	 269.539825 	 2.892565 	 98978.218750 	 357.241028 
34 	 41.678688 	 283.323761 	 273.261383 	 1.808807 	 99394.656250 	 370.397461 
35 	 41.678688 	 283.323761 	 275.926605 	 2.056662 	 99432.656250 	 379.538757 
36 	 41.678688 	 283.323761 	 277.831329 	 2.295124 	 99277.140625 	 354.267365 
37 	 41.678688 	 283.323761 	 279.049316 	 2.649185 	 99234.882812 	 378.820374 
38 	 41.678688 	 283.323761 	 281.123108 	 4.557947 	 98649.617188 	 388.320679 
39 	 41.678688 	 283.323761 	 276.592529 	 2.017852 	 98822.140625 	 414.795349 
40 	 41.678688 	 283.323761 	 278.245178 	 3.499147 	 99639.726562 	 384.931152 
41 	 41.678688 	 283.323761 	 279.092651 	 2.852390 	 99162.601562 	 368.012726 
42 	 41.678688 	 283.323761 	 273.170471 	 1.254212 	 99381.656250 	 422.882874 
43 	 41.678688 	 283.323761 	 273.872467 	 1.845570 	 99214.140625 	 321.007050 
44 	 41.678688 	 283.323761 	 278.287781 	 2.110718 	 98044.101562 	 362.021881 
45 	 41.678688 	 283.323761 	 273.735321 	 4.873860 	 98505.132812 	 435.563354 
46 	 41.678688 	 283.323761 	 269.314453 	 2.839725 	 99677.906250 	 377.825623 
47 	 41.678688 	 283.323761 	 277.799927 	 5.037081 	 98424.117188 	 371.994263 
48 	 41.678688 	 283.323761 	 278.779785 	 4.102513 	 97917.382812 	 457.119904 
49 	 41.678688 	 283.323761 	 270.398102 	 2.332905 	 99621.906250 	 389.750763 
50 	 41.678688 	 283.323761 	 271.144104 	 2.249520 	 100347.796875 	 389.914917 
51 	 41.678688 	 283.323761 	 277.571442 	 4.355725 	 98955.367188 	 352.611511 
52 	 41.678688 	 283.323761 	 283.444366 	 3.021776 	 97858.750000 	 419.687012 
53 	 41.678688 	 283.323761 	 275.753052 	 4.699208 	 97469.070312 	 392.332489 
54 	 41.678688 	 283.323761 	 267.855957 	 3.307124 	 99057.046875 	 396.404419 
55 	 41.678688 	 283.323761 	 269.604248 	 1.650199 	 99210.367188 	 399.629120 
56 	 41.678688 	 283.323761 	 271.419769 	 2.554154 	 99144.296875 	 422.953003 
57 	 41.678688 	 283.323761 	 271.321136 	 2.035038 	 99706.296875 	 406.323914 
58 	 41.678688 	 283.323761 	 274.345978 	 3.480086 	 99290.929688 	 348.608704 
59 	 41.678688 	 283.323761 	 276.834259 	 4.038658 	 98477.773438 	 474.966339 
60 	 41.678688 	 283.323761 	 274.659363 	 2.217128 	 99047.046875 	 370.061218 
61 	 41.678688 	 283.323761 	 275.446045 	 1.859861 	 98980.617188 	 460.435944 
62 	 41.678688 	 283.323761 	 273.184052 	 2.261712 	 99050.507812 	 397.034210 
63 	 41.678688 	 283.323761 	 279.523773 	 3.532499 	 97854.039062 	 416.336304 
64 	 41.678688 	 283.323761 	 274.621307 	 4.447766 	 97513.312500 	 451.603455 
65 	 41.678688 	 283.323761 	 267.876495 	 4.627971 	 98793.523438 	 410.732483 
66 	 41.678688 	 283.323761 	 271.393372 	 3.553213 	 99594.851562 	 430.159241 
67 	 41.678688 	 283.323761 	 273.905823 	 1.988927 	 99923.632812 	 441.880127 
68 	 41.678688 	 283.323761 	 282.785767 	 3.620092 	 99262.210938 	 491.226471 
69 	 41.678688 	 283.323761 	 284.359222 	 1.334011 	 99124.242188 	 484.812500 
70 	 41.678688 	 283.323761 	 281.606842 	 2.459785 	 99110.406250 	 377.888031 
71 	 41.678688 	 283.323761 	 285.889801 	 5.848773 	 97952.257812 	 406.552856 
72 	 41.678688 	 283.323761 	 283.269928 	 4.657325 	 96976.710938 	 455.965027 
73 	 41.678688 	 283.323761 	 282.483826 	 2.472549 	 98134.593750 	 483.932678 
74 	 41.678688 	 283.323761 	 285.637573 	 5.521700 	 98126.492188 	 415.345337 
75 	 41.678688 	 283.323761 	 282.252899 	 4.008575 	 97806.523438 	 523.031677 
76 	 41.678688 	 283.323761 	 276.143585 	 3.050453 	 98890.750000 	 408.916168 
77 	 41.678688 	 283.323761 	 279.157043 	 3.664581 	 97097.617188 	 501.510315 
78 	 41.678688 	 283.323761 	 276.008514 	 4.965244 	 96858.429688 	 402.507874 
79 	 41.678688 	 283.323761 	 276.925781 	 4.560362 	 97938.742188 	 484.039459 
80 	 41.678688 	 283.323761 	 277.204895 	 3.174777 	 99154.312500 	 486.297058 
81 	 41.678688 	 283.323761 	 277.022217 	 1.696741 	 99493.437500 	 491.206238 
82 	 41.678688 	 283.323761 	 277.985229 	 1.072670 	 99091.500000 	 488.322113 
83 	 41.678688 	 283.323761 	 279.710785 	 3.316271 	 98330.867188 	 390.787262 
84 	 41.678688 	 283.323761 	 278.056274 	 1.372592 	 98868.781250 	 497.063782 
85 	 41.678688 	 283.323761 	 282.466553 	 1.950116 	 99513.093750 	 473.502319 
86 	 41.678688 	 283.323761 	 284.434845 	 3.711473 	 99635.179688 	 480.769806 
87 	 41.678688 	 283.323761 	 288.030396 	 6.190454 	 98842.882812 	 495.928223 
88 	 41.678688 	 283.323761 	 286.005524 	 2.351901 	 98639.406250 	 473.196533 
89 	 41.678688 	 283.323761 	 280.796478 	 2.790957 	 99160.218750 	 371.560760 
90 	 41.678688 	 283.323761 	 288.972748 	 3.473779 	 98361.742188 	 433.371246 
91 	 41.678688 	 283.323761 	 285.875000 	 2.211527 	 97334.507812 	 516.525513 
92 	 41.678688 	 283.323761 	 283.337402 	 3.383756 	 97435.367188 	 518.167969 
93 	 41.678688 	 283.323761 	 281.928009 	 2.153065 	 97569.382812 	 384.859802 
94 	 41.678688 	 283.323761 	 274.554230 	 6.811083 	 97024.671875 	 504.410217 
95 	 41.678688 	 283.323761 	 279.389160 	 2.879327 	 98791.312500 	 525.690674 
96 	 41.678688 	 283.323761 	 284.790924 	 3.215587 	 98416.273438 	 531.192139 
97 	 41.678688 	 283.323761 	 283.800446 	 2.294540 	 97960.953125 	 523.100464 
98 	 41.678688 	 283.323761 	 278.626404 	 4.003311 	 98133.750000 	 484.008240 
99 	 41.678688 	 283.323761 	 273.588501 	 4.238391 	 98713.460938 	 518.602966 
100 	 41.678688 	 283.323761 	 275.128723 	 1.951997 	 98978.140625 	 459.910828 
101 	 41.678688 	 283.323761 	 283.599396 	 4.698279 	 98270.593750 	 448.112732 
102 	 41.678688 	 283.323761 	 287.934143 	 4.695323 	 97028.929688 	 572.703186 
103 	 41.678688 	 283.323761 	 276.577972 	 4.336399 	 97786.406250 	 521.135010 
104 	 41.678688 	 283.323761 	 277.908752 	 3.174664 	 98450.117188 	 532.527527 
105 	 41.678688 	 283.323761 	 278.801788 	 3.325037 	 98746.617188 	 539.531860 
106 	 41.678688 	 283.323761 	 281.921814 	 2.303603 	 99126.210938 	 555.746460 
107 	 41.678688 	 283.323761 	 287.241638 	 4.891209 	 97863.617188 	 458.224182 
108 	 41.678688 	 283.323761 	 286.934204 	 3.231686 	 97437.312500 	 558.094299 
109 	 41.678688 	 283.323761 	 286.808868 	 2.508082 	 97557.156250 	 551.932617 
110 	 41.678688 	 283.323761 	 285.870789 	 2.646484 	 97835.226562 	 501.271179 
111 	 41.678688 	 283.323761 	 291.706696 	 4.786235 	 97027.289062 	 422.130798 
112 	 41.678688 	 283.323761 	 282.822510 	 4.620203 	 98371.851562 	 563.820068 
113 	 41.678688 	 283.323761 	 281.750458 	 1.940723 	 99476.859375 	 461.026001 
114 	 41.678688 	 283.323761 	 290.545746 	 5.191188 	 98962.500000 	 561.840515 
115 	 41.678688 	 283.323761 	 285.604462 	 3.156900 	 98873.968750 	 614.247681 
116 	 41.678688 	 283.323761 	 281.726959 	 1.047574 	 99408.609375 	 584.553467 
117 	 41.678688 	 283.323761 	 283.502533 	 3.796503 	 98960.203125 	 452.513489 
118 	 41.678688 	 283.323761 	 280.868469 	 2.238673 	 98885.781250 	 552.324829 
119 	 41.678688 	 283.323761 	 280.171692 	 2.126215 	 99259.523438 	 585.072021 
120 	 41.678688 	 283.323761 	 288.184662 	 1.926938 	 98777.250000 	 553.291626 
121 	 41.678688 	 283.323761 	 289.417206 	 2.903631 	 98561.367188 	 619.784424 
122 	 41.678688 	 283.323761 	 291.393005 	 4.004637 	 97802.796875 	 656.848755 
123 	 41.678688 	 283.323761 	 286.287842 	 1.740809 	 98560.312500 	 605.498352 
124 	 41.678688 	 283.323761 	 288.839691 	 2.783418 	 98913.320312 	 601.009888 
125 	 41.678688 	 283.323761 	 293.651215 	 4.597366 	 97511.328125 	 496.005646 
126 	 41.678688 	 283.323761 	 280.188995 	 5.335968 	 97790.062500 	 604.239624 
127 	 41.678688 	 283.323761 	 279.572937 	 2.134013 	 99543.171875 	 544.003601 
128 	 41.678688 	 283.323761 	 283.258362 	 4.919927 	 99048.601562 	 415.906128 
129 	 41.678688 	 283.323761 	 284.721741 	 3.456401 	 98122.203125 	 532.620117 
130 	 41.678688 	 283.323761 	 281.040222 	 4.452372 	 98456.226562 	 620.539185 
131 	 41.678688 	 283.323761 	 281.001343 	 2.506262 	 99469.117188 	 598.726318 
132 	 41.678688 	 283.323761 	 285.392639 	 2.463589 	 99842.656250 	 620.174683 
133 	 41.678688 	 283.323761 	 295.578064 	 3.472790 	 99010.281250 	 679.349609 
134 	 41.678688 	 283.323761 	 296.171051 	 3.260677 	 98724.226562 	 583.469849 
135 	 41.678688 	 283.323761 	 295.211578 	 1.709525 	 98944.976562 	 686.384888 
136 	 41.678688 	 283.323761 	 294.965576 	 2.174844 	 98725.593750 	 673.795837 
137 	 41.678688 	 283.323761 	 294.209106 	 2.283862 	 98291.671875 	 599.993469 
138 	 41.678688 	 283.323761 	 292.998566 	 5.001926 	 97531.523438 	 631.518982 
139 	 41.678688 	 283.323761 	 281.625427 	 4.147631 	 97703.218750 	 547.019897 
140 	 41.678688 	 283.323761 	 282.100952 	 2.379146 	 98392.257812 	 581.273438 
141 	 41.678688 	 283.323761 	 281.172699 	 3.093474 	 98911.843750 	 593.315308 
142 	 41.678688 	 283.323761 	 280.826477 	 1.861803 	 98959.218750 	 463.803925 
143 	 41.678688 	 283.323761 	 288.355194 	 3.952215 	 98360.898438 	 604.999329 
144 	 41.678688 	 283.323761 	 288.169830 	 4.562491 	 98997.296875 	 673.707764 
145 	 41.678688 	 283.323761 	 288.474945 	 1.712685 	 99700.601562 	 654.078674 
146 	 41.678688 	 283.323761 	 294.518829 	 4.099029 	 99325.328125 	 676.998535 
147 	 41.678688 	 283.323761 	 296.877655 	 3.977990 	 98767.273438 	 684.476440 
148 	 41.678688 	 283.323761 	 296.344940 	 4.054874 	 98373.921875 	 701.255493 
149 	 41.678688 	 283.323761 	 286.548553 	 3.947464 	 98720.609375 	 638.527222 
150 	 41.678688 	 283.323761 	 285.663239 	 3.168147 	 98957.203125 	 638.358154 
151 	 41.678688 	 283.323761 	 286.361481 	 2.322114 	 99034.617188 	 476.978790 
152 	 41.678688 	 283.323761 	 290.473938 	 4.366958 	 98470.468750 	 506.101624 
153 	 41.678688 	 283.323761 	 295.379913 	 3.163669 	 98059.156250 	 691.474854 
154 	 41.678688 	 283.323761 	 295.721436 	 1.508183 	 98869.507812 	 710.637817 
155 	 41.678688 	 283.323761 	 296.844238 	 0.716299 	 99475.687500 	 680.647217 
156 	 41.678688 	 283.323761 	 298.133301 	 1.354534 	 99395.687500 	 691.053345 
157 	 41.678688 	 283.323761 	 297.188416 	 2.096022 	 98687.851562 	 721.268372 
158 	 41.678688 	 283.323761 	 297.771210 	 1.778904 	 98672.656250 	 705.635986 
159 	 41.678688 	 283.323761 	 299.293335 	 2.103755 	 98109.437500 	 719.775146 
160 	 41.678688 	 283.323761 	 294.713379 	 3.151788 	 98252.953125 	 704.965698 
161 	 41.678688 	 283.323761 	 289.261932 	 2.800371 	 98859.328125 	 656.593750 
162 	 41.678688 	 283.323761 	 289.808258 	 0.919212 	 99115.929688 	 666.556396 
163 	 41.678688 	 283.323761 	 294.977753 	 2.886110 	 98712.046875 	 659.658447 
164 	 41.678688 	 283.323761 	 296.786774 	 4.152812 	 98142.562500 	 698.445068 
165 	 41.678688 	 283.323761 	 295.387634 	 4.013107 	 98012.593750 	 589.729919 
166 	 41.678688 	 283.323761 	 289.661285 	 3.945402 	 99260.812500 	 665.346191 
167 	 41.678688 	 283.323761 	 288.387909 	 1.539221 	 99845.289062 	 661.907837 
168 	 41.678688 	 283.323761 	 290.051270 	 1.483559 	 99481.953125 	 652.813904 
169 	 41.678688 	 283.323761 	 289.758789 	 3.905336 	 99083.296875 	 661.007263 
170 	 41.678688 	 283.323761 	 289.560333 	 3.307128 	 99375.968750 	 646.666870 
171 	 41.678688 	 283.323761 	 291.501251 	 2.079062 	 99027.562500 	 677.210815 
172 	 41.678688 	 283.323761 	 298.411377 	 3.994649 	 97868.726562 	 667.070312 
173 	 41.678688 	 283.323761 	 297.238159 	 3.291133 	 97718.679688 	 560.969849 
174 	 41.678688 	 283.323761 	 295.980316 	 2.197000 	 98141.226562 	 664.799316 
175 	 41.678688 	 283.323761 	 295.967010 	 1.642254 	 98610.906250 	 696.247803 
176 	 41.678688 	 283.323761 	 297.891144 	 2.646347 	 97939.148438 	 702.474365 
177 	 41.678688 	 283.323761 	 295.842438 	 1.841827 	 98279.703125 	 702.238892 
178 	 41.678688 	 283.323761 	 295.964355 	 3.609446 	 97991.609375 	 537.531433 
179 	 41.678688 	 283.323761 	 296.211517 	 2.788767 	 97611.570312 	 608.212830 
180 	 41.678688 	 283.323761 	 293.935120 	 4.196506 	 97150.000000 	 597.316895 
181 	 41.678688 	 283.323761 	 293.388275 	 5.326789 	 97438.343750 	 669.049927 
182 	 41.678688 	 283.323761 	 297.599060 	 2.732531 	 97881.796875 	 721.141357 
183 	 41.678688 	 283.323761 	 297.432495 	 0.983253 	 98428.218750 	 717.616211 
184 	 41.678688 	 283.323761 	 300.258545 	 2.879815 	 98652.750000 	 730.797119 
185 	 41.678688 	 283.323761 	 300.096619 	 2.842806 	 98592.992188 	 719.993164 
186 	 41.678688 	 283.323761 	 300.019440 	 2.977966 	 98181.507812 	 688.600464 
187 	 41.678688 	 283.323761 	 299.070160 	 1.715288 	 98320.937500 	 726.778992 
188 	 41.678688 	 283.323761 	 297.701294 	 2.257358 	 98784.726562 	 577.386597 
189 	 41.678688 	 283.323761 	 298.344421 	 2.579964 	 98925.406250 	 548.920227 
190 	 41.678688 	 283.323761 	 296.507538 	 2.074275 	 98887.976562 	 489.562408 
191 	 41.678688 	 283.323761 	 296.815063 	 2.573572 	 98680.351562 	 519.768066 
192 	 41.678688 	 283.323761 	 298.270264 	 2.470088 	 98536.296875 	 669.426025 
193 	 41.678688 	 283.323761 	 297.272125 	 1.330136 	 98634.726562 	 652.023193 
194 	 41.678688 	 283.323761 	 296.956451 	 2.625503 	 98640.296875 	 565.334839 
195 	 41.678688 	 283.323761 	 297.495483 	 2.449302 	 98440.218750 	 632.495850 
196 	 41.678688 	 283.323761 	 299.510712 	 3.035260 	 98369.328125 	 743.377197 
197 	 41.678688 	 283.323761 	 299.348267 	 1.841102 	 98820.132812 	 719.859985 
198 	 41.678688 	 283.323761 	 301.080292 	 5.398935 	 98032.593750 	 692.761597 
199 	 41.678688 	 283.323761 	 296.411865 	 2.348799 	 98054.226562 	 628.695435 
200 	 41.678688 	 283.323761 	 295.299774 	 2.161525 	 98472.140625 	 659.638794 
201 	 41.678688 	 283.323761 	 293.271545 	 2.407558 	 98794.570312 	 676.112671 
202 	 41.678688 	 283.323761 	 292.644775 	 0.867296 	 99018.062500 	 678.289001 
203 	 41.678688 	 283.323761 	 291.408936 	 3.524122 	 98838.453125 	 441.423370 
204 	 41.678688 	 283.323761 	 295.040710 	 5.297567 	 98203.906250 	 640.743408 
205 	 41.678688 	 283.323761 	 296.685242 	 2.286405 	 98771.617188 	 625.817993 
206 	 41.678688 	 283.323761 	 297.517029 	 2.929273 	 98982.492188 	 615.787964 
207 	 41.678688 	 283.323761 	 297.110443 	 4.198345 	 98767.101562 	 543.900940 
208 	 41.678688 	 283.323761 	 292.440491 	 1.304283 	 98753.898438 	 652.011597 
209 	 41.678688 	 283.323761 	 294.166168 	 1.121777 	 99226.406250 	 683.397766 
210 	 41.678688 	 283.323761 	 295.679749 	 2.445995 	 99271.601562 	 639.887329 
211 	 41.678688 	 283.323761 	 296.507935 	 2.370407 	 98994.351562 	 634.435974 
212 	 41.678688 	 283.323761 	 297.415466 	 1.909125 	 98695.210938 	 601.767944 
213 	 41.678688 	 283.323761 	 296.330444 	 2.619064 	 98381.226562 	 586.352234 
214 	 41.678688 	 283.323761 	 296.493530 	 4.048991 	 97726.226562 	 621.732483 
215 	 41.678688 	 283.323761 	 294.653625 	 3.246518 	 98012.523438 	 672.011902 
216 	 41.678688 	 283.323761 	 292.613770 	 0.969724 	 98475.070312 	 658.197998 
217 	 41.678688 	 283.323761 	 293.796448 	 1.892451 	 98669.289062 	 438.951050 
218 	 41.678688 	 283.323761 	 295.066223 	 2.318010 	 98962.539062 	 677.789673 
219 	 41.678688 	 283.323761 	 294.206818 	 1.223364 	 98915.703125 	 585.103271 
220 	 41.678688 	 283.323761 	 295.798187 	 2.980585 	 98830.187500 	 701.648682 
221 	 41.678688 	 283.323761 	 295.556183 	 1.802460 	 99232.710938 	 604.669678 
222 	 41.678688 	 283.323761 	 296.090851 	 2.255770 	 99011.507812 	 667.695923 
223 	 41.678688 	 283.323761 	 297.873932 	 3.140028 	 98545.593750 	 683.647339 
224 	 41.678688 	 283.323761 	 298.245331 	 2.156160 	 98373.210938 	 600.923584 
225 	 41.678688 	 283.323761 	 296.578003 	 1.325468 	 98648.367188 	 630.996399 
226 	 41.678688 	 283.323761 	 299.374573 	 2.136539 	 98986.367188 	 633.193848 
227 	 41.678688 	 283.323761 	 300.301270 	 4.431630 	 98903.476562 	 668.356628 
228 	 41.678688 	 283.323761 	 300.597351 	 3.314276 	 98302.281250 	 653.847717 
229 	 41.678688 	 283.323761 	 295.970398 	 2.777239 	 98754.390625 	 664.264160 
230 	 41.678688 	 283.323761 	 296.782776 	 1.153507 	 99154.031250 	 667.627563 
231 	 41.678688 	 283.323761 	 298.774200 	 1.937790 	 98835.046875 	 662.854614 
232 	 41.678688 	 283.323761 	 298.441284 	 2.467963 	 98505.546875 	 623.075073 
233 	 41.678688 	 283.323761 	 299.048431 	 2.580050 	 98554.578125 	 658.889526 
234 	 41.678688 	 283.323761 	 300.307556 	 3.920846 	 98662.171875 	 690.443115 
235 	 41.678688 	 283.323761 	 301.519867 	 5.099602 	 98252.500000 	 683.633118 
236 	 41.678688 	 283.323761 	 296.255859 	 3.829142 	 98342.453125 	 662.445923 
237 	 41.678688 	 283.323761 	 290.942688 	 2.487730 	 99571.382812 	 604.704468 
238 	 41.678688 	 283.323761 	 292.955414 	 4.545813 	 99587.078125 	 591.995483 
239 	 41.678688 	 283.323761 	 297.199127 	 4.326798 	 98660.796875 	 575.178589 
240 	 41.678688 	 283.323761 	 292.584808 	 1.460972 	 98747.617188 	 622.248169 
241 	 41.678688 	 283.323761 	 294.274078 	 1.659042 	 98999.289062 	 630.623291 
242 	 41.678688 	 283.323761 	 298.749969 	 3.249101 	 98420.640625 	 614.655212 
243 	 41.678688 	 283.323761 	 296.602631 	 2.321376 	 98666.453125 	 575.371643 
244 	 41.678688 	 283.323761 	 297.842957 	 4.336777 	 98311.453125 	 531.086792 
245 	 41.678688 	 283.323761 	 288.332672 	 3.572263 	 99335.789062 	 581.236328 
246 	 41.678688 	 283.323761 	 287.408234 	 1.043562 	 99995.492188 	 575.657959 
247 	 41.678688 	 283.323761 	 290.294342 	 1.854880 	 99497.867188 	 571.265747 
248 	 41.678688 	 283.323761 	 295.837006 	 2.253925 	 99029.703125 	 607.580750 
249 	 41.678688 	 283.323761 	 299.584351 	 3.144794 	 98835.656250 	 622.840820 
250 	 41.678688 	 283.323761 	 298.287048 	 3.395692 	 98820.656250 	 597.868225 
251 	 41.678688 	 283.323761 	 294.918091 	 3.999576 	 98666.648438 	 564.620483 
252 	 41.678688 	 283.323761 	 285.925293 	 2.692287 	 99689.593750 	 551.424194 
253 	 41.678688 	 283.323761 	 285.401825 	 1.703111 	 99300.843750 	 451.869812 
254 	 41.678688 	 283.323761 	 292.191193 	 4.385983 	 97690.953125 	 584.092224 
255 	 41.678688 	 283.323761 	 280.794556 	 5.512863 	 98139.406250 	 472.072998 
256 	 41.678688 	 283.323761 	 283.016174 	 3.061631 	 98858.273438 	 538.927368 
257 	 41.678688 	 283.323761 	 286.840729 	 3.014684 	 98561.039062 	 548.368774 
258 	 41.678688 	 283.323761 	 286.764648 	 2.341505 	 98930.296875 	 533.381287 
259 	 41.678688 	 283.323761 	 284.394928 	 0.673989 	 99622.500000 	 536.185974 
260 	 41.678688 	 283.323761 	 288.630951 	 3.947127 	 99109.796875 	 450.102264 
261 	 41.678688 	 283.323761 	 295.190521 	 2.640694 	 98481.687500 	 579.142395 
262 	 41.678688 	 283.323761 	 293.547729 	 2.574531 	 99360.937500 	 564.044556 
263 	 41.678688 	 283.323761 	 299.062683 	 2.853818 	 99207.218750 	 597.224609 
264 	 41.678688 	 283.323761 	 292.324371 	 2.737737 	 99214.273438 	 560.617188 
265 	 41.678688 	 283.323761 	 286.862793 	 1.482401 	 99198.906250 	 532.510803 
266 	 41.678688 	 283.323761 	 289.254211 	 1.722921 	 98967.421875 	 536.242920 
267 	 41.678688 	 283.323761 	 292.869385 	 1.861546 	 98745.289062 	 565.284546 
268 	 41.678688 	 283.323761 	 290.825653 	 1.259357 	 98892.789062 	 518.911804 
269 	 41.678688 	 283.323761 	 289.604767 	 0.748863 	 98772.476562 	 534.482422 
270 	 41.678688 	 283.323761 	 294.416931 	 2.194326 	 98552.007812 	 491.107147 
271 	 41.678688 	 283.323761 	 291.263428 	 3.306462 	 98323.476562 	 426.909302 
272 	 41.678688 	 283.323761 	 280.896210 	 4.447121 	 98974.882812 	 502.218628 
273 	 41.678688 	 283.323761 	 277.897400 	 4.638986 	 99221.640625 	 454.828064 
274 	 41.678688 	 283.323761 	 278.390594 	 1.967653 	 99557.187500 	 474.132690 
275 	 41.678688 	 283.323761 	 282.724976 	 2.413813 	 99408.953125 	 409.715729 
276 	 41.678688 	 283.323761 	 290.708374 	 3.333653 	 99163.281250 	 520.179626 
277 	 41.678688 	 283.323761 	 292.274445 	 3.017859 	 99092.539062 	 491.785889 
278 	 41.678688 	 283.323761 	 292.757629 	 3.624610 	 98969.046875 	 502.784912 
279 	 41.678688 	 283.323761 	 287.463318 	 2.509182 	 99150.296875 	 501.862671 
280 	 41.678688 	 283.323761 	 282.747009 	 1.329323 	 99462.179688 	 482.310608 
281 	 41.678688 	 283.323761 	 288.511627 	 3.298373 	 98973.710938 	 464.637939 
282 	 41.678688 	 283.323761 	 287.636200 	 2.421129 	 99659.101562 	 500.926270 
283 	 41.678688 	 283.323761 	 283.925385 	 2.569777 	 100151.898438 	 470.843933 
284 	 41.678688 	 283.323761 	 289.989777 	 2.823338 	 99383.023438 	 453.717957 
285 	 41.678688 	 283.323761 	 291.690063 	 3.098348 	 99173.851562 	 431.424469 
286 	 41.678688 	 283.323761 	 293.767181 	 2.980923 	 98508.156250 	 501.623444 
287 	 41.678688 	 283.323761 	 289.719543 	 3.301430 	 99324.843750 	 420.183044 
288 	 41.678688 	 283.323761 	 291.255127 	 5.380711 	 97952.500000 	 484.347229 
289 	 41.678688 	 283.323761 	 284.599792 	 3.274979 	 98117.093750 	 475.527710 
290 	 41.678688 	 283.323761 	 278.888092 	 1.654216 	 99027.820312 	 416.567566 
291 	 41.678688 	 283.323761 	 280.248260 	 4.067727 	 98917.679688 	 461.974487 
292 	 41.678688 	 283.323761 	 278.718262 	 3.425910 	 99534.203125 	 411.657745 
293 	 41.678688 	 283.323761 	 282.834137 	 3.599623 	 98674.867188 	 372.882324 
294 	 41.678688 	 283.323761 	 280.082581 	 3.084314 	 99058.359375 	 430.568909 
295 	 41.678688 	 283.323761 	 276.452606 	 1.587433 	 99271.953125 	 420.836609 
296 	 41.678688 	 283.323761 	 282.080505 	 3.227474 	 99126.093750 	 434.795471 
297 	 41.678688 	 283.323761 	 286.581177 	 4.175930 	 98680.328125 	 382.938049 
298 	 41.678688 	 283.323761 	 285.690796 	 2.238637 	 98302.773438 	 492.207886 
299 	 41.678688 	 283.323761 	 281.625366 	 2.558314 	 98554.906250 	 344.154633 
300 	 41.678688 	 283.323761 	 278.840302 	 3.756217 	 98602.539062 	 404.405304 
301 	 41.678688 	 283.323761 	 276.641815 	 3.441552 	 99750.976562 	 437.680298 
302 	 41.678688 	 283.323761 	 275.228363 	 2.750135 	 100238.703125 	 395.667297 
303 	 41.678688 	 283.323761 	 280.784180 	 3.005842 	 99739.976562 	 375.623779 
304 	 41.678688 	 283.323761 	 282.297974 	 2.290861 	 99804.093750 	 402.349731 
305 	 41.678688 	 283.323761 	 285.933350 	 3.067338 	 99461.703125 	 444.198120 
306 	 41.678688 	 283.323761 	 281.985809 	 4.502785 	 98757.218750 	 430.208374 
307 	 41.678688 	 283.323761 	 274.504944 	 1.912853 	 99176.460938 	 357.283173 
308 	 41.678688 	 283.323761 	 277.763550 	 4.028034 	 98360.148438 	 374.752136 
309 	 41.678688 	 283.323761 	 275.352966 	 2.595106 	 99422.359375 	 415.753052 
310 	 41.678688 	 283.323761 	 277.837311 	 2.965986 	 99585.757812 	 399.876740 
311 	 41.678688 	 283.323761 	 282.369141 	 1.955034 	 99696.437500 	 437.781677 
312 	 41.678688 	 283.323761 	 281.522980 	 1.212821 	 100205.796875 	 426.366699 
313 	 41.678688 	 283.323761 	 280.945007 	 1.198426 	 99943.937500 	 364.752502 
314 	 41.678688 	 283.323761 	 284.734894 	 3.980034 	 98921.156250 	 380.725739 
315 	 41.678688 	 283.323761 	 285.204865 	 3.538120 	 96987.906250 	 384.307648 
316 	 41.678688 	 283.323761 	 279.738922 	 2.176615 	 98602.476562 	 368.061066 
317 	 41.678688 	 283.323761 	 279.467377 	 1.692278 	 99432.460938 	 401.278046 
318 	 41.678688 	 283.323761 	 281.432312 	 4.306448 	 99156.937500 	 393.450470 
319 	 41.678688 	 283.323761 	 284.232422 	 4.395355 	 98051.929688 	 421.043610 
320 	 41.678688 	 283.323761 	 280.127411 	 1.733724 	 98608.539062 	 388.164246 
321 	 41.678688 	 283.323761 	 285.639587 	 3.794510 	 98628.460938 	 411.943115 
322 	 41.678688 	 283.323761 	 287.738403 	 2.695153 	 98452.453125 	 442.903442 
323 	 41.678688 	 283.323761 	 290.005310 	 5.347800 	 98427.382812 	 420.032837 
324 	 41.678688 	 283.323761 	 282.824280 	 2.222578 	 98568.953125 	 357.581116 
325 	 41.678688 	 283.323761 	 278.055298 	 2.947749 	 98548.476562 	 344.461273 
326 	 41.678688 	 283.323761 	 272.632355 	 4.545242 	 98980.796875 	 342.485352 
327 	 41.678688 	 283.323761 	 272.884583 	 1.906190 	 99521.953125 	 343.594666 
328 	 41.678688 	 283.323761 	 274.277893 	 1.688938 	 99630.898438 	 343.219849 
329 	 41.678688 	 283.323761 	 277.524384 	 2.337748 	 99030.953125 	 330.947815 
330 	 41.678688 	 283.323761 	 285.308289 	 2.977061 	 97833.828125 	 380.457092 
331 	 41.678688 	 283.323761 	 281.647308 	 4.586957 	 96981.367188 	 415.967865 
332 	 41.678688 	 283.323761 	 275.764557 	 4.195576 	 97644.492188 	 349.691040 
333 	 41.678688 	 283.323761 	 279.704956 	 3.778418 	 98078.382812 	 372.806213 
334 	 41.678688 	 283.323761 	 277.742676 	 1.879931 	 98953.710938 	 355.415405 
335 	 41.678688 	 283.323761 	 283.613190 	 4.286849 	 98908.890625 	 420.318329 
336 	 41.678688 	 283.323761 	 283.319916 	 6.163390 	 97558.507812 	 389.189270 
337 	 41.678688 	 283.323761 	 273.311371 	 4.092627 	 99266.898438 	 331.084991 
338 	 41.678688 	 283.323761 	 275.718262 	 2.719565 	 99790.476562 	 328.600708 
339 	 41.678688 	 283.323761 	 278.157684 	 2.574434 	 98983.656250 	 352.563690 
340 	 41.678688 	 283.323761 	 276.192139 	 4.213951 	 97515.000000 	 377.099487 
341 	 41.678688 	 283.323761 	 269.906281 	 5.137536 	 97601.968750 	 315.632324 
342 	 41.678688 	 283.323761 	 270.171753 	 2.178188 	 98148.617188 	 311.719635 
343 	 41.678688 	 283.323761 	 270.699890 	 1.395053 	 98187.382812 	 341.427460 
344 	 41.678688 	 283.323761 	 269.352631 	 2.359709 	 98459.000000 	 291.867798 
345 	 41.678688 	 283.323761 	 269.527771 	 3.235499 	 98651.976562 	 317.725037 
346 	 41.678688 	 283.323761 	 269.935608 	 4.116695 	 98590.296875 	 322.077850 
347 	 41.678688 	 283.323761 	 269.416229 	 3.068613 	 98853.531250 	 306.972107 
348 	 41.678688 	 283.323761 	 267.622131 	 2.858474 	 98550.382812 	 305.598694 
349 	 41.678688 	 283.323761 	 266.885254 	 3.905193 	 98262.960938 	 317.605713 
350 	 41.678688 	 283.323761 	 267.537354 	 3.305036 	 98604.132812 	 299.593414 
351 	 41.678688 	 283.323761 	 267.843506 	 2.483203 	 99229.421875 	 301.726959 
352 	 41.678688 	 283.323761 	 267.490326 	 1.924081 	 99683.687500 	 303.976288 
353 	 41.678688 	 283.323761 	 268.064697 	 2.434101 	 99496.328125 	 290.265381 
354 	 41.678688 	 283.323761 	 267.742798 	 1.983981 	 99738.117188 	 301.171234 
355 	 41.678688 	 283.323761 	 268.943268 	 2.245589 	 100242.796875 	 291.442383 
356 	 41.678688 	 283.323761 	 272.587982 	 3.647314 	 99529.726562 	 317.836823 
357 	 41.678688 	 283.323761 	 273.169617 	 1.989733 	 98568.007812 	 370.915222 
358 	 41.678688 	 283.323761 	 268.950378 	 3.689242 	 97549.882812 	 304.395874 
359 	 41.678688 	 283.323761 	 270.315918 	 6.520373 	 96602.593750 	 357.859772 
360 	 41.678688 	 283.323761 	 267.383453 	 1.608346 	 98544.406250 	 286.591431 
361 	 41.678688 	 283.323761 	 267.801605 	 2.095946 	 98489.828125 	 300.122620 
362 	 41.678688 	 283.323761 	 274.571075 	 4.577112 	 95098.648438 	 333.509583 
363 	 41.678688 	 283.323761 	 271.255951 	 5.655529 	 95704.726562 	 332.068329 
364 	 41.678688 	 283.323761 	 266.758240 	 3.308546 	 97469.937500 	 310.319580 
