# 0: Day of Year [-] 	 1: lat [deg] 	 2: lon [deg] 	 3: tas [K] 	 4: sfcWind [m s-1] 	 5: ps [Pa] 	 6: Total Downwelling Rad Flux [W m-2] 
0 	 41.678688 	 283.323761 	 274.413025 	 4.092180 	 96714.750000 	 355.359650 
1 	 41.678688 	 283.323761 	 272.560760 	 3.203738 	 97070.898438 	 356.223999 
2 	 41.678688 	 283.323761 	 271.329468 	 3.264650 	 98624.117188 	 362.874207 
3 	 41.678688 	 283.323761 	 271.758667 	 2.499636 	 99547.296875 	 311.407379 
4 	 41.678688 	 283.323761 	 278.970947 	 4.672482 	 98640.390625 	 322.899628 
5 	 41.678688 	 283.323761 	 279.553741 	 3.093155 	 97580.593750 	 390.060150 
6 	 41.678688 	 283.323761 	 276.496979 	 3.013020 	 98631.992188 	 362.741608 
7 	 41.678688 	 283.323761 	 276.427002 	 2.028224 	 99562.820312 	 354.253967 
8 	 41.678688 	 283.323761 	 274.032532 	 0.564985 	 100280.101562 	 335.302917 
9 	 41.678688 	 283.323761 	 271.824097 	 2.438392 	 99316.062500 	 328.252167 
10 	 41.678688 	 283.323761 	 265.042236 	 3.218300 	 99068.398438 	 313.848572 
11 	 41.678688 	 283.323761 	 270.778961 	 4.722994 	 98746.773438 	 291.322784 
12 	 41.678688 	 283.323761 	 273.391632 	 2.641917 	 99132.117188 	 333.423645 
13 	 41.678688 	 283.323761 	 274.386383 	 4.027337 	 99578.593750 	 318.982727 
14 	 41.678688 	 283.323761 	 279.739532 	 2.143879 	 98717.257812 	 364.984314 
15 	 41.678688 	 283.323761 	 272.747620 	 1.984857 	 99483.320312 	 338.503662 
16 	 41.678688 	 283.323761 	 277.261871 	 3.310704 	 99688.578125 	 327.623291 
17 	 41.678688 	 283.323761 	 285.104553 	 3.188840 	 98726.007812 	 408.815399 
18 	 41.678688 	 283.323761 	 281.187683 	 2.753998 	 98865.828125 	 413.679077 
19 	 41.678688 	 283.323761 	 278.153564 	 3.305469 	 98898.757812 	 351.804779 
20 	 41.678688 	 283.323761 	 274.254669 	 4.199833 	 99132.078125 	 349.082153 
21 	 41.678688 	 283.323761 	 271.890747 	 2.488209 	 99569.398438 	 296.806732 
22 	 41.678688 	 283.323761 	 272.007721 	 1.729455 	 99778.710938 	 359.445312 
23 	 41.678688 	 283.323761 	 274.652863 	 4.549479 	 99448.906250 	 330.138977 
24 	 41.678688 	 283.323761 	 280.902435 	 2.227659 	 98555.023438 	 413.564545 
25 	 41.678688 	 283.323761 	 278.987549 	 2.598128 	 98702.906250 	 374.879211 
26 	 41.678688 	 283.323761 	 276.196991 	 1.848626 	 99538.929688 	 334.526764 
27 	 41.678688 	 283.323761 	 282.821838 	 4.264463 	 99042.226562 	 383.743378 
28 	 41.678688 	 283.323761 	 275.104034 	 4.753028 	 98712.773438 	 406.774353 
29 	 41.678688 	 283.323761 	 268.431244 	 2.552631 	 99362.882812 	 339.224670 
30 	 41.678688 	 283.323761 	 268.536163 	 1.490484 	 99705.593750 	 363.083527 
31 	 41.678688 	 283.323761 	 269.744110 	 1.348744 	 100051.898438 	 353.040405 
32 	 41.678688 	 283.323761 	 275.557465 	 3.727837 	 99269.593750 	 364.531738 
33 	 41.678688 	 283.323761 	 279.365906 	 2.223979 	 98823.398438 	 352.122650 
34 	 41.678688 	 283.323761 	 272.770294 	 3.146571 	 99673.367188 	 334.897675 
35 	 41.678688 	 283.323761 	 270.495880 	 4.176689 	 100042.203125 	 346.229370 
36 	 41.678688 	 283.323761 	 265.869843 	 4.459955 	 101239.296875 	 334.954376 
37 	 41.678688 	 283.323761 	 267.557251 	 3.188972 	 101492.398438 	 330.944489 
38 	 41.678688 	 283.323761 	 280.211884 	 4.900795 	 100188.203125 	 367.159393 
39 	 41.678688 	 283.323761 	 281.831635 	 3.590042 	 98305.742188 	 447.985229 
40 	 41.678688 	 283.323761 	 277.927368 	 2.673588 	 97996.843750 	 425.223816 
41 	 41.678688 	 283.323761 	 279.359711 	 2.649148 	 98391.843750 	 396.090302 
42 	 41.678688 	 283.323761 	 270.225525 	 5.144704 	 97840.046875 	 414.366150 
43 	 41.678688 	 283.323761 	 264.732361 	 3.746461 	 99045.453125 	 349.008148 
44 	 41.678688 	 283.323761 	 271.212097 	 2.928994 	 99990.656250 	 340.802368 
45 	 41.678688 	 283.323761 	 275.252594 	 1.449786 	 100194.296875 	 419.217712 
46 	 41.678688 	 283.323761 	 276.077026 	 1.584668 	 100404.703125 	 414.406982 
47 	 41.678688 	 283.323761 	 280.782959 	 3.967743 	 99233.000000 	 359.264893 
48 	 41.678688 	 283.323761 	 279.561981 	 2.656247 	 98330.039062 	 418.130157 
49 	 41.678688 	 283.323761 	 275.238892 	 2.154722 	 98067.156250 	 415.113037 
50 	 41.678688 	 283.323761 	 274.929657 	 2.761748 	 98263.968750 	 429.707153 
51 	 41.678688 	 283.323761 	 277.588379 	 2.396934 	 98490.078125 	 426.703613 
52 	 41.678688 	 283.323761 	 283.508087 	 4.533380 	 97740.890625 	 374.560211 
53 	 41.678688 	 283.323761 	 275.498901 	 4.756698 	 97849.976562 	 439.757507 
54 	 41.678688 	 283.323761 	 269.819214 	 2.391888 	 99506.890625 	 405.477051 
55 	 41.678688 	 283.323761 	 275.043640 	 3.823892 	 99289.250000 	 418.353027 
56 	 41.678688 	 283.323761 	 284.370209 	 2.890770 	 98650.500000 	 476.686127 
57 	 41.678688 	 283.323761 	 285.993713 	 2.209487 	 98964.703125 	 476.699707 
58 	 41.678688 	 283.323761 	 289.543579 	 2.303099 	 98775.351562 	 510.818787 
59 	 41.678688 	 283.323761 	 288.481750 	 2.539922 	 99486.796875 	 464.932617 
60 	 41.678688 	 283.323761 	 285.309753 	 3.645103 	 99151.523438 	 380.085358 
61 	 41.678688 	 283.323761 	 279.935669 	 1.709577 	 99099.273438 	 408.685028 
62 	 41.678688 	 283.323761 	 279.157318 	 1.882115 	 98676.859375 	 450.406311 
63 	 41.678688 	 283.323761 	 276.161102 	 1.760882 	 98612.593750 	 422.483582 
64 	 41.678688 	 283.323761 	 281.250031 	 3.135533 	 98063.523438 	 366.505066 
65 	 41.678688 	 283.323761 	 280.607574 	 3.036829 	 98284.062500 	 461.643585 
66 	 41.678688 	 283.323761 	 280.297546 	 2.834629 	 98564.046875 	 474.666687 
67 	 41.678688 	 283.323761 	 282.701416 	 3.992745 	 98010.820312 	 515.174683 
68 	 41.678688 	 283.323761 	 281.114258 	 1.634348 	 98399.843750 	 476.252502 
69 	 41.678688 	 283.323761 	 280.350616 	 1.138718 	 98586.742188 	 359.006195 
70 	 41.678688 	 283.323761 	 283.047729 	 2.234270 	 99126.882812 	 392.599792 
71 	 41.678688 	 283.323761 	 285.614227 	 3.504279 	 98784.281250 	 471.009460 
72 	 41.678688 	 283.323761 	 287.334259 	 3.179399 	 97051.156250 	 459.290466 
73 	 41.678688 	 283.323761 	 279.848907 	 4.683632 	 97333.500000 	 528.618774 
74 	 41.678688 	 283.323761 	 275.489960 	 1.284042 	 98859.039062 	 398.730286 
75 	 41.678688 	 283.323761 	 276.505615 	 2.072087 	 98725.828125 	 449.628479 
76 	 41.678688 	 283.323761 	 275.329468 	 2.765140 	 99030.531250 	 495.065674 
77 	 41.678688 	 283.323761 	 278.314972 	 1.858681 	 98876.687500 	 381.377991 
78 	 41.678688 	 283.323761 	 284.536804 	 1.793144 	 98080.890625 	 470.201996 
79 	 41.678688 	 283.323761 	 284.661285 	 2.425996 	 97461.640625 	 465.717712 
80 	 41.678688 	 283.323761 	 277.139801 	 3.336364 	 97872.906250 	 454.574097 
81 	 41.678688 	 283.323761 	 275.567535 	 4.281346 	 97515.593750 	 460.601685 
82 	 41.678688 	 283.323761 	 273.790466 	 3.614983 	 98899.179688 	 479.620422 
83 	 41.678688 	 283.323761 	 274.801392 	 2.463624 	 100047.296875 	 489.314331 
84 	 41.678688 	 283.323761 	 275.331604 	 0.846791 	 99978.828125 	 432.386932 
85 	 41.678688 	 283.323761 	 282.265594 	 3.228810 	 99129.562500 	 509.461243 
86 	 41.678688 	 283.323761 	 288.723999 	 4.170111 	 97680.078125 	 556.269348 
87 	 41.678688 	 283.323761 	 288.956451 	 2.859455 	 97705.187500 	 534.943115 
88 	 41.678688 	 283.323761 	 290.983978 	 3.013639 	 97464.710938 	 439.861969 
89 	 41.678688 	 283.323761 	 284.852386 	 2.946768 	 97430.546875 	 487.529114 
90 	 41.678688 	 283.323761 	 282.131592 	 3.056794 	 97658.578125 	 393.149353 
91 	 41.678688 	 283.323761 	 279.288422 	 3.771285 	 98581.929688 	 544.529480 
92 	 41.678688 	 283.323761 	 278.206604 	 2.145671 	 99172.703125 	 498.875580 
93 	 41.678688 	 283.323761 	 279.925598 	 2.394414 	 98493.617188 	 431.314270 
94 	 41.678688 	 283.323761 	 279.605469 	 2.463646 	 98110.929688 	 403.921570 
95 	 41.678688 	 283.323761 	 279.651520 	 3.095614 	 98592.367188 	 551.688843 
96 	 41.678688 	 283.323761 	 279.403809 	 1.980332 	 98938.437500 	 482.383972 
97 	 41.678688 	 283.323761 	 278.316284 	 1.271824 	 99168.023438 	 532.144409 
98 	 41.678688 	 283.323761 	 283.260223 	 2.782526 	 98474.343750 	 484.186676 
99 	 41.678688 	 283.323761 	 276.136230 	 4.829771 	 97913.281250 	 390.748962 
100 	 41.678688 	 283.323761 	 280.196136 	 5.900415 	 98188.953125 	 549.489258 
101 	 41.678688 	 283.323761 	 282.717499 	 3.332811 	 97780.218750 	 562.995239 
102 	 41.678688 	 283.323761 	 283.402771 	 0.851874 	 97698.148438 	 457.171326 
103 	 41.678688 	 283.323761 	 286.013885 	 1.905386 	 97979.343750 	 529.063660 
104 	 41.678688 	 283.323761 	 286.439514 	 2.824136 	 98626.210938 	 532.335144 
105 	 41.678688 	 283.323761 	 283.543671 	 2.289387 	 99598.703125 	 537.000854 
106 	 41.678688 	 283.323761 	 285.296326 	 4.559217 	 99896.492188 	 548.899109 
107 	 41.678688 	 283.323761 	 287.981323 	 4.873828 	 99432.093750 	 519.606445 
108 	 41.678688 	 283.323761 	 289.828888 	 3.090526 	 98978.703125 	 614.360901 
109 	 41.678688 	 283.323761 	 290.456268 	 3.788672 	 98241.468750 	 586.911377 
110 	 41.678688 	 283.323761 	 284.840149 	 4.040187 	 97330.601562 	 564.590027 
111 	 41.678688 	 283.323761 	 278.335388 	 3.192100 	 97617.726562 	 473.086426 
112 	 41.678688 	 283.323761 	 278.846680 	 3.546870 	 98127.609375 	 557.436890 
113 	 41.678688 	 283.323761 	 279.107758 	 1.458536 	 98650.156250 	 514.027893 
114 	 41.678688 	 283.323761 	 281.718231 	 1.766967 	 98727.976562 	 582.989258 
115 	 41.678688 	 283.323761 	 282.655975 	 2.362656 	 99110.023438 	 575.056396 
116 	 41.678688 	 283.323761 	 289.956787 	 4.483844 	 98295.273438 	 554.766296 
117 	 41.678688 	 283.323761 	 296.363220 	 4.194813 	 97492.656250 	 617.545227 
118 	 41.678688 	 283.323761 	 292.896454 	 3.674396 	 97140.671875 	 445.724243 
119 	 41.678688 	 283.323761 	 285.377228 	 2.060284 	 97236.562500 	 535.032227 
120 	 41.678688 	 283.323761 	 284.260315 	 2.403913 	 97903.359375 	 558.725647 
121 	 41.678688 	 283.323761 	 285.726044 	 1.164024 	 98236.453125 	 623.905334 
122 	 41.678688 	 283.323761 	 290.974701 	 2.872910 	 98177.046875 	 619.062866 
123 	 41.678688 	 283.323761 	 292.876495 	 1.808611 	 98437.117188 	 609.774353 
124 	 41.678688 	 283.323761 	 291.509491 	 1.602166 	 98602.039062 	 601.343994 
125 	 41.678688 	 283.323761 	 289.879822 	 2.085112 	 98409.523438 	 621.811523 
126 	 41.678688 	 283.323761 	 286.558868 	 3.242687 	 98454.046875 	 639.635010 
127 	 41.678688 	 283.323761 	 284.813873 	 2.074564 	 99436.367188 	 594.437378 
128 	 41.678688 	 283.323761 	 287.057434 	 4.825915 	 99330.796875 	 517.043457 
129 	 41.678688 	 283.323761 	 288.086548 	 2.050870 	 98692.757812 	 627.131592 
130 	 41.678688 	 283.323761 	 287.559296 	 2.602503 	 98070.640625 	 600.507202 
131 	 41.678688 	 283.323761 	 285.002747 	 2.669855 	 98463.593750 	 614.697510 
132 	 41.678688 	 283.323761 	 287.143921 	 2.642789 	 98985.453125 	 627.012451 
133 	 41.678688 	 283.323761 	 296.875580 	 3.687930 	 98741.070312 	 676.653687 
134 	 41.678688 	 283.323761 	 296.437805 	 1.887950 	 99104.117188 	 680.211426 
135 	 41.678688 	 283.323761 	 297.266632 	 2.309269 	 98931.539062 	 634.625732 
136 	 41.678688 	 283.323761 	 297.524200 	 3.042079 	 98448.648438 	 645.487427 
137 	 41.678688 	 283.323761 	 292.711060 	 2.963459 	 98919.359375 	 675.965210 
138 	 41.678688 	 283.323761 	 289.138031 	 1.171264 	 99348.843750 	 648.979553 
139 	 41.678688 	 283.323761 	 290.828003 	 1.639139 	 99100.296875 	 657.818115 
140 	 41.678688 	 283.323761 	 292.514709 	 1.147176 	 98712.046875 	 677.028931 
141 	 41.678688 	 283.323761 	 295.563354 	 1.315295 	 98398.250000 	 649.238525 
142 	 41.678688 	 283.323761 	 298.022644 	 2.350109 	 98347.382812 	 703.073730 
143 	 41.678688 	 283.323761 	 297.903107 	 2.552332 	 98213.937500 	 697.385010 
144 	 41.678688 	 283.323761 	 297.777191 	 2.616204 	 98005.406250 	 690.114624 
145 	 41.678688 	 283.323761 	 295.490906 	 2.366263 	 98404.843750 	 701.742981 
146 	 41.678688 	 283.323761 	 295.292358 	 2.467352 	 98669.710938 	 686.229370 
147 	 41.678688 	 283.323761 	 295.525543 	 4.536935 	 97969.773438 	 697.173096 
148 	 41.678688 	 283.323761 	 286.638092 	 5.114977 	 98254.390625 	 582.261719 
149 	 41.678688 	 283.323761 	 284.328522 	 2.257892 	 98893.796875 	 638.564880 
150 	 41.678688 	 283.323761 	 287.114227 	 2.229783 	 98774.171875 	 482.223572 
151 	 41.678688 	 283.323761 	 293.583984 	 1.637969 	 98417.953125 	 629.688599 
152 	 41.678688 	 283.323761 	 299.733124 	 5.235442 	 97947.867188 	 716.893066 
153 	 41.678688 	 283.323761 	 294.389130 	 2.924327 	 98088.851562 	 605.364929 
154 	 41.678688 	 283.323761 	 288.622894 	 4.112476 	 98573.312500 	 667.190735 
155 	 41.678688 	 283.323761 	 283.829590 	 2.014653 	 99291.960938 	 638.168823 
156 	 41.678688 	 283.323761 	 286.548126 	 1.181600 	 99304.843750 	 611.353027 
157 	 41.678688 	 283.323761 	 288.936462 	 2.071150 	 99021.296875 	 660.324768 
158 	 41.678688 	 283.323761 	 292.072449 	 2.145963 	 99075.859375 	 685.822876 
159 	 41.678688 	 283.323761 	 297.153046 	 4.872263 	 98602.171875 	 697.421143 
160 	 41.678688 	 283.323761 	 298.232056 	 3.479360 	 98752.593750 	 639.898193 
161 	 41.678688 	 283.323761 	 299.480988 	 3.643317 	 99092.507812 	 710.595459 
162 	 41.678688 	 283.323761 	 298.486145 	 2.342129 	 98810.062500 	 703.566406 
163 	 41.678688 	 283.323761 	 296.765350 	 1.891094 	 98482.156250 	 692.039673 
164 	 41.678688 	 283.323761 	 296.586121 	 2.046326 	 98485.640625 	 726.051147 
165 	 41.678688 	 283.323761 	 295.867615 	 1.694013 	 98738.562500 	 693.008789 
166 	 41.678688 	 283.323761 	 296.026886 	 2.964033 	 98570.882812 	 706.876282 
167 	 41.678688 	 283.323761 	 293.716064 	 2.045041 	 98966.000000 	 694.752563 
168 	 41.678688 	 283.323761 	 294.714722 	 1.186981 	 99109.609375 	 704.358521 
169 	 41.678688 	 283.323761 	 297.038391 	 2.872651 	 98873.953125 	 616.082886 
170 	 41.678688 	 283.323761 	 296.721954 	 2.336731 	 98959.187500 	 599.458740 
171 	 41.678688 	 283.323761 	 294.837402 	 2.704818 	 98970.640625 	 709.038635 
172 	 41.678688 	 283.323761 	 294.583069 	 1.046273 	 98487.703125 	 555.248596 
173 	 41.678688 	 283.323761 	 295.420044 	 0.982051 	 98148.007812 	 580.909607 
174 	 41.678688 	 283.323761 	 295.612823 	 3.109921 	 97942.882812 	 619.020264 
175 	 41.678688 	 283.323761 	 294.723511 	 1.837344 	 97864.328125 	 683.413391 
176 	 41.678688 	 283.323761 	 293.757690 	 4.354611 	 98200.632812 	 718.462036 
177 	 41.678688 	 283.323761 	 295.583160 	 2.677114 	 98358.898438 	 617.273926 
178 	 41.678688 	 283.323761 	 299.245605 	 3.083279 	 98219.023438 	 727.819458 
179 	 41.678688 	 283.323761 	 295.127747 	 2.093302 	 98338.843750 	 646.756836 
180 	 41.678688 	 283.323761 	 293.247192 	 2.692393 	 98658.039062 	 686.878052 
181 	 41.678688 	 283.323761 	 294.565125 	 1.643878 	 98807.968750 	 688.707886 
182 	 41.678688 	 283.323761 	 299.859406 	 2.014652 	 98636.976562 	 732.867188 
183 	 41.678688 	 283.323761 	 300.103760 	 1.765437 	 98396.578125 	 712.605713 
184 	 41.678688 	 283.323761 	 300.413635 	 1.246428 	 98430.843750 	 676.587769 
185 	 41.678688 	 283.323761 	 297.960754 	 1.405955 	 98529.398438 	 569.393921 
186 	 41.678688 	 283.323761 	 297.756622 	 2.805512 	 98593.007812 	 659.900757 
187 	 41.678688 	 283.323761 	 293.712616 	 1.894547 	 98614.250000 	 588.887939 
188 	 41.678688 	 283.323761 	 294.613525 	 2.686292 	 98965.921875 	 687.368286 
189 	 41.678688 	 283.323761 	 294.753448 	 2.048750 	 99233.429688 	 701.209351 
190 	 41.678688 	 283.323761 	 296.943878 	 1.543168 	 99450.000000 	 685.489624 
191 	 41.678688 	 283.323761 	 296.429932 	 1.472249 	 99326.367188 	 713.453552 
192 	 41.678688 	 283.323761 	 295.825226 	 1.543276 	 98833.117188 	 705.973389 
193 	 41.678688 	 283.323761 	 296.786255 	 1.485227 	 98244.257812 	 666.547668 
194 	 41.678688 	 283.323761 	 295.340698 	 2.249798 	 97967.429688 	 498.352356 
195 	 41.678688 	 283.323761 	 293.022736 	 2.825174 	 98046.726562 	 694.404053 
196 	 41.678688 	 283.323761 	 294.765564 	 1.730463 	 98488.257812 	 695.271484 
197 	 41.678688 	 283.323761 	 297.970367 	 1.355538 	 98844.078125 	 708.112549 
198 	 41.678688 	 283.323761 	 298.787628 	 1.092147 	 99148.406250 	 728.653198 
199 	 41.678688 	 283.323761 	 299.402313 	 1.545792 	 99236.578125 	 723.649292 
200 	 41.678688 	 283.323761 	 301.383911 	 1.082836 	 99014.117188 	 734.283203 
201 	 41.678688 	 283.323761 	 302.375916 	 2.018857 	 98748.570312 	 736.704163 
202 	 41.678688 	 283.323761 	 302.636658 	 2.298898 	 98627.992188 	 729.162354 
203 	 41.678688 	 283.323761 	 300.947968 	 2.111360 	 98395.328125 	 724.013367 
204 	 41.678688 	 283.323761 	 299.043549 	 2.878120 	 97950.460938 	 686.585876 
205 	 41.678688 	 283.323761 	 297.626221 	 2.431521 	 97701.296875 	 598.868835 
206 	 41.678688 	 283.323761 	 297.360199 	 3.969924 	 97861.101562 	 575.693115 
207 	 41.678688 	 283.323761 	 298.204315 	 3.606822 	 97795.656250 	 721.088623 
208 	 41.678688 	 283.323761 	 300.164368 	 2.932034 	 98081.953125 	 706.827087 
209 	 41.678688 	 283.323761 	 301.265930 	 2.016608 	 98210.101562 	 721.854980 
210 	 41.678688 	 283.323761 	 301.253174 	 3.210733 	 98329.062500 	 690.685059 
211 	 41.678688 	 283.323761 	 296.784760 	 2.179279 	 98752.289062 	 636.052856 
212 	 41.678688 	 283.323761 	 302.569305 	 4.176043 	 97977.906250 	 596.044373 
213 	 41.678688 	 283.323761 	 300.338654 	 1.712632 	 98148.757812 	 723.717834 
214 	 41.678688 	 283.323761 	 294.761322 	 3.156687 	 98871.968750 	 666.202576 
215 	 41.678688 	 283.323761 	 291.299957 	 1.710887 	 99423.468750 	 622.103333 
216 	 41.678688 	 283.323761 	 298.231750 	 5.056458 	 98716.882812 	 602.723633 
217 	 41.678688 	 283.323761 	 302.341644 	 3.471915 	 97996.250000 	 589.938904 
218 	 41.678688 	 283.323761 	 296.415619 	 2.196738 	 98225.023438 	 689.095032 
219 	 41.678688 	 283.323761 	 296.674957 	 2.984538 	 98954.726562 	 673.481567 
220 	 41.678688 	 283.323761 	 296.144379 	 1.242591 	 99404.640625 	 670.920837 
221 	 41.678688 	 283.323761 	 296.975006 	 0.935879 	 99304.156250 	 680.519775 
222 	 41.678688 	 283.323761 	 297.939697 	 2.717850 	 98595.156250 	 674.239441 
223 	 41.678688 	 283.323761 	 299.706360 	 2.707721 	 97996.687500 	 656.252808 
224 	 41.678688 	 283.323761 	 295.035309 	 2.089834 	 98547.671875 	 629.655151 
225 	 41.678688 	 283.323761 	 295.971802 	 1.554711 	 98670.093750 	 583.363892 
226 	 41.678688 	 283.323761 	 298.023010 	 1.439907 	 98883.273438 	 614.481323 
227 	 41.678688 	 283.323761 	 297.592987 	 1.390359 	 99206.367188 	 592.632141 
228 	 41.678688 	 283.323761 	 297.865234 	 1.447480 	 99482.796875 	 665.918762 
229 	 41.678688 	 283.323761 	 298.250458 	 0.740969 	 99484.546875 	 678.678528 
230 	 41.678688 	 283.323761 	 299.088959 	 0.901161 	 99165.656250 	 653.021057 
231 	 41.678688 	 283.323761 	 299.824402 	 1.714901 	 98847.617188 	 660.729614 
232 	 41.678688 	 283.323761 	 297.855133 	 1.434434 	 98806.671875 	 647.479553 
233 	 41.678688 	 283.323761 	 298.708313 	 1.048534 	 98848.617188 	 638.412842 
234 	 41.678688 	 283.323761 	 297.963043 	 1.491539 	 98788.656250 	 662.816406 
235 	 41.678688 	 283.323761 	 299.385651 	 2.554442 	 98353.617188 	 618.084534 
236 	 41.678688 	 283.323761 	 296.567535 	 2.813207 	 98349.328125 	 659.065857 
237 	 41.678688 	 283.323761 	 294.696564 	 1.365217 	 98733.382812 	 635.323425 
238 	 41.678688 	 283.323761 	 299.421875 	 4.314373 	 98340.789062 	 615.197021 
239 	 41.678688 	 283.323761 	 298.970978 	 3.357892 	 97848.343750 	 663.711914 
240 	 41.678688 	 283.323761 	 292.147736 	 3.733762 	 98311.203125 	 619.249878 
241 	 41.678688 	 283.323761 	 292.041687 	 1.380600 	 98734.437500 	 611.189270 
242 	 41.678688 	 283.323761 	 296.796783 	 3.042619 	 98731.437500 	 632.720337 
243 	 41.678688 	 283.323761 	 301.605072 	 3.477424 	 98397.531250 	 583.056519 
244 	 41.678688 	 283.323761 	 298.389893 	 1.277769 	 98575.789062 	 578.601562 
245 	 41.678688 	 283.323761 	 295.619873 	 2.445161 	 98852.070312 	 630.287537 
246 	 41.678688 	 283.323761 	 291.319489 	 1.316366 	 99450.453125 	 592.967407 
247 	 41.678688 	 283.323761 	 290.593262 	 1.705550 	 99619.296875 	 591.965454 
248 	 41.678688 	 283.323761 	 289.952332 	 2.425367 	 99463.296875 	 570.034912 
249 	 41.678688 	 283.323761 	 292.268646 	 1.863737 	 99102.953125 	 573.099731 
250 	 41.678688 	 283.323761 	 298.632996 	 2.929216 	 98420.031250 	 623.173096 
251 	 41.678688 	 283.323761 	 299.873199 	 2.876942 	 98836.828125 	 614.270996 
252 	 41.678688 	 283.323761 	 292.031891 	 1.375378 	 99530.460938 	 573.472412 
253 	 41.678688 	 283.323761 	 294.680939 	 2.785449 	 99580.476562 	 587.988037 
254 	 41.678688 	 283.323761 	 297.895447 	 3.144337 	 99259.671875 	 538.068848 
255 	 41.678688 	 283.323761 	 297.971466 	 2.191447 	 99266.898438 	 606.072571 
256 	 41.678688 	 283.323761 	 291.795380 	 1.491397 	 99754.812500 	 583.593811 
257 	 41.678688 	 283.323761 	 293.883911 	 2.138015 	 99521.632812 	 596.795044 
258 	 41.678688 	 283.323761 	 295.900421 	 2.165449 	 99042.882812 	 598.673950 
259 	 41.678688 	 283.323761 	 298.053009 	 1.923978 	 98747.640625 	 607.385559 
260 	 41.678688 	 283.323761 	 297.201752 	 1.072650 	 98357.578125 	 583.938843 
261 	 41.678688 	 283.323761 	 296.797913 	 2.389633 	 97819.570312 	 581.435181 
262 	 41.678688 	 283.323761 	 285.808716 	 3.244199 	 98200.617188 	 524.791138 
263 	 41.678688 	 283.323761 	 285.000824 	 1.308180 	 99184.328125 	 524.532349 
264 	 41.678688 	 283.323761 	 291.254791 	 3.417499 	 99185.578125 	 510.773376 
265 	 41.678688 	 283.323761 	 299.440887 	 3.210479 	 98714.117188 	 612.051514 
266 	 41.678688 	 283.323761 	 300.582916 	 3.186562 	 98589.156250 	 590.397522 
267 	 41.678688 	 283.323761 	 299.563171 	 3.946919 	 98850.976562 	 591.127319 
268 	 41.678688 	 283.323761 	 297.349945 	 4.419625 	 99366.523438 	 535.772522 
269 	 41.678688 	 283.323761 	 295.038391 	 4.582461 	 99418.140625 	 550.561951 
270 	 41.678688 	 283.323761 	 294.288757 	 3.786270 	 99256.710938 	 477.778107 
271 	 41.678688 	 283.323761 	 294.337036 	 2.505528 	 99138.523438 	 548.112366 
272 	 41.678688 	 283.323761 	 292.851990 	 1.400165 	 99086.171875 	 518.243103 
273 	 41.678688 	 283.323761 	 289.236908 	 1.975476 	 99209.406250 	 514.867065 
274 	 41.678688 	 283.323761 	 286.328644 	 0.863365 	 99495.039062 	 513.110352 
275 	 41.678688 	 283.323761 	 291.437134 	 2.219823 	 99348.453125 	 538.613159 
276 	 41.678688 	 283.323761 	 290.683807 	 2.977035 	 98895.078125 	 458.741730 
277 	 41.678688 	 283.323761 	 290.753754 	 1.492960 	 98768.453125 	 534.097412 
278 	 41.678688 	 283.323761 	 288.924011 	 1.358576 	 99265.507812 	 430.861023 
279 	 41.678688 	 283.323761 	 292.444458 	 1.719960 	 99312.328125 	 523.729187 
280 	 41.678688 	 283.323761 	 292.892181 	 1.303236 	 99256.382812 	 506.337860 
281 	 41.678688 	 283.323761 	 292.096680 	 1.113917 	 99405.929688 	 462.406433 
282 	 41.678688 	 283.323761 	 292.924286 	 2.898709 	 98848.171875 	 464.405457 
283 	 41.678688 	 283.323761 	 288.500000 	 3.433281 	 97735.906250 	 443.185425 
284 	 41.678688 	 283.323761 	 290.636993 	 3.930523 	 97287.773438 	 486.994141 
285 	 41.678688 	 283.323761 	 285.934631 	 2.721364 	 98213.156250 	 477.171936 
286 	 41.678688 	 283.323761 	 285.839722 	 1.831240 	 99305.023438 	 473.587830 
287 	 41.678688 	 283.323761 	 291.736572 	 3.043506 	 99223.812500 	 466.143738 
288 	 41.678688 	 283.323761 	 293.060364 	 1.958873 	 98823.343750 	 537.207947 
289 	 41.678688 	 283.323761 	 287.758087 	 2.670838 	 99333.132812 	 497.100891 
290 	 41.678688 	 283.323761 	 285.289429 	 2.243376 	 99654.476562 	 466.067810 
291 	 41.678688 	 283.323761 	 285.679504 	 2.551609 	 99565.257812 	 439.906982 
292 	 41.678688 	 283.323761 	 282.056915 	 1.800103 	 99963.039062 	 425.077301 
293 	 41.678688 	 283.323761 	 287.178040 	 2.056487 	 99668.156250 	 463.279236 
294 	 41.678688 	 283.323761 	 286.387970 	 1.633807 	 99464.289062 	 368.082520 
295 	 41.678688 	 283.323761 	 288.342285 	 1.121060 	 99192.070312 	 443.928833 
296 	 41.678688 	 283.323761 	 288.799927 	 2.191487 	 99386.593750 	 508.328857 
297 	 41.678688 	 283.323761 	 286.023224 	 3.098857 	 99077.953125 	 467.730591 
298 	 41.678688 	 283.323761 	 280.322723 	 1.489104 	 99391.789062 	 427.418762 
299 	 41.678688 	 283.323761 	 282.671295 	 2.672773 	 99108.960938 	 438.012939 
300 	 41.678688 	 283.323761 	 281.847565 	 2.364275 	 99187.406250 	 430.119385 
301 	 41.678688 	 283.323761 	 278.752106 	 1.738405 	 99311.382812 	 425.466431 
302 	 41.678688 	 283.323761 	 282.290955 	 1.228892 	 99194.031250 	 428.952393 
303 	 41.678688 	 283.323761 	 285.925659 	 2.310515 	 99328.328125 	 447.347778 
304 	 41.678688 	 283.323761 	 288.473022 	 2.578675 	 99326.953125 	 460.132874 
305 	 41.678688 	 283.323761 	 284.271729 	 2.065407 	 99906.039062 	 439.258728 
306 	 41.678688 	 283.323761 	 281.842896 	 3.003728 	 100075.000000 	 424.764893 
307 	 41.678688 	 283.323761 	 287.633636 	 3.616456 	 99222.476562 	 436.918915 
308 	 41.678688 	 283.323761 	 288.977356 	 2.698825 	 99090.953125 	 446.143188 
309 	 41.678688 	 283.323761 	 289.057861 	 0.991469 	 99849.007812 	 463.404663 
310 	 41.678688 	 283.323761 	 287.535278 	 1.454959 	 100389.796875 	 440.901245 
311 	 41.678688 	 283.323761 	 289.468018 	 2.857116 	 99737.218750 	 417.071777 
312 	 41.678688 	 283.323761 	 290.608185 	 4.611368 	 98903.648438 	 439.313477 
313 	 41.678688 	 283.323761 	 284.709930 	 3.454435 	 98798.742188 	 448.720825 
314 	 41.678688 	 283.323761 	 279.627289 	 2.053383 	 99787.828125 	 417.475586 
315 	 41.678688 	 283.323761 	 281.431519 	 3.128586 	 99898.273438 	 396.910675 
316 	 41.678688 	 283.323761 	 276.285492 	 3.056287 	 100467.000000 	 367.975281 
317 	 41.678688 	 283.323761 	 278.585907 	 3.869753 	 99432.546875 	 398.718628 
318 	 41.678688 	 283.323761 	 273.864410 	 1.601810 	 100372.796875 	 361.818054 
319 	 41.678688 	 283.323761 	 275.323181 	 2.104972 	 100593.796875 	 368.727020 
320 	 41.678688 	 283.323761 	 282.495483 	 3.408607 	 100407.101562 	 389.166260 
321 	 41.678688 	 283.323761 	 287.774719 	 4.576628 	 99907.203125 	 394.032104 
322 	 41.678688 	 283.323761 	 287.679810 	 4.990831 	 98687.570312 	 403.409546 
323 	 41.678688 	 283.323761 	 275.397095 	 2.164633 	 98456.742188 	 306.794250 
324 	 41.678688 	 283.323761 	 274.228333 	 4.085395 	 98213.187500 	 363.147308 
325 	 41.678688 	 283.323761 	 274.018951 	 3.693242 	 98294.773438 	 391.955780 
326 	 41.678688 	 283.323761 	 275.535736 	 3.420150 	 98273.890625 	 361.773987 
327 	 41.678688 	 283.323761 	 275.660400 	 3.731833 	 98975.031250 	 356.264648 
328 	 41.678688 	 283.323761 	 274.628937 	 1.797831 	 99517.437500 	 350.540222 
329 	 41.678688 	 283.323761 	 276.822601 	 3.503492 	 99493.929688 	 351.532013 
330 	 41.678688 	 283.323761 	 282.742249 	 2.885514 	 98669.210938 	 372.334900 
331 	 41.678688 	 283.323761 	 277.662689 	 3.031150 	 98538.953125 	 405.422699 
332 	 41.678688 	 283.323761 	 277.107178 	 3.641154 	 98457.406250 	 357.080383 
333 	 41.678688 	 283.323761 	 275.632446 	 2.426522 	 98586.781250 	 357.561951 
334 	 41.678688 	 283.323761 	 277.479218 	 2.726176 	 98424.140625 	 362.938812 
335 	 41.678688 	 283.323761 	 272.298737 	 1.229090 	 99006.343750 	 338.200256 
336 	 41.678688 	 283.323761 	 272.029633 	 0.788277 	 99597.367188 	 347.457977 
337 	 41.678688 	 283.323761 	 274.801758 	 1.939849 	 99999.148438 	 351.410767 
338 	 41.678688 	 283.323761 	 279.892303 	 4.440991 	 99933.273438 	 349.428406 
339 	 41.678688 	 283.323761 	 285.590424 	 2.252877 	 98752.382812 	 425.921844 
340 	 41.678688 	 283.323761 	 281.432953 	 2.381480 	 98139.351562 	 367.046783 
341 	 41.678688 	 283.323761 	 277.200104 	 0.783786 	 98172.101562 	 361.343628 
342 	 41.678688 	 283.323761 	 279.611694 	 2.887317 	 97562.843750 	 343.257111 
343 	 41.678688 	 283.323761 	 276.203613 	 3.580949 	 96278.976562 	 365.130920 
344 	 41.678688 	 283.323761 	 275.962067 	 4.979165 	 96754.718750 	 373.074554 
345 	 41.678688 	 283.323761 	 276.070709 	 2.269567 	 98452.320312 	 354.099518 
346 	 41.678688 	 283.323761 	 277.473083 	 3.692156 	 99449.750000 	 373.986633 
347 	 41.678688 	 283.323761 	 283.620239 	 5.860518 	 98560.976562 	 343.266327 
348 	 41.678688 	 283.323761 	 272.793610 	 3.156318 	 98306.023438 	 319.281860 
349 	 41.678688 	 283.323761 	 272.717651 	 3.683157 	 98280.453125 	 314.895508 
350 	 41.678688 	 283.323761 	 271.368805 	 2.466553 	 98602.671875 	 317.619629 
351 	 41.678688 	 283.323761 	 272.368256 	 2.494356 	 98488.351562 	 319.643127 
352 	 41.678688 	 283.323761 	 272.844208 	 2.861175 	 98415.710938 	 330.181091 
353 	 41.678688 	 283.323761 	 274.799377 	 3.503338 	 98882.656250 	 330.782349 
354 	 41.678688 	 283.323761 	 274.873322 	 2.354982 	 99108.210938 	 340.447815 
355 	 41.678688 	 283.323761 	 271.901520 	 3.803324 	 99418.882812 	 314.211853 
356 	 41.678688 	 283.323761 	 271.837616 	 5.605155 	 97649.882812 	 342.176453 
357 	 41.678688 	 283.323761 	 275.243347 	 3.900866 	 97760.226562 	 331.639404 
358 	 41.678688 	 283.323761 	 276.201965 	 1.982350 	 97880.007812 	 349.891907 
359 	 41.678688 	 283.323761 	 278.170441 	 2.776013 	 98277.468750 	 377.500397 
360 	 41.678688 	 283.323761 	 279.616028 	 2.679053 	 98702.203125 	 346.202332 
361 	 41.678688 	 283.323761 	 288.134888 	 6.249985 	 98260.546875 	 399.535461 
362 	 41.678688 	 283.323761 	 279.922699 	 4.471107 	 97239.609375 	 380.477661 
363 	 41.678688 	 283.323761 	 280.968506 	 4.561475 	 98098.343750 	 364.496704 
364 	 41.678688 	 283.323761 	 277.605377 	 2.368270 	 97869.546875 	 359.329926 
