# 0: Day of Year [-] 	 1: lat [deg] 	 2: lon [deg] 	 3: tas [K] 	 4: sfcWind [m s-1] 	 5: ps [Pa] 	 6: Total Downwelling Rad Flux [W m-2] 
0 	 41.678688 	 283.323761 	 273.476776 	 5.666768 	 97879.226562 	 335.546234 
1 	 41.678688 	 283.323761 	 265.782745 	 5.903780 	 97618.976562 	 297.944214 
2 	 41.678688 	 283.323761 	 266.871460 	 2.727743 	 98535.507812 	 314.388550 
3 	 41.678688 	 283.323761 	 273.419586 	 3.193233 	 98948.343750 	 362.904266 
4 	 41.678688 	 283.323761 	 283.919525 	 6.094436 	 97978.156250 	 358.127380 
5 	 41.678688 	 283.323761 	 276.377594 	 3.235687 	 97560.476562 	 381.330536 
6 	 41.678688 	 283.323761 	 275.184387 	 3.559118 	 98297.703125 	 348.740723 
7 	 41.678688 	 283.323761 	 272.994781 	 4.606614 	 97424.906250 	 347.025421 
8 	 41.678688 	 283.323761 	 270.736145 	 4.485875 	 98499.250000 	 318.654480 
9 	 41.678688 	 283.323761 	 269.533203 	 2.101710 	 99576.117188 	 305.201782 
10 	 41.678688 	 283.323761 	 269.074707 	 1.528136 	 98994.937500 	 309.985870 
11 	 41.678688 	 283.323761 	 268.451965 	 2.624844 	 98167.640625 	 316.390137 
12 	 41.678688 	 283.323761 	 270.444580 	 3.122189 	 98097.867188 	 328.096985 
13 	 41.678688 	 283.323761 	 272.114655 	 3.670557 	 98109.179688 	 330.061157 
14 	 41.678688 	 283.323761 	 270.287994 	 2.796384 	 98009.382812 	 326.129395 
15 	 41.678688 	 283.323761 	 270.429443 	 3.266183 	 98221.000000 	 339.447327 
16 	 41.678688 	 283.323761 	 264.409454 	 3.074650 	 98779.046875 	 303.483337 
17 	 41.678688 	 283.323761 	 266.349701 	 2.332561 	 98720.281250 	 289.824005 
18 	 41.678688 	 283.323761 	 269.569244 	 2.998020 	 97857.117188 	 361.149170 
19 	 41.678688 	 283.323761 	 265.017792 	 1.035517 	 99144.960938 	 312.240356 
20 	 41.678688 	 283.323761 	 265.096771 	 2.736945 	 98793.109375 	 330.335846 
21 	 41.678688 	 283.323761 	 262.819489 	 2.110343 	 98950.093750 	 309.396118 
22 	 41.678688 	 283.323761 	 266.708862 	 4.117710 	 98269.046875 	 333.785095 
23 	 41.678688 	 283.323761 	 258.297455 	 4.830278 	 98294.320312 	 288.240692 
24 	 41.678688 	 283.323761 	 258.805908 	 3.416299 	 99373.976562 	 285.075317 
25 	 41.678688 	 283.323761 	 263.788330 	 2.552266 	 100258.796875 	 319.001160 
26 	 41.678688 	 283.323761 	 279.219574 	 5.411808 	 98832.390625 	 359.774841 
27 	 41.678688 	 283.323761 	 279.920166 	 3.957660 	 96996.523438 	 361.529816 
28 	 41.678688 	 283.323761 	 269.170563 	 3.934544 	 97425.320312 	 380.513611 
29 	 41.678688 	 283.323761 	 268.393738 	 1.616748 	 98673.296875 	 306.119080 
30 	 41.678688 	 283.323761 	 270.457764 	 1.584228 	 98676.781250 	 385.927856 
31 	 41.678688 	 283.323761 	 272.671326 	 3.996037 	 98391.531250 	 358.637299 
32 	 41.678688 	 283.323761 	 268.114258 	 4.241486 	 99061.203125 	 342.816406 
33 	 41.678688 	 283.323761 	 262.416199 	 2.148464 	 100210.203125 	 287.427673 
34 	 41.678688 	 283.323761 	 268.742493 	 3.542776 	 99560.390625 	 312.897461 
35 	 41.678688 	 283.323761 	 271.555176 	 1.350082 	 99524.398438 	 352.097229 
36 	 41.678688 	 283.323761 	 279.340088 	 3.484752 	 99216.421875 	 379.338989 
37 	 41.678688 	 283.323761 	 283.639130 	 3.006449 	 98683.343750 	 391.918182 
38 	 41.678688 	 283.323761 	 277.058807 	 4.768484 	 97188.992188 	 401.379181 
39 	 41.678688 	 283.323761 	 274.102722 	 4.887387 	 97595.679688 	 393.222351 
40 	 41.678688 	 283.323761 	 275.595337 	 3.260447 	 97871.421875 	 396.595337 
41 	 41.678688 	 283.323761 	 272.504425 	 3.634066 	 98379.789062 	 377.243958 
42 	 41.678688 	 283.323761 	 273.340027 	 2.480026 	 98911.296875 	 376.012756 
43 	 41.678688 	 283.323761 	 273.867157 	 2.330374 	 99127.898438 	 386.605927 
44 	 41.678688 	 283.323761 	 282.513306 	 2.549654 	 98598.882812 	 459.016968 
45 	 41.678688 	 283.323761 	 277.367676 	 1.416207 	 99063.726562 	 417.811035 
46 	 41.678688 	 283.323761 	 282.855621 	 3.309544 	 98611.843750 	 357.676910 
47 	 41.678688 	 283.323761 	 279.318726 	 1.901992 	 97936.156250 	 436.296082 
48 	 41.678688 	 283.323761 	 273.573425 	 1.832133 	 97894.296875 	 382.947144 
49 	 41.678688 	 283.323761 	 271.049713 	 1.402178 	 98152.226562 	 392.964111 
50 	 41.678688 	 283.323761 	 271.586060 	 1.913156 	 97972.406250 	 363.541046 
51 	 41.678688 	 283.323761 	 274.266418 	 3.108120 	 97595.773438 	 444.823456 
52 	 41.678688 	 283.323761 	 273.574951 	 2.913759 	 98424.343750 	 410.863708 
53 	 41.678688 	 283.323761 	 280.503357 	 3.966142 	 97975.156250 	 371.830963 
54 	 41.678688 	 283.323761 	 274.660950 	 4.838883 	 97146.156250 	 447.256470 
55 	 41.678688 	 283.323761 	 273.482880 	 3.382154 	 97032.343750 	 376.797607 
56 	 41.678688 	 283.323761 	 273.561432 	 3.462227 	 96770.640625 	 445.356506 
57 	 41.678688 	 283.323761 	 268.416534 	 2.586721 	 97428.507812 	 333.516693 
58 	 41.678688 	 283.323761 	 267.278503 	 3.527291 	 97152.953125 	 379.562897 
59 	 41.678688 	 283.323761 	 266.957153 	 3.346875 	 98208.000000 	 414.413269 
60 	 41.678688 	 283.323761 	 269.788269 	 2.061444 	 99415.703125 	 410.123230 
61 	 41.678688 	 283.323761 	 277.604797 	 3.331210 	 98978.289062 	 437.302673 
62 	 41.678688 	 283.323761 	 277.912781 	 2.388027 	 98362.156250 	 332.191528 
63 	 41.678688 	 283.323761 	 271.843903 	 2.992198 	 98440.351562 	 461.777893 
64 	 41.678688 	 283.323761 	 273.298431 	 4.097901 	 98174.976562 	 391.642090 
65 	 41.678688 	 283.323761 	 269.059082 	 4.245848 	 97969.562500 	 428.299225 
66 	 41.678688 	 283.323761 	 271.016388 	 1.523990 	 98678.656250 	 403.640564 
67 	 41.678688 	 283.323761 	 276.632477 	 2.445939 	 98614.078125 	 367.549805 
68 	 41.678688 	 283.323761 	 276.949005 	 3.604489 	 97801.101562 	 446.425262 
69 	 41.678688 	 283.323761 	 272.303406 	 2.807281 	 99291.453125 	 462.962463 
70 	 41.678688 	 283.323761 	 273.703552 	 3.432401 	 99385.500000 	 451.700012 
71 	 41.678688 	 283.323761 	 270.445618 	 4.709224 	 98153.289062 	 359.369751 
72 	 41.678688 	 283.323761 	 270.024384 	 2.520632 	 97680.046875 	 344.964203 
73 	 41.678688 	 283.323761 	 270.493896 	 3.200358 	 97598.062500 	 474.691986 
74 	 41.678688 	 283.323761 	 270.583679 	 1.711221 	 98237.648438 	 433.862671 
75 	 41.678688 	 283.323761 	 271.199097 	 1.130343 	 98920.812500 	 456.761810 
76 	 41.678688 	 283.323761 	 273.668152 	 0.987536 	 99225.828125 	 488.707886 
77 	 41.678688 	 283.323761 	 274.151520 	 1.343828 	 99215.789062 	 377.490479 
78 	 41.678688 	 283.323761 	 276.893188 	 3.618568 	 98741.296875 	 371.435852 
79 	 41.678688 	 283.323761 	 276.760773 	 3.225218 	 96234.726562 	 374.257538 
80 	 41.678688 	 283.323761 	 276.813568 	 4.427399 	 95893.320312 	 437.490112 
81 	 41.678688 	 283.323761 	 272.017609 	 3.918596 	 96847.296875 	 453.829590 
82 	 41.678688 	 283.323761 	 269.589050 	 2.786784 	 98022.289062 	 459.127686 
83 	 41.678688 	 283.323761 	 272.294891 	 2.002342 	 99252.906250 	 384.410858 
84 	 41.678688 	 283.323761 	 273.031464 	 2.387807 	 99271.578125 	 362.885376 
85 	 41.678688 	 283.323761 	 270.036560 	 3.833851 	 99060.546875 	 512.545166 
86 	 41.678688 	 283.323761 	 272.663147 	 2.843811 	 100631.203125 	 475.114136 
87 	 41.678688 	 283.323761 	 280.171539 	 3.682546 	 100700.101562 	 437.090393 
88 	 41.678688 	 283.323761 	 288.862152 	 4.456870 	 99935.203125 	 483.687378 
89 	 41.678688 	 283.323761 	 290.887024 	 3.956170 	 99349.039062 	 583.786804 
90 	 41.678688 	 283.323761 	 289.682037 	 5.204389 	 98516.703125 	 463.532806 
91 	 41.678688 	 283.323761 	 279.432343 	 5.755400 	 97013.453125 	 523.696899 
92 	 41.678688 	 283.323761 	 280.750305 	 4.471096 	 97678.000000 	 524.085083 
93 	 41.678688 	 283.323761 	 276.674713 	 2.650597 	 98906.117188 	 382.001953 
94 	 41.678688 	 283.323761 	 274.174255 	 2.745479 	 100090.203125 	 504.049072 
95 	 41.678688 	 283.323761 	 282.919617 	 4.712860 	 99760.101562 	 502.449219 
96 	 41.678688 	 283.323761 	 292.897827 	 4.027919 	 98914.726562 	 612.785706 
97 	 41.678688 	 283.323761 	 290.992767 	 5.122126 	 98217.367188 	 557.714539 
98 	 41.678688 	 283.323761 	 283.254425 	 2.613657 	 98987.687500 	 556.184570 
99 	 41.678688 	 283.323761 	 282.775604 	 2.374094 	 99397.593750 	 556.651611 
100 	 41.678688 	 283.323761 	 288.736633 	 6.286201 	 98481.382812 	 530.174072 
101 	 41.678688 	 283.323761 	 290.241760 	 2.992615 	 97838.226562 	 423.065918 
102 	 41.678688 	 283.323761 	 281.208771 	 3.310861 	 98049.437500 	 587.171021 
103 	 41.678688 	 283.323761 	 280.626495 	 2.439677 	 98903.750000 	 536.819824 
104 	 41.678688 	 283.323761 	 283.903809 	 2.756736 	 98688.656250 	 401.721863 
105 	 41.678688 	 283.323761 	 282.732056 	 2.833470 	 99267.062500 	 494.599304 
106 	 41.678688 	 283.323761 	 282.993042 	 3.893300 	 100383.296875 	 452.383179 
107 	 41.678688 	 283.323761 	 285.957428 	 2.820154 	 99784.000000 	 443.709839 
108 	 41.678688 	 283.323761 	 290.510559 	 2.146471 	 98917.429688 	 533.574951 
109 	 41.678688 	 283.323761 	 294.376923 	 3.913672 	 98300.023438 	 643.584656 
110 	 41.678688 	 283.323761 	 289.143982 	 2.725441 	 98347.523438 	 584.130737 
111 	 41.678688 	 283.323761 	 283.005249 	 2.149820 	 98722.671875 	 489.037537 
112 	 41.678688 	 283.323761 	 284.587555 	 3.560225 	 98630.171875 	 464.678253 
113 	 41.678688 	 283.323761 	 285.276367 	 3.383754 	 96747.609375 	 420.817383 
114 	 41.678688 	 283.323761 	 278.940216 	 4.323049 	 96959.781250 	 452.506165 
115 	 41.678688 	 283.323761 	 281.113403 	 3.699900 	 97925.773438 	 516.993042 
116 	 41.678688 	 283.323761 	 281.858978 	 3.106138 	 98602.750000 	 450.880920 
117 	 41.678688 	 283.323761 	 287.861359 	 3.190236 	 98559.789062 	 618.690796 
118 	 41.678688 	 283.323761 	 290.665558 	 1.349592 	 98655.476562 	 632.921509 
119 	 41.678688 	 283.323761 	 293.254150 	 3.305937 	 98309.406250 	 600.482544 
120 	 41.678688 	 283.323761 	 287.219360 	 2.347957 	 97745.296875 	 527.461426 
121 	 41.678688 	 283.323761 	 284.045959 	 1.916744 	 97748.703125 	 476.442078 
122 	 41.678688 	 283.323761 	 283.705170 	 3.296810 	 98185.406250 	 611.830322 
123 	 41.678688 	 283.323761 	 285.771790 	 2.067065 	 98826.882812 	 616.140991 
124 	 41.678688 	 283.323761 	 287.004395 	 1.913101 	 99065.656250 	 617.129395 
125 	 41.678688 	 283.323761 	 290.617523 	 2.267915 	 98985.976562 	 638.766968 
126 	 41.678688 	 283.323761 	 295.255035 	 2.246233 	 98858.171875 	 654.156616 
127 	 41.678688 	 283.323761 	 295.809570 	 2.635762 	 98839.046875 	 603.942688 
128 	 41.678688 	 283.323761 	 297.683807 	 3.201698 	 98541.273438 	 685.998291 
129 	 41.678688 	 283.323761 	 294.735382 	 1.413968 	 98745.726562 	 644.710388 
130 	 41.678688 	 283.323761 	 294.701630 	 1.551356 	 98795.617188 	 581.147400 
131 	 41.678688 	 283.323761 	 295.395935 	 2.221676 	 98931.140625 	 686.804932 
132 	 41.678688 	 283.323761 	 296.117981 	 2.284472 	 98881.437500 	 691.860107 
133 	 41.678688 	 283.323761 	 296.907959 	 2.278832 	 98567.421875 	 679.723389 
134 	 41.678688 	 283.323761 	 296.230103 	 1.487978 	 98491.281250 	 671.158142 
135 	 41.678688 	 283.323761 	 296.093628 	 1.440264 	 98746.773438 	 640.012695 
136 	 41.678688 	 283.323761 	 294.838959 	 2.001510 	 98721.390625 	 637.949585 
137 	 41.678688 	 283.323761 	 291.790283 	 1.966605 	 99043.101562 	 658.474243 
138 	 41.678688 	 283.323761 	 291.834351 	 2.551688 	 99197.921875 	 537.361084 
139 	 41.678688 	 283.323761 	 295.943878 	 1.553936 	 98761.789062 	 712.101318 
140 	 41.678688 	 283.323761 	 294.382904 	 1.523855 	 99029.507812 	 687.629272 
141 	 41.678688 	 283.323761 	 292.980255 	 1.389922 	 99397.757812 	 625.801270 
142 	 41.678688 	 283.323761 	 294.699036 	 1.802913 	 99233.257812 	 652.959106 
143 	 41.678688 	 283.323761 	 297.193390 	 2.697164 	 98913.023438 	 699.769836 
144 	 41.678688 	 283.323761 	 298.504547 	 2.811418 	 98521.078125 	 700.251221 
145 	 41.678688 	 283.323761 	 297.931549 	 3.820380 	 97966.218750 	 693.695801 
146 	 41.678688 	 283.323761 	 290.910767 	 5.065760 	 97926.742188 	 636.018555 
147 	 41.678688 	 283.323761 	 282.229340 	 4.928343 	 99359.992188 	 623.268311 
148 	 41.678688 	 283.323761 	 285.215363 	 1.333450 	 99900.070312 	 639.028625 
149 	 41.678688 	 283.323761 	 293.153442 	 2.719575 	 99665.976562 	 677.658203 
150 	 41.678688 	 283.323761 	 295.573639 	 2.466824 	 99472.609375 	 688.340332 
151 	 41.678688 	 283.323761 	 297.215912 	 2.528531 	 99224.023438 	 692.543823 
152 	 41.678688 	 283.323761 	 296.902710 	 1.485736 	 99192.343750 	 667.663818 
153 	 41.678688 	 283.323761 	 296.095642 	 2.307260 	 98718.109375 	 563.180725 
154 	 41.678688 	 283.323761 	 297.074432 	 3.891165 	 97986.546875 	 704.300903 
155 	 41.678688 	 283.323761 	 295.605743 	 4.646757 	 97491.531250 	 633.125488 
156 	 41.678688 	 283.323761 	 287.651611 	 4.175536 	 98320.507812 	 653.717529 
157 	 41.678688 	 283.323761 	 285.955597 	 2.325926 	 99312.507812 	 632.688354 
158 	 41.678688 	 283.323761 	 294.703247 	 5.049566 	 98750.937500 	 707.939087 
159 	 41.678688 	 283.323761 	 298.060577 	 3.728503 	 98147.867188 	 629.797485 
160 	 41.678688 	 283.323761 	 290.063873 	 4.586917 	 98393.773438 	 670.114502 
161 	 41.678688 	 283.323761 	 287.287476 	 2.813380 	 99225.437500 	 652.243896 
162 	 41.678688 	 283.323761 	 289.160065 	 1.744533 	 99401.656250 	 598.863281 
163 	 41.678688 	 283.323761 	 292.921936 	 4.058557 	 98700.109375 	 612.356201 
164 	 41.678688 	 283.323761 	 293.170532 	 2.972650 	 98069.359375 	 688.531128 
165 	 41.678688 	 283.323761 	 289.650391 	 2.374107 	 98504.421875 	 668.752319 
166 	 41.678688 	 283.323761 	 293.583527 	 4.194592 	 98532.773438 	 695.213440 
167 	 41.678688 	 283.323761 	 298.268005 	 5.220958 	 97740.890625 	 706.155457 
168 	 41.678688 	 283.323761 	 292.807190 	 3.080150 	 98561.171875 	 700.665588 
169 	 41.678688 	 283.323761 	 293.845764 	 2.292119 	 98824.289062 	 690.690308 
170 	 41.678688 	 283.323761 	 295.384613 	 3.279961 	 98078.406250 	 555.145203 
171 	 41.678688 	 283.323761 	 292.705902 	 2.682158 	 97632.367188 	 630.093750 
172 	 41.678688 	 283.323761 	 289.197113 	 2.727393 	 98170.148438 	 675.210571 
173 	 41.678688 	 283.323761 	 290.186310 	 1.545827 	 98798.617188 	 568.026672 
174 	 41.678688 	 283.323761 	 293.339813 	 1.477839 	 98733.328125 	 690.135986 
175 	 41.678688 	 283.323761 	 294.597595 	 3.173334 	 98514.078125 	 554.503601 
176 	 41.678688 	 283.323761 	 298.993073 	 4.056203 	 97999.906250 	 622.007690 
177 	 41.678688 	 283.323761 	 297.262817 	 4.176131 	 98382.898438 	 680.166748 
178 	 41.678688 	 283.323761 	 293.630432 	 2.425028 	 98971.921875 	 689.870483 
179 	 41.678688 	 283.323761 	 298.862976 	 4.749124 	 97690.593750 	 709.467102 
180 	 41.678688 	 283.323761 	 296.066498 	 3.222786 	 97777.617188 	 661.637878 
181 	 41.678688 	 283.323761 	 291.964600 	 1.465731 	 98809.296875 	 583.690796 
182 	 41.678688 	 283.323761 	 293.715607 	 1.178110 	 98919.632812 	 697.808594 
183 	 41.678688 	 283.323761 	 298.240295 	 3.429229 	 98230.523438 	 696.377380 
184 	 41.678688 	 283.323761 	 296.069214 	 3.503094 	 97881.476562 	 632.645569 
185 	 41.678688 	 283.323761 	 293.447083 	 2.663977 	 98548.976562 	 503.709534 
186 	 41.678688 	 283.323761 	 293.590973 	 2.365938 	 98168.546875 	 561.234985 
187 	 41.678688 	 283.323761 	 292.609222 	 1.817802 	 98567.507812 	 673.481079 
188 	 41.678688 	 283.323761 	 293.252808 	 1.018408 	 99005.890625 	 693.807495 
189 	 41.678688 	 283.323761 	 295.702911 	 2.006040 	 99098.531250 	 686.322632 
190 	 41.678688 	 283.323761 	 297.034760 	 1.142396 	 99363.539062 	 689.699341 
191 	 41.678688 	 283.323761 	 296.805176 	 1.020968 	 99391.046875 	 714.691895 
192 	 41.678688 	 283.323761 	 298.862457 	 0.916031 	 99208.367188 	 726.701050 
193 	 41.678688 	 283.323761 	 300.518219 	 0.675589 	 98823.210938 	 722.426880 
194 	 41.678688 	 283.323761 	 301.831329 	 1.028878 	 98461.601562 	 729.206055 
195 	 41.678688 	 283.323761 	 300.399811 	 3.549634 	 98172.882812 	 723.546570 
196 	 41.678688 	 283.323761 	 299.097351 	 3.413322 	 97914.828125 	 611.008179 
197 	 41.678688 	 283.323761 	 296.465820 	 4.790001 	 98217.500000 	 677.672974 
198 	 41.678688 	 283.323761 	 297.624878 	 3.031920 	 98774.679688 	 714.745483 
199 	 41.678688 	 283.323761 	 299.366028 	 1.529116 	 98646.328125 	 717.603882 
200 	 41.678688 	 283.323761 	 299.983795 	 1.669111 	 98050.046875 	 702.046692 
201 	 41.678688 	 283.323761 	 299.344421 	 2.923939 	 97488.843750 	 642.895630 
202 	 41.678688 	 283.323761 	 294.200409 	 2.954319 	 97976.398438 	 662.688477 
203 	 41.678688 	 283.323761 	 293.058777 	 1.198871 	 98893.679688 	 609.900330 
204 	 41.678688 	 283.323761 	 296.468079 	 2.152087 	 98845.250000 	 689.313354 
205 	 41.678688 	 283.323761 	 295.170135 	 1.608958 	 98754.117188 	 658.209351 
206 	 41.678688 	 283.323761 	 293.942719 	 2.202930 	 98852.742188 	 503.611176 
207 	 41.678688 	 283.323761 	 295.082001 	 3.137666 	 99137.367188 	 696.520020 
208 	 41.678688 	 283.323761 	 294.639496 	 1.587110 	 98970.976562 	 646.214844 
209 	 41.678688 	 283.323761 	 295.888031 	 0.890475 	 98909.046875 	 687.809509 
210 	 41.678688 	 283.323761 	 298.895172 	 0.468829 	 98773.453125 	 708.860352 
211 	 41.678688 	 283.323761 	 301.152802 	 2.024181 	 98716.187500 	 703.495178 
212 	 41.678688 	 283.323761 	 301.844269 	 1.591622 	 98552.468750 	 699.513672 
213 	 41.678688 	 283.323761 	 301.396484 	 1.110092 	 98530.562500 	 701.830566 
214 	 41.678688 	 283.323761 	 303.243927 	 0.985321 	 98658.023438 	 690.799805 
215 	 41.678688 	 283.323761 	 302.953979 	 1.932064 	 98699.781250 	 724.977783 
216 	 41.678688 	 283.323761 	 302.698700 	 1.639293 	 98388.773438 	 697.971436 
217 	 41.678688 	 283.323761 	 302.597900 	 2.599196 	 98074.859375 	 715.101807 
218 	 41.678688 	 283.323761 	 300.977844 	 2.809796 	 98189.578125 	 702.780090 
219 	 41.678688 	 283.323761 	 296.844299 	 2.284859 	 98973.632812 	 670.013306 
220 	 41.678688 	 283.323761 	 298.037140 	 1.473727 	 99123.882812 	 593.136597 
221 	 41.678688 	 283.323761 	 299.898499 	 1.837286 	 98924.976562 	 687.712097 
222 	 41.678688 	 283.323761 	 298.840973 	 1.759458 	 98585.093750 	 598.235596 
223 	 41.678688 	 283.323761 	 299.027985 	 1.506748 	 98257.578125 	 661.463196 
224 	 41.678688 	 283.323761 	 298.523834 	 2.020716 	 97992.156250 	 611.241760 
225 	 41.678688 	 283.323761 	 296.115417 	 1.656294 	 98385.882812 	 661.427002 
226 	 41.678688 	 283.323761 	 300.955902 	 2.110524 	 98369.203125 	 689.915283 
227 	 41.678688 	 283.323761 	 300.892456 	 1.307466 	 98338.648438 	 676.298157 
228 	 41.678688 	 283.323761 	 299.270874 	 1.805591 	 98338.210938 	 674.760254 
229 	 41.678688 	 283.323761 	 300.608704 	 2.610493 	 98127.523438 	 692.615723 
230 	 41.678688 	 283.323761 	 298.833069 	 1.418339 	 98478.703125 	 669.593262 
231 	 41.678688 	 283.323761 	 300.549896 	 2.978845 	 98204.757812 	 688.930298 
232 	 41.678688 	 283.323761 	 297.519897 	 1.413284 	 98496.171875 	 607.392151 
233 	 41.678688 	 283.323761 	 299.720032 	 2.927945 	 98595.242188 	 627.281738 
234 	 41.678688 	 283.323761 	 299.519012 	 2.635468 	 98856.000000 	 667.668579 
235 	 41.678688 	 283.323761 	 299.380157 	 1.651111 	 99115.656250 	 649.325500 
236 	 41.678688 	 283.323761 	 298.785400 	 2.370887 	 98843.679688 	 648.289001 
237 	 41.678688 	 283.323761 	 297.368805 	 2.589320 	 98547.093750 	 529.667236 
238 	 41.678688 	 283.323761 	 291.638397 	 3.665198 	 99236.062500 	 628.854797 
239 	 41.678688 	 283.323761 	 289.234528 	 1.860398 	 99756.906250 	 595.795410 
240 	 41.678688 	 283.323761 	 291.583069 	 0.686046 	 99608.382812 	 608.897217 
241 	 41.678688 	 283.323761 	 294.527222 	 1.250091 	 99351.906250 	 617.166260 
242 	 41.678688 	 283.323761 	 296.955750 	 1.035109 	 99446.593750 	 641.004517 
243 	 41.678688 	 283.323761 	 299.531616 	 1.125287 	 99518.976562 	 656.933350 
244 	 41.678688 	 283.323761 	 300.320068 	 1.651063 	 99346.242188 	 657.596802 
245 	 41.678688 	 283.323761 	 300.356964 	 1.640756 	 99288.828125 	 648.978394 
246 	 41.678688 	 283.323761 	 299.910187 	 1.787501 	 99279.476562 	 631.880493 
247 	 41.678688 	 283.323761 	 300.522705 	 1.392719 	 99326.601562 	 641.231384 
248 	 41.678688 	 283.323761 	 300.942261 	 1.687225 	 99218.179688 	 639.805847 
249 	 41.678688 	 283.323761 	 301.837524 	 0.850413 	 99201.328125 	 646.390015 
250 	 41.678688 	 283.323761 	 302.586182 	 1.670257 	 98919.976562 	 649.108154 
251 	 41.678688 	 283.323761 	 303.417816 	 3.290037 	 98480.843750 	 634.481079 
252 	 41.678688 	 283.323761 	 294.299408 	 3.014613 	 99516.070312 	 600.973816 
253 	 41.678688 	 283.323761 	 294.795013 	 2.585720 	 99737.218750 	 589.194275 
254 	 41.678688 	 283.323761 	 299.385834 	 3.032861 	 99141.906250 	 579.229675 
255 	 41.678688 	 283.323761 	 300.761627 	 2.240962 	 98919.828125 	 624.809082 
256 	 41.678688 	 283.323761 	 300.511566 	 2.910091 	 98650.609375 	 582.019409 
257 	 41.678688 	 283.323761 	 298.650635 	 2.627748 	 98534.093750 	 593.301270 
258 	 41.678688 	 283.323761 	 286.136414 	 4.330529 	 98908.250000 	 542.786011 
259 	 41.678688 	 283.323761 	 283.784180 	 4.119370 	 99646.851562 	 550.826050 
260 	 41.678688 	 283.323761 	 280.821198 	 1.077672 	 100174.796875 	 404.183533 
261 	 41.678688 	 283.323761 	 286.943237 	 4.068397 	 100086.101562 	 486.677551 
262 	 41.678688 	 283.323761 	 294.875519 	 4.286431 	 99432.093750 	 579.501526 
263 	 41.678688 	 283.323761 	 293.023285 	 2.483968 	 99871.781250 	 579.484131 
264 	 41.678688 	 283.323761 	 288.754578 	 1.966163 	 100579.500000 	 505.502441 
265 	 41.678688 	 283.323761 	 291.970032 	 2.557550 	 100206.000000 	 535.849976 
266 	 41.678688 	 283.323761 	 295.213989 	 3.402144 	 99772.250000 	 556.317505 
267 	 41.678688 	 283.323761 	 297.341248 	 3.740927 	 99301.960938 	 567.397339 
268 	 41.678688 	 283.323761 	 297.533875 	 2.558273 	 99017.070312 	 489.023102 
269 	 41.678688 	 283.323761 	 297.640076 	 3.640940 	 98550.359375 	 576.978149 
270 	 41.678688 	 283.323761 	 290.997284 	 2.464318 	 98865.460938 	 527.972534 
271 	 41.678688 	 283.323761 	 291.266754 	 2.273984 	 99386.117188 	 551.807312 
272 	 41.678688 	 283.323761 	 293.947144 	 4.010196 	 98817.648438 	 480.441284 
273 	 41.678688 	 283.323761 	 289.872009 	 1.437764 	 98626.617188 	 513.664917 
274 	 41.678688 	 283.323761 	 290.536621 	 3.123291 	 98063.976562 	 501.624268 
275 	 41.678688 	 283.323761 	 285.181152 	 2.832271 	 98209.906250 	 430.284332 
276 	 41.678688 	 283.323761 	 283.970306 	 2.392943 	 98481.078125 	 476.968628 
277 	 41.678688 	 283.323761 	 288.230133 	 4.422233 	 97837.656250 	 513.284851 
278 	 41.678688 	 283.323761 	 284.513519 	 3.403252 	 98838.343750 	 488.229797 
279 	 41.678688 	 283.323761 	 282.294952 	 1.179175 	 99379.617188 	 486.322632 
280 	 41.678688 	 283.323761 	 285.115417 	 2.373018 	 99037.453125 	 417.399628 
281 	 41.678688 	 283.323761 	 286.285980 	 0.982410 	 98680.078125 	 503.459869 
282 	 41.678688 	 283.323761 	 286.061920 	 1.032981 	 98933.109375 	 494.835022 
283 	 41.678688 	 283.323761 	 287.878601 	 2.180003 	 99446.773438 	 499.604004 
284 	 41.678688 	 283.323761 	 291.611633 	 4.312223 	 98802.882812 	 415.991699 
285 	 41.678688 	 283.323761 	 281.559692 	 1.696877 	 98848.093750 	 427.203247 
286 	 41.678688 	 283.323761 	 282.491486 	 2.134130 	 98854.453125 	 448.743347 
287 	 41.678688 	 283.323761 	 283.795624 	 3.110854 	 98501.906250 	 418.524475 
288 	 41.678688 	 283.323761 	 281.364166 	 2.909999 	 99176.171875 	 446.715118 
289 	 41.678688 	 283.323761 	 279.656036 	 1.714559 	 99446.031250 	 444.663208 
290 	 41.678688 	 283.323761 	 277.436707 	 1.310935 	 99989.617188 	 453.288300 
291 	 41.678688 	 283.323761 	 282.465363 	 2.616405 	 100239.398438 	 466.091736 
292 	 41.678688 	 283.323761 	 288.082336 	 3.678609 	 99658.523438 	 471.545837 
293 	 41.678688 	 283.323761 	 291.523315 	 5.283284 	 98734.843750 	 429.281464 
294 	 41.678688 	 283.323761 	 284.143158 	 2.318115 	 98738.406250 	 464.303284 
295 	 41.678688 	 283.323761 	 282.066345 	 1.980697 	 99330.289062 	 446.610474 
296 	 41.678688 	 283.323761 	 286.188324 	 3.436191 	 99012.023438 	 470.085663 
297 	 41.678688 	 283.323761 	 289.780090 	 2.960749 	 98572.078125 	 493.876282 
298 	 41.678688 	 283.323761 	 285.772461 	 2.561234 	 98596.296875 	 458.360382 
299 	 41.678688 	 283.323761 	 281.363403 	 3.202786 	 99571.656250 	 357.883057 
300 	 41.678688 	 283.323761 	 282.606903 	 5.318160 	 98272.031250 	 428.555603 
301 	 41.678688 	 283.323761 	 277.047363 	 3.919285 	 98771.976562 	 423.043823 
302 	 41.678688 	 283.323761 	 277.143158 	 1.182493 	 99594.632812 	 417.919128 
303 	 41.678688 	 283.323761 	 277.935822 	 1.595152 	 100372.203125 	 420.580566 
304 	 41.678688 	 283.323761 	 281.862671 	 2.767581 	 100241.203125 	 425.435486 
305 	 41.678688 	 283.323761 	 283.373169 	 1.362122 	 100182.703125 	 426.480896 
306 	 41.678688 	 283.323761 	 287.334534 	 3.169898 	 99180.250000 	 458.565979 
307 	 41.678688 	 283.323761 	 279.823364 	 3.018637 	 99887.710938 	 427.752319 
308 	 41.678688 	 283.323761 	 279.576324 	 3.303668 	 99966.187500 	 355.539886 
309 	 41.678688 	 283.323761 	 286.900879 	 3.908127 	 99565.523438 	 434.622772 
310 	 41.678688 	 283.323761 	 291.629517 	 5.089422 	 98815.476562 	 435.908630 
311 	 41.678688 	 283.323761 	 285.480103 	 3.502192 	 98512.796875 	 451.917480 
312 	 41.678688 	 283.323761 	 277.455444 	 1.359571 	 99716.890625 	 373.251160 
313 	 41.678688 	 283.323761 	 280.969055 	 3.299881 	 99210.632812 	 373.092621 
314 	 41.678688 	 283.323761 	 282.064636 	 3.312097 	 97656.726562 	 414.671539 
315 	 41.678688 	 283.323761 	 278.376648 	 2.850242 	 98231.859375 	 393.710876 
316 	 41.678688 	 283.323761 	 275.619232 	 3.276510 	 99378.203125 	 323.901428 
317 	 41.678688 	 283.323761 	 275.854401 	 2.832925 	 100093.398438 	 363.442078 
318 	 41.678688 	 283.323761 	 271.286377 	 1.980107 	 100463.500000 	 322.835785 
319 	 41.678688 	 283.323761 	 273.552246 	 1.308087 	 99386.359375 	 364.238953 
320 	 41.678688 	 283.323761 	 277.113190 	 2.639166 	 98703.476562 	 382.123291 
321 	 41.678688 	 283.323761 	 272.969452 	 0.912637 	 99252.578125 	 372.647675 
322 	 41.678688 	 283.323761 	 271.319611 	 0.968373 	 99272.531250 	 295.502136 
323 	 41.678688 	 283.323761 	 270.684937 	 2.943840 	 99869.820312 	 367.578461 
324 	 41.678688 	 283.323761 	 268.649231 	 2.998128 	 100726.796875 	 292.180511 
325 	 41.678688 	 283.323761 	 274.661682 	 2.693499 	 99811.078125 	 366.612061 
326 	 41.678688 	 283.323761 	 280.692352 	 4.448297 	 98016.531250 	 350.475311 
327 	 41.678688 	 283.323761 	 276.109589 	 3.744508 	 97458.132812 	 382.534149 
328 	 41.678688 	 283.323761 	 273.846802 	 3.506938 	 98615.109375 	 311.048218 
329 	 41.678688 	 283.323761 	 280.643158 	 3.503697 	 98467.937500 	 371.786255 
330 	 41.678688 	 283.323761 	 274.862366 	 1.700556 	 99872.617188 	 331.687134 
331 	 41.678688 	 283.323761 	 276.639069 	 3.280464 	 98857.656250 	 333.889984 
332 	 41.678688 	 283.323761 	 276.716766 	 3.446790 	 99036.632812 	 396.176239 
333 	 41.678688 	 283.323761 	 278.493958 	 4.155485 	 98513.273438 	 363.985901 
334 	 41.678688 	 283.323761 	 280.053833 	 2.795127 	 98496.273438 	 384.577393 
335 	 41.678688 	 283.323761 	 278.167267 	 3.309024 	 99219.851562 	 349.377991 
336 	 41.678688 	 283.323761 	 275.385376 	 2.337237 	 99837.820312 	 320.650269 
337 	 41.678688 	 283.323761 	 279.912170 	 2.167216 	 99465.882812 	 363.194153 
338 	 41.678688 	 283.323761 	 281.429810 	 2.228666 	 99629.968750 	 373.203979 
339 	 41.678688 	 283.323761 	 281.211029 	 2.570871 	 99840.312500 	 370.002075 
340 	 41.678688 	 283.323761 	 282.621765 	 1.073012 	 99696.078125 	 351.544983 
341 	 41.678688 	 283.323761 	 286.764587 	 2.276580 	 99488.531250 	 384.605865 
342 	 41.678688 	 283.323761 	 284.565613 	 3.821778 	 99886.046875 	 387.972443 
343 	 41.678688 	 283.323761 	 283.158752 	 4.658845 	 99758.007812 	 370.445618 
344 	 41.678688 	 283.323761 	 287.704071 	 2.821714 	 98791.203125 	 422.349823 
345 	 41.678688 	 283.323761 	 288.087616 	 2.253973 	 97985.648438 	 405.083862 
346 	 41.678688 	 283.323761 	 286.308655 	 2.424168 	 97357.992188 	 383.447113 
347 	 41.678688 	 283.323761 	 286.241882 	 1.878206 	 98067.023438 	 417.006073 
348 	 41.678688 	 283.323761 	 284.085571 	 1.023679 	 98854.726562 	 394.493469 
349 	 41.678688 	 283.323761 	 284.242126 	 2.942916 	 99330.203125 	 401.620026 
350 	 41.678688 	 283.323761 	 287.145966 	 4.563830 	 98870.718750 	 393.350800 
351 	 41.678688 	 283.323761 	 288.289276 	 5.459538 	 97401.656250 	 391.135529 
352 	 41.678688 	 283.323761 	 276.257812 	 3.644795 	 96723.367188 	 334.615540 
353 	 41.678688 	 283.323761 	 273.142975 	 3.375206 	 96982.406250 	 334.912811 
354 	 41.678688 	 283.323761 	 271.928925 	 1.445395 	 97599.976562 	 338.316162 
355 	 41.678688 	 283.323761 	 268.834229 	 2.495511 	 97958.718750 	 315.239655 
356 	 41.678688 	 283.323761 	 268.734985 	 1.810434 	 98809.671875 	 333.104919 
357 	 41.678688 	 283.323761 	 270.117767 	 1.937747 	 99169.132812 	 324.217865 
358 	 41.678688 	 283.323761 	 271.825104 	 2.564837 	 98183.132812 	 360.529266 
359 	 41.678688 	 283.323761 	 271.495911 	 3.619576 	 97563.750000 	 297.006134 
360 	 41.678688 	 283.323761 	 275.813751 	 3.939497 	 97457.703125 	 372.873077 
361 	 41.678688 	 283.323761 	 270.366333 	 1.357898 	 98919.921875 	 328.788391 
362 	 41.678688 	 283.323761 	 274.695282 	 2.072670 	 99115.453125 	 318.869659 
363 	 41.678688 	 283.323761 	 278.242676 	 1.508054 	 99265.929688 	 389.247925 
364 	 41.678688 	 283.323761 	 283.662445 	 2.851440 	 99154.148438 	 382.065887 
