# 0: Day of Year [-] 	 1: lat [deg] 	 2: lon [deg] 	 3: tas [K] 	 4: sfcWind [m s-1] 	 5: ps [Pa] 	 6: Total Downwelling Rad Flux [W m-2] 
0 	 41.678688 	 283.323761 	 266.156006 	 3.311487 	 98059.851562 	 305.169739 
1 	 41.678688 	 283.323761 	 267.618469 	 3.510362 	 98006.828125 	 317.591980 
2 	 41.678688 	 283.323761 	 270.697723 	 3.205499 	 98513.929688 	 350.806763 
3 	 41.678688 	 283.323761 	 271.585602 	 1.110956 	 99528.156250 	 348.411804 
4 	 41.678688 	 283.323761 	 270.342102 	 1.034675 	 99585.789062 	 326.720154 
5 	 41.678688 	 283.323761 	 270.204712 	 1.739063 	 98971.218750 	 304.870239 
6 	 41.678688 	 283.323761 	 270.405212 	 2.028844 	 98667.093750 	 334.184937 
7 	 41.678688 	 283.323761 	 270.315979 	 1.759894 	 98032.343750 	 331.902893 
8 	 41.678688 	 283.323761 	 271.123169 	 3.410536 	 96435.726562 	 335.108032 
9 	 41.678688 	 283.323761 	 268.801422 	 4.485485 	 97172.453125 	 326.168365 
10 	 41.678688 	 283.323761 	 270.308289 	 3.760405 	 97895.867188 	 315.034332 
11 	 41.678688 	 283.323761 	 275.209961 	 5.022979 	 96542.039062 	 376.509460 
12 	 41.678688 	 283.323761 	 270.534363 	 1.933494 	 98199.023438 	 302.883942 
13 	 41.678688 	 283.323761 	 277.885986 	 3.378373 	 97584.546875 	 376.548706 
14 	 41.678688 	 283.323761 	 265.408112 	 2.630053 	 98396.273438 	 314.494232 
15 	 41.678688 	 283.323761 	 262.797760 	 2.461657 	 98299.242188 	 323.655396 
16 	 41.678688 	 283.323761 	 264.534393 	 3.985690 	 98178.320312 	 296.381897 
17 	 41.678688 	 283.323761 	 260.244690 	 3.235573 	 99381.546875 	 285.940704 
18 	 41.678688 	 283.323761 	 261.198792 	 1.835455 	 100557.000000 	 302.244568 
19 	 41.678688 	 283.323761 	 271.101471 	 4.112656 	 99668.062500 	 341.920685 
20 	 41.678688 	 283.323761 	 274.054199 	 3.171600 	 99359.343750 	 362.666718 
21 	 41.678688 	 283.323761 	 271.671661 	 1.433315 	 99999.562500 	 343.157959 
22 	 41.678688 	 283.323761 	 274.235565 	 3.312935 	 99384.726562 	 322.637268 
23 	 41.678688 	 283.323761 	 277.706024 	 2.042866 	 99082.351562 	 383.011688 
24 	 41.678688 	 283.323761 	 277.954041 	 3.127855 	 99171.453125 	 349.255676 
25 	 41.678688 	 283.323761 	 283.833160 	 2.928391 	 97530.343750 	 414.602905 
26 	 41.678688 	 283.323761 	 276.906921 	 1.711463 	 97985.531250 	 355.058929 
27 	 41.678688 	 283.323761 	 273.703400 	 2.700583 	 98336.218750 	 350.054626 
28 	 41.678688 	 283.323761 	 273.888306 	 1.235337 	 98776.296875 	 395.823975 
29 	 41.678688 	 283.323761 	 274.205811 	 3.108511 	 98563.929688 	 355.195038 
30 	 41.678688 	 283.323761 	 272.493378 	 1.818981 	 99459.796875 	 393.183594 
31 	 41.678688 	 283.323761 	 273.610260 	 1.849146 	 98845.187500 	 318.184753 
32 	 41.678688 	 283.323761 	 274.813965 	 1.592693 	 98772.906250 	 352.646881 
33 	 41.678688 	 283.323761 	 274.788666 	 1.978750 	 98058.656250 	 369.418213 
34 	 41.678688 	 283.323761 	 276.250702 	 3.266921 	 97720.156250 	 383.652405 
35 	 41.678688 	 283.323761 	 272.910675 	 2.285885 	 98184.023438 	 362.286041 
36 	 41.678688 	 283.323761 	 271.206940 	 1.776067 	 98632.398438 	 380.649841 
37 	 41.678688 	 283.323761 	 270.977203 	 1.274149 	 98654.562500 	 358.963898 
38 	 41.678688 	 283.323761 	 272.215393 	 5.206380 	 98285.093750 	 343.532532 
39 	 41.678688 	 283.323761 	 270.905334 	 7.423565 	 97455.648438 	 335.635620 
40 	 41.678688 	 283.323761 	 272.214783 	 5.123323 	 96954.273438 	 411.667053 
41 	 41.678688 	 283.323761 	 275.356567 	 3.268064 	 97367.148438 	 370.335938 
42 	 41.678688 	 283.323761 	 276.718628 	 2.930146 	 97928.156250 	 404.267151 
43 	 41.678688 	 283.323761 	 274.477966 	 1.908558 	 98301.953125 	 335.011566 
44 	 41.678688 	 283.323761 	 272.854736 	 6.043186 	 96655.726562 	 333.747345 
45 	 41.678688 	 283.323761 	 269.941437 	 4.670164 	 96421.976562 	 397.742920 
46 	 41.678688 	 283.323761 	 267.532562 	 3.259405 	 97323.718750 	 354.547943 
47 	 41.678688 	 283.323761 	 268.838501 	 4.116120 	 97888.070312 	 403.949463 
48 	 41.678688 	 283.323761 	 271.031738 	 2.201571 	 98220.218750 	 382.678650 
49 	 41.678688 	 283.323761 	 273.705933 	 3.295285 	 97262.960938 	 435.553955 
50 	 41.678688 	 283.323761 	 270.812164 	 4.435276 	 96687.117188 	 421.799011 
51 	 41.678688 	 283.323761 	 272.431732 	 3.977983 	 97053.726562 	 403.532288 
52 	 41.678688 	 283.323761 	 272.477539 	 1.707704 	 97517.812500 	 325.900299 
53 	 41.678688 	 283.323761 	 278.875793 	 1.942100 	 96424.742188 	 455.365662 
54 	 41.678688 	 283.323761 	 273.313049 	 3.775814 	 96563.039062 	 391.560333 
55 	 41.678688 	 283.323761 	 270.475922 	 3.167470 	 97758.187500 	 408.895264 
56 	 41.678688 	 283.323761 	 269.591766 	 2.369308 	 98375.679688 	 368.280273 
57 	 41.678688 	 283.323761 	 269.176727 	 2.472327 	 98540.882812 	 430.204773 
58 	 41.678688 	 283.323761 	 268.014008 	 2.886089 	 99017.390625 	 397.768951 
59 	 41.678688 	 283.323761 	 268.996429 	 3.369366 	 99637.226562 	 399.715027 
60 	 41.678688 	 283.323761 	 273.022614 	 2.551988 	 99521.718750 	 401.747803 
61 	 41.678688 	 283.323761 	 280.985779 	 4.116787 	 98497.976562 	 374.314056 
62 	 41.678688 	 283.323761 	 282.585541 	 3.107501 	 98488.898438 	 459.526550 
63 	 41.678688 	 283.323761 	 282.160156 	 3.995254 	 98579.906250 	 468.973877 
64 	 41.678688 	 283.323761 	 276.411194 	 2.186832 	 99921.218750 	 451.301056 
65 	 41.678688 	 283.323761 	 278.626434 	 3.896130 	 99716.531250 	 394.054565 
66 	 41.678688 	 283.323761 	 285.032227 	 3.650094 	 98770.359375 	 486.405029 
67 	 41.678688 	 283.323761 	 286.475800 	 3.621933 	 98392.476562 	 435.087036 
68 	 41.678688 	 283.323761 	 288.465576 	 5.366547 	 97205.453125 	 441.382599 
69 	 41.678688 	 283.323761 	 279.205139 	 2.593924 	 97207.843750 	 470.222290 
70 	 41.678688 	 283.323761 	 270.888245 	 3.756170 	 97261.781250 	 415.221985 
71 	 41.678688 	 283.323761 	 267.117249 	 3.087413 	 97642.281250 	 441.627808 
72 	 41.678688 	 283.323761 	 270.217468 	 2.542284 	 97502.046875 	 357.092682 
73 	 41.678688 	 283.323761 	 269.432404 	 3.932332 	 98165.398438 	 438.484528 
74 	 41.678688 	 283.323761 	 269.927490 	 3.151793 	 98772.203125 	 437.826965 
75 	 41.678688 	 283.323761 	 270.666321 	 2.547791 	 98729.671875 	 446.560516 
76 	 41.678688 	 283.323761 	 272.540436 	 2.465760 	 99492.031250 	 452.750946 
77 	 41.678688 	 283.323761 	 275.613586 	 2.511929 	 100520.703125 	 471.245880 
78 	 41.678688 	 283.323761 	 281.751282 	 4.709010 	 100063.898438 	 461.665131 
79 	 41.678688 	 283.323761 	 285.805328 	 5.405978 	 98530.039062 	 460.004974 
80 	 41.678688 	 283.323761 	 281.921173 	 2.703145 	 98083.656250 	 420.718719 
81 	 41.678688 	 283.323761 	 280.895355 	 2.802046 	 98571.796875 	 490.737000 
82 	 41.678688 	 283.323761 	 283.009644 	 2.691883 	 98657.656250 	 475.107880 
83 	 41.678688 	 283.323761 	 284.641937 	 2.400879 	 98067.406250 	 380.109497 
84 	 41.678688 	 283.323761 	 278.320648 	 2.670619 	 97847.890625 	 433.646240 
85 	 41.678688 	 283.323761 	 274.509094 	 1.159252 	 98403.500000 	 502.243469 
86 	 41.678688 	 283.323761 	 278.150177 	 2.626645 	 98741.476562 	 487.127625 
87 	 41.678688 	 283.323761 	 282.951843 	 1.932884 	 98551.492188 	 470.630859 
88 	 41.678688 	 283.323761 	 279.451569 	 3.792860 	 98425.750000 	 527.596802 
89 	 41.678688 	 283.323761 	 279.379944 	 3.225925 	 98310.593750 	 506.169434 
90 	 41.678688 	 283.323761 	 280.784088 	 1.808287 	 98742.359375 	 534.794495 
91 	 41.678688 	 283.323761 	 282.932373 	 1.415473 	 99812.062500 	 543.471863 
92 	 41.678688 	 283.323761 	 284.298828 	 3.238708 	 100635.203125 	 500.929504 
93 	 41.678688 	 283.323761 	 285.292053 	 4.103796 	 100031.101562 	 480.362732 
94 	 41.678688 	 283.323761 	 288.670380 	 3.610450 	 99116.953125 	 514.897522 
95 	 41.678688 	 283.323761 	 284.549103 	 3.651508 	 98677.257812 	 485.547516 
96 	 41.678688 	 283.323761 	 279.174500 	 3.157142 	 99610.976562 	 557.624817 
97 	 41.678688 	 283.323761 	 282.127380 	 1.835735 	 99485.171875 	 494.854431 
98 	 41.678688 	 283.323761 	 284.217468 	 1.747884 	 98678.867188 	 397.316223 
99 	 41.678688 	 283.323761 	 287.207031 	 1.860817 	 98271.851562 	 602.223999 
100 	 41.678688 	 283.323761 	 284.981934 	 0.925675 	 98586.062500 	 561.095947 
101 	 41.678688 	 283.323761 	 286.506866 	 3.234125 	 99071.703125 	 578.247559 
102 	 41.678688 	 283.323761 	 285.762878 	 5.885720 	 98654.460938 	 450.159393 
103 	 41.678688 	 283.323761 	 282.194244 	 5.905654 	 97807.046875 	 386.291443 
104 	 41.678688 	 283.323761 	 285.180969 	 4.253686 	 97975.281250 	 577.675415 
105 	 41.678688 	 283.323761 	 288.512939 	 3.138101 	 98625.421875 	 592.809021 
106 	 41.678688 	 283.323761 	 287.409760 	 1.069036 	 99215.796875 	 577.265137 
107 	 41.678688 	 283.323761 	 289.485840 	 1.977719 	 99008.367188 	 577.743896 
108 	 41.678688 	 283.323761 	 291.260590 	 2.664540 	 98638.437500 	 613.931091 
109 	 41.678688 	 283.323761 	 292.218750 	 2.661110 	 98516.812500 	 584.717834 
110 	 41.678688 	 283.323761 	 291.658264 	 1.661230 	 99309.789062 	 588.286011 
111 	 41.678688 	 283.323761 	 293.933533 	 3.257938 	 99366.179688 	 648.227783 
112 	 41.678688 	 283.323761 	 294.111603 	 4.004513 	 98985.148438 	 632.009399 
113 	 41.678688 	 283.323761 	 292.444519 	 3.714532 	 98556.898438 	 557.270996 
114 	 41.678688 	 283.323761 	 289.264893 	 1.069915 	 98986.281250 	 619.872192 
115 	 41.678688 	 283.323761 	 291.306030 	 2.419353 	 99360.562500 	 631.488831 
116 	 41.678688 	 283.323761 	 290.352417 	 4.140329 	 99069.382812 	 497.107483 
117 	 41.678688 	 283.323761 	 285.124146 	 1.729304 	 99400.632812 	 597.824341 
118 	 41.678688 	 283.323761 	 286.741699 	 3.527415 	 98480.156250 	 488.229828 
119 	 41.678688 	 283.323761 	 285.183319 	 3.364442 	 98108.523438 	 602.630249 
120 	 41.678688 	 283.323761 	 285.454498 	 2.910467 	 98325.210938 	 612.167603 
121 	 41.678688 	 283.323761 	 289.948242 	 4.120236 	 97712.882812 	 639.980469 
122 	 41.678688 	 283.323761 	 285.291046 	 3.266310 	 98434.351562 	 611.565002 
123 	 41.678688 	 283.323761 	 284.378418 	 3.639424 	 98676.093750 	 607.962769 
124 	 41.678688 	 283.323761 	 284.535828 	 2.732615 	 98945.242188 	 608.780029 
125 	 41.678688 	 283.323761 	 286.963135 	 2.204670 	 98849.523438 	 624.005737 
126 	 41.678688 	 283.323761 	 290.588684 	 2.122508 	 98355.023438 	 644.876953 
127 	 41.678688 	 283.323761 	 290.292938 	 3.617355 	 98164.046875 	 626.652100 
128 	 41.678688 	 283.323761 	 289.199127 	 2.724899 	 98311.000000 	 615.576904 
129 	 41.678688 	 283.323761 	 292.927551 	 1.921485 	 98249.796875 	 621.330444 
130 	 41.678688 	 283.323761 	 294.765045 	 2.251571 	 98424.656250 	 669.585327 
131 	 41.678688 	 283.323761 	 296.604706 	 2.609416 	 98379.867188 	 670.158020 
132 	 41.678688 	 283.323761 	 292.503723 	 1.210627 	 99010.000000 	 652.501831 
133 	 41.678688 	 283.323761 	 295.306000 	 3.500790 	 98684.226562 	 666.151794 
134 	 41.678688 	 283.323761 	 295.769196 	 2.410570 	 98213.507812 	 670.965210 
135 	 41.678688 	 283.323761 	 292.711945 	 1.278594 	 98576.976562 	 665.627930 
136 	 41.678688 	 283.323761 	 295.713257 	 3.483359 	 98172.156250 	 641.458069 
137 	 41.678688 	 283.323761 	 285.634918 	 3.879297 	 99026.742188 	 660.586548 
138 	 41.678688 	 283.323761 	 284.628815 	 2.506583 	 99339.992188 	 568.519592 
139 	 41.678688 	 283.323761 	 289.089233 	 4.380680 	 98857.828125 	 575.353882 
140 	 41.678688 	 283.323761 	 294.455109 	 4.962643 	 97495.500000 	 638.472534 
141 	 41.678688 	 283.323761 	 292.839630 	 3.549243 	 97271.187500 	 598.296143 
142 	 41.678688 	 283.323761 	 290.251404 	 2.963310 	 97439.406250 	 499.245697 
143 	 41.678688 	 283.323761 	 288.564087 	 2.896566 	 97881.679688 	 592.803101 
144 	 41.678688 	 283.323761 	 288.010010 	 3.205275 	 97902.437500 	 530.075928 
145 	 41.678688 	 283.323761 	 288.372131 	 4.526308 	 97127.312500 	 593.345886 
146 	 41.678688 	 283.323761 	 287.482147 	 4.248506 	 98074.453125 	 593.826355 
147 	 41.678688 	 283.323761 	 288.984833 	 3.691422 	 98536.242188 	 613.164307 
148 	 41.678688 	 283.323761 	 287.901489 	 2.072588 	 98635.453125 	 642.018433 
149 	 41.678688 	 283.323761 	 286.897583 	 1.459729 	 98592.773438 	 590.201294 
150 	 41.678688 	 283.323761 	 292.211395 	 5.149923 	 98494.703125 	 624.173340 
151 	 41.678688 	 283.323761 	 297.659790 	 2.284684 	 98277.781250 	 616.400635 
152 	 41.678688 	 283.323761 	 297.959686 	 3.091893 	 98259.921875 	 718.268188 
153 	 41.678688 	 283.323761 	 296.995361 	 2.848386 	 98165.718750 	 706.375000 
154 	 41.678688 	 283.323761 	 295.735596 	 3.548454 	 97952.273438 	 686.160156 
155 	 41.678688 	 283.323761 	 289.872955 	 2.450891 	 98393.179688 	 663.995605 
156 	 41.678688 	 283.323761 	 284.952881 	 2.199462 	 98937.156250 	 559.448853 
157 	 41.678688 	 283.323761 	 286.646820 	 1.727375 	 99098.609375 	 653.776001 
158 	 41.678688 	 283.323761 	 291.629150 	 2.897620 	 98763.539062 	 642.449585 
159 	 41.678688 	 283.323761 	 295.758667 	 2.994676 	 98276.242188 	 595.874146 
160 	 41.678688 	 283.323761 	 290.167694 	 2.482157 	 98763.976562 	 533.257202 
161 	 41.678688 	 283.323761 	 288.331329 	 3.688529 	 98621.000000 	 559.505798 
162 	 41.678688 	 283.323761 	 289.577118 	 1.798196 	 98711.031250 	 685.022705 
163 	 41.678688 	 283.323761 	 291.187592 	 3.938426 	 98767.789062 	 651.863525 
164 	 41.678688 	 283.323761 	 292.463715 	 4.459660 	 98164.343750 	 632.439087 
165 	 41.678688 	 283.323761 	 284.740906 	 3.735279 	 98468.773438 	 552.463135 
166 	 41.678688 	 283.323761 	 287.685211 	 2.976002 	 98788.156250 	 661.151978 
167 	 41.678688 	 283.323761 	 290.712616 	 3.263680 	 98716.492188 	 623.695984 
168 	 41.678688 	 283.323761 	 297.844604 	 4.568472 	 98075.296875 	 694.690063 
169 	 41.678688 	 283.323761 	 298.756866 	 3.608627 	 98218.296875 	 605.294861 
170 	 41.678688 	 283.323761 	 298.755798 	 2.784445 	 98344.453125 	 713.238037 
171 	 41.678688 	 283.323761 	 297.638824 	 2.285411 	 98262.226562 	 711.337219 
172 	 41.678688 	 283.323761 	 299.810638 	 4.323355 	 98043.976562 	 734.103088 
173 	 41.678688 	 283.323761 	 294.180756 	 3.607183 	 98305.976562 	 627.644287 
174 	 41.678688 	 283.323761 	 290.496582 	 3.436876 	 98654.476562 	 671.179688 
175 	 41.678688 	 283.323761 	 291.687592 	 2.296338 	 98783.703125 	 622.612793 
176 	 41.678688 	 283.323761 	 293.187927 	 1.948150 	 98864.843750 	 587.750549 
177 	 41.678688 	 283.323761 	 292.524353 	 1.095592 	 98974.843750 	 575.960144 
178 	 41.678688 	 283.323761 	 294.770203 	 1.092738 	 99384.617188 	 694.102600 
179 	 41.678688 	 283.323761 	 296.067017 	 4.179730 	 99474.398438 	 636.056519 
180 	 41.678688 	 283.323761 	 295.171478 	 4.267875 	 99210.406250 	 645.500000 
181 	 41.678688 	 283.323761 	 295.568634 	 4.259943 	 99000.976562 	 722.726013 
182 	 41.678688 	 283.323761 	 295.244019 	 3.289938 	 98777.750000 	 642.825439 
183 	 41.678688 	 283.323761 	 295.928101 	 3.505706 	 98510.726562 	 575.557983 
184 	 41.678688 	 283.323761 	 296.423279 	 2.250518 	 97900.789062 	 611.062378 
185 	 41.678688 	 283.323761 	 295.552032 	 2.711322 	 97465.750000 	 545.213379 
186 	 41.678688 	 283.323761 	 291.220856 	 3.687931 	 97635.828125 	 596.336670 
187 	 41.678688 	 283.323761 	 288.584320 	 2.997572 	 98309.640625 	 590.214355 
188 	 41.678688 	 283.323761 	 292.387451 	 2.594995 	 98582.187500 	 649.012939 
189 	 41.678688 	 283.323761 	 297.069366 	 5.302554 	 97952.429688 	 640.475464 
190 	 41.678688 	 283.323761 	 297.347900 	 2.616185 	 97909.500000 	 637.911743 
191 	 41.678688 	 283.323761 	 296.774231 	 1.743841 	 98076.148438 	 639.971924 
192 	 41.678688 	 283.323761 	 295.799927 	 1.575950 	 98364.359375 	 637.169312 
193 	 41.678688 	 283.323761 	 295.754181 	 2.789157 	 98706.289062 	 716.039368 
194 	 41.678688 	 283.323761 	 292.933319 	 1.435657 	 99221.218750 	 595.609497 
195 	 41.678688 	 283.323761 	 296.436646 	 1.460817 	 99246.726562 	 708.449951 
196 	 41.678688 	 283.323761 	 298.631470 	 2.223015 	 99081.390625 	 701.130371 
197 	 41.678688 	 283.323761 	 299.520630 	 3.053212 	 98898.367188 	 630.087952 
198 	 41.678688 	 283.323761 	 299.615051 	 2.656408 	 98798.648438 	 652.641541 
199 	 41.678688 	 283.323761 	 300.110931 	 2.256190 	 98822.273438 	 740.922974 
200 	 41.678688 	 283.323761 	 303.023682 	 3.267147 	 98443.289062 	 733.208252 
201 	 41.678688 	 283.323761 	 303.474945 	 3.203316 	 98272.421875 	 733.083130 
202 	 41.678688 	 283.323761 	 301.925629 	 3.044998 	 98395.429688 	 630.354553 
203 	 41.678688 	 283.323761 	 297.656342 	 1.818795 	 98734.976562 	 560.520020 
204 	 41.678688 	 283.323761 	 296.134094 	 1.733993 	 99057.148438 	 557.136841 
205 	 41.678688 	 283.323761 	 297.598358 	 1.785450 	 98719.476562 	 630.841370 
206 	 41.678688 	 283.323761 	 299.229034 	 2.937169 	 98412.757812 	 685.922058 
207 	 41.678688 	 283.323761 	 299.708862 	 3.391543 	 98282.710938 	 661.364624 
208 	 41.678688 	 283.323761 	 296.551208 	 3.152112 	 97946.718750 	 694.439880 
209 	 41.678688 	 283.323761 	 295.663727 	 2.636294 	 98182.187500 	 684.263367 
210 	 41.678688 	 283.323761 	 297.119965 	 3.283764 	 98002.570312 	 693.608398 
211 	 41.678688 	 283.323761 	 297.443909 	 2.165323 	 98554.546875 	 656.664551 
212 	 41.678688 	 283.323761 	 301.344727 	 2.494904 	 98941.726562 	 682.520508 
213 	 41.678688 	 283.323761 	 302.243500 	 2.841517 	 98958.257812 	 680.830933 
214 	 41.678688 	 283.323761 	 300.638550 	 3.584567 	 98802.523438 	 642.117310 
215 	 41.678688 	 283.323761 	 299.607391 	 3.228957 	 98847.406250 	 690.206787 
216 	 41.678688 	 283.323761 	 298.615997 	 4.460087 	 98708.898438 	 670.741577 
217 	 41.678688 	 283.323761 	 297.200256 	 2.718659 	 98716.781250 	 611.847534 
218 	 41.678688 	 283.323761 	 295.207306 	 1.392286 	 99029.148438 	 634.590088 
219 	 41.678688 	 283.323761 	 294.088959 	 1.710492 	 98786.726562 	 650.207825 
220 	 41.678688 	 283.323761 	 294.010956 	 1.935581 	 98818.351562 	 669.357666 
221 	 41.678688 	 283.323761 	 293.170227 	 0.964627 	 98961.500000 	 661.179382 
222 	 41.678688 	 283.323761 	 297.887970 	 3.281172 	 98691.429688 	 673.834351 
223 	 41.678688 	 283.323761 	 300.412079 	 2.789328 	 98555.468750 	 683.033813 
224 	 41.678688 	 283.323761 	 297.167908 	 1.421158 	 99315.820312 	 682.767944 
225 	 41.678688 	 283.323761 	 297.267365 	 0.846080 	 99225.546875 	 650.267212 
226 	 41.678688 	 283.323761 	 299.767761 	 0.893843 	 99025.039062 	 658.481567 
227 	 41.678688 	 283.323761 	 299.133881 	 1.192224 	 99071.406250 	 695.633545 
228 	 41.678688 	 283.323761 	 298.114960 	 0.867728 	 98979.531250 	 651.242188 
229 	 41.678688 	 283.323761 	 298.380341 	 1.170214 	 98878.976562 	 669.462402 
230 	 41.678688 	 283.323761 	 299.507050 	 2.204593 	 98965.023438 	 664.939575 
231 	 41.678688 	 283.323761 	 298.433655 	 2.723238 	 98647.687500 	 677.960876 
232 	 41.678688 	 283.323761 	 296.180542 	 3.971717 	 98044.507812 	 613.183411 
233 	 41.678688 	 283.323761 	 293.617767 	 2.566127 	 98232.273438 	 648.703247 
234 	 41.678688 	 283.323761 	 293.194550 	 2.649817 	 97911.226562 	 543.495789 
235 	 41.678688 	 283.323761 	 291.410095 	 4.910628 	 97755.578125 	 616.686523 
236 	 41.678688 	 283.323761 	 291.126343 	 3.435295 	 98685.593750 	 612.734558 
237 	 41.678688 	 283.323761 	 290.176300 	 1.251101 	 99457.531250 	 597.468262 
238 	 41.678688 	 283.323761 	 292.698822 	 1.920758 	 99797.492188 	 629.682983 
239 	 41.678688 	 283.323761 	 294.564301 	 4.035845 	 99518.656250 	 618.319519 
240 	 41.678688 	 283.323761 	 296.587769 	 4.159278 	 99221.726562 	 528.556335 
241 	 41.678688 	 283.323761 	 299.169525 	 3.507478 	 98547.687500 	 674.993408 
242 	 41.678688 	 283.323761 	 296.150024 	 1.940393 	 98104.390625 	 599.611267 
243 	 41.678688 	 283.323761 	 294.320679 	 2.533632 	 98052.742188 	 589.661865 
244 	 41.678688 	 283.323761 	 292.754944 	 1.296935 	 98531.867188 	 605.759460 
245 	 41.678688 	 283.323761 	 296.423798 	 1.081889 	 98705.882812 	 632.214844 
246 	 41.678688 	 283.323761 	 297.788483 	 1.747391 	 98811.882812 	 642.404541 
247 	 41.678688 	 283.323761 	 299.729858 	 2.748366 	 98569.203125 	 632.179260 
248 	 41.678688 	 283.323761 	 299.306000 	 1.733074 	 98676.578125 	 642.314819 
249 	 41.678688 	 283.323761 	 299.814423 	 1.004462 	 98985.257812 	 640.990417 
250 	 41.678688 	 283.323761 	 301.622528 	 1.952336 	 98827.562500 	 637.405518 
251 	 41.678688 	 283.323761 	 297.914764 	 1.029696 	 98570.046875 	 616.363037 
252 	 41.678688 	 283.323761 	 297.498932 	 1.373895 	 99098.726562 	 628.478088 
253 	 41.678688 	 283.323761 	 296.395233 	 3.390412 	 99640.000000 	 566.459717 
254 	 41.678688 	 283.323761 	 298.039185 	 3.192497 	 98866.742188 	 600.962524 
255 	 41.678688 	 283.323761 	 291.861542 	 3.126630 	 99485.390625 	 601.639709 
256 	 41.678688 	 283.323761 	 288.771851 	 1.929916 	 99841.226562 	 559.492065 
257 	 41.678688 	 283.323761 	 288.951385 	 1.355620 	 99722.250000 	 561.074524 
258 	 41.678688 	 283.323761 	 290.231720 	 0.805745 	 99604.523438 	 571.710815 
259 	 41.678688 	 283.323761 	 291.516357 	 1.051066 	 99332.101562 	 571.184387 
260 	 41.678688 	 283.323761 	 292.708557 	 1.045429 	 99449.648438 	 573.994751 
261 	 41.678688 	 283.323761 	 295.131012 	 2.151597 	 99618.148438 	 579.481995 
262 	 41.678688 	 283.323761 	 295.753296 	 2.591287 	 99311.507812 	 575.478760 
263 	 41.678688 	 283.323761 	 296.843964 	 3.237186 	 98839.632812 	 546.589111 
264 	 41.678688 	 283.323761 	 288.579102 	 2.069463 	 98977.429688 	 451.868256 
265 	 41.678688 	 283.323761 	 292.588440 	 3.567465 	 98238.570312 	 572.002563 
266 	 41.678688 	 283.323761 	 288.736542 	 1.377238 	 98875.812500 	 536.513916 
267 	 41.678688 	 283.323761 	 291.756042 	 1.217962 	 99095.718750 	 547.817993 
268 	 41.678688 	 283.323761 	 297.647400 	 3.161254 	 98980.242188 	 499.894836 
269 	 41.678688 	 283.323761 	 296.942688 	 2.801529 	 98737.226562 	 555.589478 
270 	 41.678688 	 283.323761 	 295.683868 	 2.539622 	 98952.578125 	 547.783386 
271 	 41.678688 	 283.323761 	 294.091217 	 2.692403 	 99215.000000 	 537.263000 
272 	 41.678688 	 283.323761 	 293.624603 	 3.596678 	 98761.789062 	 534.256714 
273 	 41.678688 	 283.323761 	 289.231049 	 2.889511 	 98011.109375 	 557.585815 
274 	 41.678688 	 283.323761 	 287.815002 	 2.382313 	 98090.593750 	 476.981598 
275 	 41.678688 	 283.323761 	 283.519531 	 2.420275 	 98368.312500 	 436.958618 
276 	 41.678688 	 283.323761 	 280.517395 	 3.620256 	 98997.546875 	 396.419281 
277 	 41.678688 	 283.323761 	 282.100830 	 2.373513 	 99425.796875 	 506.806458 
278 	 41.678688 	 283.323761 	 285.199493 	 2.108958 	 99213.828125 	 490.716797 
279 	 41.678688 	 283.323761 	 287.463562 	 1.970673 	 99097.750000 	 490.661682 
280 	 41.678688 	 283.323761 	 287.423676 	 2.146736 	 99101.242188 	 418.221313 
281 	 41.678688 	 283.323761 	 286.813232 	 2.078700 	 98461.812500 	 452.191345 
282 	 41.678688 	 283.323761 	 283.456299 	 2.749533 	 98877.437500 	 430.287659 
283 	 41.678688 	 283.323761 	 279.009125 	 1.960429 	 99809.703125 	 428.836060 
284 	 41.678688 	 283.323761 	 279.198669 	 1.044795 	 100050.796875 	 436.366333 
285 	 41.678688 	 283.323761 	 280.435669 	 0.829470 	 99749.851562 	 460.885132 
286 	 41.678688 	 283.323761 	 282.446167 	 1.021321 	 99346.460938 	 467.386444 
287 	 41.678688 	 283.323761 	 285.486908 	 2.032433 	 99085.117188 	 455.699036 
288 	 41.678688 	 283.323761 	 289.151215 	 2.198228 	 98715.976562 	 492.246124 
289 	 41.678688 	 283.323761 	 293.366333 	 3.534278 	 98379.312500 	 514.202026 
290 	 41.678688 	 283.323761 	 292.835907 	 4.218234 	 97894.781250 	 441.293335 
291 	 41.678688 	 283.323761 	 290.688873 	 3.853878 	 98250.093750 	 483.045715 
292 	 41.678688 	 283.323761 	 282.013184 	 2.242093 	 99799.468750 	 439.489075 
293 	 41.678688 	 283.323761 	 289.427582 	 4.924284 	 99080.226562 	 484.358459 
294 	 41.678688 	 283.323761 	 283.771149 	 3.954145 	 98807.468750 	 457.438049 
295 	 41.678688 	 283.323761 	 278.883881 	 1.239279 	 99275.617188 	 426.906677 
296 	 41.678688 	 283.323761 	 275.214783 	 3.030349 	 99348.398438 	 323.810791 
297 	 41.678688 	 283.323761 	 276.107727 	 4.670273 	 99421.359375 	 446.853394 
298 	 41.678688 	 283.323761 	 280.712463 	 1.999626 	 99895.773438 	 433.183350 
299 	 41.678688 	 283.323761 	 282.023651 	 3.035645 	 99932.648438 	 424.693848 
300 	 41.678688 	 283.323761 	 287.410400 	 3.748925 	 98656.882812 	 462.799652 
301 	 41.678688 	 283.323761 	 284.923859 	 4.049314 	 97867.382812 	 416.672211 
302 	 41.678688 	 283.323761 	 278.576233 	 2.631948 	 98470.851562 	 399.130920 
303 	 41.678688 	 283.323761 	 279.635864 	 4.973214 	 98311.281250 	 416.078796 
304 	 41.678688 	 283.323761 	 272.561279 	 3.598525 	 100050.796875 	 376.798920 
305 	 41.678688 	 283.323761 	 272.508911 	 1.522234 	 100560.796875 	 374.009277 
306 	 41.678688 	 283.323761 	 277.976227 	 3.277038 	 99726.820312 	 379.009644 
307 	 41.678688 	 283.323761 	 280.997375 	 2.507705 	 99189.656250 	 375.398621 
308 	 41.678688 	 283.323761 	 281.227509 	 4.086625 	 98544.312500 	 420.682800 
309 	 41.678688 	 283.323761 	 279.550201 	 2.292775 	 99583.796875 	 416.147583 
310 	 41.678688 	 283.323761 	 279.364990 	 2.691141 	 99238.906250 	 370.713257 
311 	 41.678688 	 283.323761 	 279.137634 	 2.458881 	 98493.570312 	 421.209961 
312 	 41.678688 	 283.323761 	 277.505157 	 2.576596 	 98712.937500 	 382.526978 
313 	 41.678688 	 283.323761 	 279.508240 	 1.835067 	 99951.156250 	 381.732727 
314 	 41.678688 	 283.323761 	 280.034149 	 2.606249 	 99101.773438 	 403.573059 
315 	 41.678688 	 283.323761 	 283.558594 	 3.572252 	 97802.507812 	 417.699219 
316 	 41.678688 	 283.323761 	 283.647827 	 4.831069 	 96946.296875 	 378.144592 
317 	 41.678688 	 283.323761 	 275.466003 	 5.972085 	 97333.773438 	 385.821320 
318 	 41.678688 	 283.323761 	 274.825989 	 3.790223 	 99083.382812 	 362.297791 
319 	 41.678688 	 283.323761 	 275.972961 	 2.349034 	 99919.320312 	 373.638184 
320 	 41.678688 	 283.323761 	 283.197784 	 5.044232 	 98927.117188 	 353.748566 
321 	 41.678688 	 283.323761 	 278.819366 	 1.287834 	 98908.093750 	 385.295959 
322 	 41.678688 	 283.323761 	 279.573456 	 2.162041 	 98890.953125 	 386.566833 
323 	 41.678688 	 283.323761 	 277.527863 	 3.103384 	 98175.070312 	 369.916687 
324 	 41.678688 	 283.323761 	 274.675171 	 4.298522 	 98620.773438 	 382.059601 
325 	 41.678688 	 283.323761 	 273.073456 	 2.849468 	 99171.109375 	 318.299194 
326 	 41.678688 	 283.323761 	 275.851074 	 3.249302 	 99829.367188 	 388.497803 
327 	 41.678688 	 283.323761 	 271.917603 	 0.993143 	 100506.398438 	 341.918884 
328 	 41.678688 	 283.323761 	 277.243408 	 2.182985 	 100299.296875 	 361.011993 
329 	 41.678688 	 283.323761 	 278.197357 	 1.274823 	 99988.437500 	 349.817200 
330 	 41.678688 	 283.323761 	 277.851990 	 1.272845 	 99992.296875 	 349.797180 
331 	 41.678688 	 283.323761 	 284.108337 	 3.186223 	 99786.296875 	 412.523193 
332 	 41.678688 	 283.323761 	 285.419037 	 2.895814 	 99450.632812 	 422.890045 
333 	 41.678688 	 283.323761 	 286.591705 	 4.436204 	 99025.312500 	 411.603485 
334 	 41.678688 	 283.323761 	 285.672302 	 4.334035 	 97312.812500 	 430.982666 
335 	 41.678688 	 283.323761 	 276.013947 	 3.834939 	 96483.750000 	 366.427277 
336 	 41.678688 	 283.323761 	 276.627869 	 4.413516 	 96998.343750 	 352.377533 
337 	 41.678688 	 283.323761 	 276.125305 	 4.865241 	 97141.476562 	 360.325073 
338 	 41.678688 	 283.323761 	 274.340424 	 4.380839 	 97913.937500 	 335.241211 
339 	 41.678688 	 283.323761 	 274.471954 	 1.755427 	 98413.710938 	 342.539001 
340 	 41.678688 	 283.323761 	 275.927673 	 3.068282 	 98423.976562 	 332.063751 
341 	 41.678688 	 283.323761 	 281.145050 	 3.624089 	 98421.273438 	 381.364563 
342 	 41.678688 	 283.323761 	 284.592468 	 6.000434 	 98289.242188 	 363.681641 
343 	 41.678688 	 283.323761 	 279.068909 	 7.698451 	 96695.750000 	 379.288025 
344 	 41.678688 	 283.323761 	 272.124969 	 5.526411 	 97833.046875 	 325.597778 
345 	 41.678688 	 283.323761 	 273.028625 	 3.229244 	 98521.296875 	 313.343506 
346 	 41.678688 	 283.323761 	 275.510651 	 2.418904 	 99109.593750 	 327.823212 
347 	 41.678688 	 283.323761 	 275.092590 	 2.532688 	 99234.453125 	 312.909912 
348 	 41.678688 	 283.323761 	 271.353027 	 2.306091 	 98935.617188 	 324.743835 
349 	 41.678688 	 283.323761 	 272.985260 	 3.235563 	 98034.500000 	 346.716980 
350 	 41.678688 	 283.323761 	 270.531677 	 2.482559 	 98118.546875 	 313.293762 
351 	 41.678688 	 283.323761 	 268.487457 	 2.568977 	 98289.398438 	 280.976501 
352 	 41.678688 	 283.323761 	 273.202118 	 2.335820 	 98346.390625 	 343.576050 
353 	 41.678688 	 283.323761 	 272.366211 	 2.073443 	 99051.273438 	 355.604370 
354 	 41.678688 	 283.323761 	 269.571960 	 2.965485 	 99268.906250 	 292.244934 
355 	 41.678688 	 283.323761 	 275.292572 	 3.449569 	 98153.101562 	 316.176544 
356 	 41.678688 	 283.323761 	 272.320190 	 1.755390 	 98045.023438 	 325.362579 
357 	 41.678688 	 283.323761 	 270.001678 	 3.527539 	 96313.351562 	 331.064941 
358 	 41.678688 	 283.323761 	 265.953552 	 3.357707 	 96981.820312 	 327.013062 
359 	 41.678688 	 283.323761 	 270.871643 	 4.278459 	 97911.960938 	 330.923615 
360 	 41.678688 	 283.323761 	 266.251892 	 2.389220 	 98031.773438 	 298.094330 
361 	 41.678688 	 283.323761 	 265.107544 	 3.950960 	 99143.843750 	 316.289673 
362 	 41.678688 	 283.323761 	 267.100586 	 2.629066 	 99951.523438 	 306.806946 
363 	 41.678688 	 283.323761 	 268.863098 	 2.063214 	 99765.781250 	 308.104004 
364 	 41.678688 	 283.323761 	 264.240723 	 1.025517 	 99989.132812 	 307.392975 
