# 0: Day of Year [-] 	 1: lat [deg] 	 2: lon [deg] 	 3: tas [K] 	 4: sfcWind [m s-1] 	 5: ps [Pa] 	 6: Total Downwelling Rad Flux [W m-2] 
0 	 41.678688 	 283.323761 	 277.018463 	 2.921998 	 97406.273438 	 319.013550 
1 	 41.678688 	 283.323761 	 274.781799 	 3.125430 	 97186.320312 	 349.045471 
2 	 41.678688 	 283.323761 	 270.990326 	 3.471173 	 98661.437500 	 318.698547 
3 	 41.678688 	 283.323761 	 270.336578 	 1.805078 	 99829.546875 	 319.875366 
4 	 41.678688 	 283.323761 	 273.354187 	 3.893538 	 99910.546875 	 298.178070 
5 	 41.678688 	 283.323761 	 279.089996 	 4.557261 	 98132.406250 	 386.605591 
6 	 41.678688 	 283.323761 	 270.298767 	 3.241715 	 97923.117188 	 314.648254 
7 	 41.678688 	 283.323761 	 270.043884 	 3.086400 	 97586.007812 	 330.017548 
8 	 41.678688 	 283.323761 	 271.863678 	 4.089822 	 97266.781250 	 309.121246 
9 	 41.678688 	 283.323761 	 276.785522 	 3.579556 	 97164.679688 	 305.514008 
10 	 41.678688 	 283.323761 	 272.431183 	 3.632751 	 97727.859375 	 348.013428 
11 	 41.678688 	 283.323761 	 275.839752 	 4.229986 	 98118.757812 	 350.943329 
12 	 41.678688 	 283.323761 	 276.152679 	 1.917627 	 98345.796875 	 333.574768 
13 	 41.678688 	 283.323761 	 271.408325 	 2.224462 	 98758.859375 	 354.741272 
14 	 41.678688 	 283.323761 	 270.209137 	 3.508236 	 99306.820312 	 321.776581 
15 	 41.678688 	 283.323761 	 274.908417 	 3.515457 	 98042.132812 	 334.531586 
16 	 41.678688 	 283.323761 	 271.313721 	 5.018707 	 97778.648438 	 324.662720 
17 	 41.678688 	 283.323761 	 275.704407 	 4.512421 	 97479.421875 	 317.826233 
18 	 41.678688 	 283.323761 	 263.188507 	 6.393968 	 98328.843750 	 319.792999 
19 	 41.678688 	 283.323761 	 261.247955 	 3.181806 	 100547.796875 	 300.333252 
20 	 41.678688 	 283.323761 	 270.071869 	 4.179736 	 99986.390625 	 340.335938 
21 	 41.678688 	 283.323761 	 277.459473 	 3.133667 	 98828.296875 	 383.240143 
22 	 41.678688 	 283.323761 	 275.937164 	 1.944845 	 98222.312500 	 365.656158 
23 	 41.678688 	 283.323761 	 273.773346 	 3.316456 	 97715.679688 	 320.562408 
24 	 41.678688 	 283.323761 	 272.058838 	 4.110411 	 98260.726562 	 356.704712 
25 	 41.678688 	 283.323761 	 278.252808 	 3.687106 	 98045.843750 	 374.667633 
26 	 41.678688 	 283.323761 	 282.377594 	 3.626173 	 97989.937500 	 379.572205 
27 	 41.678688 	 283.323761 	 279.324921 	 2.807922 	 98452.656250 	 356.425903 
28 	 41.678688 	 283.323761 	 271.161407 	 2.403893 	 99674.289062 	 304.558594 
29 	 41.678688 	 283.323761 	 270.606628 	 3.120331 	 98685.898438 	 395.972260 
30 	 41.678688 	 283.323761 	 266.216888 	 2.377623 	 99342.953125 	 337.823334 
31 	 41.678688 	 283.323761 	 274.847687 	 2.658190 	 98707.609375 	 345.885559 
32 	 41.678688 	 283.323761 	 270.204834 	 2.555486 	 99421.187500 	 317.376678 
33 	 41.678688 	 283.323761 	 270.508301 	 2.187099 	 98104.406250 	 318.002167 
34 	 41.678688 	 283.323761 	 264.803619 	 4.421786 	 97892.242188 	 341.015320 
35 	 41.678688 	 283.323761 	 262.083313 	 2.862176 	 99865.203125 	 336.073120 
36 	 41.678688 	 283.323761 	 274.638824 	 4.593155 	 99323.843750 	 372.774567 
37 	 41.678688 	 283.323761 	 269.998932 	 1.720854 	 100427.101562 	 366.560303 
38 	 41.678688 	 283.323761 	 275.555908 	 4.525384 	 99606.570312 	 314.421692 
39 	 41.678688 	 283.323761 	 275.522430 	 2.226886 	 99539.796875 	 389.470978 
40 	 41.678688 	 283.323761 	 277.087067 	 4.000749 	 99566.406250 	 398.419922 
41 	 41.678688 	 283.323761 	 278.790466 	 3.339036 	 99044.007812 	 419.457550 
42 	 41.678688 	 283.323761 	 274.133606 	 1.803481 	 99639.398438 	 331.827850 
43 	 41.678688 	 283.323761 	 283.599518 	 2.590233 	 99038.421875 	 385.382263 
44 	 41.678688 	 283.323761 	 284.687744 	 3.452411 	 97989.593750 	 454.550018 
45 	 41.678688 	 283.323761 	 273.211792 	 4.081398 	 99162.710938 	 404.041931 
46 	 41.678688 	 283.323761 	 274.923462 	 3.715809 	 99694.578125 	 330.074829 
47 	 41.678688 	 283.323761 	 280.754425 	 4.621833 	 99096.726562 	 385.067902 
48 	 41.678688 	 283.323761 	 281.111450 	 4.974375 	 97648.148438 	 384.701355 
49 	 41.678688 	 283.323761 	 277.686523 	 4.613519 	 97821.640625 	 386.257843 
50 	 41.678688 	 283.323761 	 279.908478 	 2.231690 	 98584.976562 	 353.346375 
51 	 41.678688 	 283.323761 	 272.877930 	 3.288883 	 99267.492188 	 439.441010 
52 	 41.678688 	 283.323761 	 272.896118 	 2.822335 	 100159.703125 	 323.689758 
53 	 41.678688 	 283.323761 	 280.284882 	 3.890419 	 99228.500000 	 392.167969 
54 	 41.678688 	 283.323761 	 280.311340 	 4.044630 	 98397.890625 	 483.030212 
55 	 41.678688 	 283.323761 	 276.087952 	 1.927516 	 98896.523438 	 433.408600 
56 	 41.678688 	 283.323761 	 275.514435 	 2.844026 	 97963.937500 	 353.535004 
57 	 41.678688 	 283.323761 	 271.217010 	 5.775186 	 97131.656250 	 393.675659 
58 	 41.678688 	 283.323761 	 270.260803 	 6.438731 	 97177.312500 	 419.083405 
59 	 41.678688 	 283.323761 	 271.613342 	 3.042628 	 97696.617188 	 324.309692 
60 	 41.678688 	 283.323761 	 273.697144 	 2.853004 	 98525.406250 	 462.745300 
61 	 41.678688 	 283.323761 	 278.733063 	 3.482788 	 98642.648438 	 468.046356 
62 	 41.678688 	 283.323761 	 276.783722 	 4.283873 	 98018.117188 	 474.473480 
63 	 41.678688 	 283.323761 	 270.605804 	 2.891917 	 99144.101562 	 426.821899 
64 	 41.678688 	 283.323761 	 273.543701 	 2.674551 	 99828.343750 	 442.081390 
65 	 41.678688 	 283.323761 	 281.138702 	 3.224919 	 99290.453125 	 392.110840 
66 	 41.678688 	 283.323761 	 286.134888 	 2.114868 	 98551.671875 	 472.871155 
67 	 41.678688 	 283.323761 	 285.674561 	 4.352116 	 97320.148438 	 399.812531 
68 	 41.678688 	 283.323761 	 274.967468 	 4.091131 	 97708.203125 	 472.848419 
69 	 41.678688 	 283.323761 	 274.405090 	 1.513393 	 99087.773438 	 438.904175 
70 	 41.678688 	 283.323761 	 280.081512 	 3.597410 	 99468.062500 	 372.824860 
71 	 41.678688 	 283.323761 	 283.487946 	 4.064882 	 97968.429688 	 468.490540 
72 	 41.678688 	 283.323761 	 274.451141 	 3.291638 	 99570.593750 	 327.905182 
73 	 41.678688 	 283.323761 	 282.976410 	 3.759602 	 97983.976562 	 520.258484 
74 	 41.678688 	 283.323761 	 274.905457 	 3.807769 	 97968.609375 	 429.999817 
75 	 41.678688 	 283.323761 	 274.665649 	 1.839100 	 99273.726562 	 465.163208 
76 	 41.678688 	 283.323761 	 278.436066 	 2.827181 	 99139.210938 	 469.118683 
77 	 41.678688 	 283.323761 	 280.950317 	 1.884871 	 98267.617188 	 487.468201 
78 	 41.678688 	 283.323761 	 281.222748 	 1.238324 	 98338.851562 	 434.444946 
79 	 41.678688 	 283.323761 	 277.777496 	 4.042327 	 98078.148438 	 425.079865 
80 	 41.678688 	 283.323761 	 278.054626 	 1.881095 	 98462.523438 	 489.387512 
81 	 41.678688 	 283.323761 	 280.005554 	 2.318843 	 98574.789062 	 510.272003 
82 	 41.678688 	 283.323761 	 276.011719 	 4.283578 	 98111.953125 	 462.418579 
83 	 41.678688 	 283.323761 	 275.036682 	 3.408872 	 98671.203125 	 493.898743 
84 	 41.678688 	 283.323761 	 277.422333 	 1.482082 	 99007.851562 	 493.311584 
85 	 41.678688 	 283.323761 	 280.949310 	 4.184165 	 98821.187500 	 401.225922 
86 	 41.678688 	 283.323761 	 282.053101 	 1.865073 	 97620.906250 	 396.098480 
87 	 41.678688 	 283.323761 	 283.070282 	 3.406937 	 97277.281250 	 505.873566 
88 	 41.678688 	 283.323761 	 277.011047 	 5.238960 	 97386.703125 	 518.686096 
89 	 41.678688 	 283.323761 	 274.450470 	 3.663572 	 97930.289062 	 502.135468 
90 	 41.678688 	 283.323761 	 276.061981 	 1.884912 	 98530.726562 	 460.965546 
91 	 41.678688 	 283.323761 	 277.583649 	 3.216715 	 98376.203125 	 434.897888 
92 	 41.678688 	 283.323761 	 280.808228 	 2.515870 	 97987.468750 	 440.219666 
93 	 41.678688 	 283.323761 	 280.363312 	 2.405436 	 98249.398438 	 461.057007 
94 	 41.678688 	 283.323761 	 289.045746 	 4.326792 	 97775.960938 	 506.401917 
95 	 41.678688 	 283.323761 	 291.363312 	 2.342251 	 97978.750000 	 588.780212 
96 	 41.678688 	 283.323761 	 285.368439 	 3.512926 	 97772.523438 	 487.362488 
97 	 41.678688 	 283.323761 	 277.048584 	 5.504360 	 97570.578125 	 490.021790 
98 	 41.678688 	 283.323761 	 275.346832 	 4.043060 	 97996.343750 	 481.253418 
99 	 41.678688 	 283.323761 	 277.865143 	 3.245753 	 98653.343750 	 523.068848 
100 	 41.678688 	 283.323761 	 286.970734 	 4.690740 	 98541.140625 	 557.550537 
101 	 41.678688 	 283.323761 	 287.972717 	 4.049304 	 98137.718750 	 476.760193 
102 	 41.678688 	 283.323761 	 283.537445 	 1.648236 	 98563.343750 	 503.583679 
103 	 41.678688 	 283.323761 	 290.615051 	 2.997051 	 98408.023438 	 520.524536 
104 	 41.678688 	 283.323761 	 294.196716 	 3.833257 	 97785.898438 	 549.046997 
105 	 41.678688 	 283.323761 	 293.489380 	 2.303897 	 98337.976562 	 609.073608 
106 	 41.678688 	 283.323761 	 290.913086 	 2.145131 	 99382.796875 	 577.762207 
107 	 41.678688 	 283.323761 	 292.121613 	 1.725805 	 99678.531250 	 613.688232 
108 	 41.678688 	 283.323761 	 292.436096 	 1.973334 	 99523.156250 	 618.078857 
109 	 41.678688 	 283.323761 	 294.146820 	 3.119087 	 98942.453125 	 640.763611 
110 	 41.678688 	 283.323761 	 291.544830 	 2.910593 	 98805.210938 	 628.787842 
111 	 41.678688 	 283.323761 	 286.715271 	 2.923664 	 99150.882812 	 439.750183 
112 	 41.678688 	 283.323761 	 289.127350 	 5.348613 	 97672.867188 	 522.295410 
113 	 41.678688 	 283.323761 	 282.231293 	 4.899997 	 97225.656250 	 487.700684 
114 	 41.678688 	 283.323761 	 282.426117 	 2.544879 	 98619.429688 	 544.216919 
115 	 41.678688 	 283.323761 	 286.322083 	 2.111921 	 99025.093750 	 528.060547 
116 	 41.678688 	 283.323761 	 285.837891 	 1.492411 	 99156.773438 	 491.451904 
117 	 41.678688 	 283.323761 	 286.814606 	 2.485000 	 98767.703125 	 622.958862 
118 	 41.678688 	 283.323761 	 285.992920 	 1.560850 	 98895.937500 	 608.550903 
119 	 41.678688 	 283.323761 	 284.997864 	 1.710779 	 98944.960938 	 602.111938 
120 	 41.678688 	 283.323761 	 286.983673 	 2.842732 	 99099.492188 	 500.788910 
121 	 41.678688 	 283.323761 	 292.498230 	 2.417672 	 98611.507812 	 578.335388 
122 	 41.678688 	 283.323761 	 291.120697 	 1.857351 	 98257.023438 	 573.273315 
123 	 41.678688 	 283.323761 	 285.698090 	 3.262051 	 97956.851562 	 607.040222 
124 	 41.678688 	 283.323761 	 282.437195 	 3.408527 	 98200.453125 	 549.222656 
125 	 41.678688 	 283.323761 	 284.358459 	 4.090589 	 98898.101562 	 621.305298 
126 	 41.678688 	 283.323761 	 285.624908 	 2.118969 	 99050.773438 	 618.042114 
127 	 41.678688 	 283.323761 	 288.934357 	 2.078663 	 98756.406250 	 635.078003 
128 	 41.678688 	 283.323761 	 289.983795 	 1.392416 	 98494.656250 	 642.987427 
129 	 41.678688 	 283.323761 	 293.756592 	 3.615344 	 98465.640625 	 651.887695 
130 	 41.678688 	 283.323761 	 293.622772 	 1.952268 	 98818.539062 	 631.829651 
131 	 41.678688 	 283.323761 	 293.486237 	 3.207848 	 98769.273438 	 552.928345 
132 	 41.678688 	 283.323761 	 296.410980 	 4.272234 	 98072.500000 	 667.899292 
133 	 41.678688 	 283.323761 	 287.620453 	 3.261807 	 98745.796875 	 629.951660 
134 	 41.678688 	 283.323761 	 289.224243 	 2.695502 	 98772.359375 	 501.751038 
135 	 41.678688 	 283.323761 	 293.859772 	 1.356594 	 98534.320312 	 604.407410 
136 	 41.678688 	 283.323761 	 297.120483 	 2.772126 	 98913.687500 	 610.716919 
137 	 41.678688 	 283.323761 	 297.888245 	 3.760061 	 98622.773438 	 691.418823 
138 	 41.678688 	 283.323761 	 299.354980 	 3.929541 	 98111.523438 	 704.079956 
139 	 41.678688 	 283.323761 	 298.532837 	 2.389431 	 97942.992188 	 613.220947 
140 	 41.678688 	 283.323761 	 297.208221 	 1.383835 	 98131.617188 	 675.821228 
141 	 41.678688 	 283.323761 	 297.528107 	 2.995690 	 97552.781250 	 662.880859 
142 	 41.678688 	 283.323761 	 294.766266 	 3.612485 	 97167.812500 	 637.800049 
143 	 41.678688 	 283.323761 	 286.374084 	 5.276511 	 97676.179688 	 582.819946 
144 	 41.678688 	 283.323761 	 285.928284 	 1.854911 	 99071.921875 	 626.917847 
145 	 41.678688 	 283.323761 	 289.840790 	 2.880144 	 98648.546875 	 637.480591 
146 	 41.678688 	 283.323761 	 285.377136 	 3.415020 	 98661.898438 	 644.982056 
147 	 41.678688 	 283.323761 	 284.044434 	 1.590986 	 99021.593750 	 622.400513 
148 	 41.678688 	 283.323761 	 288.767639 	 4.607036 	 98433.273438 	 481.306061 
149 	 41.678688 	 283.323761 	 284.524506 	 1.946977 	 98656.937500 	 459.669525 
150 	 41.678688 	 283.323761 	 287.503235 	 2.677439 	 98321.640625 	 563.894775 
151 	 41.678688 	 283.323761 	 286.730347 	 4.591125 	 98132.242188 	 647.459961 
152 	 41.678688 	 283.323761 	 285.010468 	 4.130391 	 97976.742188 	 587.676392 
153 	 41.678688 	 283.323761 	 286.050873 	 3.694430 	 98122.507812 	 637.331543 
154 	 41.678688 	 283.323761 	 288.130310 	 2.323957 	 98460.703125 	 652.739014 
155 	 41.678688 	 283.323761 	 287.812134 	 0.648002 	 98661.617188 	 536.810364 
156 	 41.678688 	 283.323761 	 289.405457 	 1.389878 	 99056.382812 	 668.460449 
157 	 41.678688 	 283.323761 	 291.605194 	 2.565746 	 99479.039062 	 678.343750 
158 	 41.678688 	 283.323761 	 294.086670 	 2.831003 	 99445.632812 	 627.311890 
159 	 41.678688 	 283.323761 	 297.408295 	 1.535341 	 99284.531250 	 684.017395 
160 	 41.678688 	 283.323761 	 299.949615 	 4.045616 	 98620.906250 	 721.188110 
161 	 41.678688 	 283.323761 	 299.384766 	 4.483190 	 98007.023438 	 723.493591 
162 	 41.678688 	 283.323761 	 295.108124 	 3.460714 	 98142.562500 	 644.866211 
163 	 41.678688 	 283.323761 	 292.180237 	 2.506454 	 98796.843750 	 665.679199 
164 	 41.678688 	 283.323761 	 291.134064 	 1.657815 	 99714.539062 	 674.934937 
165 	 41.678688 	 283.323761 	 294.915497 	 3.879008 	 99508.976562 	 680.569458 
166 	 41.678688 	 283.323761 	 298.041534 	 4.091663 	 98779.757812 	 666.568970 
167 	 41.678688 	 283.323761 	 299.877869 	 2.471906 	 98486.046875 	 734.973267 
168 	 41.678688 	 283.323761 	 297.972931 	 1.249233 	 98794.617188 	 700.025574 
169 	 41.678688 	 283.323761 	 299.481964 	 2.899610 	 98622.046875 	 672.159241 
170 	 41.678688 	 283.323761 	 299.177002 	 3.577259 	 98313.593750 	 697.782043 
171 	 41.678688 	 283.323761 	 297.209534 	 3.452569 	 98537.726562 	 715.525085 
172 	 41.678688 	 283.323761 	 295.532318 	 1.985493 	 99006.429688 	 698.476135 
173 	 41.678688 	 283.323761 	 299.608368 	 3.730709 	 98340.390625 	 661.168701 
174 	 41.678688 	 283.323761 	 299.600342 	 1.499615 	 98169.726562 	 696.358887 
175 	 41.678688 	 283.323761 	 300.711884 	 1.060947 	 98654.906250 	 736.136353 
176 	 41.678688 	 283.323761 	 304.432587 	 3.574686 	 98476.812500 	 754.435547 
177 	 41.678688 	 283.323761 	 304.252563 	 3.201667 	 98633.796875 	 753.289429 
178 	 41.678688 	 283.323761 	 301.382812 	 1.321862 	 98971.898438 	 727.503113 
179 	 41.678688 	 283.323761 	 303.232788 	 2.924589 	 98377.500000 	 741.238525 
180 	 41.678688 	 283.323761 	 302.820068 	 4.330661 	 97921.257812 	 720.701538 
181 	 41.678688 	 283.323761 	 299.113953 	 2.748370 	 98420.421875 	 722.918396 
182 	 41.678688 	 283.323761 	 298.969482 	 1.984772 	 98392.859375 	 702.285706 
183 	 41.678688 	 283.323761 	 302.804260 	 2.270824 	 98244.390625 	 708.096802 
184 	 41.678688 	 283.323761 	 294.346924 	 3.108527 	 98635.796875 	 707.258362 
185 	 41.678688 	 283.323761 	 295.210449 	 2.632694 	 98571.062500 	 698.353638 
186 	 41.678688 	 283.323761 	 295.141724 	 3.263684 	 98241.601562 	 701.109009 
187 	 41.678688 	 283.323761 	 294.399994 	 1.550405 	 98401.742188 	 693.403503 
188 	 41.678688 	 283.323761 	 299.534607 	 3.655579 	 98338.023438 	 639.196777 
189 	 41.678688 	 283.323761 	 301.027283 	 4.525427 	 98335.250000 	 714.546143 
190 	 41.678688 	 283.323761 	 299.796844 	 3.396017 	 98342.453125 	 692.782349 
191 	 41.678688 	 283.323761 	 297.770325 	 2.854184 	 98139.468750 	 619.232483 
192 	 41.678688 	 283.323761 	 297.458710 	 1.826409 	 98237.101562 	 719.912231 
193 	 41.678688 	 283.323761 	 298.669739 	 3.378489 	 98192.179688 	 710.843262 
194 	 41.678688 	 283.323761 	 299.586121 	 4.378239 	 98002.109375 	 640.828552 
195 	 41.678688 	 283.323761 	 297.832520 	 3.245072 	 97865.382812 	 650.542542 
196 	 41.678688 	 283.323761 	 296.504303 	 1.634101 	 98438.078125 	 628.572388 
197 	 41.678688 	 283.323761 	 297.119751 	 1.263924 	 98930.429688 	 701.693237 
198 	 41.678688 	 283.323761 	 298.352722 	 1.932403 	 98683.132812 	 674.830566 
199 	 41.678688 	 283.323761 	 298.438477 	 4.283110 	 97893.820312 	 641.290588 
200 	 41.678688 	 283.323761 	 294.375458 	 2.766773 	 98400.210938 	 686.465820 
201 	 41.678688 	 283.323761 	 295.243134 	 3.573942 	 98806.617188 	 666.888062 
202 	 41.678688 	 283.323761 	 299.703278 	 5.496387 	 98029.921875 	 651.532715 
203 	 41.678688 	 283.323761 	 297.697083 	 2.920025 	 97878.882812 	 626.413086 
204 	 41.678688 	 283.323761 	 295.542908 	 1.299782 	 98636.093750 	 683.201477 
205 	 41.678688 	 283.323761 	 301.085449 	 5.374327 	 98502.851562 	 694.044800 
206 	 41.678688 	 283.323761 	 301.293518 	 4.318646 	 97823.656250 	 659.556396 
207 	 41.678688 	 283.323761 	 293.756104 	 2.533707 	 98317.031250 	 678.240723 
208 	 41.678688 	 283.323761 	 293.758362 	 1.799872 	 98792.359375 	 674.314819 
209 	 41.678688 	 283.323761 	 296.661499 	 1.384624 	 99064.523438 	 630.186462 
210 	 41.678688 	 283.323761 	 300.114014 	 2.701206 	 99076.453125 	 625.553528 
211 	 41.678688 	 283.323761 	 298.038940 	 3.099547 	 98877.429688 	 673.872192 
212 	 41.678688 	 283.323761 	 296.373047 	 4.254377 	 98522.593750 	 481.543396 
213 	 41.678688 	 283.323761 	 297.975372 	 3.403057 	 97988.210938 	 694.354614 
214 	 41.678688 	 283.323761 	 299.934479 	 3.111370 	 98234.937500 	 606.529175 
215 	 41.678688 	 283.323761 	 296.933929 	 2.250490 	 98244.210938 	 603.555359 
216 	 41.678688 	 283.323761 	 295.694855 	 1.751577 	 98457.351562 	 595.858948 
217 	 41.678688 	 283.323761 	 297.491028 	 1.933629 	 98395.101562 	 698.562744 
218 	 41.678688 	 283.323761 	 303.021606 	 3.190933 	 97972.093750 	 703.947571 
219 	 41.678688 	 283.323761 	 298.112549 	 2.505450 	 98042.773438 	 691.702637 
220 	 41.678688 	 283.323761 	 297.342926 	 2.568241 	 98426.976562 	 649.965088 
221 	 41.678688 	 283.323761 	 297.614777 	 2.262744 	 98389.132812 	 673.795349 
222 	 41.678688 	 283.323761 	 296.215851 	 1.670212 	 98816.679688 	 642.564209 
223 	 41.678688 	 283.323761 	 296.121643 	 1.870412 	 98734.023438 	 647.679077 
224 	 41.678688 	 283.323761 	 292.127563 	 2.996525 	 98920.546875 	 609.750122 
225 	 41.678688 	 283.323761 	 289.860901 	 2.496436 	 99060.226562 	 623.376953 
226 	 41.678688 	 283.323761 	 290.621796 	 1.365588 	 99268.671875 	 646.536682 
227 	 41.678688 	 283.323761 	 293.245819 	 2.275141 	 99307.656250 	 638.266357 
228 	 41.678688 	 283.323761 	 297.931000 	 4.404198 	 98945.710938 	 676.332397 
229 	 41.678688 	 283.323761 	 302.005219 	 6.098220 	 98321.242188 	 683.627930 
230 	 41.678688 	 283.323761 	 301.941193 	 3.826154 	 98134.710938 	 702.257568 
231 	 41.678688 	 283.323761 	 295.004639 	 2.429084 	 99159.687500 	 643.090332 
232 	 41.678688 	 283.323761 	 298.109161 	 3.364769 	 99257.687500 	 665.660034 
233 	 41.678688 	 283.323761 	 304.618561 	 4.664589 	 98346.796875 	 697.041870 
234 	 41.678688 	 283.323761 	 300.863098 	 1.748040 	 98979.492188 	 652.987549 
235 	 41.678688 	 283.323761 	 304.493988 	 4.929609 	 98483.179688 	 686.856079 
236 	 41.678688 	 283.323761 	 296.773468 	 3.305067 	 99138.343750 	 649.261719 
237 	 41.678688 	 283.323761 	 294.995544 	 3.095334 	 99515.882812 	 481.689453 
238 	 41.678688 	 283.323761 	 289.446564 	 4.148715 	 98975.257812 	 529.958313 
239 	 41.678688 	 283.323761 	 292.719055 	 1.769784 	 99086.773438 	 647.407959 
240 	 41.678688 	 283.323761 	 291.806610 	 1.902342 	 99088.296875 	 619.236816 
241 	 41.678688 	 283.323761 	 290.035919 	 2.270554 	 99642.726562 	 595.389282 
242 	 41.678688 	 283.323761 	 290.901703 	 2.273374 	 99540.156250 	 601.341675 
243 	 41.678688 	 283.323761 	 294.302826 	 3.109738 	 98565.976562 	 563.677612 
244 	 41.678688 	 283.323761 	 295.190369 	 1.760675 	 98601.882812 	 547.906128 
245 	 41.678688 	 283.323761 	 294.617981 	 1.271033 	 99095.156250 	 627.230530 
246 	 41.678688 	 283.323761 	 297.776062 	 2.473115 	 98885.773438 	 622.684631 
247 	 41.678688 	 283.323761 	 298.473755 	 2.094544 	 98473.406250 	 628.448975 
248 	 41.678688 	 283.323761 	 299.829346 	 2.571407 	 97978.726562 	 639.260681 
249 	 41.678688 	 283.323761 	 294.325348 	 2.847979 	 98179.539062 	 577.320312 
250 	 41.678688 	 283.323761 	 291.934845 	 1.667759 	 98816.187500 	 589.685547 
251 	 41.678688 	 283.323761 	 291.519562 	 1.057615 	 99006.890625 	 589.098633 
252 	 41.678688 	 283.323761 	 293.388397 	 0.635222 	 99314.843750 	 597.392090 
253 	 41.678688 	 283.323761 	 294.682373 	 1.453161 	 99601.367188 	 604.078308 
254 	 41.678688 	 283.323761 	 296.096649 	 0.990646 	 99363.226562 	 608.078003 
255 	 41.678688 	 283.323761 	 297.860382 	 1.223728 	 98959.320312 	 612.874878 
256 	 41.678688 	 283.323761 	 298.347626 	 0.951803 	 98912.273438 	 612.362549 
257 	 41.678688 	 283.323761 	 298.405945 	 1.425560 	 98853.609375 	 607.790894 
258 	 41.678688 	 283.323761 	 300.384796 	 1.794302 	 98500.007812 	 614.497681 
259 	 41.678688 	 283.323761 	 300.854828 	 2.507748 	 98292.953125 	 588.543762 
260 	 41.678688 	 283.323761 	 296.109375 	 1.464657 	 98750.851562 	 563.958374 
261 	 41.678688 	 283.323761 	 293.531342 	 1.146074 	 98928.242188 	 535.582397 
262 	 41.678688 	 283.323761 	 292.000488 	 1.227525 	 99314.828125 	 545.350403 
263 	 41.678688 	 283.323761 	 295.451813 	 3.275662 	 99597.140625 	 588.790894 
264 	 41.678688 	 283.323761 	 297.312927 	 3.388231 	 99207.843750 	 487.647888 
265 	 41.678688 	 283.323761 	 297.646454 	 2.966096 	 98521.546875 	 582.733887 
266 	 41.678688 	 283.323761 	 295.232635 	 1.768677 	 98875.429688 	 574.021484 
267 	 41.678688 	 283.323761 	 294.482819 	 1.616279 	 99059.789062 	 569.958130 
268 	 41.678688 	 283.323761 	 294.112396 	 2.905410 	 98878.906250 	 528.136963 
269 	 41.678688 	 283.323761 	 287.559723 	 3.169310 	 99046.890625 	 516.954163 
270 	 41.678688 	 283.323761 	 287.362885 	 1.800331 	 99247.679688 	 516.582825 
271 	 41.678688 	 283.323761 	 291.490082 	 3.195124 	 98471.882812 	 503.225464 
272 	 41.678688 	 283.323761 	 287.705536 	 2.208305 	 98228.742188 	 465.334167 
273 	 41.678688 	 283.323761 	 284.388214 	 1.567222 	 98755.820312 	 493.801514 
274 	 41.678688 	 283.323761 	 285.168884 	 0.802032 	 99030.796875 	 492.647766 
275 	 41.678688 	 283.323761 	 294.953003 	 2.956658 	 98638.203125 	 489.988525 
276 	 41.678688 	 283.323761 	 299.115784 	 2.505121 	 98492.421875 	 540.584839 
277 	 41.678688 	 283.323761 	 291.054535 	 3.094480 	 98400.906250 	 380.083008 
278 	 41.678688 	 283.323761 	 281.614105 	 2.852088 	 98784.671875 	 436.468445 
279 	 41.678688 	 283.323761 	 282.885071 	 2.934894 	 98498.937500 	 461.859497 
280 	 41.678688 	 283.323761 	 286.938782 	 3.779313 	 97981.117188 	 466.609375 
281 	 41.678688 	 283.323761 	 283.016510 	 2.800212 	 98689.226562 	 478.951233 
282 	 41.678688 	 283.323761 	 282.174164 	 2.359794 	 99340.328125 	 465.078705 
283 	 41.678688 	 283.323761 	 288.119476 	 3.580229 	 98984.968750 	 479.373047 
284 	 41.678688 	 283.323761 	 287.440002 	 2.110367 	 99062.898438 	 449.376831 
285 	 41.678688 	 283.323761 	 285.367279 	 2.634098 	 99291.421875 	 408.093933 
286 	 41.678688 	 283.323761 	 286.491089 	 1.003397 	 99522.593750 	 435.932220 
287 	 41.678688 	 283.323761 	 289.916321 	 2.014176 	 99347.843750 	 462.241241 
288 	 41.678688 	 283.323761 	 285.027039 	 2.035885 	 99179.453125 	 454.892975 
289 	 41.678688 	 283.323761 	 283.690002 	 1.152685 	 99588.320312 	 459.086792 
290 	 41.678688 	 283.323761 	 285.303772 	 1.030043 	 99825.421875 	 468.531128 
291 	 41.678688 	 283.323761 	 291.427490 	 2.043286 	 99644.328125 	 492.405090 
292 	 41.678688 	 283.323761 	 293.618835 	 2.195448 	 99081.992188 	 453.267273 
293 	 41.678688 	 283.323761 	 292.091370 	 1.713390 	 98926.468750 	 498.178650 
294 	 41.678688 	 283.323761 	 292.442047 	 4.344673 	 98304.093750 	 470.103027 
295 	 41.678688 	 283.323761 	 278.865051 	 2.785419 	 98812.117188 	 383.689514 
296 	 41.678688 	 283.323761 	 278.671570 	 2.806588 	 98899.210938 	 423.912567 
297 	 41.678688 	 283.323761 	 283.184082 	 3.400047 	 97753.609375 	 447.080505 
298 	 41.678688 	 283.323761 	 279.753448 	 3.703430 	 98259.843750 	 427.018127 
299 	 41.678688 	 283.323761 	 287.997589 	 4.344408 	 98621.390625 	 430.720825 
300 	 41.678688 	 283.323761 	 278.612244 	 2.361202 	 99612.062500 	 400.549591 
301 	 41.678688 	 283.323761 	 276.195953 	 1.664591 	 100137.898438 	 409.937744 
302 	 41.678688 	 283.323761 	 279.913025 	 3.928942 	 99908.750000 	 413.345703 
303 	 41.678688 	 283.323761 	 286.517456 	 2.754367 	 100007.703125 	 437.642700 
304 	 41.678688 	 283.323761 	 288.122070 	 2.704610 	 100398.796875 	 429.800049 
305 	 41.678688 	 283.323761 	 289.348938 	 3.123647 	 100252.398438 	 423.681976 
306 	 41.678688 	 283.323761 	 289.947266 	 3.186219 	 99439.273438 	 418.058990 
307 	 41.678688 	 283.323761 	 290.128632 	 2.932758 	 98724.429688 	 455.928711 
308 	 41.678688 	 283.323761 	 289.815063 	 2.258287 	 98666.539062 	 445.313660 
309 	 41.678688 	 283.323761 	 289.417938 	 4.648593 	 97901.921875 	 415.372345 
310 	 41.678688 	 283.323761 	 282.794769 	 4.110125 	 97742.648438 	 401.961090 
311 	 41.678688 	 283.323761 	 281.594940 	 2.059762 	 99027.796875 	 429.930786 
312 	 41.678688 	 283.323761 	 276.717407 	 0.871459 	 99822.046875 	 387.440796 
313 	 41.678688 	 283.323761 	 283.403625 	 4.857601 	 99496.796875 	 373.693481 
314 	 41.678688 	 283.323761 	 278.070404 	 3.646769 	 99314.578125 	 415.486053 
315 	 41.678688 	 283.323761 	 273.884003 	 2.265935 	 99876.992188 	 380.642883 
316 	 41.678688 	 283.323761 	 280.330536 	 2.976696 	 98917.523438 	 370.614105 
317 	 41.678688 	 283.323761 	 274.512177 	 3.433487 	 98674.851562 	 373.196228 
318 	 41.678688 	 283.323761 	 269.094452 	 1.889246 	 99250.820312 	 348.663940 
319 	 41.678688 	 283.323761 	 268.951050 	 2.389260 	 99788.187500 	 335.888123 
320 	 41.678688 	 283.323761 	 268.540070 	 2.091081 	 100338.398438 	 307.959381 
321 	 41.678688 	 283.323761 	 272.942383 	 2.125071 	 99904.890625 	 369.408691 
322 	 41.678688 	 283.323761 	 273.091705 	 2.170333 	 100203.296875 	 341.868103 
323 	 41.678688 	 283.323761 	 281.475311 	 3.945010 	 99456.273438 	 376.503143 
324 	 41.678688 	 283.323761 	 284.312317 	 1.665412 	 99081.289062 	 420.176514 
325 	 41.678688 	 283.323761 	 288.535492 	 4.590655 	 98769.992188 	 408.345642 
326 	 41.678688 	 283.323761 	 281.733215 	 4.293391 	 98017.421875 	 403.001129 
327 	 41.678688 	 283.323761 	 270.127777 	 3.121231 	 98793.546875 	 326.582550 
328 	 41.678688 	 283.323761 	 268.078644 	 2.130091 	 99648.796875 	 318.693390 
329 	 41.678688 	 283.323761 	 268.117706 	 1.453821 	 99841.117188 	 320.269531 
330 	 41.678688 	 283.323761 	 268.699615 	 1.166561 	 99811.898438 	 323.372223 
331 	 41.678688 	 283.323761 	 270.211792 	 1.477498 	 100102.601562 	 326.421661 
332 	 41.678688 	 283.323761 	 273.519348 	 1.255528 	 99899.093750 	 362.284485 
333 	 41.678688 	 283.323761 	 273.977142 	 1.194128 	 100044.398438 	 359.018097 
334 	 41.678688 	 283.323761 	 272.121002 	 1.466169 	 99927.828125 	 324.333801 
335 	 41.678688 	 283.323761 	 277.977936 	 3.254107 	 98812.218750 	 360.538818 
336 	 41.678688 	 283.323761 	 277.276215 	 5.916337 	 96908.421875 	 357.634247 
337 	 41.678688 	 283.323761 	 275.486816 	 3.750236 	 96302.906250 	 320.302368 
338 	 41.678688 	 283.323761 	 275.753082 	 3.810719 	 97481.203125 	 363.776001 
339 	 41.678688 	 283.323761 	 274.410522 	 2.105883 	 98580.320312 	 322.561981 
340 	 41.678688 	 283.323761 	 278.090118 	 2.301885 	 98539.750000 	 343.558655 
341 	 41.678688 	 283.323761 	 276.615356 	 2.881767 	 97874.382812 	 342.902069 
342 	 41.678688 	 283.323761 	 272.374023 	 2.931255 	 98857.273438 	 362.832733 
343 	 41.678688 	 283.323761 	 270.552887 	 0.787102 	 99840.796875 	 317.351135 
344 	 41.678688 	 283.323761 	 272.470520 	 1.857885 	 99093.703125 	 349.958618 
345 	 41.678688 	 283.323761 	 272.345551 	 1.431133 	 99053.578125 	 355.020630 
346 	 41.678688 	 283.323761 	 273.669037 	 1.406932 	 99182.593750 	 335.722748 
347 	 41.678688 	 283.323761 	 274.097809 	 2.619069 	 99159.296875 	 304.709930 
348 	 41.678688 	 283.323761 	 283.919617 	 3.899189 	 97289.078125 	 372.770905 
349 	 41.678688 	 283.323761 	 275.776337 	 5.281884 	 96275.851562 	 374.126648 
350 	 41.678688 	 283.323761 	 269.136322 	 4.917336 	 97851.109375 	 302.633240 
351 	 41.678688 	 283.323761 	 269.668945 	 2.571786 	 98650.937500 	 309.135895 
352 	 41.678688 	 283.323761 	 269.576172 	 2.550530 	 99180.398438 	 322.169312 
353 	 41.678688 	 283.323761 	 270.555573 	 2.204247 	 99483.343750 	 329.912292 
354 	 41.678688 	 283.323761 	 276.493042 	 4.386607 	 98220.312500 	 324.355011 
355 	 41.678688 	 283.323761 	 272.726105 	 4.418998 	 95745.679688 	 341.986389 
356 	 41.678688 	 283.323761 	 269.222137 	 5.896130 	 96090.656250 	 340.913330 
357 	 41.678688 	 283.323761 	 269.640045 	 4.036161 	 97580.476562 	 309.256958 
358 	 41.678688 	 283.323761 	 268.529236 	 2.231996 	 98303.453125 	 340.736938 
359 	 41.678688 	 283.323761 	 272.269958 	 3.519525 	 97838.273438 	 336.376099 
360 	 41.678688 	 283.323761 	 274.646576 	 3.006291 	 97656.398438 	 327.971130 
361 	 41.678688 	 283.323761 	 272.457306 	 3.096203 	 97977.546875 	 335.942657 
362 	 41.678688 	 283.323761 	 270.960114 	 2.494618 	 98076.859375 	 324.381287 
363 	 41.678688 	 283.323761 	 273.062988 	 3.423239 	 97523.179688 	 336.963867 
364 	 41.678688 	 283.323761 	 269.646240 	 2.757751 	 98487.398438 	 327.819000 
