# 0: Day of Year [-] 	 1: lat [deg] 	 2: lon [deg] 	 3: tas [K] 	 4: sfcWind [m s-1] 	 5: ps [Pa] 	 6: Total Downwelling Rad Flux [W m-2] 
0 	 41.678688 	 283.323761 	 270.818939 	 3.348827 	 99248.187500 	 318.842255 
1 	 41.678688 	 283.323761 	 270.351349 	 4.934793 	 97905.640625 	 330.532898 
2 	 41.678688 	 283.323761 	 271.095245 	 1.564818 	 98920.500000 	 329.976685 
3 	 41.678688 	 283.323761 	 274.325165 	 3.825964 	 99288.203125 	 335.573853 
4 	 41.678688 	 283.323761 	 279.018951 	 4.945255 	 98096.546875 	 376.508545 
5 	 41.678688 	 283.323761 	 271.641144 	 1.718432 	 98509.867188 	 317.552856 
6 	 41.678688 	 283.323761 	 270.922150 	 2.342570 	 97700.273438 	 340.518494 
7 	 41.678688 	 283.323761 	 269.467743 	 1.933101 	 97521.343750 	 312.340485 
8 	 41.678688 	 283.323761 	 266.193848 	 4.393643 	 97374.296875 	 333.433044 
9 	 41.678688 	 283.323761 	 268.721741 	 4.236885 	 98088.093750 	 313.392853 
10 	 41.678688 	 283.323761 	 274.653442 	 3.156451 	 98580.203125 	 355.605621 
11 	 41.678688 	 283.323761 	 276.846100 	 3.343741 	 98613.773438 	 327.768921 
12 	 41.678688 	 283.323761 	 279.605896 	 3.568770 	 98317.546875 	 360.555786 
13 	 41.678688 	 283.323761 	 284.598663 	 5.327677 	 98082.906250 	 387.087769 
14 	 41.678688 	 283.323761 	 288.537170 	 7.589374 	 97280.773438 	 391.954987 
15 	 41.678688 	 283.323761 	 275.788696 	 2.868819 	 97067.312500 	 341.129578 
16 	 41.678688 	 283.323761 	 269.731415 	 4.324581 	 97597.546875 	 330.229645 
17 	 41.678688 	 283.323761 	 272.380829 	 4.046709 	 99276.601562 	 327.743591 
18 	 41.678688 	 283.323761 	 276.233765 	 3.368571 	 99727.187500 	 348.887695 
19 	 41.678688 	 283.323761 	 279.515106 	 3.005108 	 99401.953125 	 376.015472 
20 	 41.678688 	 283.323761 	 285.397186 	 4.162119 	 98166.757812 	 374.954071 
21 	 41.678688 	 283.323761 	 278.196411 	 4.940587 	 95898.382812 	 347.486023 
22 	 41.678688 	 283.323761 	 272.660553 	 5.055779 	 97193.062500 	 347.024445 
23 	 41.678688 	 283.323761 	 274.200226 	 3.854865 	 98909.453125 	 351.391296 
24 	 41.678688 	 283.323761 	 274.956909 	 3.703726 	 99854.117188 	 353.856934 
25 	 41.678688 	 283.323761 	 279.457581 	 4.282882 	 99231.718750 	 354.046600 
26 	 41.678688 	 283.323761 	 280.017303 	 1.797370 	 98624.046875 	 416.084381 
27 	 41.678688 	 283.323761 	 277.049622 	 2.380719 	 98318.117188 	 379.611969 
28 	 41.678688 	 283.323761 	 273.367371 	 2.963534 	 98933.203125 	 342.164062 
29 	 41.678688 	 283.323761 	 264.637726 	 4.763034 	 99094.320312 	 329.448090 
30 	 41.678688 	 283.323761 	 269.186310 	 3.145433 	 99953.656250 	 307.089325 
31 	 41.678688 	 283.323761 	 276.703308 	 4.049421 	 99963.117188 	 387.890594 
32 	 41.678688 	 283.323761 	 281.411438 	 3.792829 	 99581.109375 	 404.220520 
33 	 41.678688 	 283.323761 	 285.397675 	 4.039786 	 99055.156250 	 403.692657 
34 	 41.678688 	 283.323761 	 287.479340 	 4.296808 	 98401.171875 	 398.808746 
35 	 41.678688 	 283.323761 	 279.969055 	 2.505913 	 98202.718750 	 378.150238 
36 	 41.678688 	 283.323761 	 276.158966 	 1.946226 	 98470.859375 	 357.999573 
37 	 41.678688 	 283.323761 	 279.270050 	 2.382849 	 97691.390625 	 367.878357 
38 	 41.678688 	 283.323761 	 276.423279 	 3.394060 	 98343.726562 	 392.139923 
39 	 41.678688 	 283.323761 	 278.605560 	 3.191583 	 98563.046875 	 408.208618 
40 	 41.678688 	 283.323761 	 266.159546 	 4.193099 	 98083.156250 	 352.113373 
41 	 41.678688 	 283.323761 	 261.635956 	 3.726309 	 99542.859375 	 355.436188 
42 	 41.678688 	 283.323761 	 272.133453 	 4.989563 	 98902.796875 	 342.529083 
43 	 41.678688 	 283.323761 	 278.166870 	 3.915891 	 97949.210938 	 350.935883 
44 	 41.678688 	 283.323761 	 269.701324 	 5.360879 	 97736.507812 	 375.173279 
45 	 41.678688 	 283.323761 	 270.481995 	 3.298585 	 99343.750000 	 379.905457 
46 	 41.678688 	 283.323761 	 276.451935 	 3.497776 	 99105.093750 	 346.157257 
47 	 41.678688 	 283.323761 	 277.035797 	 2.237592 	 99543.656250 	 399.280090 
48 	 41.678688 	 283.323761 	 283.481262 	 3.841985 	 99427.398438 	 404.844482 
49 	 41.678688 	 283.323761 	 286.120850 	 6.993776 	 98527.039062 	 394.619080 
50 	 41.678688 	 283.323761 	 271.783203 	 3.837425 	 99350.296875 	 408.208252 
51 	 41.678688 	 283.323761 	 274.751678 	 1.410904 	 100452.796875 	 413.908264 
52 	 41.678688 	 283.323761 	 279.310760 	 2.343662 	 100068.101562 	 399.306366 
53 	 41.678688 	 283.323761 	 285.012604 	 2.083064 	 99566.703125 	 421.737671 
54 	 41.678688 	 283.323761 	 285.640198 	 3.935381 	 99537.460938 	 411.711243 
55 	 41.678688 	 283.323761 	 285.476074 	 4.259102 	 98783.500000 	 393.528931 
56 	 41.678688 	 283.323761 	 279.056519 	 3.374521 	 97892.562500 	 402.271484 
57 	 41.678688 	 283.323761 	 277.348114 	 2.201041 	 98874.492188 	 360.467529 
58 	 41.678688 	 283.323761 	 276.547119 	 3.430367 	 99652.523438 	 374.241455 
59 	 41.678688 	 283.323761 	 278.062042 	 4.353271 	 99890.476562 	 378.088989 
60 	 41.678688 	 283.323761 	 282.218384 	 3.916336 	 98728.648438 	 484.729309 
61 	 41.678688 	 283.323761 	 277.877136 	 2.908939 	 98568.296875 	 397.784607 
62 	 41.678688 	 283.323761 	 277.763824 	 3.124183 	 98658.007812 	 439.203339 
63 	 41.678688 	 283.323761 	 275.395935 	 3.047181 	 98826.796875 	 430.254700 
64 	 41.678688 	 283.323761 	 273.228638 	 1.892700 	 99188.773438 	 428.756195 
65 	 41.678688 	 283.323761 	 276.737854 	 2.884263 	 99089.382812 	 357.145630 
66 	 41.678688 	 283.323761 	 282.075256 	 2.317653 	 98950.968750 	 370.043701 
67 	 41.678688 	 283.323761 	 287.125061 	 4.086901 	 98494.742188 	 406.392212 
68 	 41.678688 	 283.323761 	 285.844574 	 3.821934 	 97742.437500 	 495.795959 
69 	 41.678688 	 283.323761 	 280.872406 	 2.366404 	 98715.460938 	 497.324066 
70 	 41.678688 	 283.323761 	 282.509094 	 3.059249 	 98703.000000 	 391.688446 
71 	 41.678688 	 283.323761 	 283.975555 	 3.663278 	 97982.710938 	 522.471069 
72 	 41.678688 	 283.323761 	 275.859558 	 3.790055 	 98972.539062 	 471.119202 
73 	 41.678688 	 283.323761 	 276.425751 	 3.751342 	 98871.890625 	 339.831940 
74 	 41.678688 	 283.323761 	 272.489929 	 4.065951 	 98043.726562 	 471.216858 
75 	 41.678688 	 283.323761 	 274.970306 	 2.657988 	 98294.992188 	 435.372253 
76 	 41.678688 	 283.323761 	 277.523285 	 4.031735 	 97234.859375 	 382.327240 
77 	 41.678688 	 283.323761 	 275.430359 	 5.432020 	 96460.757812 	 434.197998 
78 	 41.678688 	 283.323761 	 275.734131 	 4.477870 	 97714.351562 	 514.545166 
79 	 41.678688 	 283.323761 	 278.806152 	 3.054617 	 98364.710938 	 518.509338 
80 	 41.678688 	 283.323761 	 276.414917 	 1.293131 	 98788.132812 	 471.431030 
81 	 41.678688 	 283.323761 	 277.682678 	 1.670066 	 98810.296875 	 484.710938 
82 	 41.678688 	 283.323761 	 281.288757 	 2.099243 	 98976.289062 	 496.583557 
83 	 41.678688 	 283.323761 	 278.778412 	 2.793129 	 99691.820312 	 503.436188 
84 	 41.678688 	 283.323761 	 285.868591 	 4.723453 	 99055.976562 	 484.947021 
85 	 41.678688 	 283.323761 	 286.781525 	 2.686584 	 98801.453125 	 441.594910 
86 	 41.678688 	 283.323761 	 287.971466 	 1.293966 	 99274.148438 	 572.975342 
87 	 41.678688 	 283.323761 	 289.495178 	 3.870893 	 99653.382812 	 536.434998 
88 	 41.678688 	 283.323761 	 290.644684 	 2.788904 	 98998.062500 	 512.710632 
89 	 41.678688 	 283.323761 	 290.472931 	 2.138003 	 98760.156250 	 582.581238 
90 	 41.678688 	 283.323761 	 283.074188 	 2.627779 	 99179.726562 	 469.644806 
91 	 41.678688 	 283.323761 	 283.316345 	 4.337818 	 98530.531250 	 374.758484 
92 	 41.678688 	 283.323761 	 277.286713 	 2.307497 	 99031.179688 	 513.859375 
93 	 41.678688 	 283.323761 	 278.363068 	 3.133339 	 98410.453125 	 490.616119 
94 	 41.678688 	 283.323761 	 272.086212 	 3.198022 	 98569.343750 	 451.259888 
95 	 41.678688 	 283.323761 	 271.805573 	 1.469704 	 99197.140625 	 502.530701 
96 	 41.678688 	 283.323761 	 276.372955 	 1.865845 	 99565.523438 	 529.839722 
97 	 41.678688 	 283.323761 	 285.224060 	 5.338324 	 98495.796875 	 479.825928 
98 	 41.678688 	 283.323761 	 285.052063 	 2.249737 	 99336.203125 	 576.822144 
99 	 41.678688 	 283.323761 	 286.829742 	 2.379797 	 100231.000000 	 573.929810 
100 	 41.678688 	 283.323761 	 289.324280 	 3.366864 	 99723.859375 	 554.641846 
101 	 41.678688 	 283.323761 	 285.017517 	 3.175946 	 99527.476562 	 593.135986 
102 	 41.678688 	 283.323761 	 285.507141 	 2.788108 	 99266.929688 	 559.662231 
103 	 41.678688 	 283.323761 	 292.155640 	 4.514580 	 98016.812500 	 557.130249 
104 	 41.678688 	 283.323761 	 292.106323 	 3.376669 	 98078.671875 	 557.178101 
105 	 41.678688 	 283.323761 	 295.541504 	 4.779941 	 98028.281250 	 629.381470 
106 	 41.678688 	 283.323761 	 282.515198 	 3.120056 	 98332.851562 	 404.900055 
107 	 41.678688 	 283.323761 	 278.075073 	 1.781305 	 99049.976562 	 540.442261 
108 	 41.678688 	 283.323761 	 279.036774 	 1.825979 	 98706.921875 	 529.002625 
109 	 41.678688 	 283.323761 	 277.820435 	 5.157717 	 97569.843750 	 474.645325 
110 	 41.678688 	 283.323761 	 277.985748 	 4.959473 	 96769.937500 	 536.365112 
111 	 41.678688 	 283.323761 	 278.736450 	 4.582669 	 97151.390625 	 455.255127 
112 	 41.678688 	 283.323761 	 279.480652 	 3.436314 	 97948.898438 	 550.372742 
113 	 41.678688 	 283.323761 	 278.802063 	 1.181214 	 98826.437500 	 567.442566 
114 	 41.678688 	 283.323761 	 279.952820 	 1.396359 	 98901.578125 	 471.538879 
115 	 41.678688 	 283.323761 	 287.200226 	 1.051512 	 98549.789062 	 587.196533 
116 	 41.678688 	 283.323761 	 289.451141 	 4.393203 	 97560.906250 	 507.419495 
117 	 41.678688 	 283.323761 	 278.607178 	 5.333784 	 97911.828125 	 599.093018 
118 	 41.678688 	 283.323761 	 279.687256 	 2.193380 	 98560.343750 	 487.561523 
119 	 41.678688 	 283.323761 	 285.595001 	 2.970314 	 98212.640625 	 473.616516 
120 	 41.678688 	 283.323761 	 287.843231 	 2.011853 	 98077.859375 	 594.638916 
121 	 41.678688 	 283.323761 	 285.858032 	 1.682617 	 98795.742188 	 614.400513 
122 	 41.678688 	 283.323761 	 288.356018 	 2.948929 	 99332.757812 	 625.507080 
123 	 41.678688 	 283.323761 	 289.777283 	 4.084939 	 99110.296875 	 473.558746 
124 	 41.678688 	 283.323761 	 294.115234 	 4.941255 	 98391.468750 	 585.486938 
125 	 41.678688 	 283.323761 	 290.630615 	 3.537156 	 97536.359375 	 619.101196 
126 	 41.678688 	 283.323761 	 282.948364 	 2.949750 	 97255.281250 	 510.010834 
127 	 41.678688 	 283.323761 	 283.039032 	 2.759119 	 97939.906250 	 609.859863 
128 	 41.678688 	 283.323761 	 285.399750 	 3.299764 	 98510.312500 	 574.865234 
129 	 41.678688 	 283.323761 	 287.515106 	 2.955401 	 98364.687500 	 513.629883 
130 	 41.678688 	 283.323761 	 282.658051 	 3.392797 	 98596.156250 	 533.436523 
131 	 41.678688 	 283.323761 	 281.383331 	 2.436671 	 99155.718750 	 590.241516 
132 	 41.678688 	 283.323761 	 290.200958 	 3.443181 	 98579.789062 	 652.855469 
133 	 41.678688 	 283.323761 	 289.960602 	 1.737136 	 98612.226562 	 525.496338 
134 	 41.678688 	 283.323761 	 295.779846 	 3.322184 	 97783.359375 	 646.103088 
135 	 41.678688 	 283.323761 	 288.416199 	 2.614782 	 98685.648438 	 650.276855 
136 	 41.678688 	 283.323761 	 289.396729 	 3.398292 	 99460.117188 	 654.777954 
137 	 41.678688 	 283.323761 	 295.327362 	 4.167008 	 99096.921875 	 678.127869 
138 	 41.678688 	 283.323761 	 298.130585 	 2.464072 	 98945.187500 	 673.974976 
139 	 41.678688 	 283.323761 	 298.256378 	 2.802562 	 98665.750000 	 703.135132 
140 	 41.678688 	 283.323761 	 293.735138 	 2.963416 	 98505.257812 	 649.305908 
141 	 41.678688 	 283.323761 	 286.806793 	 4.230034 	 98447.500000 	 636.203003 
142 	 41.678688 	 283.323761 	 285.883453 	 1.563229 	 98769.398438 	 584.494873 
143 	 41.678688 	 283.323761 	 286.008057 	 2.258141 	 99013.593750 	 624.003540 
144 	 41.678688 	 283.323761 	 286.613800 	 1.096016 	 99263.742188 	 647.690552 
145 	 41.678688 	 283.323761 	 288.906281 	 4.260817 	 98590.703125 	 615.715393 
146 	 41.678688 	 283.323761 	 294.175507 	 1.852821 	 98096.523438 	 698.573120 
147 	 41.678688 	 283.323761 	 299.002106 	 4.969370 	 97357.296875 	 706.169189 
148 	 41.678688 	 283.323761 	 291.985504 	 3.606079 	 98380.398438 	 674.556885 
149 	 41.678688 	 283.323761 	 295.575714 	 4.138567 	 98367.117188 	 688.794312 
150 	 41.678688 	 283.323761 	 296.422119 	 3.944655 	 98301.703125 	 699.738037 
151 	 41.678688 	 283.323761 	 286.794220 	 3.132320 	 98899.382812 	 548.680542 
152 	 41.678688 	 283.323761 	 284.655640 	 3.427640 	 99082.320312 	 651.088013 
153 	 41.678688 	 283.323761 	 284.609192 	 2.016176 	 99347.039062 	 649.071533 
154 	 41.678688 	 283.323761 	 287.445801 	 1.344985 	 99502.523438 	 659.331543 
155 	 41.678688 	 283.323761 	 291.108887 	 4.208653 	 99441.171875 	 612.494385 
156 	 41.678688 	 283.323761 	 295.743591 	 5.385797 	 98853.046875 	 601.114441 
157 	 41.678688 	 283.323761 	 291.148682 	 2.251247 	 98712.539062 	 598.703979 
158 	 41.678688 	 283.323761 	 292.758698 	 1.650711 	 98920.687500 	 690.100342 
159 	 41.678688 	 283.323761 	 294.613770 	 1.272331 	 98933.429688 	 696.965088 
160 	 41.678688 	 283.323761 	 293.936157 	 2.543871 	 98553.156250 	 665.880310 
161 	 41.678688 	 283.323761 	 293.923706 	 3.050436 	 98692.562500 	 691.306641 
162 	 41.678688 	 283.323761 	 290.115723 	 0.912683 	 99450.343750 	 667.113403 
163 	 41.678688 	 283.323761 	 295.922791 	 3.572160 	 98909.382812 	 692.863770 
164 	 41.678688 	 283.323761 	 299.951019 	 5.028280 	 97998.562500 	 724.563965 
165 	 41.678688 	 283.323761 	 295.022766 	 3.432361 	 98183.062500 	 696.929077 
166 	 41.678688 	 283.323761 	 295.472565 	 1.690252 	 98224.203125 	 692.797729 
167 	 41.678688 	 283.323761 	 297.386688 	 3.533746 	 97720.882812 	 688.430420 
168 	 41.678688 	 283.323761 	 286.809723 	 3.476800 	 97999.679688 	 639.387207 
169 	 41.678688 	 283.323761 	 286.696381 	 2.478937 	 98840.851562 	 650.687073 
170 	 41.678688 	 283.323761 	 291.453644 	 4.059406 	 99044.296875 	 563.364136 
171 	 41.678688 	 283.323761 	 295.711365 	 4.663838 	 98553.953125 	 662.094116 
172 	 41.678688 	 283.323761 	 294.195740 	 4.254015 	 98239.976562 	 537.358398 
173 	 41.678688 	 283.323761 	 291.093292 	 1.033961 	 98471.281250 	 559.451660 
174 	 41.678688 	 283.323761 	 289.265137 	 3.895785 	 97750.882812 	 564.807495 
175 	 41.678688 	 283.323761 	 286.562256 	 1.909741 	 98633.523438 	 658.574158 
176 	 41.678688 	 283.323761 	 290.017120 	 1.464475 	 99232.546875 	 567.057739 
177 	 41.678688 	 283.323761 	 293.355988 	 0.853408 	 99504.898438 	 655.894531 
178 	 41.678688 	 283.323761 	 294.157196 	 0.925886 	 99319.156250 	 654.757996 
179 	 41.678688 	 283.323761 	 294.920624 	 1.230417 	 99126.453125 	 687.031494 
180 	 41.678688 	 283.323761 	 296.922577 	 1.378079 	 98938.117188 	 699.894104 
181 	 41.678688 	 283.323761 	 298.160645 	 1.369420 	 98704.828125 	 662.589233 
182 	 41.678688 	 283.323761 	 297.791016 	 1.588984 	 98754.367188 	 668.564697 
183 	 41.678688 	 283.323761 	 295.827179 	 2.918909 	 99016.468750 	 654.096924 
184 	 41.678688 	 283.323761 	 295.762604 	 2.369232 	 98789.476562 	 650.944946 
185 	 41.678688 	 283.323761 	 296.343109 	 1.226744 	 98257.687500 	 684.202393 
186 	 41.678688 	 283.323761 	 297.210846 	 1.296584 	 97915.718750 	 684.883667 
187 	 41.678688 	 283.323761 	 298.930573 	 1.241940 	 97921.890625 	 717.613403 
188 	 41.678688 	 283.323761 	 298.239105 	 3.024873 	 97880.632812 	 730.745361 
189 	 41.678688 	 283.323761 	 296.251617 	 2.475263 	 98425.531250 	 705.767944 
190 	 41.678688 	 283.323761 	 295.379944 	 1.675096 	 98943.039062 	 663.088928 
191 	 41.678688 	 283.323761 	 296.339874 	 2.215618 	 99462.460938 	 665.104858 
192 	 41.678688 	 283.323761 	 294.741943 	 2.938465 	 99685.453125 	 465.909882 
193 	 41.678688 	 283.323761 	 295.909912 	 2.254070 	 99229.578125 	 523.256653 
194 	 41.678688 	 283.323761 	 297.786743 	 2.141771 	 98453.609375 	 727.243713 
195 	 41.678688 	 283.323761 	 301.760468 	 1.969976 	 97972.476562 	 736.056519 
196 	 41.678688 	 283.323761 	 303.262573 	 2.629776 	 98087.203125 	 734.001465 
197 	 41.678688 	 283.323761 	 301.531219 	 0.801650 	 98577.328125 	 724.399658 
198 	 41.678688 	 283.323761 	 301.272064 	 1.434753 	 98685.890625 	 725.396240 
199 	 41.678688 	 283.323761 	 300.603546 	 1.928837 	 99014.023438 	 705.019836 
200 	 41.678688 	 283.323761 	 299.684448 	 2.317384 	 99410.257812 	 716.084961 
201 	 41.678688 	 283.323761 	 299.567932 	 3.998226 	 99680.171875 	 705.339600 
202 	 41.678688 	 283.323761 	 298.931213 	 4.065608 	 99159.640625 	 659.990601 
203 	 41.678688 	 283.323761 	 298.356934 	 3.682449 	 98074.890625 	 566.395996 
204 	 41.678688 	 283.323761 	 296.652466 	 3.969267 	 97937.460938 	 652.699280 
205 	 41.678688 	 283.323761 	 292.755737 	 1.585361 	 98987.171875 	 656.976929 
206 	 41.678688 	 283.323761 	 293.433960 	 1.211502 	 99212.421875 	 661.202209 
207 	 41.678688 	 283.323761 	 296.879028 	 3.073157 	 98951.546875 	 681.032349 
208 	 41.678688 	 283.323761 	 298.141327 	 2.736934 	 98687.937500 	 693.429565 
209 	 41.678688 	 283.323761 	 300.692780 	 2.510756 	 98605.882812 	 707.551575 
210 	 41.678688 	 283.323761 	 300.574860 	 1.940367 	 98614.687500 	 696.965698 
211 	 41.678688 	 283.323761 	 301.664093 	 3.204545 	 98216.281250 	 606.780029 
212 	 41.678688 	 283.323761 	 296.866730 	 2.044204 	 97931.343750 	 636.209351 
213 	 41.678688 	 283.323761 	 292.979828 	 3.941701 	 97941.593750 	 553.648804 
214 	 41.678688 	 283.323761 	 294.327240 	 2.165910 	 98634.007812 	 683.707397 
215 	 41.678688 	 283.323761 	 295.073273 	 1.228561 	 98930.953125 	 676.871216 
216 	 41.678688 	 283.323761 	 297.720734 	 1.811761 	 98677.476562 	 684.670654 
217 	 41.678688 	 283.323761 	 298.249207 	 1.772382 	 98424.429688 	 671.249268 
218 	 41.678688 	 283.323761 	 295.973755 	 1.476793 	 98557.359375 	 514.351807 
219 	 41.678688 	 283.323761 	 296.672058 	 2.426375 	 98326.382812 	 549.654114 
220 	 41.678688 	 283.323761 	 294.683441 	 4.244045 	 98293.906250 	 569.236633 
221 	 41.678688 	 283.323761 	 297.168671 	 1.994995 	 98830.476562 	 648.683838 
222 	 41.678688 	 283.323761 	 300.068970 	 3.528291 	 98769.492188 	 658.379150 
223 	 41.678688 	 283.323761 	 302.156769 	 4.224253 	 98243.273438 	 697.610046 
224 	 41.678688 	 283.323761 	 302.612061 	 4.016566 	 97804.093750 	 639.947876 
225 	 41.678688 	 283.323761 	 295.916199 	 1.833773 	 97924.343750 	 620.804993 
226 	 41.678688 	 283.323761 	 296.458130 	 2.576160 	 98076.257812 	 618.136292 
227 	 41.678688 	 283.323761 	 296.083923 	 2.267465 	 98231.570312 	 661.687012 
228 	 41.678688 	 283.323761 	 291.853546 	 1.919346 	 98296.750000 	 605.380493 
229 	 41.678688 	 283.323761 	 291.040497 	 1.861251 	 98415.976562 	 610.189880 
230 	 41.678688 	 283.323761 	 287.026550 	 1.110483 	 99284.929688 	 417.281433 
231 	 41.678688 	 283.323761 	 290.962921 	 1.467664 	 99168.031250 	 629.543091 
232 	 41.678688 	 283.323761 	 294.166504 	 3.173284 	 98547.437500 	 627.099731 
233 	 41.678688 	 283.323761 	 292.478851 	 3.034507 	 98195.390625 	 616.723572 
234 	 41.678688 	 283.323761 	 291.106720 	 2.044598 	 98507.156250 	 612.204895 
235 	 41.678688 	 283.323761 	 291.984375 	 1.935964 	 98503.156250 	 594.495667 
236 	 41.678688 	 283.323761 	 296.440033 	 3.818004 	 98044.156250 	 654.087891 
237 	 41.678688 	 283.323761 	 294.232300 	 2.853894 	 98598.500000 	 616.984131 
238 	 41.678688 	 283.323761 	 294.043427 	 2.204960 	 99198.968750 	 630.236206 
239 	 41.678688 	 283.323761 	 300.122833 	 3.615340 	 98808.578125 	 667.471436 
240 	 41.678688 	 283.323761 	 302.341248 	 2.321473 	 98788.382812 	 681.077698 
241 	 41.678688 	 283.323761 	 301.127289 	 3.206877 	 98747.773438 	 627.241211 
242 	 41.678688 	 283.323761 	 301.527069 	 3.128347 	 98658.851562 	 651.525879 
243 	 41.678688 	 283.323761 	 299.988007 	 1.628840 	 98587.289062 	 589.375366 
244 	 41.678688 	 283.323761 	 297.940155 	 1.158411 	 98568.976562 	 639.089905 
245 	 41.678688 	 283.323761 	 298.423370 	 1.951362 	 98146.406250 	 598.728455 
246 	 41.678688 	 283.323761 	 297.781372 	 1.609215 	 98654.140625 	 643.098694 
247 	 41.678688 	 283.323761 	 298.956360 	 3.209731 	 98903.867188 	 627.576965 
248 	 41.678688 	 283.323761 	 301.612518 	 4.200773 	 98419.687500 	 628.172241 
249 	 41.678688 	 283.323761 	 295.527100 	 3.552043 	 98362.851562 	 529.404419 
250 	 41.678688 	 283.323761 	 290.432770 	 2.927599 	 99248.703125 	 581.723816 
251 	 41.678688 	 283.323761 	 289.839081 	 0.950220 	 99488.140625 	 579.077576 
252 	 41.678688 	 283.323761 	 293.326263 	 2.428705 	 99184.593750 	 590.227539 
253 	 41.678688 	 283.323761 	 293.434265 	 3.534181 	 98634.843750 	 585.942932 
254 	 41.678688 	 283.323761 	 293.730469 	 2.528706 	 98020.289062 	 454.862610 
255 	 41.678688 	 283.323761 	 292.116821 	 2.958155 	 98018.476562 	 577.490784 
256 	 41.678688 	 283.323761 	 291.211761 	 2.169184 	 98578.921875 	 562.092773 
257 	 41.678688 	 283.323761 	 295.366516 	 3.087358 	 99283.296875 	 574.272766 
258 	 41.678688 	 283.323761 	 299.392944 	 4.336959 	 99091.757812 	 564.941650 
259 	 41.678688 	 283.323761 	 300.358948 	 2.634166 	 99241.406250 	 599.122192 
260 	 41.678688 	 283.323761 	 301.715637 	 2.962541 	 99215.703125 	 607.633606 
261 	 41.678688 	 283.323761 	 300.089783 	 1.629580 	 99446.757812 	 583.302856 
262 	 41.678688 	 283.323761 	 300.301636 	 2.310927 	 99429.476562 	 613.213379 
263 	 41.678688 	 283.323761 	 298.789032 	 2.833228 	 99109.500000 	 591.225647 
264 	 41.678688 	 283.323761 	 296.969116 	 1.813688 	 98817.523438 	 579.307434 
265 	 41.678688 	 283.323761 	 295.757721 	 1.525854 	 98849.406250 	 580.038513 
266 	 41.678688 	 283.323761 	 295.694702 	 2.741700 	 99007.351562 	 542.478943 
267 	 41.678688 	 283.323761 	 289.362000 	 3.638766 	 99192.609375 	 550.403076 
268 	 41.678688 	 283.323761 	 286.354279 	 1.699144 	 99793.031250 	 505.976410 
269 	 41.678688 	 283.323761 	 291.109314 	 3.857982 	 99612.492188 	 525.400513 
270 	 41.678688 	 283.323761 	 295.747345 	 4.410320 	 99306.140625 	 569.869385 
271 	 41.678688 	 283.323761 	 299.222504 	 4.289286 	 98705.726562 	 558.019409 
272 	 41.678688 	 283.323761 	 289.842773 	 2.389850 	 99418.773438 	 442.132935 
273 	 41.678688 	 283.323761 	 291.625549 	 4.749609 	 99326.218750 	 471.477142 
274 	 41.678688 	 283.323761 	 291.321503 	 4.455647 	 98341.117188 	 414.260193 
275 	 41.678688 	 283.323761 	 285.429230 	 1.632771 	 98354.593750 	 443.777496 
276 	 41.678688 	 283.323761 	 285.185669 	 2.255165 	 99022.117188 	 522.177917 
277 	 41.678688 	 283.323761 	 285.889923 	 1.605756 	 99557.906250 	 484.871582 
278 	 41.678688 	 283.323761 	 288.879150 	 1.502725 	 99711.523438 	 523.394775 
279 	 41.678688 	 283.323761 	 290.074860 	 2.353777 	 99073.296875 	 519.544617 
280 	 41.678688 	 283.323761 	 290.928955 	 3.937388 	 97799.531250 	 430.268372 
281 	 41.678688 	 283.323761 	 278.590057 	 4.357298 	 97880.429688 	 446.597748 
282 	 41.678688 	 283.323761 	 278.277008 	 1.925459 	 99103.617188 	 477.720917 
283 	 41.678688 	 283.323761 	 281.160309 	 2.376210 	 99169.937500 	 401.215912 
284 	 41.678688 	 283.323761 	 286.047699 	 2.735174 	 98458.132812 	 467.598694 
285 	 41.678688 	 283.323761 	 285.317841 	 3.568523 	 98386.859375 	 467.000214 
286 	 41.678688 	 283.323761 	 283.729797 	 2.880476 	 99159.937500 	 463.575928 
287 	 41.678688 	 283.323761 	 291.646027 	 2.823358 	 98720.476562 	 496.907654 
288 	 41.678688 	 283.323761 	 292.941925 	 2.976343 	 98719.156250 	 467.812256 
289 	 41.678688 	 283.323761 	 286.913055 	 2.635855 	 99296.500000 	 471.604828 
290 	 41.678688 	 283.323761 	 291.162994 	 2.944527 	 99343.039062 	 491.915924 
291 	 41.678688 	 283.323761 	 291.379730 	 2.162001 	 98634.000000 	 458.676636 
292 	 41.678688 	 283.323761 	 290.305298 	 2.367418 	 98025.117188 	 499.008362 
293 	 41.678688 	 283.323761 	 287.399445 	 4.006106 	 97899.273438 	 390.159058 
294 	 41.678688 	 283.323761 	 280.174927 	 2.676897 	 98370.703125 	 395.518585 
295 	 41.678688 	 283.323761 	 279.557373 	 2.610949 	 99177.578125 	 372.750702 
296 	 41.678688 	 283.323761 	 290.835205 	 4.689213 	 98959.898438 	 501.809875 
297 	 41.678688 	 283.323761 	 292.350830 	 4.893281 	 98457.976562 	 422.277649 
298 	 41.678688 	 283.323761 	 281.529785 	 5.955064 	 97456.429688 	 451.582672 
299 	 41.678688 	 283.323761 	 276.674286 	 3.277444 	 98716.710938 	 417.701172 
300 	 41.678688 	 283.323761 	 275.101135 	 3.575524 	 99415.976562 	 394.553650 
301 	 41.678688 	 283.323761 	 274.555542 	 2.927366 	 100392.703125 	 396.348877 
302 	 41.678688 	 283.323761 	 283.493103 	 4.410757 	 99660.031250 	 427.598389 
303 	 41.678688 	 283.323761 	 286.963959 	 3.103124 	 99478.476562 	 436.674744 
304 	 41.678688 	 283.323761 	 288.987213 	 5.587938 	 98845.796875 	 399.933746 
305 	 41.678688 	 283.323761 	 284.453125 	 4.474106 	 98169.117188 	 412.757721 
306 	 41.678688 	 283.323761 	 278.394623 	 2.638825 	 99688.648438 	 395.454468 
307 	 41.678688 	 283.323761 	 279.777802 	 3.914362 	 100078.601562 	 348.993835 
308 	 41.678688 	 283.323761 	 284.161469 	 3.151441 	 98691.601562 	 389.274750 
309 	 41.678688 	 283.323761 	 281.117462 	 2.855001 	 98076.476562 	 376.653320 
310 	 41.678688 	 283.323761 	 276.999451 	 3.107495 	 98600.046875 	 392.263611 
311 	 41.678688 	 283.323761 	 280.920654 	 2.274853 	 99133.296875 	 405.977112 
312 	 41.678688 	 283.323761 	 281.758087 	 3.533128 	 99587.523438 	 408.487915 
313 	 41.678688 	 283.323761 	 283.712585 	 3.982319 	 98781.117188 	 367.078766 
314 	 41.678688 	 283.323761 	 275.639282 	 3.299803 	 98916.937500 	 395.765808 
315 	 41.678688 	 283.323761 	 273.606842 	 1.306439 	 99519.406250 	 379.855530 
316 	 41.678688 	 283.323761 	 275.459351 	 1.246071 	 99574.539062 	 376.046234 
317 	 41.678688 	 283.323761 	 280.231903 	 2.878395 	 99366.023438 	 383.763336 
318 	 41.678688 	 283.323761 	 284.760559 	 4.649786 	 98975.250000 	 407.816864 
319 	 41.678688 	 283.323761 	 288.713440 	 4.675751 	 98973.398438 	 430.081726 
320 	 41.678688 	 283.323761 	 290.785675 	 5.953064 	 98343.289062 	 423.591400 
321 	 41.678688 	 283.323761 	 282.267914 	 4.379394 	 96818.140625 	 429.335846 
322 	 41.678688 	 283.323761 	 271.845276 	 4.450557 	 97183.890625 	 329.546021 
323 	 41.678688 	 283.323761 	 272.493958 	 3.316349 	 97472.343750 	 377.623596 
324 	 41.678688 	 283.323761 	 272.514648 	 2.626890 	 98160.093750 	 344.272522 
325 	 41.678688 	 283.323761 	 279.183014 	 2.673895 	 98284.523438 	 348.333923 
326 	 41.678688 	 283.323761 	 277.333008 	 2.580650 	 98716.000000 	 383.432068 
327 	 41.678688 	 283.323761 	 274.272614 	 2.920936 	 99354.468750 	 371.772766 
328 	 41.678688 	 283.323761 	 273.129120 	 1.801101 	 99653.703125 	 337.074890 
329 	 41.678688 	 283.323761 	 273.514771 	 2.158174 	 99964.601562 	 341.073669 
330 	 41.678688 	 283.323761 	 276.097778 	 4.961777 	 99683.218750 	 356.104248 
331 	 41.678688 	 283.323761 	 285.425018 	 5.007895 	 98756.968750 	 394.996033 
332 	 41.678688 	 283.323761 	 287.812317 	 3.692761 	 97501.992188 	 413.725037 
333 	 41.678688 	 283.323761 	 282.453705 	 3.978957 	 97670.882812 	 383.827301 
334 	 41.678688 	 283.323761 	 275.429413 	 2.211888 	 98926.187500 	 320.394196 
335 	 41.678688 	 283.323761 	 280.421051 	 4.031402 	 98429.273438 	 357.819946 
336 	 41.678688 	 283.323761 	 274.494720 	 2.124741 	 99985.898438 	 340.315613 
337 	 41.678688 	 283.323761 	 280.039948 	 4.823448 	 99500.617188 	 344.069489 
338 	 41.678688 	 283.323761 	 280.036346 	 3.139855 	 98624.773438 	 368.722565 
339 	 41.678688 	 283.323761 	 272.480103 	 2.780833 	 99123.703125 	 338.614136 
340 	 41.678688 	 283.323761 	 271.080322 	 3.124624 	 99536.312500 	 305.650116 
341 	 41.678688 	 283.323761 	 282.780487 	 4.877703 	 97427.726562 	 367.086639 
342 	 41.678688 	 283.323761 	 271.336456 	 4.055528 	 97899.062500 	 343.767303 
343 	 41.678688 	 283.323761 	 267.691315 	 1.885113 	 99477.710938 	 296.021210 
344 	 41.678688 	 283.323761 	 268.510529 	 2.082218 	 99235.640625 	 329.922119 
345 	 41.678688 	 283.323761 	 266.479919 	 2.884317 	 99741.781250 	 291.682007 
346 	 41.678688 	 283.323761 	 268.691895 	 2.125204 	 100451.000000 	 292.164520 
347 	 41.678688 	 283.323761 	 277.930634 	 4.213587 	 99557.726562 	 351.978821 
348 	 41.678688 	 283.323761 	 286.468475 	 4.490238 	 98901.523438 	 413.030945 
349 	 41.678688 	 283.323761 	 288.778687 	 6.264044 	 97861.460938 	 389.974609 
350 	 41.678688 	 283.323761 	 276.218689 	 3.691352 	 97589.843750 	 355.543121 
351 	 41.678688 	 283.323761 	 274.527039 	 2.786294 	 98875.867188 	 328.086609 
352 	 41.678688 	 283.323761 	 273.496948 	 2.228793 	 98945.882812 	 333.465363 
353 	 41.678688 	 283.323761 	 270.275787 	 4.038363 	 98036.593750 	 291.891846 
354 	 41.678688 	 283.323761 	 272.574615 	 3.964990 	 96996.218750 	 324.955139 
355 	 41.678688 	 283.323761 	 268.301056 	 2.881014 	 97817.992188 	 311.963165 
356 	 41.678688 	 283.323761 	 267.873749 	 2.756293 	 98305.117188 	 309.905518 
357 	 41.678688 	 283.323761 	 264.703125 	 1.682635 	 99214.023438 	 327.051910 
358 	 41.678688 	 283.323761 	 269.862091 	 2.270917 	 99242.578125 	 350.157867 
359 	 41.678688 	 283.323761 	 272.819000 	 1.764288 	 99586.203125 	 339.663055 
360 	 41.678688 	 283.323761 	 276.612549 	 4.059507 	 98859.460938 	 325.518005 
361 	 41.678688 	 283.323761 	 274.468109 	 2.046459 	 99299.296875 	 333.907532 
362 	 41.678688 	 283.323761 	 273.669556 	 3.001855 	 99771.359375 	 309.177856 
363 	 41.678688 	 283.323761 	 279.040253 	 3.149459 	 97918.000000 	 367.413300 
364 	 41.678688 	 283.323761 	 274.750427 	 2.340389 	 97569.273438 	 341.798065 
