# 0: Day of Year [-] 	 1: lat [deg] 	 2: lon [deg] 	 3: tas [K] 	 4: sfcWind [m s-1] 	 5: ps [Pa] 	 6: Total Downwelling Rad Flux [W m-2] 
0 	 41.678688 	 283.323761 	 270.357178 	 2.813104 	 97019.117188 	 340.258331 
1 	 41.678688 	 283.323761 	 269.310486 	 3.429635 	 97429.617188 	 316.316711 
2 	 41.678688 	 283.323761 	 267.793732 	 4.363099 	 97648.343750 	 315.749512 
3 	 41.678688 	 283.323761 	 265.935089 	 5.523542 	 97848.648438 	 311.171295 
4 	 41.678688 	 283.323761 	 269.881287 	 3.991125 	 98765.273438 	 319.893188 
5 	 41.678688 	 283.323761 	 271.097107 	 1.422490 	 99154.859375 	 338.495422 
6 	 41.678688 	 283.323761 	 273.904449 	 2.961672 	 99489.148438 	 330.064728 
7 	 41.678688 	 283.323761 	 279.463715 	 2.721989 	 98265.117188 	 406.991211 
8 	 41.678688 	 283.323761 	 276.475586 	 0.983784 	 98424.773438 	 362.732025 
9 	 41.678688 	 283.323761 	 273.322937 	 2.527729 	 98446.476562 	 328.893127 
10 	 41.678688 	 283.323761 	 266.739227 	 1.575403 	 99783.351562 	 333.202637 
11 	 41.678688 	 283.323761 	 270.593292 	 1.942419 	 99735.453125 	 326.399811 
12 	 41.678688 	 283.323761 	 274.764893 	 3.629940 	 99175.523438 	 347.284088 
13 	 41.678688 	 283.323761 	 275.670074 	 2.136461 	 98587.046875 	 360.158386 
14 	 41.678688 	 283.323761 	 272.503845 	 0.987261 	 99077.718750 	 361.485413 
15 	 41.678688 	 283.323761 	 274.237152 	 1.773660 	 98300.523438 	 333.747253 
16 	 41.678688 	 283.323761 	 272.198578 	 3.661427 	 97236.453125 	 337.474854 
17 	 41.678688 	 283.323761 	 265.484558 	 3.660089 	 98999.453125 	 322.264038 
18 	 41.678688 	 283.323761 	 268.159241 	 1.261664 	 100391.898438 	 316.651245 
19 	 41.678688 	 283.323761 	 268.344696 	 2.330098 	 101348.601562 	 317.537048 
20 	 41.678688 	 283.323761 	 272.161224 	 2.734397 	 100656.398438 	 331.183655 
21 	 41.678688 	 283.323761 	 274.102509 	 1.692035 	 99373.226562 	 356.689545 
22 	 41.678688 	 283.323761 	 276.674347 	 3.217667 	 97874.710938 	 408.859985 
23 	 41.678688 	 283.323761 	 273.398285 	 1.912626 	 97969.718750 	 363.614624 
24 	 41.678688 	 283.323761 	 275.559296 	 3.462750 	 97384.390625 	 325.597565 
25 	 41.678688 	 283.323761 	 275.232269 	 1.834218 	 97665.328125 	 374.107269 
26 	 41.678688 	 283.323761 	 281.465027 	 5.266993 	 96976.906250 	 363.680298 
27 	 41.678688 	 283.323761 	 274.263763 	 4.742822 	 96889.718750 	 391.099457 
28 	 41.678688 	 283.323761 	 272.459808 	 3.410448 	 97993.789062 	 359.234070 
29 	 41.678688 	 283.323761 	 270.844482 	 1.500321 	 97779.773438 	 345.019501 
30 	 41.678688 	 283.323761 	 270.591431 	 1.267013 	 97577.250000 	 352.729218 
31 	 41.678688 	 283.323761 	 270.601532 	 0.587219 	 98398.109375 	 317.614044 
32 	 41.678688 	 283.323761 	 271.195343 	 1.597920 	 99191.296875 	 376.680420 
33 	 41.678688 	 283.323761 	 272.061340 	 1.313951 	 99344.382812 	 371.889832 
34 	 41.678688 	 283.323761 	 270.593903 	 2.241279 	 99055.093750 	 369.548737 
35 	 41.678688 	 283.323761 	 271.548920 	 3.750513 	 98352.468750 	 352.196899 
36 	 41.678688 	 283.323761 	 270.050842 	 2.820534 	 97651.726562 	 373.268463 
37 	 41.678688 	 283.323761 	 268.197021 	 3.494353 	 98241.546875 	 353.766815 
38 	 41.678688 	 283.323761 	 272.325623 	 5.294755 	 97587.187500 	 294.830750 
39 	 41.678688 	 283.323761 	 265.600220 	 4.485853 	 97930.289062 	 299.101562 
40 	 41.678688 	 283.323761 	 270.051300 	 3.412858 	 98561.843750 	 374.567505 
41 	 41.678688 	 283.323761 	 276.853088 	 2.448726 	 98990.500000 	 396.535553 
42 	 41.678688 	 283.323761 	 277.990723 	 2.363789 	 99353.343750 	 366.123718 
43 	 41.678688 	 283.323761 	 281.284851 	 2.396887 	 98819.429688 	 381.325867 
44 	 41.678688 	 283.323761 	 279.564423 	 1.149837 	 98581.843750 	 431.280212 
45 	 41.678688 	 283.323761 	 277.519867 	 2.071010 	 98336.460938 	 389.264618 
46 	 41.678688 	 283.323761 	 274.727051 	 2.553635 	 98677.109375 	 409.562836 
47 	 41.678688 	 283.323761 	 274.180115 	 1.290708 	 99002.578125 	 371.612762 
48 	 41.678688 	 283.323761 	 279.144775 	 1.793748 	 99228.203125 	 428.247101 
49 	 41.678688 	 283.323761 	 280.406982 	 2.716151 	 98717.421875 	 349.236389 
50 	 41.678688 	 283.323761 	 279.110443 	 3.883477 	 96612.906250 	 405.899841 
51 	 41.678688 	 283.323761 	 272.842529 	 4.833858 	 97820.523438 	 438.765259 
52 	 41.678688 	 283.323761 	 275.202423 	 2.153722 	 98289.960938 	 418.995239 
53 	 41.678688 	 283.323761 	 279.044189 	 3.866946 	 97135.000000 	 393.113800 
54 	 41.678688 	 283.323761 	 283.639496 	 3.544589 	 96783.710938 	 429.435242 
55 	 41.678688 	 283.323761 	 284.388275 	 3.693998 	 97481.476562 	 388.660522 
56 	 41.678688 	 283.323761 	 289.622345 	 5.474816 	 97314.007812 	 457.432678 
57 	 41.678688 	 283.323761 	 287.230255 	 5.634542 	 97193.093750 	 508.489319 
58 	 41.678688 	 283.323761 	 276.679321 	 3.653473 	 98248.726562 	 406.383850 
59 	 41.678688 	 283.323761 	 276.248657 	 2.517152 	 98570.242188 	 427.613342 
60 	 41.678688 	 283.323761 	 274.393372 	 1.873070 	 98478.000000 	 381.539062 
61 	 41.678688 	 283.323761 	 277.049408 	 5.092640 	 97442.171875 	 432.296875 
62 	 41.678688 	 283.323761 	 273.493347 	 4.588849 	 97927.398438 	 423.814819 
63 	 41.678688 	 283.323761 	 271.047974 	 3.471958 	 98350.796875 	 419.234558 
64 	 41.678688 	 283.323761 	 267.768188 	 4.323644 	 98660.210938 	 425.592590 
65 	 41.678688 	 283.323761 	 267.199677 	 5.026549 	 99210.179688 	 409.377808 
66 	 41.678688 	 283.323761 	 270.329712 	 2.064788 	 99619.031250 	 412.401093 
67 	 41.678688 	 283.323761 	 276.422821 	 3.624040 	 98868.406250 	 444.803589 
68 	 41.678688 	 283.323761 	 283.832092 	 4.682522 	 97688.046875 	 433.268250 
69 	 41.678688 	 283.323761 	 276.020416 	 2.552521 	 97737.843750 	 443.334900 
70 	 41.678688 	 283.323761 	 275.886658 	 2.751800 	 97192.843750 	 428.484314 
71 	 41.678688 	 283.323761 	 268.635101 	 4.372878 	 97374.570312 	 446.490906 
72 	 41.678688 	 283.323761 	 275.354889 	 4.020356 	 96922.289062 	 439.462646 
73 	 41.678688 	 283.323761 	 275.210358 	 3.890458 	 97303.820312 	 491.079956 
74 	 41.678688 	 283.323761 	 273.846344 	 2.480546 	 98812.929688 	 459.924805 
75 	 41.678688 	 283.323761 	 279.029205 	 3.746710 	 98499.046875 	 373.017822 
76 	 41.678688 	 283.323761 	 275.963348 	 3.393822 	 98198.289062 	 480.643250 
77 	 41.678688 	 283.323761 	 275.223846 	 1.531579 	 98613.960938 	 476.919586 
78 	 41.678688 	 283.323761 	 281.254761 	 3.679116 	 98138.437500 	 388.360260 
79 	 41.678688 	 283.323761 	 279.830078 	 3.119582 	 97381.398438 	 476.857758 
80 	 41.678688 	 283.323761 	 277.723785 	 1.955062 	 98139.296875 	 469.352142 
81 	 41.678688 	 283.323761 	 277.183411 	 5.284625 	 96275.773438 	 425.298920 
82 	 41.678688 	 283.323761 	 271.233551 	 3.939083 	 97151.937500 	 474.024567 
83 	 41.678688 	 283.323761 	 273.489990 	 4.920952 	 97448.382812 	 460.494690 
84 	 41.678688 	 283.323761 	 268.351685 	 4.853368 	 98144.828125 	 466.638824 
85 	 41.678688 	 283.323761 	 272.569244 	 1.839931 	 99390.593750 	 456.835449 
86 	 41.678688 	 283.323761 	 282.605957 	 3.568215 	 99353.140625 	 454.522339 
87 	 41.678688 	 283.323761 	 288.864044 	 4.519489 	 98767.281250 	 490.576477 
88 	 41.678688 	 283.323761 	 285.715973 	 2.526410 	 98612.187500 	 529.458862 
89 	 41.678688 	 283.323761 	 284.141937 	 1.176372 	 98815.523438 	 507.589783 
90 	 41.678688 	 283.323761 	 284.329407 	 1.923334 	 98862.179688 	 412.482025 
91 	 41.678688 	 283.323761 	 284.353455 	 1.764232 	 98696.679688 	 532.060791 
92 	 41.678688 	 283.323761 	 285.313660 	 0.982229 	 98719.023438 	 568.064819 
93 	 41.678688 	 283.323761 	 284.664368 	 2.194792 	 99259.921875 	 555.682922 
94 	 41.678688 	 283.323761 	 285.867706 	 2.846816 	 99979.867188 	 486.116150 
95 	 41.678688 	 283.323761 	 287.002289 	 2.499109 	 99796.390625 	 546.635620 
96 	 41.678688 	 283.323761 	 287.992157 	 1.280484 	 99656.640625 	 557.784851 
97 	 41.678688 	 283.323761 	 288.337921 	 1.983333 	 99233.632812 	 572.167908 
98 	 41.678688 	 283.323761 	 288.662537 	 2.437912 	 98634.648438 	 448.212189 
99 	 41.678688 	 283.323761 	 288.678589 	 2.097823 	 97887.289062 	 478.113098 
100 	 41.678688 	 283.323761 	 284.818024 	 4.672902 	 97703.382812 	 597.524231 
101 	 41.678688 	 283.323761 	 281.519257 	 2.184693 	 98546.703125 	 550.098206 
102 	 41.678688 	 283.323761 	 282.305145 	 1.273069 	 98315.023438 	 509.805542 
103 	 41.678688 	 283.323761 	 289.147888 	 2.521659 	 97826.203125 	 538.036255 
104 	 41.678688 	 283.323761 	 288.173340 	 2.100284 	 96744.460938 	 462.675903 
105 	 41.678688 	 283.323761 	 283.792908 	 4.082678 	 97297.968750 	 500.398529 
106 	 41.678688 	 283.323761 	 279.066620 	 4.181054 	 98394.796875 	 556.334412 
107 	 41.678688 	 283.323761 	 278.461517 	 1.701087 	 98961.421875 	 504.844177 
108 	 41.678688 	 283.323761 	 281.278564 	 2.561322 	 98211.148438 	 384.976379 
109 	 41.678688 	 283.323761 	 281.573761 	 3.108718 	 97233.671875 	 550.431152 
110 	 41.678688 	 283.323761 	 280.699219 	 3.201413 	 97610.093750 	 551.426025 
111 	 41.678688 	 283.323761 	 281.673767 	 2.332322 	 98363.742188 	 577.014648 
112 	 41.678688 	 283.323761 	 286.130341 	 3.954313 	 98358.273438 	 595.285889 
113 	 41.678688 	 283.323761 	 292.383820 	 3.916027 	 97553.093750 	 542.757141 
114 	 41.678688 	 283.323761 	 286.607391 	 2.394032 	 97798.117188 	 586.934570 
115 	 41.678688 	 283.323761 	 285.536255 	 3.236058 	 97748.601562 	 435.976196 
116 	 41.678688 	 283.323761 	 282.211182 	 5.211616 	 97570.726562 	 542.437500 
117 	 41.678688 	 283.323761 	 282.966339 	 4.576310 	 98024.312500 	 609.188843 
118 	 41.678688 	 283.323761 	 285.934723 	 2.493086 	 98675.046875 	 604.754150 
119 	 41.678688 	 283.323761 	 296.827332 	 2.722228 	 98448.328125 	 659.792358 
120 	 41.678688 	 283.323761 	 294.321991 	 3.532052 	 98699.289062 	 620.098145 
121 	 41.678688 	 283.323761 	 289.729187 	 2.346271 	 99130.156250 	 612.687683 
122 	 41.678688 	 283.323761 	 290.924866 	 2.695748 	 99272.710938 	 630.670654 
123 	 41.678688 	 283.323761 	 295.931519 	 3.180061 	 98805.820312 	 651.795776 
124 	 41.678688 	 283.323761 	 296.305267 	 3.330607 	 98228.523438 	 553.309387 
125 	 41.678688 	 283.323761 	 286.922180 	 4.688914 	 97632.328125 	 554.309265 
126 	 41.678688 	 283.323761 	 282.778809 	 5.025785 	 97472.890625 	 474.771759 
127 	 41.678688 	 283.323761 	 284.870972 	 4.034495 	 98042.476562 	 615.475586 
128 	 41.678688 	 283.323761 	 288.910248 	 2.889353 	 98496.718750 	 648.005676 
129 	 41.678688 	 283.323761 	 294.116730 	 3.106822 	 98325.328125 	 663.280762 
130 	 41.678688 	 283.323761 	 299.261841 	 3.936963 	 98238.070312 	 679.050842 
131 	 41.678688 	 283.323761 	 297.652588 	 2.845864 	 98649.789062 	 630.396423 
132 	 41.678688 	 283.323761 	 297.457031 	 3.517180 	 98438.867188 	 666.626343 
133 	 41.678688 	 283.323761 	 292.063171 	 2.368856 	 98672.156250 	 563.896423 
134 	 41.678688 	 283.323761 	 291.477051 	 1.576904 	 98442.570312 	 585.458496 
135 	 41.678688 	 283.323761 	 291.341980 	 2.516112 	 98042.953125 	 554.042969 
136 	 41.678688 	 283.323761 	 285.623077 	 3.368599 	 98658.460938 	 632.450806 
137 	 41.678688 	 283.323761 	 285.684601 	 1.865885 	 98671.843750 	 627.740967 
138 	 41.678688 	 283.323761 	 289.855957 	 4.609313 	 97563.773438 	 569.324341 
139 	 41.678688 	 283.323761 	 287.026123 	 3.020343 	 97385.851562 	 662.047302 
140 	 41.678688 	 283.323761 	 283.637085 	 2.560419 	 98327.546875 	 610.356934 
141 	 41.678688 	 283.323761 	 284.521942 	 2.165233 	 98901.773438 	 510.092529 
142 	 41.678688 	 283.323761 	 287.188080 	 2.701694 	 98975.109375 	 493.456299 
143 	 41.678688 	 283.323761 	 287.537231 	 1.240478 	 98585.390625 	 512.244690 
144 	 41.678688 	 283.323761 	 289.081604 	 2.090432 	 98434.250000 	 499.945984 
145 	 41.678688 	 283.323761 	 289.611633 	 2.355493 	 98158.578125 	 645.324951 
146 	 41.678688 	 283.323761 	 288.215759 	 3.502226 	 98100.007812 	 659.939331 
147 	 41.678688 	 283.323761 	 288.701202 	 1.726237 	 98490.117188 	 655.691223 
148 	 41.678688 	 283.323761 	 287.929413 	 2.141158 	 98628.429688 	 653.425720 
149 	 41.678688 	 283.323761 	 286.420898 	 2.297447 	 98787.148438 	 642.690308 
150 	 41.678688 	 283.323761 	 286.191956 	 1.787498 	 98833.468750 	 506.264954 
151 	 41.678688 	 283.323761 	 289.070587 	 2.433737 	 98777.859375 	 599.208496 
152 	 41.678688 	 283.323761 	 293.489960 	 1.986499 	 98882.093750 	 668.417236 
153 	 41.678688 	 283.323761 	 295.147766 	 1.989949 	 99014.796875 	 693.172119 
154 	 41.678688 	 283.323761 	 297.196808 	 2.725145 	 98618.257812 	 692.947083 
155 	 41.678688 	 283.323761 	 296.981934 	 2.649001 	 98056.117188 	 688.696655 
156 	 41.678688 	 283.323761 	 296.075439 	 1.653752 	 98281.937500 	 659.177612 
157 	 41.678688 	 283.323761 	 297.217529 	 3.240888 	 97858.796875 	 698.193237 
158 	 41.678688 	 283.323761 	 293.477142 	 4.410344 	 97648.929688 	 684.312378 
159 	 41.678688 	 283.323761 	 289.415100 	 3.478104 	 98537.617188 	 671.936768 
160 	 41.678688 	 283.323761 	 288.850433 	 1.356292 	 98913.859375 	 659.598511 
161 	 41.678688 	 283.323761 	 293.729279 	 3.606990 	 98644.882812 	 579.822021 
162 	 41.678688 	 283.323761 	 297.289490 	 5.209153 	 97879.726562 	 685.203125 
163 	 41.678688 	 283.323761 	 293.815796 	 3.940781 	 98180.039062 	 552.012939 
164 	 41.678688 	 283.323761 	 296.127502 	 2.592999 	 98566.851562 	 567.467529 
165 	 41.678688 	 283.323761 	 293.678436 	 1.385884 	 98464.039062 	 584.713196 
166 	 41.678688 	 283.323761 	 292.876770 	 1.556010 	 98710.812500 	 595.103638 
167 	 41.678688 	 283.323761 	 293.186157 	 1.789059 	 98822.617188 	 669.662598 
168 	 41.678688 	 283.323761 	 294.758850 	 3.379323 	 98786.101562 	 615.067871 
169 	 41.678688 	 283.323761 	 296.093719 	 4.482924 	 98297.546875 	 643.233276 
170 	 41.678688 	 283.323761 	 292.298279 	 4.501081 	 97703.750000 	 647.528992 
171 	 41.678688 	 283.323761 	 291.697845 	 3.579563 	 97925.210938 	 687.896484 
172 	 41.678688 	 283.323761 	 292.172058 	 2.217188 	 98240.703125 	 529.700073 
173 	 41.678688 	 283.323761 	 295.564423 	 3.557247 	 98270.046875 	 715.937134 
174 	 41.678688 	 283.323761 	 297.015503 	 2.653268 	 98209.578125 	 681.560974 
175 	 41.678688 	 283.323761 	 293.662079 	 3.537544 	 98489.890625 	 685.319702 
176 	 41.678688 	 283.323761 	 289.834595 	 2.043915 	 99464.601562 	 668.059021 
177 	 41.678688 	 283.323761 	 292.699524 	 1.592759 	 99855.007812 	 695.497559 
178 	 41.678688 	 283.323761 	 295.379700 	 1.481694 	 99615.296875 	 704.781921 
179 	 41.678688 	 283.323761 	 296.876404 	 1.277197 	 99437.593750 	 700.999451 
180 	 41.678688 	 283.323761 	 300.039398 	 1.549865 	 99418.328125 	 729.768677 
181 	 41.678688 	 283.323761 	 300.366943 	 0.853254 	 99204.210938 	 704.342346 
182 	 41.678688 	 283.323761 	 298.312103 	 0.896399 	 98809.007812 	 680.689941 
183 	 41.678688 	 283.323761 	 299.343323 	 2.632762 	 98727.140625 	 738.535400 
184 	 41.678688 	 283.323761 	 296.495850 	 2.352480 	 99278.976562 	 704.259216 
185 	 41.678688 	 283.323761 	 297.780670 	 3.445921 	 99488.062500 	 671.905151 
186 	 41.678688 	 283.323761 	 300.391449 	 3.003866 	 99141.429688 	 732.690491 
187 	 41.678688 	 283.323761 	 302.044312 	 2.152774 	 98608.968750 	 708.414185 
188 	 41.678688 	 283.323761 	 301.911865 	 2.596917 	 98168.687500 	 718.092468 
189 	 41.678688 	 283.323761 	 300.893402 	 4.365116 	 97856.796875 	 694.985352 
190 	 41.678688 	 283.323761 	 292.655670 	 3.191285 	 99022.843750 	 679.714111 
191 	 41.678688 	 283.323761 	 293.403412 	 0.896316 	 99256.343750 	 688.078979 
192 	 41.678688 	 283.323761 	 295.700226 	 3.337312 	 99111.718750 	 631.845764 
193 	 41.678688 	 283.323761 	 297.943573 	 4.701401 	 99088.953125 	 691.272400 
194 	 41.678688 	 283.323761 	 299.188751 	 3.338566 	 99200.007812 	 722.713379 
195 	 41.678688 	 283.323761 	 299.719086 	 1.746366 	 99191.179688 	 682.657227 
196 	 41.678688 	 283.323761 	 299.990082 	 1.459843 	 98716.281250 	 694.902771 
197 	 41.678688 	 283.323761 	 300.194061 	 2.142757 	 98146.656250 	 701.513062 
198 	 41.678688 	 283.323761 	 302.347931 	 2.826786 	 97913.851562 	 731.251831 
199 	 41.678688 	 283.323761 	 303.356964 	 2.000640 	 98240.906250 	 735.029236 
200 	 41.678688 	 283.323761 	 301.407074 	 2.231834 	 98279.203125 	 731.144287 
201 	 41.678688 	 283.323761 	 302.464844 	 4.342082 	 98193.929688 	 730.046509 
202 	 41.678688 	 283.323761 	 300.687897 	 2.724440 	 98481.757812 	 710.182251 
203 	 41.678688 	 283.323761 	 303.913116 	 3.975815 	 98001.460938 	 676.986450 
204 	 41.678688 	 283.323761 	 302.097076 	 3.359653 	 97946.953125 	 723.737427 
205 	 41.678688 	 283.323761 	 297.807587 	 1.345398 	 98397.179688 	 629.431824 
206 	 41.678688 	 283.323761 	 299.835785 	 1.822395 	 98292.093750 	 716.087769 
207 	 41.678688 	 283.323761 	 300.977966 	 2.473224 	 98517.031250 	 639.505493 
208 	 41.678688 	 283.323761 	 303.357758 	 3.705960 	 98269.382812 	 652.005005 
209 	 41.678688 	 283.323761 	 300.282990 	 3.417183 	 98014.250000 	 648.103333 
210 	 41.678688 	 283.323761 	 291.546875 	 3.637007 	 98496.796875 	 492.775208 
211 	 41.678688 	 283.323761 	 291.097565 	 4.451579 	 98634.953125 	 553.488708 
212 	 41.678688 	 283.323761 	 293.001038 	 2.806033 	 99028.750000 	 674.979614 
213 	 41.678688 	 283.323761 	 294.422699 	 1.304291 	 99253.203125 	 649.513489 
214 	 41.678688 	 283.323761 	 296.876587 	 3.009953 	 99012.421875 	 636.384460 
215 	 41.678688 	 283.323761 	 296.580994 	 3.099822 	 98312.460938 	 654.390747 
216 	 41.678688 	 283.323761 	 295.210785 	 3.165965 	 97919.828125 	 682.826172 
217 	 41.678688 	 283.323761 	 293.264923 	 1.069639 	 98501.062500 	 657.618042 
218 	 41.678688 	 283.323761 	 296.982422 	 2.694964 	 98579.593750 	 665.999512 
219 	 41.678688 	 283.323761 	 300.376038 	 5.737111 	 98055.046875 	 675.636292 
220 	 41.678688 	 283.323761 	 297.115204 	 4.540546 	 97423.632812 	 666.815491 
221 	 41.678688 	 283.323761 	 292.547791 	 2.322628 	 98632.968750 	 650.429321 
222 	 41.678688 	 283.323761 	 292.804474 	 1.055681 	 99364.882812 	 648.115234 
223 	 41.678688 	 283.323761 	 295.834839 	 1.940694 	 99479.960938 	 668.148743 
224 	 41.678688 	 283.323761 	 298.063019 	 4.420129 	 99134.617188 	 662.187500 
225 	 41.678688 	 283.323761 	 297.537262 	 4.299564 	 98233.906250 	 589.381165 
226 	 41.678688 	 283.323761 	 294.783630 	 3.228436 	 98243.367188 	 645.438232 
227 	 41.678688 	 283.323761 	 292.620605 	 1.525710 	 98810.656250 	 555.498413 
228 	 41.678688 	 283.323761 	 296.216644 	 1.883164 	 98619.351562 	 667.843262 
229 	 41.678688 	 283.323761 	 298.270905 	 3.920176 	 98054.648438 	 629.706543 
230 	 41.678688 	 283.323761 	 294.972046 	 2.440485 	 98511.726562 	 649.098022 
231 	 41.678688 	 283.323761 	 299.131500 	 4.457551 	 97628.156250 	 673.041931 
232 	 41.678688 	 283.323761 	 292.135071 	 5.232949 	 98300.976562 	 533.555298 
233 	 41.678688 	 283.323761 	 293.320374 	 3.723525 	 98897.156250 	 644.952393 
234 	 41.678688 	 283.323761 	 293.309998 	 3.758426 	 98885.296875 	 596.373169 
235 	 41.678688 	 283.323761 	 295.776001 	 4.319164 	 98672.953125 	 636.899231 
236 	 41.678688 	 283.323761 	 296.597748 	 2.046136 	 98545.250000 	 639.895813 
237 	 41.678688 	 283.323761 	 297.519379 	 1.283277 	 98511.562500 	 581.060852 
238 	 41.678688 	 283.323761 	 299.194275 	 1.183882 	 98968.546875 	 648.030823 
239 	 41.678688 	 283.323761 	 300.255310 	 4.533884 	 99258.093750 	 673.127747 
240 	 41.678688 	 283.323761 	 300.102448 	 5.105871 	 98901.890625 	 634.843323 
241 	 41.678688 	 283.323761 	 299.645477 	 4.626151 	 98585.203125 	 602.519958 
242 	 41.678688 	 283.323761 	 297.544861 	 2.158020 	 98275.250000 	 593.683838 
243 	 41.678688 	 283.323761 	 301.866211 	 2.480293 	 98243.929688 	 670.370117 
244 	 41.678688 	 283.323761 	 301.322449 	 3.630266 	 97875.156250 	 621.044800 
245 	 41.678688 	 283.323761 	 294.379761 	 3.211495 	 98210.226562 	 601.179565 
246 	 41.678688 	 283.323761 	 291.749939 	 2.691155 	 98709.398438 	 594.666260 
247 	 41.678688 	 283.323761 	 288.356110 	 0.810064 	 99402.656250 	 569.667603 
248 	 41.678688 	 283.323761 	 290.568573 	 3.079473 	 99224.109375 	 485.348389 
249 	 41.678688 	 283.323761 	 293.078461 	 1.265186 	 99001.976562 	 567.230225 
250 	 41.678688 	 283.323761 	 294.421997 	 2.337465 	 99362.226562 	 516.746704 
251 	 41.678688 	 283.323761 	 297.732391 	 4.028677 	 99009.476562 	 621.884399 
252 	 41.678688 	 283.323761 	 298.203125 	 1.040909 	 98807.117188 	 544.813354 
253 	 41.678688 	 283.323761 	 300.875946 	 2.297180 	 98875.617188 	 618.062561 
254 	 41.678688 	 283.323761 	 298.816193 	 1.756591 	 98476.937500 	 590.202148 
255 	 41.678688 	 283.323761 	 296.063873 	 2.148313 	 98597.343750 	 584.734253 
256 	 41.678688 	 283.323761 	 294.334351 	 1.594272 	 98986.156250 	 575.916260 
257 	 41.678688 	 283.323761 	 295.470886 	 0.998871 	 99062.960938 	 601.505615 
258 	 41.678688 	 283.323761 	 297.973938 	 2.000658 	 98682.117188 	 594.250793 
259 	 41.678688 	 283.323761 	 293.328522 	 3.314828 	 99350.070312 	 578.394287 
260 	 41.678688 	 283.323761 	 289.674622 	 1.969818 	 99925.562500 	 550.249878 
261 	 41.678688 	 283.323761 	 292.573212 	 3.360683 	 99648.000000 	 552.411011 
262 	 41.678688 	 283.323761 	 297.404083 	 3.751709 	 98847.617188 	 591.570068 
263 	 41.678688 	 283.323761 	 293.862518 	 3.949910 	 98279.859375 	 493.237152 
264 	 41.678688 	 283.323761 	 287.202759 	 2.450456 	 99157.718750 	 528.546387 
265 	 41.678688 	 283.323761 	 290.718811 	 3.005159 	 98989.039062 	 528.604431 
266 	 41.678688 	 283.323761 	 289.111084 	 2.698777 	 98417.898438 	 554.262268 
267 	 41.678688 	 283.323761 	 287.576874 	 2.268195 	 98803.250000 	 515.190979 
268 	 41.678688 	 283.323761 	 296.895111 	 5.182872 	 98032.656250 	 554.552673 
269 	 41.678688 	 283.323761 	 301.315948 	 5.505393 	 97721.867188 	 564.166077 
270 	 41.678688 	 283.323761 	 290.809540 	 1.928668 	 99356.921875 	 524.364197 
271 	 41.678688 	 283.323761 	 290.284088 	 1.759682 	 100021.601562 	 522.916565 
272 	 41.678688 	 283.323761 	 295.760315 	 3.353156 	 99743.968750 	 564.405884 
273 	 41.678688 	 283.323761 	 298.972168 	 2.558671 	 99686.296875 	 572.214355 
274 	 41.678688 	 283.323761 	 300.552979 	 1.999320 	 99623.476562 	 543.452576 
275 	 41.678688 	 283.323761 	 299.343506 	 1.123061 	 99385.203125 	 539.776001 
276 	 41.678688 	 283.323761 	 299.967224 	 1.552157 	 99154.390625 	 549.108826 
277 	 41.678688 	 283.323761 	 300.816345 	 2.417832 	 98701.429688 	 562.332947 
278 	 41.678688 	 283.323761 	 293.027832 	 3.129005 	 98685.648438 	 498.621979 
279 	 41.678688 	 283.323761 	 283.200836 	 3.922545 	 100021.101562 	 470.280823 
280 	 41.678688 	 283.323761 	 282.118286 	 2.700502 	 100497.101562 	 464.916748 
281 	 41.678688 	 283.323761 	 287.291656 	 2.848606 	 99997.179688 	 479.044434 
282 	 41.678688 	 283.323761 	 289.493164 	 2.262463 	 99896.359375 	 462.185150 
283 	 41.678688 	 283.323761 	 292.817322 	 2.140157 	 99661.609375 	 525.460083 
284 	 41.678688 	 283.323761 	 293.895844 	 3.197393 	 99094.210938 	 494.120728 
285 	 41.678688 	 283.323761 	 294.967010 	 1.584912 	 98740.687500 	 508.116333 
286 	 41.678688 	 283.323761 	 292.184845 	 2.026836 	 98573.593750 	 437.405823 
287 	 41.678688 	 283.323761 	 286.529694 	 1.854434 	 99229.390625 	 432.692688 
288 	 41.678688 	 283.323761 	 287.879669 	 1.384775 	 99480.453125 	 451.122528 
289 	 41.678688 	 283.323761 	 288.938843 	 2.071395 	 99316.781250 	 449.376892 
290 	 41.678688 	 283.323761 	 292.066284 	 2.951793 	 98955.359375 	 509.164001 
291 	 41.678688 	 283.323761 	 286.087250 	 3.656972 	 98654.796875 	 419.451691 
292 	 41.678688 	 283.323761 	 280.039154 	 3.283465 	 98939.226562 	 431.726013 
293 	 41.678688 	 283.323761 	 281.241821 	 2.123504 	 98871.078125 	 437.987915 
294 	 41.678688 	 283.323761 	 279.249847 	 0.986493 	 99665.203125 	 442.798187 
295 	 41.678688 	 283.323761 	 282.443451 	 1.320451 	 99684.796875 	 447.547729 
296 	 41.678688 	 283.323761 	 282.978912 	 0.732572 	 99663.218750 	 455.747284 
297 	 41.678688 	 283.323761 	 286.763947 	 2.221754 	 99825.523438 	 452.886475 
298 	 41.678688 	 283.323761 	 287.785278 	 3.090851 	 99553.218750 	 425.464111 
299 	 41.678688 	 283.323761 	 288.393005 	 2.581076 	 99192.593750 	 418.969940 
300 	 41.678688 	 283.323761 	 282.209229 	 2.748519 	 99139.773438 	 400.917114 
301 	 41.678688 	 283.323761 	 275.380707 	 3.823333 	 100012.296875 	 408.229431 
302 	 41.678688 	 283.323761 	 274.358826 	 2.658797 	 100603.796875 	 312.337006 
303 	 41.678688 	 283.323761 	 285.397552 	 3.185850 	 99720.632812 	 389.453278 
304 	 41.678688 	 283.323761 	 282.965393 	 2.643701 	 98772.179688 	 453.372742 
305 	 41.678688 	 283.323761 	 280.262451 	 1.984553 	 99157.046875 	 421.502686 
306 	 41.678688 	 283.323761 	 285.810913 	 4.065050 	 98478.773438 	 431.745422 
307 	 41.678688 	 283.323761 	 288.635590 	 2.379683 	 98469.429688 	 466.097992 
308 	 41.678688 	 283.323761 	 289.036896 	 2.976256 	 98483.132812 	 478.941101 
309 	 41.678688 	 283.323761 	 284.213104 	 3.642361 	 98047.382812 	 398.055054 
310 	 41.678688 	 283.323761 	 276.210205 	 2.726406 	 99060.726562 	 389.719574 
311 	 41.678688 	 283.323761 	 276.456879 	 3.665107 	 99718.351562 	 387.259216 
312 	 41.678688 	 283.323761 	 280.696533 	 3.349761 	 99215.226562 	 371.163757 
313 	 41.678688 	 283.323761 	 276.777222 	 2.094031 	 100002.601562 	 381.943359 
314 	 41.678688 	 283.323761 	 281.563995 	 3.653259 	 98873.687500 	 355.019958 
315 	 41.678688 	 283.323761 	 278.556061 	 5.486267 	 97609.093750 	 412.335632 
316 	 41.678688 	 283.323761 	 275.315094 	 2.457807 	 98593.937500 	 292.490845 
317 	 41.678688 	 283.323761 	 276.102112 	 3.678733 	 98356.406250 	 364.696777 
318 	 41.678688 	 283.323761 	 279.417175 	 3.639306 	 98289.226562 	 389.920410 
319 	 41.678688 	 283.323761 	 280.941742 	 4.450470 	 98157.656250 	 367.455933 
320 	 41.678688 	 283.323761 	 276.732391 	 4.108783 	 98320.218750 	 399.164917 
321 	 41.678688 	 283.323761 	 271.344360 	 1.774693 	 99797.117188 	 340.318115 
322 	 41.678688 	 283.323761 	 277.362885 	 3.139160 	 99700.546875 	 352.979095 
323 	 41.678688 	 283.323761 	 282.837463 	 2.172097 	 99013.351562 	 379.231995 
324 	 41.678688 	 283.323761 	 287.527100 	 5.263849 	 97135.453125 	 408.097260 
325 	 41.678688 	 283.323761 	 276.497009 	 5.446794 	 96715.976562 	 368.752594 
326 	 41.678688 	 283.323761 	 275.245911 	 3.973283 	 98545.000000 	 350.509125 
327 	 41.678688 	 283.323761 	 277.279541 	 3.489908 	 98988.023438 	 321.589355 
328 	 41.678688 	 283.323761 	 281.176422 	 5.701309 	 97700.476562 	 400.369202 
329 	 41.678688 	 283.323761 	 275.290710 	 1.836832 	 98692.726562 	 348.122040 
330 	 41.678688 	 283.323761 	 279.746796 	 5.469161 	 97182.187500 	 359.188782 
331 	 41.678688 	 283.323761 	 276.670746 	 5.339392 	 96530.476562 	 367.125610 
332 	 41.678688 	 283.323761 	 274.296387 	 3.712793 	 97634.281250 	 372.081360 
333 	 41.678688 	 283.323761 	 273.059814 	 2.373291 	 98215.078125 	 338.941528 
334 	 41.678688 	 283.323761 	 274.650696 	 2.331361 	 97977.726562 	 345.573822 
335 	 41.678688 	 283.323761 	 273.933929 	 1.167352 	 98421.671875 	 318.748749 
336 	 41.678688 	 283.323761 	 271.053650 	 2.684777 	 98888.992188 	 318.913910 
337 	 41.678688 	 283.323761 	 270.167145 	 2.921525 	 99531.617188 	 313.905579 
338 	 41.678688 	 283.323761 	 270.315247 	 3.402022 	 100099.898438 	 283.330078 
339 	 41.678688 	 283.323761 	 277.469452 	 4.612304 	 98908.468750 	 344.712250 
340 	 41.678688 	 283.323761 	 276.623901 	 4.206647 	 97414.218750 	 372.459930 
341 	 41.678688 	 283.323761 	 268.787140 	 4.685958 	 97894.882812 	 306.520935 
342 	 41.678688 	 283.323761 	 269.032867 	 4.038080 	 98402.718750 	 320.347778 
343 	 41.678688 	 283.323761 	 270.743774 	 1.837015 	 99686.023438 	 317.613831 
344 	 41.678688 	 283.323761 	 275.593353 	 4.118824 	 99464.187500 	 344.587891 
345 	 41.678688 	 283.323761 	 278.069611 	 1.902908 	 99613.531250 	 342.281677 
346 	 41.678688 	 283.323761 	 287.216522 	 6.569085 	 98305.093750 	 378.748047 
347 	 41.678688 	 283.323761 	 278.984375 	 5.208210 	 97335.656250 	 387.059601 
348 	 41.678688 	 283.323761 	 272.229736 	 2.331052 	 99040.156250 	 279.526520 
349 	 41.678688 	 283.323761 	 274.700073 	 1.290591 	 99287.953125 	 360.474792 
350 	 41.678688 	 283.323761 	 273.307983 	 2.735698 	 99620.070312 	 304.728821 
351 	 41.678688 	 283.323761 	 276.592926 	 4.534107 	 97729.117188 	 365.848724 
352 	 41.678688 	 283.323761 	 274.137421 	 4.085944 	 97853.593750 	 333.203583 
353 	 41.678688 	 283.323761 	 271.765778 	 2.832011 	 98424.289062 	 325.692230 
354 	 41.678688 	 283.323761 	 270.474274 	 3.297471 	 98720.476562 	 316.367920 
355 	 41.678688 	 283.323761 	 266.593292 	 3.367210 	 99262.773438 	 292.314331 
356 	 41.678688 	 283.323761 	 266.640045 	 2.523649 	 99513.968750 	 257.517365 
357 	 41.678688 	 283.323761 	 267.350861 	 3.919253 	 98923.640625 	 322.503204 
358 	 41.678688 	 283.323761 	 266.990906 	 2.745081 	 99149.179688 	 281.373108 
359 	 41.678688 	 283.323761 	 269.434357 	 5.017022 	 98177.382812 	 279.780701 
360 	 41.678688 	 283.323761 	 269.503082 	 5.879035 	 97116.406250 	 343.848175 
361 	 41.678688 	 283.323761 	 268.323730 	 3.896513 	 98022.250000 	 319.436951 
362 	 41.678688 	 283.323761 	 268.621399 	 3.161326 	 98834.117188 	 309.201416 
363 	 41.678688 	 283.323761 	 267.406891 	 1.414414 	 99808.773438 	 299.461975 
364 	 41.678688 	 283.323761 	 272.904083 	 3.639766 	 100172.703125 	 327.003052 
