# 0: Day of Year [-] 	 1: lat [deg] 	 2: lon [deg] 	 3: tas [K] 	 4: sfcWind [m s-1] 	 5: ps [Pa] 	 6: Total Downwelling Rad Flux [W m-2] 
0 	 41.678688 	 283.323761 	 275.851013 	 2.096112 	 97916.093750 	 347.532227 
1 	 41.678688 	 283.323761 	 277.690918 	 5.051497 	 97060.070312 	 352.235413 
2 	 41.678688 	 283.323761 	 270.669128 	 3.287469 	 98899.859375 	 320.864990 
3 	 41.678688 	 283.323761 	 274.540283 	 3.321404 	 98992.226562 	 341.579346 
4 	 41.678688 	 283.323761 	 273.468384 	 1.302301 	 99774.421875 	 325.881256 
5 	 41.678688 	 283.323761 	 276.704865 	 3.774760 	 99263.742188 	 345.325897 
6 	 41.678688 	 283.323761 	 274.035706 	 3.828792 	 99178.093750 	 357.291321 
7 	 41.678688 	 283.323761 	 270.875824 	 1.939360 	 99543.390625 	 329.063171 
8 	 41.678688 	 283.323761 	 273.971863 	 1.491044 	 99045.976562 	 357.461548 
9 	 41.678688 	 283.323761 	 272.775604 	 1.970041 	 99169.242188 	 338.702820 
10 	 41.678688 	 283.323761 	 278.865387 	 5.054576 	 99177.218750 	 351.699219 
11 	 41.678688 	 283.323761 	 286.473846 	 6.312123 	 98698.796875 	 394.904968 
12 	 41.678688 	 283.323761 	 272.789154 	 3.482227 	 98629.687500 	 331.100128 
13 	 41.678688 	 283.323761 	 268.724152 	 6.690980 	 98229.492188 	 315.649384 
14 	 41.678688 	 283.323761 	 276.797485 	 5.389607 	 96986.906250 	 344.468140 
15 	 41.678688 	 283.323761 	 275.883331 	 1.720535 	 96228.359375 	 369.106689 
16 	 41.678688 	 283.323761 	 271.678589 	 4.052979 	 95991.203125 	 324.123535 
17 	 41.678688 	 283.323761 	 269.703979 	 4.364951 	 97478.898438 	 329.413269 
18 	 41.678688 	 283.323761 	 270.982727 	 2.171052 	 99231.890625 	 324.708923 
19 	 41.678688 	 283.323761 	 282.372559 	 5.386452 	 98876.843750 	 363.631195 
20 	 41.678688 	 283.323761 	 273.283356 	 4.006771 	 98507.476562 	 344.448486 
21 	 41.678688 	 283.323761 	 270.341400 	 3.161399 	 98944.593750 	 339.076935 
22 	 41.678688 	 283.323761 	 272.078308 	 2.389440 	 98974.890625 	 344.926636 
23 	 41.678688 	 283.323761 	 274.997528 	 2.051296 	 98145.492188 	 395.788879 
24 	 41.678688 	 283.323761 	 273.911987 	 2.678507 	 98471.820312 	 372.801331 
25 	 41.678688 	 283.323761 	 269.830505 	 1.764821 	 99085.523438 	 322.116119 
26 	 41.678688 	 283.323761 	 274.449432 	 2.600505 	 98438.367188 	 376.002930 
27 	 41.678688 	 283.323761 	 272.721436 	 1.729514 	 99001.046875 	 388.890747 
28 	 41.678688 	 283.323761 	 274.593811 	 2.921263 	 99175.062500 	 332.938385 
29 	 41.678688 	 283.323761 	 278.056366 	 1.995162 	 98731.117188 	 381.507507 
30 	 41.678688 	 283.323761 	 273.948120 	 3.145371 	 98757.789062 	 386.205994 
31 	 41.678688 	 283.323761 	 273.469757 	 2.823207 	 99398.289062 	 359.940002 
32 	 41.678688 	 283.323761 	 277.829865 	 3.715480 	 98901.453125 	 373.869385 
33 	 41.678688 	 283.323761 	 276.960022 	 2.962031 	 98822.468750 	 391.633362 
34 	 41.678688 	 283.323761 	 277.120148 	 2.280019 	 98848.281250 	 408.227997 
35 	 41.678688 	 283.323761 	 278.190186 	 3.423322 	 98481.460938 	 413.137878 
36 	 41.678688 	 283.323761 	 276.427521 	 1.684873 	 99068.476562 	 388.513123 
37 	 41.678688 	 283.323761 	 276.752350 	 1.811497 	 99373.898438 	 401.373901 
38 	 41.678688 	 283.323761 	 280.766449 	 3.440523 	 98880.312500 	 358.071716 
39 	 41.678688 	 283.323761 	 284.028381 	 2.134770 	 97524.773438 	 392.677124 
40 	 41.678688 	 283.323761 	 279.167419 	 3.354415 	 96687.796875 	 420.482422 
41 	 41.678688 	 283.323761 	 275.120544 	 3.410840 	 97908.890625 	 406.974762 
42 	 41.678688 	 283.323761 	 273.587769 	 3.240230 	 98484.609375 	 415.965118 
43 	 41.678688 	 283.323761 	 274.191223 	 1.624419 	 98660.976562 	 390.858734 
44 	 41.678688 	 283.323761 	 276.835999 	 1.951760 	 98270.226562 	 417.062500 
45 	 41.678688 	 283.323761 	 275.424896 	 3.387678 	 98716.781250 	 394.025787 
46 	 41.678688 	 283.323761 	 274.009491 	 1.254130 	 99649.648438 	 402.709106 
47 	 41.678688 	 283.323761 	 277.478088 	 2.256756 	 99557.617188 	 414.911865 
48 	 41.678688 	 283.323761 	 283.329865 	 3.372969 	 99235.617188 	 410.829285 
49 	 41.678688 	 283.323761 	 286.998077 	 5.031351 	 98394.210938 	 400.521301 
50 	 41.678688 	 283.323761 	 283.386230 	 1.936095 	 97520.687500 	 386.809601 
51 	 41.678688 	 283.323761 	 283.748993 	 1.568035 	 97692.179688 	 444.025757 
52 	 41.678688 	 283.323761 	 283.020172 	 1.353810 	 98296.351562 	 432.917511 
53 	 41.678688 	 283.323761 	 280.626221 	 2.054325 	 98805.609375 	 360.554779 
54 	 41.678688 	 283.323761 	 277.347290 	 2.085479 	 98524.429688 	 411.475159 
55 	 41.678688 	 283.323761 	 274.566620 	 2.773375 	 98695.476562 	 436.374695 
56 	 41.678688 	 283.323761 	 274.997711 	 2.544357 	 98883.859375 	 431.310791 
57 	 41.678688 	 283.323761 	 273.030518 	 1.575843 	 99309.523438 	 404.769714 
58 	 41.678688 	 283.323761 	 275.139557 	 4.023942 	 98807.359375 	 349.258270 
59 	 41.678688 	 283.323761 	 273.957245 	 6.172816 	 97970.296875 	 427.388428 
60 	 41.678688 	 283.323761 	 274.879211 	 4.745114 	 98483.796875 	 427.248962 
61 	 41.678688 	 283.323761 	 275.044403 	 2.730683 	 99116.000000 	 430.444122 
62 	 41.678688 	 283.323761 	 276.929962 	 2.050320 	 99206.460938 	 429.709717 
63 	 41.678688 	 283.323761 	 278.697601 	 1.572441 	 99317.570312 	 452.662354 
64 	 41.678688 	 283.323761 	 282.714386 	 3.290974 	 98549.976562 	 382.790466 
65 	 41.678688 	 283.323761 	 282.365753 	 3.322288 	 97406.750000 	 378.152679 
66 	 41.678688 	 283.323761 	 280.320282 	 3.255858 	 97007.492188 	 451.442627 
67 	 41.678688 	 283.323761 	 278.351776 	 3.520233 	 96884.992188 	 418.898529 
68 	 41.678688 	 283.323761 	 274.338776 	 4.946079 	 97087.421875 	 480.056396 
69 	 41.678688 	 283.323761 	 271.997162 	 4.545994 	 97448.789062 	 448.963623 
70 	 41.678688 	 283.323761 	 272.205170 	 2.642923 	 97593.921875 	 449.704041 
71 	 41.678688 	 283.323761 	 272.623932 	 2.859741 	 97252.031250 	 428.005798 
72 	 41.678688 	 283.323761 	 273.362732 	 2.874880 	 97771.656250 	 478.842468 
73 	 41.678688 	 283.323761 	 274.843781 	 2.902466 	 98377.296875 	 468.930817 
74 	 41.678688 	 283.323761 	 276.119873 	 1.274137 	 98695.710938 	 478.999268 
75 	 41.678688 	 283.323761 	 276.962891 	 2.338833 	 98382.617188 	 364.548859 
76 	 41.678688 	 283.323761 	 277.676361 	 3.040215 	 98165.843750 	 502.126404 
77 	 41.678688 	 283.323761 	 276.999878 	 2.406120 	 98658.101562 	 484.282410 
78 	 41.678688 	 283.323761 	 278.781189 	 1.842489 	 99331.523438 	 485.578796 
79 	 41.678688 	 283.323761 	 281.364380 	 3.052171 	 99505.289062 	 379.617584 
80 	 41.678688 	 283.323761 	 280.695984 	 5.414984 	 98780.640625 	 378.322449 
81 	 41.678688 	 283.323761 	 283.738007 	 3.033559 	 96350.406250 	 505.471741 
82 	 41.678688 	 283.323761 	 278.509186 	 3.631877 	 95605.789062 	 407.600098 
83 	 41.678688 	 283.323761 	 275.530884 	 5.527982 	 96519.101562 	 497.319519 
84 	 41.678688 	 283.323761 	 280.606659 	 3.536251 	 97302.570312 	 431.964661 
85 	 41.678688 	 283.323761 	 280.362244 	 4.235100 	 97118.039062 	 424.390198 
86 	 41.678688 	 283.323761 	 275.029419 	 3.972419 	 98196.507812 	 519.849182 
87 	 41.678688 	 283.323761 	 276.445038 	 1.884884 	 98624.679688 	 502.845947 
88 	 41.678688 	 283.323761 	 279.507507 	 2.148652 	 98742.937500 	 507.226044 
89 	 41.678688 	 283.323761 	 286.229706 	 3.270711 	 97778.093750 	 461.625214 
90 	 41.678688 	 283.323761 	 283.703125 	 3.982018 	 97090.242188 	 520.916077 
91 	 41.678688 	 283.323761 	 274.826874 	 4.011589 	 98712.726562 	 508.259338 
92 	 41.678688 	 283.323761 	 272.034302 	 1.556268 	 98998.882812 	 366.221039 
93 	 41.678688 	 283.323761 	 276.130707 	 2.000046 	 98213.281250 	 497.863281 
94 	 41.678688 	 283.323761 	 276.235474 	 3.374626 	 98836.921875 	 549.089417 
95 	 41.678688 	 283.323761 	 283.199585 	 3.441043 	 98447.328125 	 544.975525 
96 	 41.678688 	 283.323761 	 289.493439 	 3.728660 	 98048.718750 	 574.481445 
97 	 41.678688 	 283.323761 	 289.849426 	 4.380877 	 98254.781250 	 585.959656 
98 	 41.678688 	 283.323761 	 285.978516 	 4.527598 	 97358.781250 	 539.484863 
99 	 41.678688 	 283.323761 	 280.214417 	 3.141498 	 97642.296875 	 480.275604 
100 	 41.678688 	 283.323761 	 279.036102 	 2.748769 	 98163.437500 	 484.252686 
101 	 41.678688 	 283.323761 	 279.477051 	 3.731215 	 97912.273438 	 474.617615 
102 	 41.678688 	 283.323761 	 279.798737 	 2.845043 	 99073.546875 	 580.464600 
103 	 41.678688 	 283.323761 	 284.981384 	 3.562630 	 98917.593750 	 498.749817 
104 	 41.678688 	 283.323761 	 292.290710 	 4.695229 	 97558.468750 	 530.995178 
105 	 41.678688 	 283.323761 	 278.569336 	 5.289343 	 97738.851562 	 526.075623 
106 	 41.678688 	 283.323761 	 278.651764 	 3.963161 	 98387.882812 	 554.408386 
107 	 41.678688 	 283.323761 	 284.371094 	 2.522477 	 98921.476562 	 569.323364 
108 	 41.678688 	 283.323761 	 294.743591 	 3.862479 	 98427.718750 	 581.775574 
109 	 41.678688 	 283.323761 	 293.147949 	 3.150285 	 97961.093750 	 597.309021 
110 	 41.678688 	 283.323761 	 286.546906 	 5.959310 	 97280.070312 	 576.265686 
111 	 41.678688 	 283.323761 	 279.897125 	 3.904346 	 97738.882812 	 527.155334 
112 	 41.678688 	 283.323761 	 279.024475 	 3.341595 	 98603.523438 	 582.300415 
113 	 41.678688 	 283.323761 	 280.875031 	 2.218072 	 99459.671875 	 573.494385 
114 	 41.678688 	 283.323761 	 284.962372 	 4.952211 	 99082.929688 	 412.207764 
115 	 41.678688 	 283.323761 	 287.525940 	 3.688076 	 98253.070312 	 557.784851 
116 	 41.678688 	 283.323761 	 278.086212 	 3.927285 	 98788.703125 	 566.508301 
117 	 41.678688 	 283.323761 	 279.210785 	 1.951607 	 99217.640625 	 519.452393 
118 	 41.678688 	 283.323761 	 281.968109 	 2.160383 	 98893.289062 	 502.246826 
119 	 41.678688 	 283.323761 	 283.519806 	 0.909611 	 98594.570312 	 599.758545 
120 	 41.678688 	 283.323761 	 286.003082 	 2.726973 	 98012.117188 	 455.670380 
121 	 41.678688 	 283.323761 	 292.915588 	 3.088840 	 97494.726562 	 632.974731 
122 	 41.678688 	 283.323761 	 289.521851 	 3.783656 	 97418.578125 	 633.392700 
123 	 41.678688 	 283.323761 	 286.010498 	 3.870817 	 97412.257812 	 577.326904 
124 	 41.678688 	 283.323761 	 281.811737 	 2.455195 	 97161.070312 	 475.579590 
125 	 41.678688 	 283.323761 	 280.863586 	 2.567377 	 97313.828125 	 507.369537 
126 	 41.678688 	 283.323761 	 281.271118 	 2.802831 	 97879.398438 	 452.120819 
127 	 41.678688 	 283.323761 	 281.656830 	 3.524076 	 98394.492188 	 595.935913 
128 	 41.678688 	 283.323761 	 282.500580 	 1.259250 	 98859.703125 	 607.592407 
129 	 41.678688 	 283.323761 	 287.143829 	 3.893460 	 98190.257812 	 476.019409 
130 	 41.678688 	 283.323761 	 289.119263 	 2.160640 	 97662.789062 	 451.009766 
131 	 41.678688 	 283.323761 	 287.377380 	 1.927891 	 98258.828125 	 559.121643 
132 	 41.678688 	 283.323761 	 287.098236 	 2.154668 	 98755.109375 	 481.078522 
133 	 41.678688 	 283.323761 	 286.390869 	 2.213335 	 98987.562500 	 451.791229 
134 	 41.678688 	 283.323761 	 286.948639 	 3.050111 	 98388.820312 	 530.062744 
135 	 41.678688 	 283.323761 	 286.684967 	 2.556417 	 98077.828125 	 587.027222 
136 	 41.678688 	 283.323761 	 282.276642 	 2.446790 	 98570.273438 	 539.105225 
137 	 41.678688 	 283.323761 	 283.030365 	 2.589923 	 99069.882812 	 548.952881 
138 	 41.678688 	 283.323761 	 291.008209 	 5.232236 	 98366.203125 	 560.832886 
139 	 41.678688 	 283.323761 	 289.138306 	 2.993838 	 98082.718750 	 619.204712 
140 	 41.678688 	 283.323761 	 289.561737 	 2.570177 	 98472.328125 	 646.358215 
141 	 41.678688 	 283.323761 	 286.198730 	 3.044889 	 98872.203125 	 639.733093 
142 	 41.678688 	 283.323761 	 284.552063 	 1.499371 	 99665.156250 	 611.010010 
143 	 41.678688 	 283.323761 	 290.621490 	 4.298814 	 98766.062500 	 591.622009 
144 	 41.678688 	 283.323761 	 293.612823 	 1.895352 	 98528.953125 	 563.536011 
145 	 41.678688 	 283.323761 	 293.054901 	 2.729627 	 98913.812500 	 642.819397 
146 	 41.678688 	 283.323761 	 299.161896 	 4.184588 	 98464.109375 	 726.019531 
147 	 41.678688 	 283.323761 	 299.484650 	 5.147761 	 97862.343750 	 667.068604 
148 	 41.678688 	 283.323761 	 293.601257 	 2.351352 	 97978.773438 	 651.704224 
149 	 41.678688 	 283.323761 	 292.130890 	 2.611840 	 98890.726562 	 675.826416 
150 	 41.678688 	 283.323761 	 293.893280 	 1.519589 	 99355.398438 	 690.021729 
151 	 41.678688 	 283.323761 	 294.863678 	 3.480055 	 99171.546875 	 694.384033 
152 	 41.678688 	 283.323761 	 298.475433 	 4.094025 	 98521.343750 	 664.895935 
153 	 41.678688 	 283.323761 	 297.134827 	 2.977563 	 98344.968750 	 581.909180 
154 	 41.678688 	 283.323761 	 291.552521 	 2.833488 	 98504.570312 	 693.281738 
155 	 41.678688 	 283.323761 	 291.292114 	 1.074033 	 98706.023438 	 674.738159 
156 	 41.678688 	 283.323761 	 294.785126 	 1.450920 	 99055.820312 	 684.051270 
157 	 41.678688 	 283.323761 	 297.068237 	 3.075907 	 99226.578125 	 678.131958 
158 	 41.678688 	 283.323761 	 297.583588 	 2.291501 	 98967.531250 	 700.294495 
159 	 41.678688 	 283.323761 	 297.917480 	 1.908323 	 98729.531250 	 724.614258 
160 	 41.678688 	 283.323761 	 300.489288 	 2.693080 	 98742.843750 	 734.736328 
161 	 41.678688 	 283.323761 	 298.652039 	 2.797500 	 99090.273438 	 638.176453 
162 	 41.678688 	 283.323761 	 296.028076 	 2.730421 	 99421.929688 	 710.499756 
163 	 41.678688 	 283.323761 	 298.470428 	 4.138828 	 98828.242188 	 728.348206 
164 	 41.678688 	 283.323761 	 300.322510 	 3.770083 	 98177.187500 	 717.874023 
165 	 41.678688 	 283.323761 	 298.200592 	 3.283085 	 98026.343750 	 687.707153 
166 	 41.678688 	 283.323761 	 295.133820 	 1.416294 	 98582.000000 	 650.042236 
167 	 41.678688 	 283.323761 	 298.007507 	 2.624360 	 98498.500000 	 678.489624 
168 	 41.678688 	 283.323761 	 298.718719 	 3.364437 	 98231.382812 	 703.819458 
169 	 41.678688 	 283.323761 	 298.882599 	 2.330113 	 98444.640625 	 726.599976 
170 	 41.678688 	 283.323761 	 298.259705 	 3.476159 	 97788.726562 	 581.413574 
171 	 41.678688 	 283.323761 	 290.939087 	 2.500202 	 98263.421875 	 656.157104 
172 	 41.678688 	 283.323761 	 289.637360 	 2.388304 	 98871.101562 	 676.683838 
173 	 41.678688 	 283.323761 	 290.592041 	 1.287873 	 99368.007812 	 680.074097 
174 	 41.678688 	 283.323761 	 295.540588 	 4.803296 	 98977.093750 	 625.371033 
175 	 41.678688 	 283.323761 	 300.857330 	 4.399506 	 97977.757812 	 751.573242 
176 	 41.678688 	 283.323761 	 298.536438 	 2.170876 	 98431.093750 	 729.383545 
177 	 41.678688 	 283.323761 	 296.371582 	 1.973632 	 98551.703125 	 616.293091 
178 	 41.678688 	 283.323761 	 295.649628 	 2.442937 	 98616.789062 	 658.597229 
179 	 41.678688 	 283.323761 	 296.088470 	 2.281604 	 98417.648438 	 666.598022 
180 	 41.678688 	 283.323761 	 296.356110 	 2.193414 	 98631.179688 	 719.145508 
181 	 41.678688 	 283.323761 	 300.695374 	 2.907285 	 98501.898438 	 710.703979 
182 	 41.678688 	 283.323761 	 303.814026 	 3.010983 	 98386.632812 	 732.108276 
183 	 41.678688 	 283.323761 	 303.721313 	 3.758889 	 98488.437500 	 738.436768 
184 	 41.678688 	 283.323761 	 304.135773 	 3.179463 	 98434.140625 	 746.560913 
185 	 41.678688 	 283.323761 	 304.414337 	 3.470517 	 98109.703125 	 722.522339 
186 	 41.678688 	 283.323761 	 297.353088 	 2.100424 	 98383.406250 	 715.156128 
187 	 41.678688 	 283.323761 	 297.489990 	 2.163546 	 99119.226562 	 711.097290 
188 	 41.678688 	 283.323761 	 297.604523 	 1.593397 	 99466.609375 	 705.377991 
189 	 41.678688 	 283.323761 	 300.580017 	 4.844325 	 98867.007812 	 713.618713 
190 	 41.678688 	 283.323761 	 300.185425 	 4.145743 	 98266.406250 	 632.412598 
191 	 41.678688 	 283.323761 	 296.647797 	 2.146737 	 98375.460938 	 697.427979 
192 	 41.678688 	 283.323761 	 297.486176 	 1.797455 	 98257.429688 	 694.174866 
193 	 41.678688 	 283.323761 	 298.719574 	 2.441129 	 97687.039062 	 631.228943 
194 	 41.678688 	 283.323761 	 300.335907 	 3.106181 	 97363.617188 	 727.759399 
195 	 41.678688 	 283.323761 	 299.059143 	 2.511508 	 98139.109375 	 713.267578 
196 	 41.678688 	 283.323761 	 298.468933 	 1.498433 	 98476.132812 	 605.046021 
197 	 41.678688 	 283.323761 	 297.263367 	 3.941725 	 98513.203125 	 720.862671 
198 	 41.678688 	 283.323761 	 295.366241 	 1.234662 	 99228.726562 	 685.785400 
199 	 41.678688 	 283.323761 	 298.771820 	 5.140755 	 98824.343750 	 630.808899 
200 	 41.678688 	 283.323761 	 300.471497 	 3.506714 	 98097.812500 	 731.959961 
201 	 41.678688 	 283.323761 	 297.664429 	 1.441555 	 98573.617188 	 690.006104 
202 	 41.678688 	 283.323761 	 303.691528 	 1.989885 	 98366.226562 	 727.706360 
203 	 41.678688 	 283.323761 	 301.125214 	 1.979260 	 98353.031250 	 709.587769 
204 	 41.678688 	 283.323761 	 297.118561 	 2.233188 	 98308.929688 	 695.141846 
205 	 41.678688 	 283.323761 	 295.079681 	 1.953053 	 98331.601562 	 675.128418 
206 	 41.678688 	 283.323761 	 294.932587 	 1.064386 	 98671.382812 	 557.860168 
207 	 41.678688 	 283.323761 	 297.427246 	 2.616049 	 98269.398438 	 691.060974 
208 	 41.678688 	 283.323761 	 296.719452 	 1.450298 	 98738.750000 	 674.343018 
209 	 41.678688 	 283.323761 	 297.913055 	 3.123291 	 98787.828125 	 705.800781 
210 	 41.678688 	 283.323761 	 303.571655 	 4.995408 	 98040.750000 	 626.571594 
211 	 41.678688 	 283.323761 	 295.629974 	 2.642450 	 98211.343750 	 651.812378 
212 	 41.678688 	 283.323761 	 292.893860 	 1.009633 	 98914.750000 	 667.724854 
213 	 41.678688 	 283.323761 	 294.573029 	 4.445949 	 98866.953125 	 517.826660 
214 	 41.678688 	 283.323761 	 298.931183 	 3.323884 	 98362.210938 	 699.005859 
215 	 41.678688 	 283.323761 	 296.019562 	 1.950003 	 98799.539062 	 663.148193 
216 	 41.678688 	 283.323761 	 299.735718 	 5.242154 	 98361.898438 	 567.901550 
217 	 41.678688 	 283.323761 	 297.211578 	 4.333960 	 98440.000000 	 689.283081 
218 	 41.678688 	 283.323761 	 294.734314 	 1.359891 	 99171.281250 	 667.498657 
219 	 41.678688 	 283.323761 	 295.662445 	 2.986905 	 99099.156250 	 659.120361 
220 	 41.678688 	 283.323761 	 294.685852 	 4.343349 	 99095.070312 	 555.101318 
221 	 41.678688 	 283.323761 	 297.917572 	 5.039454 	 98809.257812 	 627.330750 
222 	 41.678688 	 283.323761 	 298.595093 	 3.948737 	 98625.289062 	 572.241211 
223 	 41.678688 	 283.323761 	 297.903961 	 2.121571 	 98232.703125 	 536.729248 
224 	 41.678688 	 283.323761 	 296.683167 	 1.155955 	 98030.343750 	 557.489624 
225 	 41.678688 	 283.323761 	 292.452362 	 2.682299 	 98062.593750 	 578.351624 
226 	 41.678688 	 283.323761 	 292.319611 	 2.398909 	 98418.343750 	 644.559814 
227 	 41.678688 	 283.323761 	 294.759613 	 3.089808 	 98304.773438 	 638.635071 
228 	 41.678688 	 283.323761 	 297.469849 	 2.628477 	 97770.773438 	 656.872009 
229 	 41.678688 	 283.323761 	 293.850342 	 2.978878 	 98082.929688 	 599.148621 
230 	 41.678688 	 283.323761 	 291.786957 	 1.250980 	 98717.039062 	 632.862305 
231 	 41.678688 	 283.323761 	 297.725372 	 5.217247 	 98498.257812 	 672.473389 
232 	 41.678688 	 283.323761 	 296.815247 	 2.708250 	 98388.460938 	 679.537537 
233 	 41.678688 	 283.323761 	 292.452057 	 2.635803 	 98803.703125 	 631.671082 
234 	 41.678688 	 283.323761 	 291.421875 	 1.517681 	 99001.406250 	 624.794312 
235 	 41.678688 	 283.323761 	 295.352936 	 3.802372 	 98884.546875 	 574.222656 
236 	 41.678688 	 283.323761 	 298.437744 	 4.058911 	 98175.890625 	 648.288818 
237 	 41.678688 	 283.323761 	 292.779816 	 2.318927 	 98181.960938 	 569.287964 
238 	 41.678688 	 283.323761 	 293.400879 	 1.532442 	 98429.976562 	 627.810974 
239 	 41.678688 	 283.323761 	 294.602814 	 1.380607 	 98518.656250 	 587.037659 
240 	 41.678688 	 283.323761 	 296.089508 	 1.659444 	 98530.343750 	 621.775391 
241 	 41.678688 	 283.323761 	 295.954803 	 3.384626 	 98014.929688 	 632.498291 
242 	 41.678688 	 283.323761 	 291.549927 	 1.289137 	 98703.851562 	 591.406860 
243 	 41.678688 	 283.323761 	 292.968811 	 1.687778 	 98859.648438 	 612.979614 
244 	 41.678688 	 283.323761 	 291.484497 	 1.400053 	 99328.273438 	 599.546448 
245 	 41.678688 	 283.323761 	 292.898102 	 2.309534 	 99228.671875 	 507.494446 
246 	 41.678688 	 283.323761 	 297.778198 	 2.665246 	 98728.773438 	 631.622986 
247 	 41.678688 	 283.323761 	 297.829956 	 2.061894 	 98380.468750 	 562.916382 
248 	 41.678688 	 283.323761 	 298.087677 	 1.911299 	 97935.976562 	 594.424377 
249 	 41.678688 	 283.323761 	 295.804138 	 1.990846 	 98583.757812 	 561.890381 
250 	 41.678688 	 283.323761 	 294.446808 	 3.304022 	 98858.882812 	 494.765259 
251 	 41.678688 	 283.323761 	 297.172760 	 3.723668 	 98514.046875 	 477.248474 
252 	 41.678688 	 283.323761 	 295.170013 	 2.686937 	 98018.906250 	 608.442261 
253 	 41.678688 	 283.323761 	 293.759796 	 1.752274 	 98678.093750 	 561.360229 
254 	 41.678688 	 283.323761 	 292.954102 	 3.010447 	 99336.117188 	 563.287903 
255 	 41.678688 	 283.323761 	 293.570648 	 4.349006 	 98911.000000 	 475.924622 
256 	 41.678688 	 283.323761 	 289.977203 	 3.090697 	 98286.562500 	 569.182800 
257 	 41.678688 	 283.323761 	 284.474213 	 4.043417 	 98536.843750 	 499.291626 
258 	 41.678688 	 283.323761 	 282.618530 	 2.484747 	 99345.976562 	 526.586182 
259 	 41.678688 	 283.323761 	 281.443024 	 0.759814 	 99784.343750 	 474.377106 
260 	 41.678688 	 283.323761 	 286.080719 	 2.318383 	 99854.867188 	 536.035400 
261 	 41.678688 	 283.323761 	 289.584381 	 4.343955 	 98907.023438 	 484.907227 
262 	 41.678688 	 283.323761 	 288.503082 	 2.951698 	 99096.023438 	 545.067261 
263 	 41.678688 	 283.323761 	 287.853516 	 1.665204 	 99657.437500 	 543.538208 
264 	 41.678688 	 283.323761 	 293.247589 	 4.024625 	 99094.289062 	 564.713989 
265 	 41.678688 	 283.323761 	 295.785645 	 1.781823 	 98789.437500 	 531.780762 
266 	 41.678688 	 283.323761 	 290.469910 	 1.621537 	 99274.929688 	 509.460480 
267 	 41.678688 	 283.323761 	 288.396149 	 1.532695 	 99548.101562 	 505.633240 
268 	 41.678688 	 283.323761 	 289.848633 	 3.113663 	 99209.367188 	 513.652283 
269 	 41.678688 	 283.323761 	 294.549652 	 3.055433 	 98489.859375 	 559.314758 
270 	 41.678688 	 283.323761 	 292.443359 	 1.750021 	 98387.726562 	 523.992249 
271 	 41.678688 	 283.323761 	 287.758209 	 1.476454 	 99069.492188 	 514.198486 
272 	 41.678688 	 283.323761 	 287.271942 	 1.076481 	 99608.203125 	 521.243286 
273 	 41.678688 	 283.323761 	 291.461060 	 2.344681 	 99223.078125 	 536.063843 
274 	 41.678688 	 283.323761 	 292.662781 	 1.594943 	 98858.703125 	 536.480469 
275 	 41.678688 	 283.323761 	 293.104492 	 1.775839 	 98782.250000 	 512.439697 
276 	 41.678688 	 283.323761 	 291.676697 	 2.716833 	 98688.703125 	 438.423401 
277 	 41.678688 	 283.323761 	 293.412384 	 3.180109 	 97808.273438 	 532.730286 
278 	 41.678688 	 283.323761 	 287.449585 	 1.637221 	 98636.843750 	 490.736206 
279 	 41.678688 	 283.323761 	 290.888519 	 3.005385 	 99148.898438 	 530.461426 
280 	 41.678688 	 283.323761 	 296.055359 	 2.657572 	 98953.640625 	 547.911011 
281 	 41.678688 	 283.323761 	 296.509705 	 3.407252 	 98583.476562 	 539.298157 
282 	 41.678688 	 283.323761 	 295.251434 	 3.845356 	 98508.226562 	 508.285400 
283 	 41.678688 	 283.323761 	 293.062988 	 3.694789 	 98281.593750 	 500.307068 
284 	 41.678688 	 283.323761 	 284.344299 	 2.363604 	 98284.609375 	 429.599518 
285 	 41.678688 	 283.323761 	 281.520752 	 2.633709 	 98644.359375 	 461.106934 
286 	 41.678688 	 283.323761 	 282.860504 	 1.816073 	 99013.593750 	 468.988831 
287 	 41.678688 	 283.323761 	 288.678772 	 1.765859 	 99712.320312 	 495.862579 
288 	 41.678688 	 283.323761 	 289.877747 	 2.362886 	 100149.703125 	 497.578674 
289 	 41.678688 	 283.323761 	 289.185150 	 2.139016 	 100141.796875 	 459.873383 
290 	 41.678688 	 283.323761 	 288.767731 	 2.598423 	 100015.601562 	 506.099609 
291 	 41.678688 	 283.323761 	 289.382446 	 2.595548 	 99830.992188 	 460.562622 
292 	 41.678688 	 283.323761 	 290.284058 	 2.226327 	 99740.476562 	 477.872955 
293 	 41.678688 	 283.323761 	 288.852936 	 1.619395 	 99871.359375 	 457.866882 
294 	 41.678688 	 283.323761 	 291.122131 	 2.939170 	 99701.906250 	 459.556305 
295 	 41.678688 	 283.323761 	 290.924805 	 2.923081 	 98968.773438 	 504.670074 
296 	 41.678688 	 283.323761 	 290.448792 	 2.750909 	 98379.390625 	 464.990601 
297 	 41.678688 	 283.323761 	 285.822449 	 2.846469 	 98775.179688 	 486.463562 
298 	 41.678688 	 283.323761 	 282.005005 	 1.124673 	 99302.640625 	 437.791687 
299 	 41.678688 	 283.323761 	 284.232269 	 2.124586 	 99554.218750 	 436.062164 
300 	 41.678688 	 283.323761 	 288.269562 	 1.802163 	 99534.906250 	 463.347382 
301 	 41.678688 	 283.323761 	 289.860474 	 2.428734 	 99318.796875 	 443.406982 
302 	 41.678688 	 283.323761 	 284.779724 	 2.332213 	 99168.656250 	 438.507874 
303 	 41.678688 	 283.323761 	 280.179352 	 1.443838 	 99565.546875 	 391.244171 
304 	 41.678688 	 283.323761 	 284.011261 	 2.893857 	 99629.343750 	 414.922943 
305 	 41.678688 	 283.323761 	 286.650604 	 4.518458 	 99318.257812 	 424.852356 
306 	 41.678688 	 283.323761 	 281.721375 	 2.730670 	 99330.679688 	 404.044098 
307 	 41.678688 	 283.323761 	 278.811584 	 2.685648 	 99524.632812 	 399.633972 
308 	 41.678688 	 283.323761 	 278.420959 	 2.386363 	 99513.898438 	 409.729736 
309 	 41.678688 	 283.323761 	 281.470551 	 1.791486 	 99743.992188 	 429.068634 
310 	 41.678688 	 283.323761 	 283.587646 	 3.510131 	 99153.343750 	 421.943665 
311 	 41.678688 	 283.323761 	 286.157074 	 1.667539 	 98965.460938 	 410.731201 
312 	 41.678688 	 283.323761 	 286.793213 	 2.464952 	 99173.671875 	 411.374847 
313 	 41.678688 	 283.323761 	 289.698425 	 3.407130 	 99043.398438 	 433.540253 
314 	 41.678688 	 283.323761 	 292.075897 	 4.765837 	 98576.703125 	 464.374939 
315 	 41.678688 	 283.323761 	 287.023865 	 5.430059 	 97872.898438 	 445.960663 
316 	 41.678688 	 283.323761 	 277.523041 	 1.687636 	 99162.367188 	 340.882843 
317 	 41.678688 	 283.323761 	 278.657593 	 2.016283 	 99545.773438 	 389.239929 
318 	 41.678688 	 283.323761 	 278.305878 	 3.017497 	 99935.992188 	 353.008545 
319 	 41.678688 	 283.323761 	 284.217957 	 3.303598 	 98361.507812 	 375.818146 
320 	 41.678688 	 283.323761 	 276.400055 	 2.792849 	 98578.257812 	 379.326355 
321 	 41.678688 	 283.323761 	 277.556763 	 4.250408 	 98245.773438 	 396.817474 
322 	 41.678688 	 283.323761 	 273.684692 	 4.064500 	 98304.367188 	 351.720276 
323 	 41.678688 	 283.323761 	 272.418304 	 3.447601 	 99392.921875 	 377.934143 
324 	 41.678688 	 283.323761 	 275.710327 	 3.970012 	 98948.460938 	 375.215515 
325 	 41.678688 	 283.323761 	 284.120758 	 4.702765 	 99076.000000 	 377.771942 
326 	 41.678688 	 283.323761 	 289.303650 	 7.007946 	 97358.421875 	 420.060699 
327 	 41.678688 	 283.323761 	 278.116272 	 4.067119 	 98073.476562 	 376.671875 
328 	 41.678688 	 283.323761 	 277.371368 	 1.875017 	 99563.132812 	 352.424744 
329 	 41.678688 	 283.323761 	 285.307831 	 6.232354 	 98825.601562 	 376.290070 
330 	 41.678688 	 283.323761 	 280.297821 	 5.360649 	 97363.976562 	 390.517029 
331 	 41.678688 	 283.323761 	 275.950256 	 3.167942 	 98160.226562 	 376.519043 
332 	 41.678688 	 283.323761 	 272.952728 	 2.581464 	 98306.210938 	 328.709808 
333 	 41.678688 	 283.323761 	 272.348785 	 2.119919 	 98806.906250 	 342.215607 
334 	 41.678688 	 283.323761 	 270.935089 	 1.321366 	 99571.703125 	 323.457855 
335 	 41.678688 	 283.323761 	 275.511688 	 3.615502 	 98568.242188 	 334.626801 
336 	 41.678688 	 283.323761 	 274.524811 	 5.328918 	 96344.257812 	 322.436707 
337 	 41.678688 	 283.323761 	 270.817200 	 3.010383 	 97468.398438 	 321.806030 
338 	 41.678688 	 283.323761 	 271.264069 	 2.012233 	 97152.773438 	 347.399658 
339 	 41.678688 	 283.323761 	 272.026123 	 3.335843 	 97191.593750 	 357.891663 
340 	 41.678688 	 283.323761 	 276.447388 	 4.150106 	 97814.429688 	 324.706635 
341 	 41.678688 	 283.323761 	 274.999939 	 2.338749 	 98344.726562 	 352.181488 
342 	 41.678688 	 283.323761 	 275.180542 	 2.912969 	 98329.679688 	 320.217102 
343 	 41.678688 	 283.323761 	 274.982788 	 3.277604 	 98205.882812 	 334.036255 
344 	 41.678688 	 283.323761 	 274.362030 	 2.803385 	 98733.296875 	 338.357025 
345 	 41.678688 	 283.323761 	 273.266144 	 1.781487 	 99694.273438 	 330.329193 
346 	 41.678688 	 283.323761 	 275.359711 	 2.864859 	 100567.203125 	 358.933624 
347 	 41.678688 	 283.323761 	 282.099548 	 5.414204 	 99983.906250 	 367.580017 
348 	 41.678688 	 283.323761 	 280.302429 	 4.442659 	 98219.820312 	 351.935913 
349 	 41.678688 	 283.323761 	 269.787689 	 2.316798 	 98379.117188 	 310.838684 
350 	 41.678688 	 283.323761 	 270.725769 	 3.026636 	 98704.281250 	 307.669128 
351 	 41.678688 	 283.323761 	 272.653107 	 1.861471 	 98690.210938 	 301.307892 
352 	 41.678688 	 283.323761 	 271.494659 	 2.069125 	 98486.343750 	 330.936768 
353 	 41.678688 	 283.323761 	 272.946381 	 3.445008 	 98935.906250 	 320.227417 
354 	 41.678688 	 283.323761 	 277.679565 	 2.097925 	 99092.617188 	 358.398193 
355 	 41.678688 	 283.323761 	 282.211823 	 4.976010 	 98402.359375 	 360.492615 
356 	 41.678688 	 283.323761 	 280.878143 	 3.903222 	 96794.843750 	 380.788208 
357 	 41.678688 	 283.323761 	 272.059784 	 4.665195 	 97113.226562 	 333.243103 
358 	 41.678688 	 283.323761 	 270.079315 	 2.427485 	 98772.593750 	 310.052612 
359 	 41.678688 	 283.323761 	 270.271210 	 1.860129 	 99564.296875 	 281.009521 
360 	 41.678688 	 283.323761 	 282.423706 	 4.071857 	 97780.671875 	 367.273773 
361 	 41.678688 	 283.323761 	 270.064392 	 5.603929 	 96940.843750 	 322.601074 
362 	 41.678688 	 283.323761 	 270.088959 	 3.619833 	 98163.468750 	 267.125488 
363 	 41.678688 	 283.323761 	 272.302063 	 3.595736 	 97927.453125 	 319.786316 
364 	 41.678688 	 283.323761 	 272.087799 	 1.637183 	 98960.671875 	 344.506531 
