# 0: Day of Year [-] 	 1: lat [deg] 	 2: lon [deg] 	 3: tas [K] 	 4: sfcWind [m s-1] 	 5: ps [Pa] 	 6: Total Downwelling Rad Flux [W m-2] 
0 	 41.678688 	 283.323761 	 277.018005 	 4.039443 	 99273.453125 	 315.944946 
1 	 41.678688 	 283.323761 	 278.057098 	 4.189382 	 97995.523438 	 359.995819 
2 	 41.678688 	 283.323761 	 272.577850 	 2.427422 	 98759.312500 	 299.723175 
3 	 41.678688 	 283.323761 	 280.333984 	 4.657807 	 98092.867188 	 343.676666 
4 	 41.678688 	 283.323761 	 277.532623 	 3.647295 	 98228.773438 	 359.529022 
5 	 41.678688 	 283.323761 	 272.241577 	 0.891444 	 99273.726562 	 344.682892 
6 	 41.678688 	 283.323761 	 274.705719 	 3.481142 	 98416.648438 	 362.454163 
7 	 41.678688 	 283.323761 	 274.064087 	 1.798329 	 99113.007812 	 339.449280 
8 	 41.678688 	 283.323761 	 276.151642 	 2.839533 	 99187.226562 	 330.680847 
9 	 41.678688 	 283.323761 	 282.235168 	 4.471632 	 98394.906250 	 375.568817 
10 	 41.678688 	 283.323761 	 281.953064 	 4.124597 	 96548.367188 	 419.166199 
11 	 41.678688 	 283.323761 	 272.962189 	 3.518234 	 97747.476562 	 374.253479 
12 	 41.678688 	 283.323761 	 271.550049 	 0.924168 	 98984.570312 	 338.833893 
13 	 41.678688 	 283.323761 	 273.185242 	 1.961561 	 99012.156250 	 364.356567 
14 	 41.678688 	 283.323761 	 272.030609 	 1.944095 	 99739.789062 	 345.531433 
15 	 41.678688 	 283.323761 	 275.998932 	 4.324322 	 99388.906250 	 342.133453 
16 	 41.678688 	 283.323761 	 272.128571 	 2.607705 	 99623.742188 	 329.315979 
17 	 41.678688 	 283.323761 	 273.148926 	 3.355225 	 99426.476562 	 291.452667 
18 	 41.678688 	 283.323761 	 277.881714 	 2.922594 	 98338.171875 	 368.415466 
19 	 41.678688 	 283.323761 	 272.301178 	 2.952787 	 98240.273438 	 325.000549 
20 	 41.678688 	 283.323761 	 268.469299 	 3.255966 	 98638.101562 	 314.882874 
21 	 41.678688 	 283.323761 	 269.211426 	 2.328064 	 99503.906250 	 329.901794 
22 	 41.678688 	 283.323761 	 275.956512 	 3.801757 	 98964.148438 	 358.968689 
23 	 41.678688 	 283.323761 	 275.431885 	 1.704899 	 99124.929688 	 358.862518 
24 	 41.678688 	 283.323761 	 274.515381 	 3.388702 	 99144.031250 	 309.546509 
25 	 41.678688 	 283.323761 	 276.326111 	 3.711172 	 97186.562500 	 404.280365 
26 	 41.678688 	 283.323761 	 269.882721 	 2.976383 	 97972.328125 	 345.335358 
27 	 41.678688 	 283.323761 	 272.236267 	 2.436431 	 99031.453125 	 342.219543 
28 	 41.678688 	 283.323761 	 273.947662 	 1.275283 	 99483.703125 	 361.603973 
29 	 41.678688 	 283.323761 	 275.142029 	 3.038257 	 98406.210938 	 359.033142 
30 	 41.678688 	 283.323761 	 268.672302 	 4.291274 	 98011.851562 	 342.964966 
31 	 41.678688 	 283.323761 	 269.607849 	 4.040995 	 98606.960938 	 343.360901 
32 	 41.678688 	 283.323761 	 270.567688 	 2.290047 	 99413.046875 	 324.163147 
33 	 41.678688 	 283.323761 	 274.321960 	 4.175215 	 97314.617188 	 408.217224 
34 	 41.678688 	 283.323761 	 269.203369 	 4.996670 	 97236.992188 	 382.330688 
35 	 41.678688 	 283.323761 	 273.599762 	 4.502079 	 97394.726562 	 371.799927 
36 	 41.678688 	 283.323761 	 277.873383 	 3.465779 	 97880.500000 	 387.581848 
37 	 41.678688 	 283.323761 	 279.106964 	 1.993935 	 98776.687500 	 386.128418 
38 	 41.678688 	 283.323761 	 277.463135 	 1.069609 	 98925.023438 	 357.476562 
39 	 41.678688 	 283.323761 	 276.267242 	 3.034931 	 98200.218750 	 383.703247 
40 	 41.678688 	 283.323761 	 268.956512 	 2.795031 	 99995.796875 	 363.708618 
41 	 41.678688 	 283.323761 	 273.704590 	 4.642769 	 100490.398438 	 325.020020 
42 	 41.678688 	 283.323761 	 285.428375 	 5.765962 	 98958.976562 	 384.497711 
43 	 41.678688 	 283.323761 	 277.213959 	 4.540924 	 98906.906250 	 428.662598 
44 	 41.678688 	 283.323761 	 271.969940 	 3.773576 	 99510.640625 	 377.957031 
45 	 41.678688 	 283.323761 	 272.780609 	 4.637213 	 98099.382812 	 390.744476 
46 	 41.678688 	 283.323761 	 269.567352 	 3.517067 	 98065.492188 	 397.500549 
47 	 41.678688 	 283.323761 	 269.335846 	 3.556428 	 98632.382812 	 378.303528 
48 	 41.678688 	 283.323761 	 269.347870 	 3.400045 	 99034.632812 	 369.242889 
49 	 41.678688 	 283.323761 	 265.688507 	 3.497947 	 100076.101562 	 391.523041 
50 	 41.678688 	 283.323761 	 268.045898 	 2.008489 	 100957.796875 	 375.239838 
51 	 41.678688 	 283.323761 	 273.335480 	 1.662015 	 100904.000000 	 402.277008 
52 	 41.678688 	 283.323761 	 275.173218 	 1.244255 	 100623.203125 	 400.930725 
53 	 41.678688 	 283.323761 	 279.239655 	 3.405367 	 99643.203125 	 353.802368 
54 	 41.678688 	 283.323761 	 281.789581 	 1.639042 	 97452.773438 	 382.635101 
55 	 41.678688 	 283.323761 	 276.086639 	 3.347368 	 97926.640625 	 405.757294 
56 	 41.678688 	 283.323761 	 274.238586 	 3.162040 	 99288.742188 	 447.926270 
57 	 41.678688 	 283.323761 	 274.329529 	 1.307691 	 99790.742188 	 414.569672 
58 	 41.678688 	 283.323761 	 277.998993 	 0.811556 	 99599.601562 	 451.879639 
59 	 41.678688 	 283.323761 	 281.814697 	 1.217916 	 99198.132812 	 453.285461 
60 	 41.678688 	 283.323761 	 284.399841 	 1.979063 	 99077.406250 	 489.824982 
61 	 41.678688 	 283.323761 	 286.838531 	 3.555443 	 99066.023438 	 448.688293 
62 	 41.678688 	 283.323761 	 286.002899 	 4.352958 	 98641.242188 	 441.476746 
63 	 41.678688 	 283.323761 	 281.489471 	 3.781553 	 98675.226562 	 456.077942 
64 	 41.678688 	 283.323761 	 285.462585 	 4.284697 	 98151.687500 	 494.085266 
65 	 41.678688 	 283.323761 	 281.309326 	 5.081040 	 97238.710938 	 480.542114 
66 	 41.678688 	 283.323761 	 276.502472 	 3.390529 	 97774.398438 	 474.061340 
67 	 41.678688 	 283.323761 	 278.081055 	 5.186573 	 98124.328125 	 385.547546 
68 	 41.678688 	 283.323761 	 279.970306 	 5.522268 	 97184.906250 	 477.343262 
69 	 41.678688 	 283.323761 	 275.638458 	 2.640261 	 98743.539062 	 458.277069 
70 	 41.678688 	 283.323761 	 280.227081 	 4.470078 	 98553.203125 	 498.730774 
71 	 41.678688 	 283.323761 	 276.990479 	 3.944984 	 98963.296875 	 445.986053 
72 	 41.678688 	 283.323761 	 274.818634 	 2.853524 	 99409.187500 	 481.366516 
73 	 41.678688 	 283.323761 	 276.963196 	 2.335116 	 99504.343750 	 457.197479 
74 	 41.678688 	 283.323761 	 286.841278 	 2.992098 	 99128.382812 	 503.620544 
75 	 41.678688 	 283.323761 	 292.777161 	 3.113661 	 98998.031250 	 543.192993 
76 	 41.678688 	 283.323761 	 294.197510 	 3.483397 	 98886.148438 	 561.114746 
77 	 41.678688 	 283.323761 	 293.101105 	 2.604491 	 98955.203125 	 557.666260 
78 	 41.678688 	 283.323761 	 292.205292 	 2.282588 	 99048.367188 	 556.193054 
79 	 41.678688 	 283.323761 	 292.841858 	 3.122565 	 98522.703125 	 516.269287 
80 	 41.678688 	 283.323761 	 286.059296 	 4.337021 	 97185.343750 	 528.433105 
81 	 41.678688 	 283.323761 	 280.366394 	 4.942142 	 96871.093750 	 437.913177 
82 	 41.678688 	 283.323761 	 274.900085 	 5.372861 	 97126.976562 	 467.771545 
83 	 41.678688 	 283.323761 	 274.054993 	 3.434801 	 98554.156250 	 489.443542 
84 	 41.678688 	 283.323761 	 283.100403 	 2.857088 	 98795.406250 	 541.748779 
85 	 41.678688 	 283.323761 	 289.216949 	 4.803383 	 98331.679688 	 464.653778 
86 	 41.678688 	 283.323761 	 278.807068 	 2.747212 	 100100.703125 	 388.309235 
87 	 41.678688 	 283.323761 	 280.086517 	 3.173809 	 100490.500000 	 366.610992 
88 	 41.678688 	 283.323761 	 285.007324 	 1.942185 	 99379.171875 	 478.094055 
89 	 41.678688 	 283.323761 	 281.518707 	 2.375316 	 99377.351562 	 561.631287 
90 	 41.678688 	 283.323761 	 285.847565 	 3.110953 	 99301.789062 	 546.424561 
91 	 41.678688 	 283.323761 	 293.634521 	 4.159382 	 98323.953125 	 596.942322 
92 	 41.678688 	 283.323761 	 289.672119 	 4.346901 	 97700.156250 	 526.570068 
93 	 41.678688 	 283.323761 	 279.206299 	 4.062491 	 98112.179688 	 514.761353 
94 	 41.678688 	 283.323761 	 277.516327 	 2.840092 	 98630.820312 	 501.809570 
95 	 41.678688 	 283.323761 	 281.735870 	 3.316168 	 98259.531250 	 550.411499 
96 	 41.678688 	 283.323761 	 281.821381 	 2.699022 	 97825.148438 	 396.679321 
97 	 41.678688 	 283.323761 	 278.391418 	 3.661593 	 97882.882812 	 504.047852 
98 	 41.678688 	 283.323761 	 274.824371 	 3.335140 	 98577.953125 	 521.877380 
99 	 41.678688 	 283.323761 	 277.406525 	 2.184245 	 98652.929688 	 502.148376 
100 	 41.678688 	 283.323761 	 288.605804 	 3.705345 	 98137.171875 	 540.249939 
101 	 41.678688 	 283.323761 	 295.021362 	 2.945614 	 97973.476562 	 563.742310 
102 	 41.678688 	 283.323761 	 295.308258 	 3.706993 	 97893.992188 	 611.253296 
103 	 41.678688 	 283.323761 	 293.052704 	 3.475422 	 97681.679688 	 492.040894 
104 	 41.678688 	 283.323761 	 286.200287 	 1.446728 	 98353.617188 	 492.228638 
105 	 41.678688 	 283.323761 	 285.638397 	 3.033091 	 98987.507812 	 579.931763 
106 	 41.678688 	 283.323761 	 290.953156 	 5.836387 	 97971.609375 	 443.673859 
107 	 41.678688 	 283.323761 	 288.656219 	 4.789246 	 97191.976562 	 545.715759 
108 	 41.678688 	 283.323761 	 281.413818 	 4.382828 	 97654.320312 	 474.063782 
109 	 41.678688 	 283.323761 	 276.973450 	 4.243903 	 98029.390625 	 556.520203 
110 	 41.678688 	 283.323761 	 277.919891 	 3.391208 	 98161.203125 	 363.398682 
111 	 41.678688 	 283.323761 	 282.249390 	 2.792868 	 97919.078125 	 528.535583 
112 	 41.678688 	 283.323761 	 278.468140 	 3.013638 	 98636.078125 	 566.177734 
113 	 41.678688 	 283.323761 	 278.972473 	 1.670541 	 99405.750000 	 560.793579 
114 	 41.678688 	 283.323761 	 282.068146 	 2.363414 	 98983.203125 	 528.539124 
115 	 41.678688 	 283.323761 	 284.228912 	 2.786495 	 98122.796875 	 468.740417 
116 	 41.678688 	 283.323761 	 278.785858 	 2.082275 	 98608.546875 	 337.406067 
117 	 41.678688 	 283.323761 	 282.341217 	 1.164398 	 98860.507812 	 574.893250 
118 	 41.678688 	 283.323761 	 282.863922 	 1.316435 	 98930.093750 	 504.106445 
119 	 41.678688 	 283.323761 	 285.487213 	 3.049656 	 98718.859375 	 592.189209 
120 	 41.678688 	 283.323761 	 279.734528 	 3.329963 	 98749.671875 	 442.505890 
121 	 41.678688 	 283.323761 	 288.371277 	 3.452698 	 97329.406250 	 627.386230 
122 	 41.678688 	 283.323761 	 282.096100 	 3.062026 	 99047.250000 	 602.694946 
123 	 41.678688 	 283.323761 	 291.326630 	 5.054290 	 97832.687500 	 429.400848 
124 	 41.678688 	 283.323761 	 288.275482 	 2.022685 	 98059.976562 	 564.607605 
125 	 41.678688 	 283.323761 	 286.832367 	 1.911085 	 98851.859375 	 626.162842 
126 	 41.678688 	 283.323761 	 288.218048 	 2.172165 	 99089.617188 	 623.733643 
127 	 41.678688 	 283.323761 	 290.188995 	 1.504317 	 99146.953125 	 642.266785 
128 	 41.678688 	 283.323761 	 292.679260 	 3.626284 	 99005.039062 	 593.456238 
129 	 41.678688 	 283.323761 	 294.753387 	 3.724974 	 98690.929688 	 610.791504 
130 	 41.678688 	 283.323761 	 297.934937 	 2.679538 	 98867.351562 	 696.073364 
131 	 41.678688 	 283.323761 	 297.223572 	 3.796861 	 98595.437500 	 641.501709 
132 	 41.678688 	 283.323761 	 287.117859 	 1.587260 	 99033.500000 	 618.206421 
133 	 41.678688 	 283.323761 	 293.139923 	 3.765854 	 98112.460938 	 614.008301 
134 	 41.678688 	 283.323761 	 290.014099 	 1.477788 	 98544.421875 	 638.296265 
135 	 41.678688 	 283.323761 	 295.730469 	 3.420913 	 98701.132812 	 601.386597 
136 	 41.678688 	 283.323761 	 294.682434 	 4.279061 	 98597.562500 	 590.445435 
137 	 41.678688 	 283.323761 	 289.451904 	 2.515897 	 99366.257812 	 650.934448 
138 	 41.678688 	 283.323761 	 289.341980 	 3.364278 	 99528.601562 	 648.199890 
139 	 41.678688 	 283.323761 	 290.976288 	 3.446914 	 98852.742188 	 624.016846 
140 	 41.678688 	 283.323761 	 282.836700 	 3.281807 	 99384.687500 	 618.613159 
141 	 41.678688 	 283.323761 	 283.071777 	 2.060348 	 99497.953125 	 625.673706 
142 	 41.678688 	 283.323761 	 285.426300 	 1.382903 	 99231.710938 	 577.003784 
143 	 41.678688 	 283.323761 	 293.479309 	 2.783283 	 98533.632812 	 653.413696 
144 	 41.678688 	 283.323761 	 295.282532 	 2.126109 	 98659.406250 	 703.085754 
145 	 41.678688 	 283.323761 	 293.079834 	 3.728193 	 98685.523438 	 658.641724 
146 	 41.678688 	 283.323761 	 288.446198 	 4.972813 	 99231.109375 	 645.009644 
147 	 41.678688 	 283.323761 	 286.898865 	 1.381300 	 99618.921875 	 644.935486 
148 	 41.678688 	 283.323761 	 294.977905 	 3.044178 	 98913.492188 	 689.079834 
149 	 41.678688 	 283.323761 	 300.691101 	 3.481812 	 98341.773438 	 703.524658 
150 	 41.678688 	 283.323761 	 300.943634 	 4.442156 	 98147.593750 	 656.789062 
151 	 41.678688 	 283.323761 	 294.796997 	 2.991042 	 98840.453125 	 703.201172 
152 	 41.678688 	 283.323761 	 291.827454 	 3.170448 	 98709.023438 	 539.096680 
153 	 41.678688 	 283.323761 	 287.352631 	 4.027468 	 98425.882812 	 484.405701 
154 	 41.678688 	 283.323761 	 287.282806 	 4.170058 	 98140.632812 	 661.809570 
155 	 41.678688 	 283.323761 	 286.284637 	 3.531458 	 98376.671875 	 633.496155 
156 	 41.678688 	 283.323761 	 285.287201 	 2.705563 	 98751.601562 	 642.196411 
157 	 41.678688 	 283.323761 	 286.975586 	 2.114320 	 98810.531250 	 586.745728 
158 	 41.678688 	 283.323761 	 288.236603 	 2.489904 	 98870.523438 	 613.895020 
159 	 41.678688 	 283.323761 	 291.496674 	 2.223191 	 98883.078125 	 655.469971 
160 	 41.678688 	 283.323761 	 293.704742 	 1.752416 	 98777.898438 	 690.714844 
161 	 41.678688 	 283.323761 	 295.450409 	 2.551817 	 98545.210938 	 689.262634 
162 	 41.678688 	 283.323761 	 296.670319 	 4.139160 	 98061.281250 	 635.852966 
163 	 41.678688 	 283.323761 	 296.104889 	 4.531779 	 97634.281250 	 625.898926 
164 	 41.678688 	 283.323761 	 297.736389 	 2.482997 	 98718.117188 	 713.433105 
165 	 41.678688 	 283.323761 	 299.311096 	 3.336973 	 98614.117188 	 633.327209 
166 	 41.678688 	 283.323761 	 300.463715 	 2.759664 	 98234.546875 	 759.257202 
167 	 41.678688 	 283.323761 	 303.889740 	 3.009029 	 97965.593750 	 763.350647 
168 	 41.678688 	 283.323761 	 305.005280 	 2.043055 	 98192.609375 	 743.299927 
169 	 41.678688 	 283.323761 	 301.035431 	 2.043768 	 98196.796875 	 735.674927 
170 	 41.678688 	 283.323761 	 300.272705 	 1.861324 	 98207.492188 	 682.537598 
171 	 41.678688 	 283.323761 	 298.370514 	 1.233903 	 98809.859375 	 711.445435 
172 	 41.678688 	 283.323761 	 299.088715 	 0.822949 	 98990.812500 	 719.407532 
173 	 41.678688 	 283.323761 	 299.482605 	 1.384426 	 98601.453125 	 679.694153 
174 	 41.678688 	 283.323761 	 297.697784 	 3.057088 	 98204.312500 	 733.773926 
175 	 41.678688 	 283.323761 	 292.298309 	 3.159873 	 98532.273438 	 679.841797 
176 	 41.678688 	 283.323761 	 288.484924 	 2.091887 	 98896.750000 	 626.501099 
177 	 41.678688 	 283.323761 	 290.494171 	 1.804594 	 98863.171875 	 670.134521 
178 	 41.678688 	 283.323761 	 291.227783 	 1.554876 	 99079.843750 	 667.706055 
179 	 41.678688 	 283.323761 	 293.579102 	 1.435810 	 99307.156250 	 688.115112 
180 	 41.678688 	 283.323761 	 294.074188 	 0.985801 	 99079.031250 	 699.345032 
181 	 41.678688 	 283.323761 	 297.241455 	 1.967091 	 98470.218750 	 721.193054 
182 	 41.678688 	 283.323761 	 296.440216 	 3.097936 	 98412.093750 	 708.412415 
183 	 41.678688 	 283.323761 	 291.670410 	 1.337037 	 99125.750000 	 679.921875 
184 	 41.678688 	 283.323761 	 297.251007 	 3.090574 	 99030.562500 	 708.194580 
185 	 41.678688 	 283.323761 	 303.393158 	 3.592414 	 98512.656250 	 750.042053 
186 	 41.678688 	 283.323761 	 300.963043 	 3.526078 	 98232.617188 	 635.683716 
187 	 41.678688 	 283.323761 	 298.028992 	 2.638561 	 98317.343750 	 720.620972 
188 	 41.678688 	 283.323761 	 294.945984 	 3.307872 	 98415.617188 	 702.348755 
189 	 41.678688 	 283.323761 	 292.970459 	 2.182922 	 98835.757812 	 664.671936 
190 	 41.678688 	 283.323761 	 294.225037 	 0.501072 	 99029.203125 	 695.896790 
191 	 41.678688 	 283.323761 	 296.682220 	 1.661903 	 98565.609375 	 524.851624 
192 	 41.678688 	 283.323761 	 299.450104 	 1.810495 	 98254.093750 	 725.426208 
193 	 41.678688 	 283.323761 	 299.410248 	 1.848975 	 98154.093750 	 707.296021 
194 	 41.678688 	 283.323761 	 295.984406 	 1.713891 	 98111.398438 	 613.433899 
195 	 41.678688 	 283.323761 	 295.680298 	 1.362247 	 98020.250000 	 509.767883 
196 	 41.678688 	 283.323761 	 300.173218 	 4.622132 	 98170.750000 	 705.854614 
197 	 41.678688 	 283.323761 	 298.899017 	 3.479811 	 98247.750000 	 656.619873 
198 	 41.678688 	 283.323761 	 296.103027 	 1.625218 	 98294.390625 	 532.975037 
199 	 41.678688 	 283.323761 	 295.742737 	 1.607830 	 98734.960938 	 638.210327 
200 	 41.678688 	 283.323761 	 297.510437 	 2.270920 	 98843.117188 	 696.248169 
201 	 41.678688 	 283.323761 	 299.726257 	 2.712345 	 98225.226562 	 719.132568 
202 	 41.678688 	 283.323761 	 300.612152 	 1.822415 	 98210.609375 	 712.186768 
203 	 41.678688 	 283.323761 	 303.305420 	 2.362038 	 98211.046875 	 733.684937 
204 	 41.678688 	 283.323761 	 302.391174 	 2.034517 	 98457.171875 	 718.111450 
205 	 41.678688 	 283.323761 	 300.423157 	 1.986262 	 98536.039062 	 714.721436 
206 	 41.678688 	 283.323761 	 299.873596 	 1.200276 	 98719.390625 	 710.962708 
207 	 41.678688 	 283.323761 	 300.057709 	 1.248671 	 98923.117188 	 714.331543 
208 	 41.678688 	 283.323761 	 301.184723 	 2.521454 	 99007.757812 	 725.182068 
209 	 41.678688 	 283.323761 	 299.625397 	 2.746305 	 98953.796875 	 691.915039 
210 	 41.678688 	 283.323761 	 300.825775 	 3.882785 	 98552.750000 	 727.271301 
211 	 41.678688 	 283.323761 	 297.242126 	 4.874099 	 98272.421875 	 675.142883 
212 	 41.678688 	 283.323761 	 291.180237 	 2.667068 	 99608.117188 	 651.688782 
213 	 41.678688 	 283.323761 	 292.879395 	 3.210660 	 99683.656250 	 663.548096 
214 	 41.678688 	 283.323761 	 298.261597 	 4.127357 	 99068.867188 	 700.032349 
215 	 41.678688 	 283.323761 	 299.777069 	 3.459712 	 98526.289062 	 603.798950 
216 	 41.678688 	 283.323761 	 294.743317 	 2.114441 	 98971.992188 	 632.411255 
217 	 41.678688 	 283.323761 	 292.871918 	 2.632874 	 99117.343750 	 433.037415 
218 	 41.678688 	 283.323761 	 292.615570 	 2.528035 	 98880.796875 	 534.287292 
219 	 41.678688 	 283.323761 	 296.312164 	 2.062697 	 98805.218750 	 675.130005 
220 	 41.678688 	 283.323761 	 296.012054 	 1.590318 	 99088.656250 	 650.129517 
221 	 41.678688 	 283.323761 	 296.427185 	 0.616015 	 98913.023438 	 678.024841 
222 	 41.678688 	 283.323761 	 299.338654 	 3.202853 	 98123.539062 	 664.055664 
223 	 41.678688 	 283.323761 	 295.065796 	 3.770152 	 97819.210938 	 657.265259 
224 	 41.678688 	 283.323761 	 289.389801 	 3.677092 	 98381.726562 	 627.000977 
225 	 41.678688 	 283.323761 	 288.888123 	 1.182317 	 99066.679688 	 623.061157 
226 	 41.678688 	 283.323761 	 291.684387 	 0.906896 	 99271.640625 	 618.864014 
227 	 41.678688 	 283.323761 	 292.818909 	 1.079800 	 99133.187500 	 566.464233 
228 	 41.678688 	 283.323761 	 292.187469 	 3.214097 	 99164.882812 	 469.498840 
229 	 41.678688 	 283.323761 	 292.810547 	 3.607909 	 99418.609375 	 519.577698 
230 	 41.678688 	 283.323761 	 294.805756 	 1.401478 	 99402.593750 	 614.155640 
231 	 41.678688 	 283.323761 	 295.277802 	 0.763838 	 99313.117188 	 661.225159 
232 	 41.678688 	 283.323761 	 299.748474 	 2.666941 	 98808.382812 	 679.247009 
233 	 41.678688 	 283.323761 	 299.826660 	 3.187098 	 98135.859375 	 555.004639 
234 	 41.678688 	 283.323761 	 297.415985 	 2.354753 	 97897.460938 	 650.080933 
235 	 41.678688 	 283.323761 	 294.594482 	 1.169002 	 98164.632812 	 646.274658 
236 	 41.678688 	 283.323761 	 296.979553 	 2.437087 	 97973.976562 	 612.493958 
237 	 41.678688 	 283.323761 	 290.699646 	 4.078881 	 97732.937500 	 564.744751 
238 	 41.678688 	 283.323761 	 287.364532 	 1.203511 	 98395.796875 	 595.404907 
239 	 41.678688 	 283.323761 	 291.401337 	 1.835845 	 98661.382812 	 614.673462 
240 	 41.678688 	 283.323761 	 294.588318 	 1.764984 	 98625.773438 	 632.392578 
241 	 41.678688 	 283.323761 	 294.937408 	 1.711332 	 98763.492188 	 640.578857 
242 	 41.678688 	 283.323761 	 293.765656 	 1.762394 	 99114.593750 	 620.531860 
243 	 41.678688 	 283.323761 	 296.273315 	 2.355082 	 99096.843750 	 571.005371 
244 	 41.678688 	 283.323761 	 295.739136 	 2.286040 	 98984.343750 	 550.118591 
245 	 41.678688 	 283.323761 	 295.177155 	 1.428618 	 99020.046875 	 552.164612 
246 	 41.678688 	 283.323761 	 295.211182 	 1.809052 	 98954.570312 	 620.315674 
247 	 41.678688 	 283.323761 	 295.247864 	 1.092523 	 98920.070312 	 629.364075 
248 	 41.678688 	 283.323761 	 295.835358 	 0.432633 	 98999.359375 	 628.391479 
249 	 41.678688 	 283.323761 	 296.994965 	 1.824677 	 98917.257812 	 620.299683 
250 	 41.678688 	 283.323761 	 298.162903 	 3.453731 	 98306.078125 	 626.213745 
251 	 41.678688 	 283.323761 	 296.905243 	 2.451055 	 97942.421875 	 623.615601 
252 	 41.678688 	 283.323761 	 289.834412 	 1.624231 	 98550.398438 	 565.235596 
253 	 41.678688 	 283.323761 	 286.724640 	 1.161235 	 98988.523438 	 564.394104 
254 	 41.678688 	 283.323761 	 286.564880 	 1.362051 	 99295.632812 	 498.652954 
255 	 41.678688 	 283.323761 	 289.688995 	 2.292551 	 99261.476562 	 487.528778 
256 	 41.678688 	 283.323761 	 292.230347 	 1.130861 	 99476.390625 	 551.060669 
257 	 41.678688 	 283.323761 	 292.924103 	 2.483510 	 99474.703125 	 569.922546 
258 	 41.678688 	 283.323761 	 294.864075 	 1.888675 	 99131.117188 	 600.782043 
259 	 41.678688 	 283.323761 	 293.497009 	 1.114275 	 99249.093750 	 573.831909 
260 	 41.678688 	 283.323761 	 293.175140 	 1.728500 	 99018.171875 	 545.883728 
261 	 41.678688 	 283.323761 	 295.104706 	 1.616366 	 98605.203125 	 552.176514 
262 	 41.678688 	 283.323761 	 295.673126 	 1.220549 	 98435.062500 	 585.140320 
263 	 41.678688 	 283.323761 	 294.516663 	 1.610274 	 98811.703125 	 594.689453 
264 	 41.678688 	 283.323761 	 294.884125 	 2.782921 	 98837.773438 	 492.239868 
265 	 41.678688 	 283.323761 	 293.373932 	 1.553796 	 98704.289062 	 528.412659 
266 	 41.678688 	 283.323761 	 295.331207 	 3.153152 	 98151.453125 	 571.023560 
267 	 41.678688 	 283.323761 	 292.692200 	 1.861002 	 98381.242188 	 552.718018 
268 	 41.678688 	 283.323761 	 287.495667 	 2.337903 	 99061.617188 	 516.899597 
269 	 41.678688 	 283.323761 	 294.439484 	 4.226841 	 98337.953125 	 516.077637 
270 	 41.678688 	 283.323761 	 284.497498 	 2.068361 	 99056.179688 	 403.677185 
271 	 41.678688 	 283.323761 	 282.057556 	 2.039674 	 99255.789062 	 508.425171 
272 	 41.678688 	 283.323761 	 281.511963 	 1.689966 	 99809.390625 	 490.126038 
273 	 41.678688 	 283.323761 	 283.429474 	 2.444248 	 99883.406250 	 494.860291 
274 	 41.678688 	 283.323761 	 287.572418 	 2.928133 	 99466.070312 	 444.529114 
275 	 41.678688 	 283.323761 	 288.964264 	 1.997179 	 99235.953125 	 517.780518 
276 	 41.678688 	 283.323761 	 284.737732 	 2.063171 	 99770.546875 	 472.736755 
277 	 41.678688 	 283.323761 	 290.929901 	 3.630041 	 99159.718750 	 485.375275 
278 	 41.678688 	 283.323761 	 285.604980 	 2.026841 	 99067.843750 	 501.273529 
279 	 41.678688 	 283.323761 	 283.491547 	 1.322866 	 99729.906250 	 487.103149 
280 	 41.678688 	 283.323761 	 285.367950 	 0.748974 	 99856.617188 	 500.038208 
281 	 41.678688 	 283.323761 	 291.590973 	 2.062754 	 99108.359375 	 527.161560 
282 	 41.678688 	 283.323761 	 286.562927 	 3.978186 	 98620.828125 	 521.418701 
283 	 41.678688 	 283.323761 	 281.733337 	 3.123802 	 98781.546875 	 465.244965 
284 	 41.678688 	 283.323761 	 285.067810 	 2.475057 	 98901.640625 	 501.989258 
285 	 41.678688 	 283.323761 	 288.013885 	 1.010823 	 99051.273438 	 505.413269 
286 	 41.678688 	 283.323761 	 286.394592 	 1.154807 	 99193.710938 	 446.261475 
287 	 41.678688 	 283.323761 	 286.764221 	 1.131758 	 99383.609375 	 478.702606 
288 	 41.678688 	 283.323761 	 287.260956 	 1.386960 	 99545.921875 	 490.827820 
289 	 41.678688 	 283.323761 	 287.605621 	 1.155708 	 99756.968750 	 500.200378 
290 	 41.678688 	 283.323761 	 290.033936 	 3.040833 	 99364.148438 	 514.747070 
291 	 41.678688 	 283.323761 	 291.842926 	 3.925350 	 99039.132812 	 491.195740 
292 	 41.678688 	 283.323761 	 290.178986 	 2.078105 	 98857.046875 	 445.096069 
293 	 41.678688 	 283.323761 	 288.446320 	 2.226815 	 99146.718750 	 453.407166 
294 	 41.678688 	 283.323761 	 288.946442 	 2.500031 	 99219.203125 	 462.638733 
295 	 41.678688 	 283.323761 	 287.776154 	 1.900717 	 99764.320312 	 440.480865 
296 	 41.678688 	 283.323761 	 287.750153 	 1.540412 	 100045.601562 	 462.868958 
297 	 41.678688 	 283.323761 	 285.868988 	 1.649592 	 99283.203125 	 425.960236 
298 	 41.678688 	 283.323761 	 285.357086 	 2.870131 	 99428.421875 	 428.039276 
299 	 41.678688 	 283.323761 	 282.954437 	 0.961331 	 99769.992188 	 439.796692 
300 	 41.678688 	 283.323761 	 285.019104 	 1.947309 	 99623.476562 	 480.936096 
301 	 41.678688 	 283.323761 	 284.197693 	 2.574553 	 99397.343750 	 425.960480 
302 	 41.678688 	 283.323761 	 287.610321 	 3.439624 	 98966.390625 	 447.685944 
303 	 41.678688 	 283.323761 	 286.240601 	 3.565988 	 98618.703125 	 469.994324 
304 	 41.678688 	 283.323761 	 279.469238 	 4.279082 	 99380.468750 	 435.125305 
305 	 41.678688 	 283.323761 	 279.594177 	 2.318209 	 99781.820312 	 407.009155 
306 	 41.678688 	 283.323761 	 282.334137 	 2.721222 	 99278.226562 	 427.670715 
307 	 41.678688 	 283.323761 	 285.022705 	 2.435111 	 99028.828125 	 416.877258 
308 	 41.678688 	 283.323761 	 287.418793 	 4.213006 	 98675.617188 	 394.954865 
309 	 41.678688 	 283.323761 	 281.068085 	 3.094815 	 98448.093750 	 409.221619 
310 	 41.678688 	 283.323761 	 277.452515 	 3.145967 	 98470.351562 	 346.843506 
311 	 41.678688 	 283.323761 	 275.128204 	 2.382166 	 99611.882812 	 410.624908 
312 	 41.678688 	 283.323761 	 280.290619 	 4.685841 	 99491.226562 	 421.048737 
313 	 41.678688 	 283.323761 	 282.639923 	 2.159769 	 99521.351562 	 411.968994 
314 	 41.678688 	 283.323761 	 274.256165 	 1.472965 	 99926.492188 	 375.645020 
315 	 41.678688 	 283.323761 	 284.836365 	 4.130346 	 99198.898438 	 393.000824 
316 	 41.678688 	 283.323761 	 289.583649 	 2.891748 	 98530.296875 	 412.506958 
317 	 41.678688 	 283.323761 	 283.348877 	 3.448238 	 97625.617188 	 434.157715 
318 	 41.678688 	 283.323761 	 276.949463 	 1.614238 	 98606.398438 	 381.722076 
319 	 41.678688 	 283.323761 	 277.578827 	 3.417912 	 97854.906250 	 350.506104 
320 	 41.678688 	 283.323761 	 277.287872 	 3.287272 	 97975.023438 	 391.334076 
321 	 41.678688 	 283.323761 	 280.140411 	 5.117218 	 97633.953125 	 398.757843 
322 	 41.678688 	 283.323761 	 275.770782 	 3.256971 	 98993.000000 	 367.156830 
323 	 41.678688 	 283.323761 	 276.256500 	 3.440414 	 99003.453125 	 371.935486 
324 	 41.678688 	 283.323761 	 276.196838 	 2.101837 	 98263.101562 	 332.250244 
325 	 41.678688 	 283.323761 	 274.836670 	 2.998248 	 97727.382812 	 391.469574 
326 	 41.678688 	 283.323761 	 275.266571 	 3.464586 	 98710.062500 	 357.805450 
327 	 41.678688 	 283.323761 	 274.552124 	 1.128006 	 99899.312500 	 360.240570 
328 	 41.678688 	 283.323761 	 277.311523 	 2.912463 	 99770.562500 	 336.586517 
329 	 41.678688 	 283.323761 	 277.139893 	 2.567061 	 99361.960938 	 356.996399 
330 	 41.678688 	 283.323761 	 270.790649 	 2.363802 	 100043.703125 	 329.485443 
331 	 41.678688 	 283.323761 	 269.901031 	 2.026915 	 100850.601562 	 341.379425 
332 	 41.678688 	 283.323761 	 278.644989 	 5.000544 	 99462.273438 	 387.846191 
333 	 41.678688 	 283.323761 	 283.401154 	 3.445408 	 98742.929688 	 369.409302 
334 	 41.678688 	 283.323761 	 275.143799 	 1.216047 	 99688.742188 	 332.441010 
335 	 41.678688 	 283.323761 	 278.048431 	 3.160324 	 99776.882812 	 356.419495 
336 	 41.678688 	 283.323761 	 285.325531 	 4.576231 	 98515.882812 	 396.455963 
337 	 41.678688 	 283.323761 	 276.947266 	 5.175675 	 98866.242188 	 359.425079 
338 	 41.678688 	 283.323761 	 273.421173 	 2.630508 	 100646.398438 	 369.467773 
339 	 41.678688 	 283.323761 	 276.688690 	 4.610897 	 100153.101562 	 339.834991 
340 	 41.678688 	 283.323761 	 282.662689 	 2.079496 	 99308.023438 	 423.253723 
341 	 41.678688 	 283.323761 	 284.200195 	 3.328201 	 99498.109375 	 380.197510 
342 	 41.678688 	 283.323761 	 287.655060 	 3.751008 	 98347.140625 	 387.818817 
343 	 41.678688 	 283.323761 	 280.958984 	 2.076928 	 98906.078125 	 369.237396 
344 	 41.678688 	 283.323761 	 285.239349 	 4.826927 	 98029.929688 	 376.753357 
345 	 41.678688 	 283.323761 	 275.399109 	 5.097748 	 97838.117188 	 358.941345 
346 	 41.678688 	 283.323761 	 272.666260 	 3.019018 	 99256.773438 	 326.144196 
347 	 41.678688 	 283.323761 	 276.045532 	 3.556843 	 99068.617188 	 333.611816 
348 	 41.678688 	 283.323761 	 280.901459 	 3.115214 	 98598.257812 	 361.373047 
349 	 41.678688 	 283.323761 	 283.647705 	 2.546154 	 98146.953125 	 361.024384 
350 	 41.678688 	 283.323761 	 271.511322 	 3.327439 	 98176.718750 	 359.342255 
351 	 41.678688 	 283.323761 	 270.747345 	 3.328483 	 98989.046875 	 305.782410 
352 	 41.678688 	 283.323761 	 270.935059 	 2.528283 	 99270.492188 	 301.821289 
353 	 41.678688 	 283.323761 	 271.898376 	 1.495465 	 99718.859375 	 327.438599 
354 	 41.678688 	 283.323761 	 274.245300 	 2.579757 	 99518.859375 	 293.333008 
355 	 41.678688 	 283.323761 	 276.716949 	 2.479065 	 98974.320312 	 370.480713 
356 	 41.678688 	 283.323761 	 275.531952 	 3.074187 	 98898.023438 	 352.474701 
357 	 41.678688 	 283.323761 	 272.606781 	 2.611292 	 99633.328125 	 330.077637 
358 	 41.678688 	 283.323761 	 275.661652 	 2.324962 	 99229.179688 	 334.351532 
359 	 41.678688 	 283.323761 	 275.402252 	 3.052075 	 98847.687500 	 362.814301 
360 	 41.678688 	 283.323761 	 272.615753 	 3.158210 	 99011.250000 	 328.957581 
361 	 41.678688 	 283.323761 	 270.088165 	 1.767445 	 99392.171875 	 343.545776 
362 	 41.678688 	 283.323761 	 268.772980 	 2.068355 	 99538.593750 	 325.357880 
363 	 41.678688 	 283.323761 	 267.675507 	 1.866913 	 100260.398438 	 297.722137 
364 	 41.678688 	 283.323761 	 271.491272 	 3.295830 	 99210.132812 	 280.556213 
