# 0: Day of Year [-] 	 1: lat [deg] 	 2: lon [deg] 	 3: tas [K] 	 4: sfcWind [m s-1] 	 5: ps [Pa] 	 6: Total Downwelling Rad Flux [W m-2] 
0 	 41.678688 	 283.323761 	 273.178345 	 2.833535 	 98412.226562 	 329.628357 
1 	 41.678688 	 283.323761 	 271.617462 	 1.504585 	 99059.203125 	 307.124207 
2 	 41.678688 	 283.323761 	 274.422119 	 3.468718 	 96402.617188 	 325.531342 
3 	 41.678688 	 283.323761 	 271.831696 	 6.102463 	 95793.750000 	 344.483154 
4 	 41.678688 	 283.323761 	 271.356659 	 3.901768 	 97710.273438 	 300.594666 
5 	 41.678688 	 283.323761 	 274.381805 	 4.734510 	 96386.320312 	 352.820129 
6 	 41.678688 	 283.323761 	 269.290192 	 5.058696 	 97466.476562 	 315.923370 
7 	 41.678688 	 283.323761 	 270.518158 	 2.075049 	 98701.398438 	 319.464722 
8 	 41.678688 	 283.323761 	 277.266113 	 3.124563 	 97246.203125 	 363.284119 
9 	 41.678688 	 283.323761 	 269.952942 	 3.669380 	 97204.968750 	 325.446411 
10 	 41.678688 	 283.323761 	 268.662323 	 3.587064 	 97522.601562 	 341.200806 
11 	 41.678688 	 283.323761 	 268.750885 	 3.541222 	 98074.320312 	 327.271973 
12 	 41.678688 	 283.323761 	 269.583405 	 2.312453 	 99408.109375 	 318.128754 
13 	 41.678688 	 283.323761 	 273.546783 	 2.528288 	 99693.726562 	 331.256683 
14 	 41.678688 	 283.323761 	 273.812592 	 2.665648 	 100077.500000 	 356.183594 
15 	 41.678688 	 283.323761 	 281.224243 	 4.627219 	 98878.156250 	 360.377228 
16 	 41.678688 	 283.323761 	 280.299500 	 4.995947 	 97109.570312 	 379.403137 
17 	 41.678688 	 283.323761 	 268.704803 	 4.690404 	 98000.046875 	 301.668671 
18 	 41.678688 	 283.323761 	 267.980133 	 3.196092 	 98363.539062 	 322.122803 
19 	 41.678688 	 283.323761 	 268.751129 	 1.615994 	 98274.062500 	 316.347076 
20 	 41.678688 	 283.323761 	 269.608307 	 1.957786 	 98938.992188 	 367.634155 
21 	 41.678688 	 283.323761 	 272.641174 	 3.383440 	 99915.476562 	 337.662354 
22 	 41.678688 	 283.323761 	 279.992004 	 2.574973 	 99269.921875 	 365.564819 
23 	 41.678688 	 283.323761 	 278.487213 	 1.577090 	 99023.562500 	 366.725769 
24 	 41.678688 	 283.323761 	 275.838806 	 2.019464 	 99527.539062 	 369.837952 
25 	 41.678688 	 283.323761 	 277.082886 	 1.738447 	 99914.296875 	 364.850098 
26 	 41.678688 	 283.323761 	 277.489838 	 1.480784 	 99856.703125 	 370.949127 
27 	 41.678688 	 283.323761 	 276.989197 	 1.007769 	 99716.937500 	 376.818298 
28 	 41.678688 	 283.323761 	 276.837708 	 2.137855 	 99201.328125 	 348.255829 
29 	 41.678688 	 283.323761 	 276.957703 	 3.574302 	 98096.296875 	 355.046356 
30 	 41.678688 	 283.323761 	 273.740021 	 2.760271 	 98433.570312 	 396.802307 
31 	 41.678688 	 283.323761 	 272.543152 	 3.159823 	 98103.046875 	 361.207916 
32 	 41.678688 	 283.323761 	 269.275452 	 3.230296 	 98189.929688 	 338.576599 
33 	 41.678688 	 283.323761 	 268.062256 	 2.639399 	 99150.218750 	 342.685486 
34 	 41.678688 	 283.323761 	 273.176910 	 2.439805 	 98306.343750 	 371.850281 
35 	 41.678688 	 283.323761 	 270.306488 	 2.993829 	 98072.523438 	 375.316864 
36 	 41.678688 	 283.323761 	 267.215393 	 3.409719 	 98677.062500 	 339.907898 
37 	 41.678688 	 283.323761 	 268.616486 	 2.400758 	 99216.328125 	 348.182343 
38 	 41.678688 	 283.323761 	 275.761261 	 2.998698 	 98984.078125 	 373.840027 
39 	 41.678688 	 283.323761 	 277.724121 	 1.409628 	 99174.656250 	 386.071716 
40 	 41.678688 	 283.323761 	 278.749908 	 2.066719 	 98869.781250 	 384.492188 
41 	 41.678688 	 283.323761 	 277.186218 	 1.371583 	 98627.289062 	 349.671204 
42 	 41.678688 	 283.323761 	 274.933685 	 2.678636 	 97753.812500 	 335.833374 
43 	 41.678688 	 283.323761 	 271.911346 	 4.150401 	 97530.773438 	 416.926392 
44 	 41.678688 	 283.323761 	 272.392273 	 3.023060 	 98862.226562 	 383.474609 
45 	 41.678688 	 283.323761 	 278.164185 	 4.120180 	 98517.953125 	 344.337585 
46 	 41.678688 	 283.323761 	 279.603271 	 4.711290 	 96923.757812 	 411.551575 
47 	 41.678688 	 283.323761 	 272.657288 	 2.997491 	 98661.523438 	 392.513733 
48 	 41.678688 	 283.323761 	 269.939575 	 4.798300 	 98724.601562 	 417.479797 
49 	 41.678688 	 283.323761 	 267.598358 	 3.875743 	 99769.273438 	 377.925415 
50 	 41.678688 	 283.323761 	 274.984406 	 1.594801 	 99742.046875 	 407.366333 
51 	 41.678688 	 283.323761 	 275.969757 	 1.276481 	 99374.507812 	 406.682861 
52 	 41.678688 	 283.323761 	 281.567841 	 3.538445 	 98805.929688 	 420.106079 
53 	 41.678688 	 283.323761 	 277.866394 	 6.668292 	 97823.210938 	 367.235626 
54 	 41.678688 	 283.323761 	 278.920593 	 2.909068 	 97000.882812 	 348.728607 
55 	 41.678688 	 283.323761 	 279.629944 	 2.901693 	 97234.109375 	 355.268250 
56 	 41.678688 	 283.323761 	 277.320618 	 1.247054 	 98116.226562 	 347.844147 
57 	 41.678688 	 283.323761 	 276.465881 	 1.887503 	 98936.039062 	 355.337402 
58 	 41.678688 	 283.323761 	 276.888855 	 4.213576 	 98263.218750 	 369.673706 
59 	 41.678688 	 283.323761 	 273.274261 	 6.183939 	 96767.773438 	 356.231567 
60 	 41.678688 	 283.323761 	 275.248993 	 3.282353 	 98073.507812 	 418.368774 
61 	 41.678688 	 283.323761 	 274.738556 	 1.964135 	 98731.406250 	 377.804993 
62 	 41.678688 	 283.323761 	 276.485138 	 2.167818 	 98078.093750 	 398.488220 
63 	 41.678688 	 283.323761 	 279.444855 	 3.119738 	 98290.429688 	 452.027557 
64 	 41.678688 	 283.323761 	 282.305786 	 3.645193 	 97741.273438 	 466.501526 
65 	 41.678688 	 283.323761 	 281.270142 	 3.607836 	 98044.718750 	 441.742188 
66 	 41.678688 	 283.323761 	 284.029419 	 3.736485 	 97249.039062 	 405.436890 
67 	 41.678688 	 283.323761 	 282.876862 	 3.393503 	 97568.382812 	 489.963867 
68 	 41.678688 	 283.323761 	 275.899811 	 2.798690 	 99023.226562 	 489.174225 
69 	 41.678688 	 283.323761 	 278.552856 	 5.415680 	 99371.156250 	 396.934540 
70 	 41.678688 	 283.323761 	 287.155029 	 6.249522 	 97656.890625 	 531.665405 
71 	 41.678688 	 283.323761 	 278.980560 	 2.441166 	 98319.320312 	 370.574646 
72 	 41.678688 	 283.323761 	 278.701782 	 2.062900 	 96933.773438 	 387.624939 
73 	 41.678688 	 283.323761 	 269.944397 	 5.171313 	 96156.859375 	 372.371582 
74 	 41.678688 	 283.323761 	 271.699188 	 4.445954 	 97999.226562 	 466.515869 
75 	 41.678688 	 283.323761 	 274.598694 	 2.548548 	 99247.390625 	 439.782959 
76 	 41.678688 	 283.323761 	 279.685089 	 4.110970 	 98679.140625 	 439.645660 
77 	 41.678688 	 283.323761 	 277.462036 	 3.926607 	 98264.500000 	 424.143097 
78 	 41.678688 	 283.323761 	 277.423828 	 2.538649 	 99413.023438 	 504.580994 
79 	 41.678688 	 283.323761 	 280.824890 	 5.663727 	 99536.359375 	 435.307312 
80 	 41.678688 	 283.323761 	 285.478180 	 6.964004 	 98744.226562 	 462.469391 
81 	 41.678688 	 283.323761 	 281.856750 	 2.753676 	 99136.671875 	 511.722656 
82 	 41.678688 	 283.323761 	 278.587585 	 1.715801 	 99859.210938 	 507.144653 
83 	 41.678688 	 283.323761 	 285.357605 	 5.684141 	 99523.523438 	 464.786682 
84 	 41.678688 	 283.323761 	 286.151611 	 4.767105 	 98859.406250 	 491.205017 
85 	 41.678688 	 283.323761 	 275.477539 	 3.869018 	 99650.273438 	 495.533539 
86 	 41.678688 	 283.323761 	 277.538147 	 3.569367 	 99851.046875 	 478.575531 
87 	 41.678688 	 283.323761 	 282.190765 	 5.136827 	 99287.117188 	 426.028748 
88 	 41.678688 	 283.323761 	 279.554626 	 3.245504 	 99112.148438 	 511.162354 
89 	 41.678688 	 283.323761 	 278.427185 	 1.960398 	 99307.640625 	 480.072968 
90 	 41.678688 	 283.323761 	 285.233612 	 2.000036 	 99030.031250 	 568.548401 
91 	 41.678688 	 283.323761 	 285.394806 	 3.909599 	 99147.773438 	 437.440460 
92 	 41.678688 	 283.323761 	 291.857208 	 4.266246 	 98145.382812 	 592.109131 
93 	 41.678688 	 283.323761 	 290.898651 	 3.163766 	 98468.906250 	 464.598999 
94 	 41.678688 	 283.323761 	 294.594543 	 4.395327 	 98015.468750 	 485.988953 
95 	 41.678688 	 283.323761 	 292.374359 	 4.756254 	 97763.250000 	 462.812988 
96 	 41.678688 	 283.323761 	 285.930542 	 5.667592 	 96593.843750 	 414.000183 
97 	 41.678688 	 283.323761 	 279.860840 	 2.541077 	 97752.187500 	 425.605835 
98 	 41.678688 	 283.323761 	 275.895447 	 6.032627 	 97242.289062 	 536.744934 
99 	 41.678688 	 283.323761 	 275.871521 	 3.589632 	 98108.828125 	 528.193481 
100 	 41.678688 	 283.323761 	 283.475861 	 3.182765 	 98075.070312 	 589.746643 
101 	 41.678688 	 283.323761 	 282.435516 	 1.845243 	 99083.117188 	 560.088867 
102 	 41.678688 	 283.323761 	 287.752533 	 3.513993 	 99414.296875 	 484.775879 
103 	 41.678688 	 283.323761 	 288.207458 	 1.721794 	 99777.757812 	 429.095642 
104 	 41.678688 	 283.323761 	 290.153351 	 1.952782 	 100055.203125 	 575.614868 
105 	 41.678688 	 283.323761 	 288.500702 	 2.879100 	 99640.492188 	 517.174316 
106 	 41.678688 	 283.323761 	 288.495056 	 2.605810 	 98900.671875 	 542.192505 
107 	 41.678688 	 283.323761 	 289.213776 	 1.897733 	 98670.148438 	 501.902344 
108 	 41.678688 	 283.323761 	 290.010864 	 2.666493 	 98569.562500 	 576.887085 
109 	 41.678688 	 283.323761 	 291.123322 	 5.108499 	 98298.210938 	 515.379639 
110 	 41.678688 	 283.323761 	 288.032837 	 3.667203 	 97745.390625 	 629.694885 
111 	 41.678688 	 283.323761 	 282.095703 	 2.823368 	 98010.507812 	 523.209351 
112 	 41.678688 	 283.323761 	 281.183777 	 2.961526 	 98026.750000 	 587.015747 
113 	 41.678688 	 283.323761 	 279.080383 	 2.503967 	 98152.468750 	 534.712280 
114 	 41.678688 	 283.323761 	 280.334595 	 2.093666 	 98436.398438 	 579.335083 
115 	 41.678688 	 283.323761 	 281.180817 	 3.816362 	 97559.609375 	 473.984070 
116 	 41.678688 	 283.323761 	 279.558075 	 3.325094 	 97303.351562 	 453.182922 
117 	 41.678688 	 283.323761 	 281.602264 	 3.049219 	 98119.187500 	 539.291138 
118 	 41.678688 	 283.323761 	 284.955261 	 3.285857 	 98410.281250 	 449.621887 
119 	 41.678688 	 283.323761 	 285.312103 	 4.592734 	 98277.312500 	 589.303345 
120 	 41.678688 	 283.323761 	 283.494751 	 1.437362 	 99112.382812 	 594.520569 
121 	 41.678688 	 283.323761 	 289.653412 	 3.831409 	 98418.179688 	 581.546570 
122 	 41.678688 	 283.323761 	 289.271637 	 1.847420 	 98295.609375 	 610.441711 
123 	 41.678688 	 283.323761 	 289.838440 	 1.803987 	 98182.046875 	 586.563110 
124 	 41.678688 	 283.323761 	 287.644318 	 1.662660 	 98742.703125 	 546.840576 
125 	 41.678688 	 283.323761 	 292.944611 	 2.496589 	 98812.156250 	 626.619507 
126 	 41.678688 	 283.323761 	 295.915985 	 3.083754 	 99151.992188 	 685.519409 
127 	 41.678688 	 283.323761 	 296.402710 	 3.053765 	 99051.812500 	 658.280640 
128 	 41.678688 	 283.323761 	 293.314850 	 3.592806 	 98456.023438 	 604.267029 
129 	 41.678688 	 283.323761 	 287.104645 	 3.053182 	 98477.226562 	 630.065063 
130 	 41.678688 	 283.323761 	 286.312622 	 4.231816 	 98488.710938 	 629.012329 
131 	 41.678688 	 283.323761 	 289.179657 	 2.191533 	 98915.437500 	 638.815552 
132 	 41.678688 	 283.323761 	 291.756195 	 4.033010 	 97946.382812 	 500.344177 
133 	 41.678688 	 283.323761 	 282.296722 	 3.505882 	 98837.429688 	 620.097656 
134 	 41.678688 	 283.323761 	 280.907928 	 2.071551 	 99475.828125 	 580.842896 
135 	 41.678688 	 283.323761 	 281.284882 	 1.301469 	 99608.898438 	 560.656372 
136 	 41.678688 	 283.323761 	 281.888458 	 2.100315 	 99796.523438 	 592.149719 
137 	 41.678688 	 283.323761 	 283.396332 	 2.202676 	 99844.992188 	 633.316711 
138 	 41.678688 	 283.323761 	 289.762146 	 4.296762 	 99071.492188 	 591.879822 
139 	 41.678688 	 283.323761 	 294.020844 	 2.629596 	 98916.078125 	 665.075684 
140 	 41.678688 	 283.323761 	 294.932068 	 2.719802 	 98928.773438 	 644.874878 
141 	 41.678688 	 283.323761 	 295.645905 	 4.056343 	 98634.617188 	 689.330750 
142 	 41.678688 	 283.323761 	 294.900299 	 4.807495 	 98094.453125 	 565.566711 
143 	 41.678688 	 283.323761 	 287.171539 	 3.769723 	 98662.101562 	 557.183472 
144 	 41.678688 	 283.323761 	 285.656982 	 1.556797 	 99688.703125 	 640.740234 
145 	 41.678688 	 283.323761 	 288.862640 	 3.320052 	 99616.703125 	 596.369263 
146 	 41.678688 	 283.323761 	 293.672638 	 3.919321 	 98849.539062 	 647.857361 
147 	 41.678688 	 283.323761 	 294.276550 	 2.786990 	 98130.367188 	 598.135254 
148 	 41.678688 	 283.323761 	 290.729431 	 3.805238 	 98145.359375 	 643.362915 
149 	 41.678688 	 283.323761 	 291.399719 	 2.119593 	 98912.000000 	 674.216248 
150 	 41.678688 	 283.323761 	 295.274323 	 3.327326 	 98586.117188 	 666.072144 
151 	 41.678688 	 283.323761 	 296.459076 	 2.813298 	 98356.023438 	 702.987549 
152 	 41.678688 	 283.323761 	 296.873657 	 3.269379 	 98155.367188 	 658.120911 
153 	 41.678688 	 283.323761 	 292.481567 	 2.775609 	 99190.328125 	 698.527222 
154 	 41.678688 	 283.323761 	 291.535767 	 1.482628 	 99446.078125 	 678.965088 
155 	 41.678688 	 283.323761 	 291.757965 	 1.361526 	 99430.117188 	 685.570618 
156 	 41.678688 	 283.323761 	 292.614594 	 2.994729 	 98769.882812 	 689.823975 
157 	 41.678688 	 283.323761 	 294.148682 	 4.137189 	 98328.328125 	 685.178467 
158 	 41.678688 	 283.323761 	 295.879425 	 3.521888 	 98221.859375 	 647.420776 
159 	 41.678688 	 283.323761 	 293.495056 	 2.328913 	 98085.281250 	 689.738281 
160 	 41.678688 	 283.323761 	 292.340729 	 0.938733 	 98478.296875 	 691.222046 
161 	 41.678688 	 283.323761 	 295.686127 	 2.415674 	 98476.500000 	 703.028687 
162 	 41.678688 	 283.323761 	 295.653351 	 1.210066 	 98479.500000 	 699.769714 
163 	 41.678688 	 283.323761 	 294.866058 	 1.248472 	 98831.031250 	 688.963196 
164 	 41.678688 	 283.323761 	 295.872437 	 1.971597 	 98934.750000 	 627.534668 
165 	 41.678688 	 283.323761 	 297.426575 	 2.031162 	 98918.726562 	 724.014038 
166 	 41.678688 	 283.323761 	 299.390686 	 3.662004 	 98323.218750 	 686.596558 
167 	 41.678688 	 283.323761 	 295.895813 	 3.433842 	 98342.101562 	 698.752319 
168 	 41.678688 	 283.323761 	 292.182648 	 2.448790 	 98930.406250 	 680.301758 
169 	 41.678688 	 283.323761 	 293.214539 	 1.739800 	 99198.367188 	 668.013184 
170 	 41.678688 	 283.323761 	 294.593109 	 2.615994 	 99008.382812 	 523.525879 
171 	 41.678688 	 283.323761 	 292.162140 	 2.146083 	 98605.289062 	 548.612915 
172 	 41.678688 	 283.323761 	 294.944000 	 0.903529 	 98363.023438 	 708.838135 
173 	 41.678688 	 283.323761 	 297.595245 	 1.802164 	 98137.921875 	 727.410034 
174 	 41.678688 	 283.323761 	 298.285278 	 1.540607 	 98417.828125 	 721.829834 
175 	 41.678688 	 283.323761 	 298.923523 	 1.819243 	 98562.218750 	 725.018555 
176 	 41.678688 	 283.323761 	 299.612671 	 3.649576 	 98072.843750 	 730.558960 
177 	 41.678688 	 283.323761 	 301.458435 	 2.921679 	 97838.578125 	 752.368347 
178 	 41.678688 	 283.323761 	 301.364532 	 1.976965 	 98221.421875 	 747.606445 
179 	 41.678688 	 283.323761 	 300.708008 	 2.201860 	 98516.703125 	 732.630737 
180 	 41.678688 	 283.323761 	 297.146942 	 2.949439 	 99003.453125 	 694.073608 
181 	 41.678688 	 283.323761 	 296.808105 	 2.792701 	 98989.242188 	 621.230164 
182 	 41.678688 	 283.323761 	 297.455139 	 3.441583 	 98731.187500 	 651.483948 
183 	 41.678688 	 283.323761 	 299.037842 	 3.691911 	 98136.421875 	 679.296509 
184 	 41.678688 	 283.323761 	 297.597717 	 2.608067 	 98248.031250 	 675.962524 
185 	 41.678688 	 283.323761 	 298.158844 	 1.733125 	 98641.523438 	 671.500732 
186 	 41.678688 	 283.323761 	 300.294678 	 2.118643 	 98614.000000 	 714.997559 
187 	 41.678688 	 283.323761 	 303.524506 	 2.998478 	 98308.046875 	 747.965393 
188 	 41.678688 	 283.323761 	 303.802521 	 2.670567 	 98376.398438 	 739.762268 
189 	 41.678688 	 283.323761 	 302.941010 	 2.392163 	 98477.968750 	 747.812805 
190 	 41.678688 	 283.323761 	 305.114929 	 3.316772 	 98287.296875 	 749.927429 
191 	 41.678688 	 283.323761 	 302.730042 	 2.938886 	 98128.406250 	 730.952209 
192 	 41.678688 	 283.323761 	 302.421173 	 2.760154 	 98281.148438 	 703.464783 
193 	 41.678688 	 283.323761 	 303.158691 	 3.299217 	 98184.960938 	 722.447998 
194 	 41.678688 	 283.323761 	 302.384766 	 2.368805 	 98275.382812 	 674.121460 
195 	 41.678688 	 283.323761 	 297.330994 	 2.663567 	 98462.773438 	 569.263000 
196 	 41.678688 	 283.323761 	 298.702484 	 3.507931 	 98354.843750 	 710.294189 
197 	 41.678688 	 283.323761 	 298.636841 	 1.235564 	 98424.890625 	 686.404419 
198 	 41.678688 	 283.323761 	 298.244812 	 1.584888 	 98533.218750 	 622.425049 
199 	 41.678688 	 283.323761 	 295.157593 	 2.218812 	 98959.976562 	 670.433228 
200 	 41.678688 	 283.323761 	 295.563568 	 1.531912 	 99242.820312 	 668.814819 
201 	 41.678688 	 283.323761 	 297.340088 	 1.946626 	 99246.507812 	 674.908997 
202 	 41.678688 	 283.323761 	 295.645538 	 2.257234 	 99203.078125 	 594.320801 
203 	 41.678688 	 283.323761 	 298.535278 	 2.781004 	 99028.031250 	 673.234619 
204 	 41.678688 	 283.323761 	 300.023254 	 2.281742 	 98745.468750 	 716.972290 
205 	 41.678688 	 283.323761 	 301.322296 	 2.228168 	 98574.593750 	 712.237549 
206 	 41.678688 	 283.323761 	 301.748657 	 1.441834 	 98858.750000 	 721.789856 
207 	 41.678688 	 283.323761 	 300.202362 	 2.663528 	 99229.796875 	 666.320312 
208 	 41.678688 	 283.323761 	 299.400909 	 3.060645 	 98864.882812 	 709.390930 
209 	 41.678688 	 283.323761 	 296.306244 	 3.179522 	 98622.742188 	 629.674561 
210 	 41.678688 	 283.323761 	 291.405518 	 2.921927 	 99072.992188 	 662.027222 
211 	 41.678688 	 283.323761 	 291.606659 	 0.946882 	 99375.500000 	 663.112183 
212 	 41.678688 	 283.323761 	 292.707428 	 0.551209 	 99080.171875 	 673.049500 
213 	 41.678688 	 283.323761 	 296.579742 	 1.844928 	 98486.078125 	 684.061462 
214 	 41.678688 	 283.323761 	 297.877258 	 2.687670 	 98170.273438 	 652.429443 
215 	 41.678688 	 283.323761 	 291.687897 	 2.997239 	 98553.671875 	 502.710968 
216 	 41.678688 	 283.323761 	 290.571350 	 2.286259 	 98698.562500 	 648.760437 
217 	 41.678688 	 283.323761 	 292.005066 	 1.855141 	 98658.976562 	 627.468384 
218 	 41.678688 	 283.323761 	 296.247772 	 4.586090 	 98128.343750 	 594.202393 
219 	 41.678688 	 283.323761 	 296.928284 	 3.305695 	 98175.953125 	 685.425659 
220 	 41.678688 	 283.323761 	 298.291290 	 3.476655 	 98489.742188 	 614.677124 
221 	 41.678688 	 283.323761 	 296.277191 	 3.043553 	 98271.476562 	 677.367310 
222 	 41.678688 	 283.323761 	 291.959106 	 1.826910 	 98931.617188 	 645.297119 
223 	 41.678688 	 283.323761 	 292.447937 	 1.226318 	 99050.507812 	 648.527588 
224 	 41.678688 	 283.323761 	 295.280273 	 1.750951 	 98558.601562 	 575.794434 
225 	 41.678688 	 283.323761 	 294.408203 	 3.407043 	 97979.929688 	 638.824341 
226 	 41.678688 	 283.323761 	 289.516815 	 2.146989 	 98804.843750 	 633.759277 
227 	 41.678688 	 283.323761 	 291.182068 	 1.047204 	 99070.039062 	 640.845581 
228 	 41.678688 	 283.323761 	 294.911591 	 1.190053 	 99141.882812 	 644.218140 
229 	 41.678688 	 283.323761 	 296.504852 	 0.893312 	 99204.328125 	 643.373413 
230 	 41.678688 	 283.323761 	 294.480743 	 1.364389 	 98823.398438 	 480.456726 
231 	 41.678688 	 283.323761 	 295.052460 	 1.096914 	 98445.679688 	 589.433838 
232 	 41.678688 	 283.323761 	 295.622650 	 1.505431 	 98565.726562 	 635.410034 
233 	 41.678688 	 283.323761 	 295.742340 	 2.093592 	 98466.906250 	 640.349670 
234 	 41.678688 	 283.323761 	 294.463348 	 2.575253 	 98446.781250 	 647.520935 
235 	 41.678688 	 283.323761 	 291.871368 	 1.223764 	 98998.531250 	 624.007202 
236 	 41.678688 	 283.323761 	 297.920837 	 2.383471 	 99052.726562 	 652.100586 
237 	 41.678688 	 283.323761 	 298.326355 	 2.941803 	 98943.976562 	 634.640625 
238 	 41.678688 	 283.323761 	 297.941254 	 2.953970 	 98589.750000 	 589.558350 
239 	 41.678688 	 283.323761 	 296.328796 	 1.495692 	 98118.617188 	 626.580200 
240 	 41.678688 	 283.323761 	 293.024109 	 3.214287 	 98239.023438 	 606.738220 
241 	 41.678688 	 283.323761 	 291.082123 	 1.482972 	 98812.226562 	 610.802368 
242 	 41.678688 	 283.323761 	 293.004913 	 1.399124 	 99167.187500 	 612.949158 
243 	 41.678688 	 283.323761 	 295.184143 	 2.488487 	 99340.953125 	 587.445862 
244 	 41.678688 	 283.323761 	 295.521606 	 2.423964 	 99267.609375 	 633.683899 
245 	 41.678688 	 283.323761 	 296.112640 	 2.709010 	 98899.273438 	 598.245911 
246 	 41.678688 	 283.323761 	 295.045624 	 3.188165 	 98575.843750 	 609.952271 
247 	 41.678688 	 283.323761 	 289.529724 	 1.375140 	 99043.906250 	 492.028748 
248 	 41.678688 	 283.323761 	 294.637421 	 1.889315 	 98304.726562 	 472.221008 
249 	 41.678688 	 283.323761 	 291.907013 	 2.132430 	 98140.539062 	 621.134033 
250 	 41.678688 	 283.323761 	 289.555237 	 2.790913 	 98610.710938 	 586.607422 
251 	 41.678688 	 283.323761 	 287.462494 	 0.908647 	 99220.523438 	 562.923218 
252 	 41.678688 	 283.323761 	 292.521606 	 3.595844 	 98736.156250 	 586.783447 
253 	 41.678688 	 283.323761 	 296.240387 	 3.465934 	 97975.757812 	 519.477966 
254 	 41.678688 	 283.323761 	 289.714905 	 3.011556 	 98651.429688 	 550.780640 
255 	 41.678688 	 283.323761 	 290.850250 	 1.469713 	 98931.656250 	 580.287903 
256 	 41.678688 	 283.323761 	 291.167938 	 1.138387 	 98972.007812 	 498.812805 
257 	 41.678688 	 283.323761 	 290.444977 	 2.380595 	 99057.406250 	 448.469574 
258 	 41.678688 	 283.323761 	 288.932922 	 2.140090 	 99328.507812 	 490.135468 
259 	 41.678688 	 283.323761 	 291.413391 	 2.694465 	 99346.710938 	 523.302185 
260 	 41.678688 	 283.323761 	 294.343140 	 2.659662 	 99329.476562 	 538.138367 
261 	 41.678688 	 283.323761 	 297.451233 	 2.811766 	 99013.101562 	 569.953491 
262 	 41.678688 	 283.323761 	 296.277130 	 2.046881 	 98977.492188 	 605.360840 
263 	 41.678688 	 283.323761 	 291.216583 	 1.401702 	 99246.859375 	 554.429565 
264 	 41.678688 	 283.323761 	 289.999542 	 0.775422 	 99284.476562 	 477.988281 
265 	 41.678688 	 283.323761 	 291.528625 	 1.111302 	 99359.000000 	 505.594666 
266 	 41.678688 	 283.323761 	 291.734283 	 1.200817 	 99121.906250 	 566.429810 
267 	 41.678688 	 283.323761 	 292.427155 	 2.531184 	 98735.296875 	 559.955627 
268 	 41.678688 	 283.323761 	 294.871124 	 2.251973 	 98416.312500 	 584.512085 
269 	 41.678688 	 283.323761 	 289.061584 	 2.903967 	 98888.617188 	 550.868530 
270 	 41.678688 	 283.323761 	 286.099518 	 0.986432 	 99146.523438 	 525.942017 
271 	 41.678688 	 283.323761 	 288.091919 	 0.484042 	 99194.031250 	 537.937012 
272 	 41.678688 	 283.323761 	 293.467560 	 1.877746 	 99292.789062 	 548.109985 
273 	 41.678688 	 283.323761 	 295.271851 	 2.051394 	 99285.750000 	 552.494629 
274 	 41.678688 	 283.323761 	 293.948090 	 1.720608 	 99339.468750 	 550.001221 
275 	 41.678688 	 283.323761 	 293.532379 	 1.311894 	 99341.453125 	 549.198914 
276 	 41.678688 	 283.323761 	 295.310120 	 2.059082 	 99218.539062 	 568.029114 
277 	 41.678688 	 283.323761 	 295.820129 	 2.282266 	 98917.218750 	 503.324646 
278 	 41.678688 	 283.323761 	 291.127472 	 3.393326 	 98067.453125 	 536.480713 
279 	 41.678688 	 283.323761 	 283.632172 	 3.569798 	 97784.812500 	 428.898376 
280 	 41.678688 	 283.323761 	 278.498718 	 3.375978 	 98363.671875 	 465.542297 
281 	 41.678688 	 283.323761 	 278.928436 	 1.746732 	 99300.812500 	 458.189087 
282 	 41.678688 	 283.323761 	 287.338379 	 2.608337 	 99280.859375 	 498.139099 
283 	 41.678688 	 283.323761 	 290.347137 	 1.995970 	 99159.507812 	 506.203308 
284 	 41.678688 	 283.323761 	 287.095734 	 2.998104 	 99982.960938 	 449.149231 
285 	 41.678688 	 283.323761 	 290.286896 	 4.817621 	 99208.273438 	 459.004608 
286 	 41.678688 	 283.323761 	 286.223328 	 2.882437 	 99317.398438 	 500.373840 
287 	 41.678688 	 283.323761 	 286.177612 	 1.662907 	 99288.750000 	 470.550171 
288 	 41.678688 	 283.323761 	 290.592621 	 2.371589 	 98719.312500 	 511.885620 
289 	 41.678688 	 283.323761 	 287.171997 	 3.221742 	 98766.929688 	 472.314941 
290 	 41.678688 	 283.323761 	 283.371368 	 2.103826 	 99780.093750 	 457.188110 
291 	 41.678688 	 283.323761 	 284.603851 	 1.437586 	 100071.203125 	 474.481354 
292 	 41.678688 	 283.323761 	 288.321167 	 2.126923 	 99665.140625 	 448.806824 
293 	 41.678688 	 283.323761 	 290.181335 	 2.227017 	 99255.453125 	 481.851074 
294 	 41.678688 	 283.323761 	 288.494354 	 2.834856 	 98922.828125 	 421.705078 
295 	 41.678688 	 283.323761 	 285.696716 	 1.707855 	 98849.640625 	 446.400818 
296 	 41.678688 	 283.323761 	 284.729523 	 1.192876 	 98776.968750 	 432.873596 
297 	 41.678688 	 283.323761 	 282.460327 	 2.510863 	 98551.656250 	 361.641510 
298 	 41.678688 	 283.323761 	 276.870972 	 3.981544 	 98844.851562 	 380.234283 
299 	 41.678688 	 283.323761 	 278.120544 	 1.916618 	 99303.453125 	 456.891174 
300 	 41.678688 	 283.323761 	 282.921173 	 1.531455 	 99326.648438 	 423.662079 
301 	 41.678688 	 283.323761 	 283.595734 	 2.741868 	 99320.820312 	 440.160095 
302 	 41.678688 	 283.323761 	 280.658203 	 1.448699 	 99766.992188 	 409.464874 
303 	 41.678688 	 283.323761 	 282.771027 	 2.874795 	 99359.562500 	 389.056152 
304 	 41.678688 	 283.323761 	 287.776489 	 2.541691 	 99102.023438 	 460.277679 
305 	 41.678688 	 283.323761 	 286.345795 	 1.670479 	 100373.898438 	 430.405090 
306 	 41.678688 	 283.323761 	 284.240845 	 3.073075 	 100516.203125 	 443.222321 
307 	 41.678688 	 283.323761 	 288.654724 	 2.286860 	 99587.179688 	 465.359436 
308 	 41.678688 	 283.323761 	 287.457031 	 1.784462 	 99221.718750 	 418.080109 
309 	 41.678688 	 283.323761 	 288.296234 	 3.206890 	 98596.710938 	 465.426239 
310 	 41.678688 	 283.323761 	 284.162140 	 2.214187 	 99303.906250 	 432.893372 
311 	 41.678688 	 283.323761 	 283.580505 	 3.514274 	 99443.976562 	 404.180664 
312 	 41.678688 	 283.323761 	 286.435577 	 2.838332 	 98669.640625 	 402.342255 
313 	 41.678688 	 283.323761 	 281.337189 	 1.776901 	 98837.281250 	 404.087128 
314 	 41.678688 	 283.323761 	 282.400940 	 2.499734 	 98873.476562 	 384.063995 
315 	 41.678688 	 283.323761 	 280.889557 	 3.047499 	 97278.179688 	 401.209961 
316 	 41.678688 	 283.323761 	 274.729401 	 5.322636 	 97024.617188 	 368.290344 
317 	 41.678688 	 283.323761 	 276.303497 	 3.850112 	 97658.132812 	 370.777863 
318 	 41.678688 	 283.323761 	 277.932281 	 2.039124 	 98359.703125 	 387.147461 
319 	 41.678688 	 283.323761 	 282.444000 	 3.952064 	 98408.156250 	 397.808929 
320 	 41.678688 	 283.323761 	 282.069397 	 5.352659 	 97641.742188 	 391.312958 
321 	 41.678688 	 283.323761 	 278.144287 	 2.095629 	 98566.953125 	 381.991150 
322 	 41.678688 	 283.323761 	 278.992279 	 2.711898 	 98372.382812 	 335.110840 
323 	 41.678688 	 283.323761 	 276.655243 	 2.289063 	 98610.039062 	 372.065918 
324 	 41.678688 	 283.323761 	 275.756805 	 3.186943 	 98857.351562 	 353.895874 
325 	 41.678688 	 283.323761 	 280.328003 	 4.712045 	 96691.906250 	 392.059570 
326 	 41.678688 	 283.323761 	 275.589569 	 4.343729 	 96961.539062 	 362.919189 
327 	 41.678688 	 283.323761 	 277.613892 	 4.245825 	 97711.257812 	 369.776154 
328 	 41.678688 	 283.323761 	 275.900452 	 4.131550 	 98224.976562 	 334.925659 
329 	 41.678688 	 283.323761 	 274.289001 	 2.142839 	 99031.070312 	 351.555481 
330 	 41.678688 	 283.323761 	 272.649872 	 2.303772 	 99310.882812 	 309.906708 
331 	 41.678688 	 283.323761 	 279.232788 	 1.746996 	 98957.968750 	 389.499542 
332 	 41.678688 	 283.323761 	 283.490509 	 3.576489 	 98960.523438 	 398.219604 
333 	 41.678688 	 283.323761 	 283.589386 	 4.817083 	 98549.273438 	 378.285950 
334 	 41.678688 	 283.323761 	 274.448212 	 3.387408 	 98842.843750 	 334.990601 
335 	 41.678688 	 283.323761 	 272.544769 	 5.156036 	 99119.710938 	 370.760834 
336 	 41.678688 	 283.323761 	 274.738129 	 3.693768 	 99253.843750 	 374.588989 
337 	 41.678688 	 283.323761 	 275.024353 	 0.928964 	 99052.601562 	 352.501740 
338 	 41.678688 	 283.323761 	 275.588776 	 1.587106 	 99187.117188 	 374.467163 
339 	 41.678688 	 283.323761 	 275.761780 	 2.495324 	 99599.109375 	 355.292542 
340 	 41.678688 	 283.323761 	 275.576630 	 2.433384 	 99533.406250 	 350.881561 
341 	 41.678688 	 283.323761 	 272.604370 	 1.854735 	 99680.953125 	 346.685699 
342 	 41.678688 	 283.323761 	 271.564270 	 1.358302 	 99459.351562 	 322.961975 
343 	 41.678688 	 283.323761 	 276.055847 	 1.723181 	 99207.773438 	 354.293335 
344 	 41.678688 	 283.323761 	 279.556976 	 2.108026 	 98782.117188 	 365.616974 
345 	 41.678688 	 283.323761 	 275.567627 	 3.853928 	 98443.632812 	 365.587799 
346 	 41.678688 	 283.323761 	 273.453339 	 2.718619 	 99128.062500 	 348.726685 
347 	 41.678688 	 283.323761 	 276.895721 	 3.039074 	 98950.273438 	 324.127869 
348 	 41.678688 	 283.323761 	 281.477448 	 4.984157 	 97605.523438 	 363.371887 
349 	 41.678688 	 283.323761 	 269.516937 	 5.084430 	 97242.062500 	 289.018707 
350 	 41.678688 	 283.323761 	 268.699921 	 4.397147 	 98313.296875 	 303.801025 
351 	 41.678688 	 283.323761 	 267.931213 	 1.460986 	 99502.960938 	 273.937286 
352 	 41.678688 	 283.323761 	 266.949646 	 5.303807 	 96039.656250 	 307.194244 
353 	 41.678688 	 283.323761 	 265.799866 	 6.707047 	 95466.398438 	 301.089996 
354 	 41.678688 	 283.323761 	 267.334381 	 4.121242 	 97957.382812 	 302.434052 
355 	 41.678688 	 283.323761 	 270.768250 	 3.769992 	 98387.031250 	 328.928802 
356 	 41.678688 	 283.323761 	 274.969025 	 2.865826 	 98176.273438 	 336.399078 
357 	 41.678688 	 283.323761 	 278.236420 	 1.711091 	 98381.898438 	 363.812592 
358 	 41.678688 	 283.323761 	 283.494141 	 5.020142 	 97977.742188 	 372.402222 
359 	 41.678688 	 283.323761 	 281.405701 	 2.874029 	 96902.226562 	 381.903870 
360 	 41.678688 	 283.323761 	 271.484924 	 2.258409 	 97618.046875 	 303.935852 
361 	 41.678688 	 283.323761 	 270.428192 	 2.216685 	 98486.023438 	 311.535736 
362 	 41.678688 	 283.323761 	 271.077057 	 1.890168 	 98875.148438 	 300.887787 
363 	 41.678688 	 283.323761 	 272.619385 	 2.743775 	 97892.226562 	 332.170380 
364 	 41.678688 	 283.323761 	 271.523529 	 2.666615 	 97170.093750 	 350.441406 
