# 0: Day of Year [-] 	 1: lat [deg] 	 2: lon [deg] 	 3: tas [K] 	 4: sfcWind [m s-1] 	 5: ps [Pa] 	 6: Total Downwelling Rad Flux [W m-2] 
0 	 41.678688 	 283.323761 	 274.967682 	 4.640430 	 98040.546875 	 326.108521 
1 	 41.678688 	 283.323761 	 276.123627 	 1.996280 	 98632.492188 	 329.639099 
2 	 41.678688 	 283.323761 	 272.637909 	 1.500363 	 99056.328125 	 319.067932 
3 	 41.678688 	 283.323761 	 277.644196 	 3.910896 	 97131.859375 	 349.889832 
4 	 41.678688 	 283.323761 	 271.848846 	 5.783489 	 95924.843750 	 315.510071 
5 	 41.678688 	 283.323761 	 270.884552 	 4.858405 	 96424.453125 	 338.546967 
6 	 41.678688 	 283.323761 	 269.954010 	 4.417036 	 97075.039062 	 347.017395 
7 	 41.678688 	 283.323761 	 269.172668 	 3.753960 	 98080.046875 	 313.534851 
8 	 41.678688 	 283.323761 	 270.014191 	 1.968580 	 97712.320312 	 299.429626 
9 	 41.678688 	 283.323761 	 266.976654 	 4.943149 	 96393.898438 	 336.950806 
10 	 41.678688 	 283.323761 	 269.784332 	 3.888226 	 97397.226562 	 321.293243 
11 	 41.678688 	 283.323761 	 273.057892 	 2.305671 	 98657.140625 	 334.310425 
12 	 41.678688 	 283.323761 	 271.371735 	 1.464277 	 99418.976562 	 332.494812 
13 	 41.678688 	 283.323761 	 280.769867 	 5.464862 	 96593.343750 	 359.500519 
14 	 41.678688 	 283.323761 	 270.067322 	 5.079041 	 94738.796875 	 332.214111 
15 	 41.678688 	 283.323761 	 265.450623 	 5.318019 	 96362.250000 	 331.668518 
16 	 41.678688 	 283.323761 	 264.854126 	 4.096217 	 97797.507812 	 312.576904 
17 	 41.678688 	 283.323761 	 271.990356 	 2.977125 	 98497.750000 	 348.404968 
18 	 41.678688 	 283.323761 	 278.279846 	 2.074328 	 98768.960938 	 348.662964 
19 	 41.678688 	 283.323761 	 276.873901 	 2.799657 	 98400.226562 	 344.500092 
20 	 41.678688 	 283.323761 	 265.587036 	 5.970158 	 96463.648438 	 359.431152 
21 	 41.678688 	 283.323761 	 261.029663 	 3.659268 	 97444.617188 	 299.784241 
22 	 41.678688 	 283.323761 	 267.234741 	 2.701396 	 98146.703125 	 338.836304 
23 	 41.678688 	 283.323761 	 271.515442 	 3.094965 	 98977.578125 	 352.747711 
24 	 41.678688 	 283.323761 	 280.116058 	 3.543002 	 98832.062500 	 345.922516 
25 	 41.678688 	 283.323761 	 282.116730 	 6.027135 	 96244.351562 	 361.918152 
26 	 41.678688 	 283.323761 	 271.121490 	 4.999885 	 96736.476562 	 343.530365 
27 	 41.678688 	 283.323761 	 270.871735 	 1.943871 	 99052.601562 	 352.845184 
28 	 41.678688 	 283.323761 	 271.820312 	 1.299754 	 99483.710938 	 354.976379 
29 	 41.678688 	 283.323761 	 273.443176 	 0.900032 	 99539.101562 	 369.140198 
30 	 41.678688 	 283.323761 	 275.086334 	 1.581526 	 99343.523438 	 377.004578 
31 	 41.678688 	 283.323761 	 276.217224 	 1.871503 	 98830.359375 	 382.570374 
32 	 41.678688 	 283.323761 	 277.818695 	 1.764010 	 98548.593750 	 349.635712 
33 	 41.678688 	 283.323761 	 279.514984 	 1.220518 	 98691.406250 	 413.638367 
34 	 41.678688 	 283.323761 	 279.149231 	 1.642097 	 98344.789062 	 357.925659 
35 	 41.678688 	 283.323761 	 279.651886 	 1.537326 	 97828.992188 	 359.645142 
36 	 41.678688 	 283.323761 	 277.290314 	 2.381866 	 97751.812500 	 386.663818 
37 	 41.678688 	 283.323761 	 274.986511 	 5.608444 	 97199.976562 	 354.479248 
38 	 41.678688 	 283.323761 	 273.733917 	 4.937885 	 96820.242188 	 383.147736 
39 	 41.678688 	 283.323761 	 273.504059 	 2.935572 	 97623.640625 	 409.102478 
40 	 41.678688 	 283.323761 	 273.348541 	 1.362946 	 97954.906250 	 370.358490 
41 	 41.678688 	 283.323761 	 271.658539 	 3.208613 	 98004.257812 	 370.357971 
42 	 41.678688 	 283.323761 	 269.938110 	 4.540123 	 97925.648438 	 399.242920 
43 	 41.678688 	 283.323761 	 270.503723 	 1.864919 	 98353.046875 	 318.156860 
44 	 41.678688 	 283.323761 	 271.801727 	 2.858209 	 97754.828125 	 387.443970 
45 	 41.678688 	 283.323761 	 273.002655 	 2.645085 	 98218.921875 	 391.987274 
46 	 41.678688 	 283.323761 	 271.005188 	 3.153263 	 98712.468750 	 354.054474 
47 	 41.678688 	 283.323761 	 270.601562 	 6.424065 	 97134.671875 	 351.761383 
48 	 41.678688 	 283.323761 	 273.647217 	 4.940085 	 96043.179688 	 410.221680 
49 	 41.678688 	 283.323761 	 273.709290 	 1.682442 	 96971.156250 	 411.060883 
50 	 41.678688 	 283.323761 	 273.712158 	 3.709587 	 96846.656250 	 394.371490 
51 	 41.678688 	 283.323761 	 274.906158 	 4.422266 	 97084.062500 	 443.764893 
52 	 41.678688 	 283.323761 	 275.367737 	 2.258064 	 97763.039062 	 376.768372 
53 	 41.678688 	 283.323761 	 275.719696 	 2.299301 	 97842.757812 	 373.090515 
54 	 41.678688 	 283.323761 	 274.809723 	 3.791624 	 98501.437500 	 407.713257 
55 	 41.678688 	 283.323761 	 273.979034 	 2.702448 	 99512.507812 	 405.798035 
56 	 41.678688 	 283.323761 	 274.149048 	 1.789724 	 99707.031250 	 386.069763 
57 	 41.678688 	 283.323761 	 275.229156 	 1.684719 	 99701.382812 	 459.248230 
58 	 41.678688 	 283.323761 	 276.870972 	 0.999352 	 99144.070312 	 450.600830 
59 	 41.678688 	 283.323761 	 277.928619 	 2.446212 	 97549.117188 	 333.372284 
60 	 41.678688 	 283.323761 	 273.627533 	 4.968285 	 97073.906250 	 453.446594 
61 	 41.678688 	 283.323761 	 272.981750 	 4.835863 	 97531.671875 	 460.231079 
62 	 41.678688 	 283.323761 	 269.593933 	 3.700269 	 98770.773438 	 417.131958 
63 	 41.678688 	 283.323761 	 281.063690 	 4.144377 	 98441.398438 	 465.954651 
64 	 41.678688 	 283.323761 	 284.155060 	 3.842548 	 98655.273438 	 415.607788 
65 	 41.678688 	 283.323761 	 277.616425 	 2.170438 	 100176.296875 	 463.438629 
66 	 41.678688 	 283.323761 	 281.063019 	 3.836387 	 100195.796875 	 407.282074 
67 	 41.678688 	 283.323761 	 285.716736 	 3.701824 	 99817.226562 	 431.704529 
68 	 41.678688 	 283.323761 	 288.545441 	 5.232789 	 99486.289062 	 440.144653 
69 	 41.678688 	 283.323761 	 289.384308 	 5.687342 	 98776.687500 	 440.041199 
70 	 41.678688 	 283.323761 	 288.374573 	 2.936837 	 98299.976562 	 540.495361 
71 	 41.678688 	 283.323761 	 285.953156 	 1.715357 	 98479.429688 	 519.938782 
72 	 41.678688 	 283.323761 	 285.818817 	 2.957124 	 98006.890625 	 454.199066 
73 	 41.678688 	 283.323761 	 280.180420 	 4.724557 	 97641.640625 	 479.499542 
74 	 41.678688 	 283.323761 	 275.088165 	 2.868542 	 98429.039062 	 414.134033 
75 	 41.678688 	 283.323761 	 281.447998 	 3.574574 	 98422.156250 	 475.177765 
76 	 41.678688 	 283.323761 	 284.963684 	 2.962368 	 96957.523438 	 506.557434 
77 	 41.678688 	 283.323761 	 277.239716 	 4.432587 	 95662.320312 	 420.044495 
78 	 41.678688 	 283.323761 	 277.794342 	 5.390383 	 96821.476562 	 500.952271 
79 	 41.678688 	 283.323761 	 282.046967 	 2.811210 	 98274.117188 	 491.082397 
80 	 41.678688 	 283.323761 	 285.511444 	 3.320277 	 98079.703125 	 453.902374 
81 	 41.678688 	 283.323761 	 281.367889 	 2.642950 	 98108.156250 	 488.870697 
82 	 41.678688 	 283.323761 	 277.655670 	 2.397222 	 97998.632812 	 361.562988 
83 	 41.678688 	 283.323761 	 273.169312 	 6.678117 	 97224.453125 	 511.696411 
84 	 41.678688 	 283.323761 	 273.872192 	 3.292217 	 98602.328125 	 478.800537 
85 	 41.678688 	 283.323761 	 277.446594 	 1.252489 	 99196.343750 	 510.369751 
86 	 41.678688 	 283.323761 	 281.912109 	 2.062300 	 99450.343750 	 529.480713 
87 	 41.678688 	 283.323761 	 283.955902 	 3.370399 	 98999.328125 	 484.519348 
88 	 41.678688 	 283.323761 	 284.720703 	 3.232520 	 98403.390625 	 380.970032 
89 	 41.678688 	 283.323761 	 280.975128 	 3.028587 	 98084.187500 	 400.772583 
90 	 41.678688 	 283.323761 	 277.235504 	 3.849446 	 98620.937500 	 523.339355 
91 	 41.678688 	 283.323761 	 277.059662 	 2.142894 	 98601.046875 	 389.257629 
92 	 41.678688 	 283.323761 	 279.344360 	 2.559401 	 97929.539062 	 437.137329 
93 	 41.678688 	 283.323761 	 277.482758 	 4.376912 	 97279.429688 	 506.436798 
94 	 41.678688 	 283.323761 	 279.488434 	 4.018859 	 97970.039062 	 448.233093 
95 	 41.678688 	 283.323761 	 282.156433 	 1.839417 	 98534.882812 	 507.135651 
96 	 41.678688 	 283.323761 	 282.466980 	 3.209834 	 98523.796875 	 392.977905 
97 	 41.678688 	 283.323761 	 284.334869 	 3.768505 	 97784.421875 	 430.812408 
98 	 41.678688 	 283.323761 	 282.181915 	 3.341350 	 97293.890625 	 419.351013 
99 	 41.678688 	 283.323761 	 282.145813 	 2.069374 	 97708.453125 	 510.164612 
100 	 41.678688 	 283.323761 	 282.893372 	 2.317603 	 97527.820312 	 392.443268 
101 	 41.678688 	 283.323761 	 283.325836 	 4.559317 	 96515.632812 	 455.493042 
102 	 41.678688 	 283.323761 	 282.372711 	 3.947925 	 97626.546875 	 460.886017 
103 	 41.678688 	 283.323761 	 282.582153 	 2.559420 	 98690.492188 	 563.434631 
104 	 41.678688 	 283.323761 	 283.830933 	 3.424741 	 99123.906250 	 550.182983 
105 	 41.678688 	 283.323761 	 283.447388 	 1.953583 	 99321.156250 	 571.107910 
106 	 41.678688 	 283.323761 	 284.638824 	 3.340026 	 99416.898438 	 461.466278 
107 	 41.678688 	 283.323761 	 289.130035 	 2.711685 	 99212.007812 	 526.052551 
108 	 41.678688 	 283.323761 	 290.036987 	 1.224014 	 99146.656250 	 532.359009 
109 	 41.678688 	 283.323761 	 291.341888 	 1.434109 	 99112.812500 	 632.583496 
110 	 41.678688 	 283.323761 	 293.563843 	 3.131653 	 98714.179688 	 610.614380 
111 	 41.678688 	 283.323761 	 293.002594 	 3.456933 	 98370.859375 	 638.819580 
112 	 41.678688 	 283.323761 	 290.111359 	 1.702590 	 98921.343750 	 616.833862 
113 	 41.678688 	 283.323761 	 293.998993 	 4.455585 	 98514.437500 	 586.531799 
114 	 41.678688 	 283.323761 	 290.538177 	 3.050546 	 98339.710938 	 566.292236 
115 	 41.678688 	 283.323761 	 283.793945 	 3.354047 	 98783.226562 	 469.544495 
116 	 41.678688 	 283.323761 	 281.128510 	 3.635286 	 98648.070312 	 376.687988 
117 	 41.678688 	 283.323761 	 283.514465 	 2.730817 	 98351.843750 	 589.096924 
118 	 41.678688 	 283.323761 	 288.327759 	 4.053490 	 98177.578125 	 481.121704 
119 	 41.678688 	 283.323761 	 284.566833 	 2.877242 	 97935.156250 	 478.299133 
120 	 41.678688 	 283.323761 	 282.877930 	 3.357361 	 97469.156250 	 551.560425 
121 	 41.678688 	 283.323761 	 282.542389 	 3.370073 	 97299.617188 	 508.635040 
122 	 41.678688 	 283.323761 	 281.570251 	 2.313638 	 97435.023438 	 480.800232 
123 	 41.678688 	 283.323761 	 279.612396 	 2.788848 	 97567.828125 	 398.595978 
124 	 41.678688 	 283.323761 	 280.413116 	 3.258939 	 98194.382812 	 514.505127 
125 	 41.678688 	 283.323761 	 281.579132 	 2.178294 	 98830.171875 	 526.851257 
126 	 41.678688 	 283.323761 	 282.492584 	 1.724556 	 99091.953125 	 566.647583 
127 	 41.678688 	 283.323761 	 284.362091 	 1.091014 	 99013.039062 	 573.514771 
128 	 41.678688 	 283.323761 	 286.479095 	 0.966923 	 99057.148438 	 592.049805 
129 	 41.678688 	 283.323761 	 286.939850 	 3.599966 	 99184.468750 	 466.336670 
130 	 41.678688 	 283.323761 	 294.290222 	 4.497604 	 98502.109375 	 658.939209 
131 	 41.678688 	 283.323761 	 295.017639 	 3.251117 	 98099.796875 	 657.149048 
132 	 41.678688 	 283.323761 	 290.884827 	 1.123871 	 98570.796875 	 624.002441 
133 	 41.678688 	 283.323761 	 295.297729 	 2.325881 	 98945.250000 	 677.357910 
134 	 41.678688 	 283.323761 	 295.363281 	 4.133539 	 98468.679688 	 579.968811 
135 	 41.678688 	 283.323761 	 291.500031 	 3.933512 	 98136.773438 	 604.886841 
136 	 41.678688 	 283.323761 	 290.799591 	 1.267418 	 98834.078125 	 679.691162 
137 	 41.678688 	 283.323761 	 287.322510 	 3.121374 	 99104.710938 	 659.982849 
138 	 41.678688 	 283.323761 	 282.080902 	 2.413999 	 99900.546875 	 615.427673 
139 	 41.678688 	 283.323761 	 288.850800 	 4.886486 	 98651.796875 	 598.690735 
140 	 41.678688 	 283.323761 	 295.782867 	 4.315948 	 97737.203125 	 686.717896 
141 	 41.678688 	 283.323761 	 291.882172 	 4.069729 	 97857.273438 	 667.283569 
142 	 41.678688 	 283.323761 	 288.512177 	 1.698301 	 98331.023438 	 521.642700 
143 	 41.678688 	 283.323761 	 292.965973 	 1.860420 	 98661.210938 	 692.120850 
144 	 41.678688 	 283.323761 	 294.407227 	 4.298620 	 98743.789062 	 619.450317 
145 	 41.678688 	 283.323761 	 295.787994 	 4.557718 	 98174.382812 	 676.236938 
146 	 41.678688 	 283.323761 	 294.921112 	 2.614802 	 97790.781250 	 642.424683 
147 	 41.678688 	 283.323761 	 295.903809 	 3.701479 	 98429.703125 	 692.954590 
148 	 41.678688 	 283.323761 	 292.813995 	 1.906136 	 99367.078125 	 679.232971 
149 	 41.678688 	 283.323761 	 295.900574 	 4.821846 	 98951.382812 	 708.709167 
150 	 41.678688 	 283.323761 	 297.960449 	 3.792205 	 98270.687500 	 711.248169 
151 	 41.678688 	 283.323761 	 298.864380 	 1.890126 	 98487.703125 	 725.102417 
152 	 41.678688 	 283.323761 	 298.669586 	 2.580417 	 98780.257812 	 690.277954 
153 	 41.678688 	 283.323761 	 298.490875 	 3.542055 	 98829.617188 	 715.386230 
154 	 41.678688 	 283.323761 	 294.479187 	 2.515219 	 99580.453125 	 693.881531 
155 	 41.678688 	 283.323761 	 295.761536 	 3.431064 	 99055.046875 	 704.095459 
156 	 41.678688 	 283.323761 	 298.832886 	 3.157260 	 97838.437500 	 671.618530 
157 	 41.678688 	 283.323761 	 294.485199 	 3.768385 	 97824.656250 	 603.963623 
158 	 41.678688 	 283.323761 	 287.892059 	 3.400181 	 98341.718750 	 658.505798 
159 	 41.678688 	 283.323761 	 289.411133 	 1.768122 	 98226.671875 	 628.508301 
160 	 41.678688 	 283.323761 	 291.913086 	 1.449365 	 98306.023438 	 614.947876 
161 	 41.678688 	 283.323761 	 290.062988 	 2.655577 	 98642.312500 	 668.984070 
162 	 41.678688 	 283.323761 	 290.438965 	 2.246318 	 98999.117188 	 680.027649 
163 	 41.678688 	 283.323761 	 291.339905 	 1.303729 	 99070.859375 	 684.109192 
164 	 41.678688 	 283.323761 	 294.629089 	 1.751866 	 98693.546875 	 702.409058 
165 	 41.678688 	 283.323761 	 297.472809 	 3.158739 	 98155.117188 	 702.453735 
166 	 41.678688 	 283.323761 	 298.596191 	 2.526016 	 98075.093750 	 640.005371 
167 	 41.678688 	 283.323761 	 296.174469 	 1.668965 	 98441.656250 	 642.986694 
168 	 41.678688 	 283.323761 	 297.031342 	 2.769016 	 98179.820312 	 709.746521 
169 	 41.678688 	 283.323761 	 296.297302 	 2.543330 	 98425.148438 	 702.180176 
170 	 41.678688 	 283.323761 	 293.523499 	 0.919659 	 98706.750000 	 653.873413 
171 	 41.678688 	 283.323761 	 295.862396 	 0.496216 	 98487.921875 	 707.083923 
172 	 41.678688 	 283.323761 	 296.622864 	 1.881894 	 98187.367188 	 648.659546 
173 	 41.678688 	 283.323761 	 296.874664 	 3.842585 	 97581.796875 	 639.078613 
174 	 41.678688 	 283.323761 	 294.076508 	 1.025226 	 97957.726562 	 684.378296 
175 	 41.678688 	 283.323761 	 292.997681 	 2.793393 	 97570.132812 	 481.721436 
176 	 41.678688 	 283.323761 	 287.583832 	 7.130283 	 97275.781250 	 416.141998 
177 	 41.678688 	 283.323761 	 292.002686 	 4.193941 	 98214.289062 	 708.880859 
178 	 41.678688 	 283.323761 	 295.432648 	 2.231825 	 98563.148438 	 703.403748 
179 	 41.678688 	 283.323761 	 299.330627 	 1.942906 	 98985.453125 	 729.210938 
180 	 41.678688 	 283.323761 	 298.841614 	 2.080615 	 99060.843750 	 678.868835 
181 	 41.678688 	 283.323761 	 298.866852 	 1.554525 	 99276.156250 	 711.980652 
182 	 41.678688 	 283.323761 	 296.728424 	 1.469381 	 99260.726562 	 674.137817 
183 	 41.678688 	 283.323761 	 298.405365 	 3.298522 	 98758.781250 	 740.527100 
184 	 41.678688 	 283.323761 	 299.818939 	 1.571997 	 98357.656250 	 720.522583 
185 	 41.678688 	 283.323761 	 298.748413 	 1.294902 	 98740.507812 	 720.573486 
186 	 41.678688 	 283.323761 	 297.954956 	 2.768168 	 98741.281250 	 569.315369 
187 	 41.678688 	 283.323761 	 299.341553 	 2.610521 	 98326.296875 	 676.692444 
188 	 41.678688 	 283.323761 	 299.597900 	 2.347350 	 98029.578125 	 672.743286 
189 	 41.678688 	 283.323761 	 300.364227 	 1.236532 	 98059.531250 	 740.435242 
190 	 41.678688 	 283.323761 	 300.082764 	 2.066922 	 97899.570312 	 719.772217 
191 	 41.678688 	 283.323761 	 299.046814 	 1.675289 	 98322.710938 	 725.189209 
192 	 41.678688 	 283.323761 	 301.469543 	 1.944013 	 98266.218750 	 738.130737 
193 	 41.678688 	 283.323761 	 302.630585 	 1.946793 	 98238.976562 	 743.307495 
194 	 41.678688 	 283.323761 	 301.273590 	 1.696799 	 98335.343750 	 734.780334 
195 	 41.678688 	 283.323761 	 299.016846 	 1.262910 	 98341.781250 	 653.218506 
196 	 41.678688 	 283.323761 	 297.316406 	 2.122936 	 98683.406250 	 623.978699 
197 	 41.678688 	 283.323761 	 297.915009 	 2.071270 	 99129.101562 	 632.593872 
198 	 41.678688 	 283.323761 	 298.295441 	 2.465812 	 99051.617188 	 692.540039 
199 	 41.678688 	 283.323761 	 297.209320 	 1.888151 	 98643.570312 	 574.574707 
200 	 41.678688 	 283.323761 	 298.556915 	 1.589084 	 98484.898438 	 666.694519 
201 	 41.678688 	 283.323761 	 297.876770 	 1.056565 	 98584.343750 	 601.041931 
202 	 41.678688 	 283.323761 	 298.928406 	 1.516164 	 98554.601562 	 644.735474 
203 	 41.678688 	 283.323761 	 299.748596 	 2.744914 	 97909.640625 	 665.374146 
204 	 41.678688 	 283.323761 	 297.075348 	 4.016026 	 97593.242188 	 701.300659 
205 	 41.678688 	 283.323761 	 295.332855 	 1.377182 	 98135.867188 	 681.999756 
206 	 41.678688 	 283.323761 	 299.377289 	 4.192303 	 98120.656250 	 624.498413 
207 	 41.678688 	 283.323761 	 296.480194 	 3.521906 	 98054.617188 	 603.295166 
208 	 41.678688 	 283.323761 	 292.173706 	 3.177779 	 98522.929688 	 666.126587 
209 	 41.678688 	 283.323761 	 292.553223 	 1.190247 	 98969.382812 	 673.214355 
210 	 41.678688 	 283.323761 	 296.211517 	 3.462404 	 98892.968750 	 673.408447 
211 	 41.678688 	 283.323761 	 297.089294 	 3.284005 	 98922.296875 	 669.372437 
212 	 41.678688 	 283.323761 	 299.311554 	 4.704204 	 98895.867188 	 714.492126 
213 	 41.678688 	 283.323761 	 298.243774 	 5.496440 	 98748.101562 	 614.635986 
214 	 41.678688 	 283.323761 	 299.333191 	 3.160677 	 98476.312500 	 713.303589 
215 	 41.678688 	 283.323761 	 298.330505 	 1.223184 	 98801.117188 	 682.691406 
216 	 41.678688 	 283.323761 	 298.517853 	 2.576398 	 98806.078125 	 620.702515 
217 	 41.678688 	 283.323761 	 298.203430 	 3.995983 	 98710.312500 	 590.376587 
218 	 41.678688 	 283.323761 	 299.790649 	 3.528705 	 98653.343750 	 714.534790 
219 	 41.678688 	 283.323761 	 301.145203 	 3.129079 	 98373.593750 	 649.406494 
220 	 41.678688 	 283.323761 	 298.154999 	 1.524381 	 98575.148438 	 691.887451 
221 	 41.678688 	 283.323761 	 297.898102 	 1.955026 	 98383.359375 	 664.090942 
222 	 41.678688 	 283.323761 	 300.617615 	 3.426962 	 97225.000000 	 670.951965 
223 	 41.678688 	 283.323761 	 291.673706 	 4.454369 	 97760.367188 	 596.475464 
224 	 41.678688 	 283.323761 	 290.635010 	 2.124417 	 98499.210938 	 548.882019 
225 	 41.678688 	 283.323761 	 295.915863 	 2.249808 	 98688.437500 	 645.458130 
226 	 41.678688 	 283.323761 	 296.047180 	 3.643736 	 98827.062500 	 619.635498 
227 	 41.678688 	 283.323761 	 294.276672 	 3.675055 	 98543.023438 	 595.415588 
228 	 41.678688 	 283.323761 	 294.463531 	 3.140325 	 98163.796875 	 583.316162 
229 	 41.678688 	 283.323761 	 293.875793 	 1.390943 	 99079.656250 	 640.012451 
230 	 41.678688 	 283.323761 	 295.828430 	 0.891775 	 99325.296875 	 662.740051 
231 	 41.678688 	 283.323761 	 297.218384 	 2.711001 	 99086.343750 	 656.358765 
232 	 41.678688 	 283.323761 	 300.135590 	 3.099808 	 98856.226562 	 683.669250 
233 	 41.678688 	 283.323761 	 297.807007 	 1.388463 	 99190.593750 	 619.161499 
234 	 41.678688 	 283.323761 	 296.020111 	 2.519185 	 99480.843750 	 608.092957 
235 	 41.678688 	 283.323761 	 295.343597 	 3.009733 	 99362.976562 	 537.600708 
236 	 41.678688 	 283.323761 	 296.058197 	 2.870595 	 98971.703125 	 593.052368 
237 	 41.678688 	 283.323761 	 297.403656 	 3.000032 	 98705.109375 	 630.305542 
238 	 41.678688 	 283.323761 	 297.564575 	 1.607268 	 98645.343750 	 592.391235 
239 	 41.678688 	 283.323761 	 298.392700 	 1.367035 	 98840.156250 	 671.753174 
240 	 41.678688 	 283.323761 	 298.827026 	 1.596890 	 98731.437500 	 657.561768 
241 	 41.678688 	 283.323761 	 298.327789 	 2.192841 	 98693.781250 	 656.669922 
242 	 41.678688 	 283.323761 	 294.709869 	 1.659510 	 99435.031250 	 610.549500 
243 	 41.678688 	 283.323761 	 295.549286 	 3.300044 	 99252.468750 	 583.516724 
244 	 41.678688 	 283.323761 	 298.398315 	 3.115385 	 98613.742188 	 641.185669 
245 	 41.678688 	 283.323761 	 294.856171 	 2.523226 	 98769.117188 	 490.681122 
246 	 41.678688 	 283.323761 	 293.006500 	 2.370957 	 99122.023438 	 557.594299 
247 	 41.678688 	 283.323761 	 294.163727 	 1.377550 	 99398.398438 	 593.754150 
248 	 41.678688 	 283.323761 	 293.981354 	 2.048977 	 99280.257812 	 575.454102 
249 	 41.678688 	 283.323761 	 296.045898 	 1.948799 	 99058.242188 	 632.246277 
250 	 41.678688 	 283.323761 	 295.150757 	 1.490700 	 99008.382812 	 627.183960 
251 	 41.678688 	 283.323761 	 292.072693 	 1.098277 	 99432.429688 	 575.240967 
252 	 41.678688 	 283.323761 	 294.708527 	 2.533693 	 99336.406250 	 522.222656 
253 	 41.678688 	 283.323761 	 296.519775 	 2.139694 	 98809.203125 	 627.704468 
254 	 41.678688 	 283.323761 	 288.846466 	 3.397534 	 99127.570312 	 566.415771 
255 	 41.678688 	 283.323761 	 286.718475 	 2.047789 	 99685.421875 	 556.494385 
256 	 41.678688 	 283.323761 	 286.238617 	 1.370075 	 100100.703125 	 554.488159 
257 	 41.678688 	 283.323761 	 286.265320 	 1.869414 	 99868.453125 	 548.399780 
258 	 41.678688 	 283.323761 	 289.503082 	 1.630515 	 99100.773438 	 562.147827 
259 	 41.678688 	 283.323761 	 288.887665 	 2.027440 	 98618.960938 	 427.100067 
260 	 41.678688 	 283.323761 	 289.593323 	 2.018052 	 98694.078125 	 587.336060 
261 	 41.678688 	 283.323761 	 291.259399 	 1.982143 	 98522.570312 	 569.796509 
262 	 41.678688 	 283.323761 	 295.585052 	 3.468356 	 98083.656250 	 568.936707 
263 	 41.678688 	 283.323761 	 291.127502 	 4.188778 	 98307.632812 	 563.811096 
264 	 41.678688 	 283.323761 	 285.519257 	 2.906099 	 98966.312500 	 525.880432 
265 	 41.678688 	 283.323761 	 291.684540 	 2.892730 	 98688.406250 	 542.685120 
266 	 41.678688 	 283.323761 	 287.283051 	 2.490240 	 98685.453125 	 532.587646 
267 	 41.678688 	 283.323761 	 287.744812 	 1.021268 	 98569.218750 	 526.225586 
268 	 41.678688 	 283.323761 	 292.276794 	 1.889958 	 98303.421875 	 531.712280 
269 	 41.678688 	 283.323761 	 297.228333 	 2.302742 	 98218.820312 	 564.258667 
270 	 41.678688 	 283.323761 	 298.233032 	 4.587801 	 98181.109375 	 547.063965 
271 	 41.678688 	 283.323761 	 289.346619 	 3.005795 	 98736.343750 	 514.082031 
272 	 41.678688 	 283.323761 	 285.963196 	 2.853686 	 99237.570312 	 498.036377 
273 	 41.678688 	 283.323761 	 285.405914 	 2.515561 	 99543.398438 	 495.919006 
274 	 41.678688 	 283.323761 	 284.815399 	 1.148954 	 99759.843750 	 386.219452 
275 	 41.678688 	 283.323761 	 293.552277 	 2.684931 	 99305.296875 	 532.279175 
276 	 41.678688 	 283.323761 	 296.530853 	 3.336575 	 98630.156250 	 537.710815 
277 	 41.678688 	 283.323761 	 285.934845 	 4.005898 	 99244.382812 	 526.888489 
278 	 41.678688 	 283.323761 	 280.010651 	 1.275309 	 100260.203125 	 467.189453 
279 	 41.678688 	 283.323761 	 282.343079 	 2.468552 	 99630.882812 	 403.555176 
280 	 41.678688 	 283.323761 	 289.967468 	 3.309923 	 98402.921875 	 466.943787 
281 	 41.678688 	 283.323761 	 289.943848 	 1.940163 	 98459.781250 	 531.395569 
282 	 41.678688 	 283.323761 	 289.347961 	 3.599124 	 98153.507812 	 473.140564 
283 	 41.678688 	 283.323761 	 283.348389 	 4.528973 	 97312.023438 	 427.370697 
284 	 41.678688 	 283.323761 	 281.263947 	 3.503478 	 98333.656250 	 449.402405 
285 	 41.678688 	 283.323761 	 282.811188 	 2.525115 	 98455.656250 	 451.768341 
286 	 41.678688 	 283.323761 	 286.985382 	 1.760152 	 98604.242188 	 486.088379 
287 	 41.678688 	 283.323761 	 287.633240 	 1.737266 	 98710.648438 	 473.397095 
288 	 41.678688 	 283.323761 	 291.414276 	 3.102958 	 98263.578125 	 521.559082 
289 	 41.678688 	 283.323761 	 286.653198 	 1.852209 	 99067.117188 	 479.878815 
290 	 41.678688 	 283.323761 	 284.613739 	 2.668571 	 99553.156250 	 463.402954 
291 	 41.678688 	 283.323761 	 289.717926 	 3.328529 	 98799.601562 	 486.138245 
292 	 41.678688 	 283.323761 	 289.431763 	 3.841776 	 97677.257812 	 436.275024 
293 	 41.678688 	 283.323761 	 278.761353 	 3.933084 	 97712.023438 	 384.046112 
294 	 41.678688 	 283.323761 	 280.708740 	 3.503445 	 97705.953125 	 432.929382 
295 	 41.678688 	 283.323761 	 282.138306 	 2.926141 	 98364.132812 	 433.723145 
296 	 41.678688 	 283.323761 	 281.963654 	 2.409734 	 98026.187500 	 389.047699 
297 	 41.678688 	 283.323761 	 279.355408 	 3.081155 	 98787.656250 	 410.723694 
298 	 41.678688 	 283.323761 	 278.847565 	 3.525205 	 99037.773438 	 347.686523 
299 	 41.678688 	 283.323761 	 280.587891 	 3.206253 	 98178.460938 	 402.299530 
300 	 41.678688 	 283.323761 	 278.681702 	 3.118047 	 98169.039062 	 420.962646 
301 	 41.678688 	 283.323761 	 280.704865 	 3.094096 	 97775.773438 	 382.231445 
302 	 41.678688 	 283.323761 	 279.386871 	 2.699151 	 97677.796875 	 423.967224 
303 	 41.678688 	 283.323761 	 277.197632 	 2.107411 	 97836.812500 	 398.882080 
304 	 41.678688 	 283.323761 	 277.935028 	 3.164511 	 98287.968750 	 403.956543 
305 	 41.678688 	 283.323761 	 278.906189 	 3.809174 	 97924.703125 	 407.676819 
306 	 41.678688 	 283.323761 	 278.253357 	 1.866403 	 99143.593750 	 389.125122 
307 	 41.678688 	 283.323761 	 278.626129 	 2.520813 	 99581.156250 	 416.151459 
308 	 41.678688 	 283.323761 	 282.170105 	 2.803549 	 98808.882812 	 381.882050 
309 	 41.678688 	 283.323761 	 283.341583 	 1.677353 	 98917.921875 	 424.542297 
310 	 41.678688 	 283.323761 	 288.403687 	 3.491857 	 98724.562500 	 482.415283 
311 	 41.678688 	 283.323761 	 289.138184 	 3.689032 	 98574.328125 	 473.477783 
312 	 41.678688 	 283.323761 	 287.022217 	 5.609518 	 97556.679688 	 435.783325 
313 	 41.678688 	 283.323761 	 276.588928 	 4.668058 	 98279.390625 	 370.017700 
314 	 41.678688 	 283.323761 	 274.922058 	 3.451782 	 100047.000000 	 393.253082 
315 	 41.678688 	 283.323761 	 274.176086 	 1.899041 	 100631.203125 	 330.598175 
316 	 41.678688 	 283.323761 	 278.482758 	 2.349157 	 100676.203125 	 354.432434 
317 	 41.678688 	 283.323761 	 280.586029 	 3.649167 	 99705.718750 	 358.605255 
318 	 41.678688 	 283.323761 	 275.708282 	 2.166442 	 99300.601562 	 364.470642 
319 	 41.678688 	 283.323761 	 277.507294 	 2.602757 	 98955.953125 	 379.252319 
320 	 41.678688 	 283.323761 	 275.131653 	 2.247289 	 99664.320312 	 373.667297 
321 	 41.678688 	 283.323761 	 280.198578 	 4.317113 	 99074.312500 	 386.726288 
322 	 41.678688 	 283.323761 	 280.660339 	 3.328147 	 98754.140625 	 378.564331 
323 	 41.678688 	 283.323761 	 274.620941 	 4.106972 	 99836.906250 	 367.990143 
324 	 41.678688 	 283.323761 	 271.511993 	 2.939885 	 100587.796875 	 334.772308 
325 	 41.678688 	 283.323761 	 272.911865 	 2.189668 	 100707.898438 	 352.247009 
326 	 41.678688 	 283.323761 	 280.696381 	 4.159433 	 99703.812500 	 374.266388 
327 	 41.678688 	 283.323761 	 282.870209 	 5.794951 	 97152.187500 	 388.037323 
328 	 41.678688 	 283.323761 	 273.862457 	 5.007037 	 97908.132812 	 366.530609 
329 	 41.678688 	 283.323761 	 273.278931 	 3.425390 	 98607.882812 	 348.026306 
330 	 41.678688 	 283.323761 	 272.593506 	 1.174301 	 100017.398438 	 353.518524 
331 	 41.678688 	 283.323761 	 271.041748 	 1.668237 	 100595.000000 	 338.025452 
332 	 41.678688 	 283.323761 	 278.133484 	 3.590895 	 100051.500000 	 340.540710 
333 	 41.678688 	 283.323761 	 285.771454 	 4.151069 	 98716.492188 	 384.405182 
334 	 41.678688 	 283.323761 	 280.781067 	 2.766987 	 97885.156250 	 378.884277 
335 	 41.678688 	 283.323761 	 280.849457 	 2.625496 	 97406.046875 	 403.589539 
336 	 41.678688 	 283.323761 	 278.549469 	 5.466342 	 96536.906250 	 366.654327 
337 	 41.678688 	 283.323761 	 274.723389 	 6.648455 	 97222.789062 	 352.363831 
338 	 41.678688 	 283.323761 	 272.859314 	 2.212517 	 98751.187500 	 325.645630 
339 	 41.678688 	 283.323761 	 275.794617 	 2.322553 	 98855.281250 	 341.117432 
340 	 41.678688 	 283.323761 	 280.680664 	 1.535022 	 98813.593750 	 403.050690 
341 	 41.678688 	 283.323761 	 279.654205 	 2.771740 	 99710.976562 	 363.072235 
342 	 41.678688 	 283.323761 	 282.923340 	 6.340659 	 99463.843750 	 380.147156 
343 	 41.678688 	 283.323761 	 281.864777 	 4.087944 	 97604.726562 	 395.962738 
344 	 41.678688 	 283.323761 	 278.965546 	 2.997259 	 98167.953125 	 353.167358 
345 	 41.678688 	 283.323761 	 279.994415 	 2.143121 	 98593.257812 	 363.960388 
346 	 41.678688 	 283.323761 	 277.842255 	 1.377132 	 98613.828125 	 341.491028 
347 	 41.678688 	 283.323761 	 275.039154 	 1.547332 	 98484.742188 	 346.779175 
348 	 41.678688 	 283.323761 	 273.207031 	 1.920716 	 98826.289062 	 314.844238 
349 	 41.678688 	 283.323761 	 279.255493 	 2.533149 	 98233.453125 	 380.853302 
350 	 41.678688 	 283.323761 	 280.037292 	 1.805483 	 98624.367188 	 372.341614 
351 	 41.678688 	 283.323761 	 279.876038 	 4.509058 	 98208.117188 	 347.212280 
352 	 41.678688 	 283.323761 	 270.219574 	 3.229243 	 98869.867188 	 305.495697 
353 	 41.678688 	 283.323761 	 271.138031 	 3.541558 	 98492.648438 	 266.744781 
354 	 41.678688 	 283.323761 	 268.328705 	 3.115794 	 98557.351562 	 300.509094 
355 	 41.678688 	 283.323761 	 269.480591 	 2.075409 	 99338.343750 	 301.724365 
356 	 41.678688 	 283.323761 	 273.517792 	 2.558966 	 98736.546875 	 344.206909 
357 	 41.678688 	 283.323761 	 271.284912 	 2.536431 	 99116.320312 	 324.359528 
358 	 41.678688 	 283.323761 	 270.855713 	 2.556673 	 100281.398438 	 335.547302 
359 	 41.678688 	 283.323761 	 276.711792 	 3.796754 	 99883.640625 	 345.150177 
360 	 41.678688 	 283.323761 	 286.163452 	 4.346518 	 97669.500000 	 392.026398 
361 	 41.678688 	 283.323761 	 278.311188 	 4.294679 	 97260.578125 	 356.226868 
362 	 41.678688 	 283.323761 	 275.843445 	 3.042308 	 97768.062500 	 344.295013 
363 	 41.678688 	 283.323761 	 272.371765 	 2.712873 	 98117.507812 	 339.133820 
364 	 41.678688 	 283.323761 	 274.580566 	 3.298922 	 98670.109375 	 343.694061 
