# 0: Day of Year [-] 	 1: lat [deg] 	 2: lon [deg] 	 3: tas [K] 	 4: sfcWind [m s-1] 	 5: ps [Pa] 	 6: Total Downwelling Rad Flux [W m-2] 
0 	 41.678688 	 283.323761 	 271.046295 	 1.093851 	 100480.601562 	 302.319397 
1 	 41.678688 	 283.323761 	 273.609039 	 2.612315 	 99896.531250 	 337.163361 
2 	 41.678688 	 283.323761 	 269.358521 	 3.265089 	 100286.898438 	 315.489105 
3 	 41.678688 	 283.323761 	 271.528900 	 1.827995 	 99627.203125 	 317.654205 
4 	 41.678688 	 283.323761 	 270.866943 	 1.765829 	 99306.500000 	 330.562378 
5 	 41.678688 	 283.323761 	 268.319427 	 3.011199 	 99478.703125 	 305.630219 
6 	 41.678688 	 283.323761 	 274.810364 	 3.952897 	 97635.429688 	 329.403473 
7 	 41.678688 	 283.323761 	 270.036316 	 4.069031 	 97665.851562 	 320.722534 
8 	 41.678688 	 283.323761 	 267.391510 	 3.394501 	 98424.773438 	 312.678711 
9 	 41.678688 	 283.323761 	 266.138611 	 1.924043 	 99437.203125 	 310.948944 
10 	 41.678688 	 283.323761 	 270.310028 	 3.440731 	 99397.382812 	 352.946533 
11 	 41.678688 	 283.323761 	 270.205322 	 3.374502 	 98271.859375 	 364.552094 
12 	 41.678688 	 283.323761 	 265.894592 	 2.588113 	 98222.656250 	 316.064545 
13 	 41.678688 	 283.323761 	 265.270966 	 3.064448 	 98715.398438 	 332.684937 
14 	 41.678688 	 283.323761 	 265.219269 	 1.619397 	 99721.328125 	 312.335968 
15 	 41.678688 	 283.323761 	 268.518951 	 3.028430 	 100155.500000 	 320.224182 
16 	 41.678688 	 283.323761 	 271.893677 	 2.210937 	 98898.046875 	 372.662109 
17 	 41.678688 	 283.323761 	 268.384644 	 1.794811 	 98338.843750 	 330.025024 
18 	 41.678688 	 283.323761 	 269.831360 	 2.561816 	 97701.968750 	 363.005402 
19 	 41.678688 	 283.323761 	 265.667847 	 3.249556 	 97506.359375 	 327.971619 
20 	 41.678688 	 283.323761 	 267.833313 	 2.985705 	 98124.023438 	 325.914978 
21 	 41.678688 	 283.323761 	 274.777191 	 3.925862 	 97821.703125 	 352.962921 
22 	 41.678688 	 283.323761 	 270.256439 	 3.030320 	 98710.656250 	 332.055359 
23 	 41.678688 	 283.323761 	 272.313660 	 4.223220 	 99033.906250 	 344.202881 
24 	 41.678688 	 283.323761 	 273.170654 	 3.812107 	 97894.429688 	 327.787415 
25 	 41.678688 	 283.323761 	 263.021301 	 3.418430 	 98641.367188 	 313.506042 
26 	 41.678688 	 283.323761 	 263.583557 	 3.871615 	 99016.570312 	 258.978088 
27 	 41.678688 	 283.323761 	 263.791138 	 5.011573 	 98480.382812 	 341.419922 
28 	 41.678688 	 283.323761 	 259.372406 	 3.102453 	 100025.601562 	 304.594604 
29 	 41.678688 	 283.323761 	 263.061768 	 2.227480 	 100417.796875 	 328.196289 
30 	 41.678688 	 283.323761 	 272.378937 	 3.516069 	 99874.343750 	 349.935791 
31 	 41.678688 	 283.323761 	 279.302917 	 4.953484 	 98737.781250 	 350.815491 
32 	 41.678688 	 283.323761 	 275.546478 	 3.087121 	 98039.546875 	 350.347382 
33 	 41.678688 	 283.323761 	 270.603333 	 4.795777 	 97402.242188 	 394.880127 
34 	 41.678688 	 283.323761 	 268.768799 	 2.542552 	 97920.312500 	 318.556885 
35 	 41.678688 	 283.323761 	 267.531342 	 2.632492 	 96379.226562 	 366.940277 
36 	 41.678688 	 283.323761 	 265.576721 	 5.218324 	 96545.382812 	 349.886871 
37 	 41.678688 	 283.323761 	 269.716858 	 3.020609 	 97961.953125 	 365.534668 
38 	 41.678688 	 283.323761 	 275.597046 	 2.823550 	 98429.789062 	 384.370667 
39 	 41.678688 	 283.323761 	 274.159210 	 1.306590 	 99069.882812 	 382.250854 
40 	 41.678688 	 283.323761 	 275.358887 	 2.253618 	 99060.523438 	 348.238831 
41 	 41.678688 	 283.323761 	 272.879120 	 3.969424 	 99483.789062 	 345.435638 
42 	 41.678688 	 283.323761 	 280.183380 	 5.670713 	 97373.117188 	 371.165192 
43 	 41.678688 	 283.323761 	 274.281189 	 4.318429 	 96775.101562 	 344.564575 
44 	 41.678688 	 283.323761 	 268.024872 	 4.099627 	 97408.632812 	 401.312317 
45 	 41.678688 	 283.323761 	 263.080719 	 2.378358 	 99070.406250 	 348.616028 
46 	 41.678688 	 283.323761 	 271.940155 	 4.558036 	 97889.328125 	 394.795197 
47 	 41.678688 	 283.323761 	 273.901550 	 3.018946 	 97916.968750 	 370.821838 
48 	 41.678688 	 283.323761 	 269.527283 	 4.035870 	 99156.820312 	 379.705963 
49 	 41.678688 	 283.323761 	 282.316315 	 5.166376 	 98389.859375 	 409.752106 
50 	 41.678688 	 283.323761 	 285.297791 	 5.919637 	 98075.882812 	 413.598206 
51 	 41.678688 	 283.323761 	 272.052185 	 5.330557 	 96477.070312 	 363.548950 
52 	 41.678688 	 283.323761 	 268.062805 	 3.462784 	 98564.046875 	 357.954956 
53 	 41.678688 	 283.323761 	 276.308380 	 3.314563 	 98996.156250 	 391.430878 
54 	 41.678688 	 283.323761 	 282.863556 	 4.129460 	 98107.578125 	 414.561768 
55 	 41.678688 	 283.323761 	 276.633118 	 1.514933 	 98805.507812 	 391.630066 
56 	 41.678688 	 283.323761 	 274.991241 	 3.251678 	 98883.898438 	 418.267731 
57 	 41.678688 	 283.323761 	 269.626404 	 1.884241 	 100718.296875 	 396.330078 
58 	 41.678688 	 283.323761 	 277.642395 	 4.222779 	 99811.812500 	 413.805176 
59 	 41.678688 	 283.323761 	 288.820007 	 4.337019 	 98664.601562 	 507.823059 
60 	 41.678688 	 283.323761 	 289.441284 	 4.258001 	 98683.289062 	 504.587036 
61 	 41.678688 	 283.323761 	 286.691132 	 3.813915 	 98782.742188 	 368.979523 
62 	 41.678688 	 283.323761 	 280.886993 	 3.426194 	 99167.226562 	 381.584869 
63 	 41.678688 	 283.323761 	 278.396271 	 3.908013 	 98609.476562 	 386.543823 
64 	 41.678688 	 283.323761 	 269.503143 	 2.009319 	 100294.000000 	 420.582520 
65 	 41.678688 	 283.323761 	 272.779114 	 1.393534 	 100600.296875 	 435.651123 
66 	 41.678688 	 283.323761 	 278.402954 	 3.257000 	 100312.398438 	 369.022034 
67 	 41.678688 	 283.323761 	 284.313904 	 3.357790 	 99259.468750 	 422.424011 
68 	 41.678688 	 283.323761 	 279.724121 	 3.635572 	 99109.546875 	 500.825745 
69 	 41.678688 	 283.323761 	 279.187317 	 1.678590 	 99976.343750 	 471.869812 
70 	 41.678688 	 283.323761 	 280.615875 	 1.022693 	 100151.796875 	 458.032532 
71 	 41.678688 	 283.323761 	 285.884674 	 2.679942 	 99860.546875 	 466.648682 
72 	 41.678688 	 283.323761 	 285.584229 	 2.455738 	 99536.593750 	 410.159637 
73 	 41.678688 	 283.323761 	 286.974365 	 1.818370 	 99687.343750 	 480.813904 
74 	 41.678688 	 283.323761 	 287.271423 	 3.239632 	 99431.617188 	 460.722839 
75 	 41.678688 	 283.323761 	 289.083771 	 3.184644 	 98595.156250 	 475.161011 
76 	 41.678688 	 283.323761 	 289.843170 	 5.383810 	 97928.976562 	 442.774597 
77 	 41.678688 	 283.323761 	 281.049469 	 2.219920 	 98480.773438 	 488.368713 
78 	 41.678688 	 283.323761 	 279.331696 	 2.039469 	 98730.382812 	 477.945618 
79 	 41.678688 	 283.323761 	 277.715729 	 1.681515 	 99168.703125 	 479.472107 
80 	 41.678688 	 283.323761 	 280.332520 	 2.119635 	 98592.656250 	 373.742981 
81 	 41.678688 	 283.323761 	 278.699097 	 3.893367 	 98546.578125 	 537.083069 
82 	 41.678688 	 283.323761 	 277.977509 	 1.546278 	 98869.953125 	 476.588348 
83 	 41.678688 	 283.323761 	 282.777649 	 1.573385 	 98917.726562 	 481.094910 
84 	 41.678688 	 283.323761 	 281.066498 	 1.462474 	 99252.156250 	 444.131470 
85 	 41.678688 	 283.323761 	 284.482025 	 4.664391 	 98921.890625 	 430.338501 
86 	 41.678688 	 283.323761 	 287.357574 	 5.128272 	 96531.687500 	 544.999146 
87 	 41.678688 	 283.323761 	 274.151855 	 5.582870 	 96384.593750 	 506.724518 
88 	 41.678688 	 283.323761 	 272.844299 	 2.683476 	 98120.226562 	 460.091064 
89 	 41.678688 	 283.323761 	 276.450256 	 4.291495 	 97784.273438 	 451.269806 
90 	 41.678688 	 283.323761 	 272.991913 	 3.807137 	 98087.539062 	 496.873169 
91 	 41.678688 	 283.323761 	 274.928528 	 2.181431 	 98365.453125 	 441.979248 
92 	 41.678688 	 283.323761 	 280.538635 	 2.487402 	 97691.421875 	 504.645874 
93 	 41.678688 	 283.323761 	 278.128937 	 3.068816 	 97245.656250 	 429.719238 
94 	 41.678688 	 283.323761 	 278.737122 	 3.450834 	 97078.507812 	 501.547211 
95 	 41.678688 	 283.323761 	 279.985443 	 3.855957 	 96877.273438 	 552.444946 
96 	 41.678688 	 283.323761 	 277.909912 	 3.723744 	 97218.476562 	 492.670319 
97 	 41.678688 	 283.323761 	 277.894287 	 2.685882 	 98049.890625 	 529.950806 
98 	 41.678688 	 283.323761 	 278.988556 	 2.136615 	 99218.726562 	 540.385193 
99 	 41.678688 	 283.323761 	 283.654694 	 6.921955 	 99641.171875 	 403.389771 
100 	 41.678688 	 283.323761 	 286.193237 	 3.161657 	 98302.640625 	 604.032837 
101 	 41.678688 	 283.323761 	 284.139343 	 2.962538 	 98655.593750 	 567.074341 
102 	 41.678688 	 283.323761 	 287.717407 	 3.863705 	 98758.359375 	 562.356750 
103 	 41.678688 	 283.323761 	 280.040741 	 3.783974 	 97920.382812 	 391.605560 
104 	 41.678688 	 283.323761 	 279.755768 	 3.562926 	 97907.976562 	 496.041412 
105 	 41.678688 	 283.323761 	 281.052979 	 2.068399 	 98944.031250 	 484.687225 
106 	 41.678688 	 283.323761 	 286.462006 	 3.935119 	 98869.937500 	 595.375000 
107 	 41.678688 	 283.323761 	 289.421234 	 4.784386 	 98054.843750 	 483.158752 
108 	 41.678688 	 283.323761 	 286.789185 	 2.958400 	 97250.296875 	 483.864288 
109 	 41.678688 	 283.323761 	 280.965912 	 4.019676 	 98000.281250 	 492.178040 
110 	 41.678688 	 283.323761 	 281.854279 	 2.327777 	 99073.906250 	 583.961914 
111 	 41.678688 	 283.323761 	 283.945801 	 1.748565 	 99538.046875 	 581.682617 
112 	 41.678688 	 283.323761 	 290.313049 	 3.786141 	 99243.406250 	 615.028564 
113 	 41.678688 	 283.323761 	 289.348175 	 2.124510 	 98716.140625 	 565.240051 
114 	 41.678688 	 283.323761 	 282.444489 	 3.657016 	 98535.453125 	 543.909424 
115 	 41.678688 	 283.323761 	 277.837524 	 4.422321 	 99283.476562 	 599.806396 
116 	 41.678688 	 283.323761 	 280.409973 	 1.392626 	 99773.750000 	 575.471313 
117 	 41.678688 	 283.323761 	 284.923004 	 2.075542 	 99725.570312 	 541.469604 
118 	 41.678688 	 283.323761 	 289.943176 	 2.220659 	 99360.750000 	 563.748779 
119 	 41.678688 	 283.323761 	 289.394745 	 3.187654 	 99124.882812 	 447.324585 
120 	 41.678688 	 283.323761 	 288.948029 	 3.135282 	 99285.843750 	 513.577209 
121 	 41.678688 	 283.323761 	 288.434235 	 2.801199 	 98770.820312 	 553.391724 
122 	 41.678688 	 283.323761 	 285.834167 	 1.358798 	 98303.531250 	 498.752594 
123 	 41.678688 	 283.323761 	 287.104614 	 2.287777 	 98193.453125 	 517.001648 
124 	 41.678688 	 283.323761 	 286.853821 	 1.353266 	 98342.726562 	 546.856873 
125 	 41.678688 	 283.323761 	 285.262085 	 1.147659 	 98217.882812 	 618.337341 
126 	 41.678688 	 283.323761 	 287.027527 	 3.453419 	 98036.351562 	 543.916260 
127 	 41.678688 	 283.323761 	 286.586365 	 3.255394 	 98143.820312 	 560.813721 
128 	 41.678688 	 283.323761 	 285.561829 	 3.084004 	 98070.156250 	 620.391418 
129 	 41.678688 	 283.323761 	 285.214203 	 4.169052 	 98516.109375 	 635.588989 
130 	 41.678688 	 283.323761 	 285.915497 	 1.368194 	 99040.640625 	 619.603394 
131 	 41.678688 	 283.323761 	 290.327576 	 1.880360 	 98543.843750 	 617.588379 
132 	 41.678688 	 283.323761 	 290.965942 	 0.764143 	 98004.023438 	 638.397644 
133 	 41.678688 	 283.323761 	 293.935699 	 2.856853 	 97156.921875 	 646.546936 
134 	 41.678688 	 283.323761 	 293.932373 	 2.847337 	 97266.750000 	 664.200195 
135 	 41.678688 	 283.323761 	 288.154816 	 1.278363 	 97991.421875 	 469.455414 
136 	 41.678688 	 283.323761 	 290.618683 	 1.016428 	 97866.476562 	 532.826599 
137 	 41.678688 	 283.323761 	 288.117798 	 1.725740 	 98411.789062 	 637.999207 
138 	 41.678688 	 283.323761 	 284.022919 	 2.575686 	 98803.703125 	 631.736145 
139 	 41.678688 	 283.323761 	 279.970856 	 2.631088 	 99502.703125 	 378.389160 
140 	 41.678688 	 283.323761 	 283.365265 	 2.409017 	 99171.679688 	 664.993042 
141 	 41.678688 	 283.323761 	 288.081055 	 3.038591 	 98636.101562 	 644.148804 
142 	 41.678688 	 283.323761 	 287.655975 	 1.753424 	 98934.140625 	 643.601440 
143 	 41.678688 	 283.323761 	 293.544128 	 4.445753 	 98646.226562 	 594.175964 
144 	 41.678688 	 283.323761 	 295.009888 	 4.509080 	 98030.882812 	 641.511108 
145 	 41.678688 	 283.323761 	 293.865204 	 4.922328 	 97277.671875 	 537.842224 
146 	 41.678688 	 283.323761 	 283.238129 	 4.260859 	 97887.023438 	 664.177490 
147 	 41.678688 	 283.323761 	 282.305511 	 2.836424 	 98521.546875 	 530.677063 
148 	 41.678688 	 283.323761 	 283.114410 	 1.270351 	 99291.179688 	 631.160645 
149 	 41.678688 	 283.323761 	 288.625397 	 3.031983 	 99578.976562 	 656.948608 
150 	 41.678688 	 283.323761 	 292.605164 	 3.265179 	 99595.453125 	 680.371033 
151 	 41.678688 	 283.323761 	 294.651337 	 3.798410 	 99307.703125 	 678.958252 
152 	 41.678688 	 283.323761 	 296.735504 	 4.258170 	 99068.187500 	 698.023560 
153 	 41.678688 	 283.323761 	 297.585876 	 3.884944 	 99013.742188 	 710.294556 
154 	 41.678688 	 283.323761 	 297.170105 	 3.561067 	 98805.750000 	 649.533020 
155 	 41.678688 	 283.323761 	 295.339478 	 1.429730 	 99026.203125 	 657.592224 
156 	 41.678688 	 283.323761 	 295.091309 	 1.774919 	 99245.718750 	 696.857300 
157 	 41.678688 	 283.323761 	 298.480804 	 1.939002 	 98919.578125 	 724.748596 
158 	 41.678688 	 283.323761 	 298.861969 	 2.590078 	 98679.703125 	 697.543701 
159 	 41.678688 	 283.323761 	 298.691742 	 2.719530 	 98675.796875 	 725.420288 
160 	 41.678688 	 283.323761 	 296.408936 	 2.289882 	 99101.601562 	 615.218811 
161 	 41.678688 	 283.323761 	 296.190552 	 4.215482 	 98549.320312 	 601.130005 
162 	 41.678688 	 283.323761 	 295.546082 	 2.892112 	 98080.750000 	 642.637939 
163 	 41.678688 	 283.323761 	 296.664307 	 4.327851 	 98036.796875 	 699.995605 
164 	 41.678688 	 283.323761 	 296.057587 	 4.324562 	 97985.703125 	 617.834412 
165 	 41.678688 	 283.323761 	 295.044342 	 1.629903 	 98446.859375 	 631.245361 
166 	 41.678688 	 283.323761 	 300.944946 	 4.039859 	 98303.382812 	 739.897461 
167 	 41.678688 	 283.323761 	 300.087036 	 3.817480 	 98186.890625 	 732.648010 
168 	 41.678688 	 283.323761 	 296.561615 	 2.699807 	 98452.906250 	 690.545898 
169 	 41.678688 	 283.323761 	 298.541931 	 3.434385 	 97929.148438 	 730.832520 
170 	 41.678688 	 283.323761 	 294.860352 	 4.473397 	 97768.460938 	 679.138916 
171 	 41.678688 	 283.323761 	 290.613159 	 2.922440 	 98631.382812 	 692.413574 
172 	 41.678688 	 283.323761 	 290.135620 	 1.602934 	 99098.789062 	 671.122864 
173 	 41.678688 	 283.323761 	 293.282471 	 2.710747 	 98974.382812 	 688.355713 
174 	 41.678688 	 283.323761 	 296.797943 	 5.621379 	 98819.101562 	 706.762207 
175 	 41.678688 	 283.323761 	 299.750732 	 4.897829 	 98290.539062 	 713.585205 
176 	 41.678688 	 283.323761 	 299.068878 	 1.439373 	 97930.593750 	 711.086487 
177 	 41.678688 	 283.323761 	 296.113708 	 1.728080 	 98034.648438 	 701.580322 
178 	 41.678688 	 283.323761 	 294.727905 	 1.462501 	 98008.968750 	 619.802124 
179 	 41.678688 	 283.323761 	 294.220123 	 2.821268 	 98272.171875 	 697.493042 
180 	 41.678688 	 283.323761 	 295.375641 	 0.849275 	 98684.960938 	 703.347900 
181 	 41.678688 	 283.323761 	 298.786072 	 2.898132 	 98701.726562 	 722.103516 
182 	 41.678688 	 283.323761 	 299.677460 	 3.089750 	 98415.320312 	 695.326904 
183 	 41.678688 	 283.323761 	 297.662262 	 3.702243 	 98171.023438 	 652.121826 
184 	 41.678688 	 283.323761 	 292.798157 	 3.813193 	 98702.242188 	 689.589661 
185 	 41.678688 	 283.323761 	 292.681824 	 1.737802 	 99033.640625 	 686.404602 
186 	 41.678688 	 283.323761 	 295.298981 	 3.459749 	 98553.046875 	 677.850830 
187 	 41.678688 	 283.323761 	 300.750122 	 4.197883 	 97396.867188 	 640.673096 
188 	 41.678688 	 283.323761 	 295.509949 	 2.366662 	 97529.882812 	 676.753662 
189 	 41.678688 	 283.323761 	 291.833099 	 1.570385 	 97939.632812 	 590.039185 
190 	 41.678688 	 283.323761 	 292.883820 	 1.259078 	 98285.640625 	 654.252441 
191 	 41.678688 	 283.323761 	 294.528168 	 1.624597 	 98640.843750 	 688.255127 
192 	 41.678688 	 283.323761 	 297.024811 	 1.503986 	 98950.898438 	 710.975098 
193 	 41.678688 	 283.323761 	 297.457642 	 2.230135 	 98478.953125 	 542.226318 
194 	 41.678688 	 283.323761 	 295.149567 	 1.516109 	 98238.343750 	 646.087891 
195 	 41.678688 	 283.323761 	 295.899658 	 1.395177 	 97936.039062 	 701.935425 
196 	 41.678688 	 283.323761 	 295.463745 	 3.397156 	 97581.156250 	 525.477783 
197 	 41.678688 	 283.323761 	 296.230469 	 2.328864 	 97638.398438 	 629.036499 
198 	 41.678688 	 283.323761 	 293.091583 	 5.429332 	 97629.093750 	 669.818237 
199 	 41.678688 	 283.323761 	 294.893188 	 3.236495 	 98262.046875 	 651.056030 
200 	 41.678688 	 283.323761 	 295.410980 	 2.852791 	 97343.671875 	 611.795410 
201 	 41.678688 	 283.323761 	 290.632874 	 3.881300 	 97589.226562 	 618.843872 
202 	 41.678688 	 283.323761 	 291.054779 	 2.833812 	 98372.570312 	 658.897888 
203 	 41.678688 	 283.323761 	 292.249176 	 1.216920 	 98816.226562 	 662.133667 
204 	 41.678688 	 283.323761 	 295.978210 	 3.280033 	 98602.250000 	 623.310303 
205 	 41.678688 	 283.323761 	 294.621979 	 3.127859 	 98083.382812 	 580.878479 
206 	 41.678688 	 283.323761 	 295.567749 	 2.425425 	 97680.546875 	 500.778320 
207 	 41.678688 	 283.323761 	 295.083435 	 1.967773 	 98061.726562 	 665.428833 
208 	 41.678688 	 283.323761 	 295.378204 	 1.384401 	 98340.656250 	 652.554260 
209 	 41.678688 	 283.323761 	 295.125793 	 1.259498 	 98594.070312 	 681.173096 
210 	 41.678688 	 283.323761 	 296.197540 	 2.571739 	 98651.492188 	 670.986328 
211 	 41.678688 	 283.323761 	 296.969666 	 1.870382 	 98703.046875 	 677.227173 
212 	 41.678688 	 283.323761 	 298.479523 	 4.699801 	 98393.593750 	 648.683105 
213 	 41.678688 	 283.323761 	 295.095398 	 1.890947 	 98289.976562 	 681.475342 
214 	 41.678688 	 283.323761 	 296.137177 	 1.567804 	 98367.046875 	 682.826233 
215 	 41.678688 	 283.323761 	 296.591919 	 1.450673 	 98276.820312 	 681.998840 
216 	 41.678688 	 283.323761 	 296.482330 	 1.160055 	 98667.367188 	 690.126160 
217 	 41.678688 	 283.323761 	 297.110291 	 2.525547 	 98749.960938 	 678.322266 
218 	 41.678688 	 283.323761 	 298.294159 	 3.259792 	 98279.921875 	 591.694824 
219 	 41.678688 	 283.323761 	 297.362152 	 4.210917 	 97902.140625 	 653.531006 
220 	 41.678688 	 283.323761 	 295.369659 	 1.853399 	 98544.140625 	 669.550049 
221 	 41.678688 	 283.323761 	 296.857147 	 1.404196 	 98770.406250 	 683.145874 
222 	 41.678688 	 283.323761 	 299.424133 	 2.377808 	 98800.351562 	 693.551025 
223 	 41.678688 	 283.323761 	 298.621918 	 0.999853 	 98514.453125 	 669.284790 
224 	 41.678688 	 283.323761 	 298.256775 	 1.340677 	 98480.117188 	 623.198975 
225 	 41.678688 	 283.323761 	 299.070282 	 3.832373 	 98168.656250 	 629.948120 
226 	 41.678688 	 283.323761 	 290.710114 	 2.065343 	 98677.453125 	 509.744080 
227 	 41.678688 	 283.323761 	 291.651581 	 2.909223 	 98936.398438 	 605.472778 
228 	 41.678688 	 283.323761 	 290.551361 	 1.713378 	 98856.343750 	 642.848145 
229 	 41.678688 	 283.323761 	 289.902710 	 1.110617 	 99174.570312 	 631.647949 
230 	 41.678688 	 283.323761 	 292.909454 	 3.099184 	 99268.382812 	 522.927612 
231 	 41.678688 	 283.323761 	 293.361816 	 2.597872 	 99252.710938 	 617.747681 
232 	 41.678688 	 283.323761 	 294.192078 	 1.629883 	 99159.156250 	 616.785950 
233 	 41.678688 	 283.323761 	 293.086517 	 1.181182 	 99200.742188 	 545.256897 
234 	 41.678688 	 283.323761 	 294.629730 	 0.947468 	 99338.492188 	 534.572876 
235 	 41.678688 	 283.323761 	 294.456696 	 1.055222 	 99480.562500 	 588.860840 
236 	 41.678688 	 283.323761 	 295.230652 	 0.726344 	 99537.726562 	 630.289673 
237 	 41.678688 	 283.323761 	 296.707428 	 0.903947 	 99465.257812 	 647.671021 
238 	 41.678688 	 283.323761 	 298.529938 	 1.243928 	 99286.226562 	 657.673828 
239 	 41.678688 	 283.323761 	 298.741119 	 1.365686 	 98941.976562 	 658.438293 
240 	 41.678688 	 283.323761 	 298.484131 	 2.562786 	 98402.468750 	 574.897888 
241 	 41.678688 	 283.323761 	 298.030884 	 2.973455 	 98535.476562 	 657.646973 
242 	 41.678688 	 283.323761 	 294.599335 	 1.378456 	 99134.882812 	 601.484192 
243 	 41.678688 	 283.323761 	 296.910400 	 1.974368 	 99000.820312 	 549.983215 
244 	 41.678688 	 283.323761 	 295.423920 	 0.889626 	 98847.453125 	 617.754944 
245 	 41.678688 	 283.323761 	 295.794556 	 0.926711 	 99002.882812 	 630.161194 
246 	 41.678688 	 283.323761 	 296.860992 	 2.440237 	 99043.062500 	 629.335938 
247 	 41.678688 	 283.323761 	 299.203339 	 2.340640 	 98718.453125 	 624.601562 
248 	 41.678688 	 283.323761 	 300.181549 	 2.179291 	 98633.781250 	 646.705139 
249 	 41.678688 	 283.323761 	 298.536438 	 2.627064 	 98574.007812 	 632.989624 
250 	 41.678688 	 283.323761 	 294.836823 	 2.948532 	 98115.140625 	 475.167725 
251 	 41.678688 	 283.323761 	 291.327240 	 3.526632 	 98272.078125 	 445.724182 
252 	 41.678688 	 283.323761 	 288.198517 	 3.206791 	 98868.289062 	 580.566772 
253 	 41.678688 	 283.323761 	 291.070526 	 1.054392 	 99173.906250 	 596.277161 
254 	 41.678688 	 283.323761 	 295.361481 	 2.011831 	 99021.398438 	 587.365295 
255 	 41.678688 	 283.323761 	 296.019623 	 2.065636 	 99177.359375 	 601.365173 
256 	 41.678688 	 283.323761 	 297.829559 	 2.952051 	 99055.320312 	 593.515381 
257 	 41.678688 	 283.323761 	 295.989410 	 3.769527 	 98746.843750 	 545.826355 
258 	 41.678688 	 283.323761 	 292.014191 	 3.348710 	 98142.546875 	 493.063049 
259 	 41.678688 	 283.323761 	 286.812958 	 3.647300 	 98273.312500 	 501.837952 
260 	 41.678688 	 283.323761 	 287.588226 	 2.430351 	 98870.953125 	 549.254639 
261 	 41.678688 	 283.323761 	 292.982056 	 4.622854 	 98333.828125 	 547.743164 
262 	 41.678688 	 283.323761 	 287.164886 	 3.552550 	 98537.460938 	 509.514160 
263 	 41.678688 	 283.323761 	 281.376129 	 3.076635 	 99256.992188 	 507.426636 
264 	 41.678688 	 283.323761 	 281.527954 	 1.665565 	 99347.960938 	 479.797791 
265 	 41.678688 	 283.323761 	 287.998718 	 3.295214 	 98624.273438 	 493.119293 
266 	 41.678688 	 283.323761 	 289.883759 	 1.997450 	 98948.492188 	 539.607056 
267 	 41.678688 	 283.323761 	 292.566895 	 4.511468 	 98055.632812 	 455.841034 
268 	 41.678688 	 283.323761 	 282.581421 	 3.962159 	 99143.273438 	 515.549133 
269 	 41.678688 	 283.323761 	 281.207764 	 1.343255 	 99684.953125 	 489.013977 
270 	 41.678688 	 283.323761 	 287.610596 	 2.951268 	 99180.226562 	 520.474731 
271 	 41.678688 	 283.323761 	 292.010406 	 2.393770 	 98846.109375 	 506.496643 
272 	 41.678688 	 283.323761 	 291.283844 	 1.382676 	 99241.968750 	 488.674927 
273 	 41.678688 	 283.323761 	 293.310120 	 3.062028 	 98762.640625 	 487.302948 
274 	 41.678688 	 283.323761 	 287.295258 	 1.332221 	 98876.476562 	 450.358490 
275 	 41.678688 	 283.323761 	 290.079895 	 2.980222 	 98920.578125 	 520.167969 
276 	 41.678688 	 283.323761 	 295.508179 	 3.510896 	 98783.203125 	 541.529968 
277 	 41.678688 	 283.323761 	 294.422760 	 2.810196 	 98890.703125 	 464.407715 
278 	 41.678688 	 283.323761 	 291.904175 	 2.904764 	 99192.148438 	 473.653687 
279 	 41.678688 	 283.323761 	 292.184784 	 4.349385 	 99249.796875 	 464.998596 
280 	 41.678688 	 283.323761 	 290.585114 	 4.634375 	 98462.953125 	 405.225555 
281 	 41.678688 	 283.323761 	 280.129456 	 3.753327 	 98514.171875 	 450.734741 
282 	 41.678688 	 283.323761 	 278.311279 	 2.987549 	 99216.437500 	 456.807220 
283 	 41.678688 	 283.323761 	 279.175110 	 1.751710 	 99710.562500 	 453.471130 
284 	 41.678688 	 283.323761 	 284.269043 	 2.022512 	 99685.609375 	 461.215485 
285 	 41.678688 	 283.323761 	 285.903229 	 0.950400 	 99759.968750 	 493.698730 
286 	 41.678688 	 283.323761 	 283.873413 	 1.249596 	 99975.226562 	 472.380096 
287 	 41.678688 	 283.323761 	 288.068878 	 3.530206 	 99685.976562 	 421.404358 
288 	 41.678688 	 283.323761 	 290.073517 	 5.009583 	 98403.773438 	 412.776733 
289 	 41.678688 	 283.323761 	 281.025787 	 1.707005 	 98216.828125 	 423.822205 
290 	 41.678688 	 283.323761 	 282.657288 	 3.537825 	 98852.320312 	 460.400635 
291 	 41.678688 	 283.323761 	 284.436768 	 1.846820 	 99152.398438 	 417.354492 
292 	 41.678688 	 283.323761 	 279.123932 	 2.724084 	 99537.093750 	 418.675476 
293 	 41.678688 	 283.323761 	 277.757965 	 3.526727 	 99654.843750 	 430.982239 
294 	 41.678688 	 283.323761 	 276.555389 	 2.480749 	 99665.640625 	 413.131409 
295 	 41.678688 	 283.323761 	 281.334534 	 2.737954 	 99166.976562 	 433.161713 
296 	 41.678688 	 283.323761 	 283.036011 	 2.538968 	 99381.453125 	 451.176147 
297 	 41.678688 	 283.323761 	 285.159515 	 2.867556 	 99313.523438 	 452.954895 
298 	 41.678688 	 283.323761 	 280.255859 	 1.400386 	 99838.218750 	 420.450562 
299 	 41.678688 	 283.323761 	 286.214539 	 3.004157 	 99119.710938 	 414.107330 
300 	 41.678688 	 283.323761 	 282.004944 	 3.118676 	 99388.773438 	 433.256104 
301 	 41.678688 	 283.323761 	 276.691925 	 1.579974 	 100122.796875 	 395.550598 
302 	 41.678688 	 283.323761 	 281.779510 	 3.663480 	 99734.882812 	 448.340454 
303 	 41.678688 	 283.323761 	 278.910889 	 3.728835 	 99358.789062 	 390.015259 
304 	 41.678688 	 283.323761 	 276.196228 	 4.505125 	 99163.562500 	 415.315887 
305 	 41.678688 	 283.323761 	 278.908722 	 2.050653 	 99248.007812 	 431.636230 
306 	 41.678688 	 283.323761 	 280.173431 	 1.742426 	 98915.132812 	 420.667053 
307 	 41.678688 	 283.323761 	 279.076660 	 3.194691 	 99335.062500 	 442.248901 
308 	 41.678688 	 283.323761 	 277.671356 	 1.142957 	 99166.007812 	 404.132294 
309 	 41.678688 	 283.323761 	 281.533905 	 1.975893 	 99018.250000 	 417.999451 
310 	 41.678688 	 283.323761 	 283.482452 	 2.287375 	 98994.000000 	 405.947662 
311 	 41.678688 	 283.323761 	 284.298218 	 2.426919 	 99041.476562 	 424.879456 
312 	 41.678688 	 283.323761 	 285.139252 	 2.812417 	 99096.601562 	 391.665375 
313 	 41.678688 	 283.323761 	 287.549103 	 2.518216 	 99005.453125 	 460.092224 
314 	 41.678688 	 283.323761 	 287.118378 	 2.109722 	 99362.343750 	 440.365417 
315 	 41.678688 	 283.323761 	 288.712830 	 4.134092 	 99280.476562 	 425.642365 
316 	 41.678688 	 283.323761 	 289.054138 	 4.682560 	 98927.601562 	 430.948364 
317 	 41.678688 	 283.323761 	 289.208649 	 5.449772 	 98430.679688 	 436.488220 
318 	 41.678688 	 283.323761 	 279.611664 	 2.729777 	 98332.460938 	 395.522461 
319 	 41.678688 	 283.323761 	 275.141327 	 2.038039 	 98552.546875 	 345.655518 
320 	 41.678688 	 283.323761 	 274.784485 	 1.753271 	 98640.343750 	 367.360718 
321 	 41.678688 	 283.323761 	 274.777069 	 1.144592 	 99395.062500 	 377.264404 
322 	 41.678688 	 283.323761 	 278.954315 	 5.140072 	 99285.773438 	 402.426147 
323 	 41.678688 	 283.323761 	 279.066559 	 3.974147 	 99105.398438 	 386.339447 
324 	 41.678688 	 283.323761 	 273.565674 	 2.121509 	 100001.898438 	 339.417877 
325 	 41.678688 	 283.323761 	 277.278259 	 3.296437 	 99700.906250 	 375.247070 
326 	 41.678688 	 283.323761 	 279.567963 	 2.871019 	 99310.210938 	 400.069122 
327 	 41.678688 	 283.323761 	 282.273010 	 1.865466 	 99088.343750 	 404.880066 
328 	 41.678688 	 283.323761 	 277.939178 	 2.138099 	 99469.148438 	 376.283997 
329 	 41.678688 	 283.323761 	 285.413635 	 4.629615 	 98491.296875 	 381.383087 
330 	 41.678688 	 283.323761 	 280.617401 	 3.828943 	 97549.546875 	 337.012787 
331 	 41.678688 	 283.323761 	 272.382233 	 3.377156 	 98258.382812 	 341.692688 
332 	 41.678688 	 283.323761 	 272.297699 	 3.224644 	 98736.593750 	 333.408752 
333 	 41.678688 	 283.323761 	 274.096802 	 3.082936 	 99023.796875 	 337.801880 
334 	 41.678688 	 283.323761 	 275.181671 	 2.174421 	 98812.648438 	 344.367889 
335 	 41.678688 	 283.323761 	 274.595459 	 2.710852 	 98960.960938 	 316.297699 
336 	 41.678688 	 283.323761 	 278.754486 	 3.471500 	 97792.328125 	 347.203003 
337 	 41.678688 	 283.323761 	 275.692108 	 4.517482 	 96937.523438 	 382.876801 
338 	 41.678688 	 283.323761 	 276.898651 	 4.415535 	 97927.132812 	 331.821075 
339 	 41.678688 	 283.323761 	 275.424774 	 2.814374 	 98138.851562 	 376.403931 
340 	 41.678688 	 283.323761 	 273.162933 	 3.800758 	 98526.578125 	 334.733826 
341 	 41.678688 	 283.323761 	 273.045441 	 2.326728 	 99330.562500 	 368.064270 
342 	 41.678688 	 283.323761 	 270.480621 	 2.190702 	 99795.007812 	 297.039307 
343 	 41.678688 	 283.323761 	 273.039276 	 1.355502 	 99919.906250 	 336.230194 
344 	 41.678688 	 283.323761 	 275.649902 	 2.502341 	 99947.039062 	 331.158264 
345 	 41.678688 	 283.323761 	 279.759003 	 2.091932 	 99154.453125 	 351.306305 
346 	 41.678688 	 283.323761 	 283.926056 	 3.485525 	 98240.343750 	 395.905701 
347 	 41.678688 	 283.323761 	 276.509460 	 1.924386 	 97870.929688 	 350.110626 
348 	 41.678688 	 283.323761 	 278.245178 	 2.343479 	 98292.171875 	 359.296417 
349 	 41.678688 	 283.323761 	 277.583832 	 2.089277 	 99349.210938 	 363.826294 
350 	 41.678688 	 283.323761 	 282.082214 	 6.048092 	 99232.703125 	 361.820587 
351 	 41.678688 	 283.323761 	 283.884705 	 3.041516 	 97360.523438 	 411.090149 
352 	 41.678688 	 283.323761 	 277.622498 	 2.604879 	 98231.820312 	 376.552063 
353 	 41.678688 	 283.323761 	 277.723053 	 3.158221 	 98407.820312 	 347.253479 
354 	 41.678688 	 283.323761 	 272.634247 	 3.937817 	 98597.726562 	 339.274384 
355 	 41.678688 	 283.323761 	 269.890076 	 3.680764 	 98525.210938 	 305.947693 
356 	 41.678688 	 283.323761 	 270.503510 	 2.781835 	 99026.773438 	 316.707825 
357 	 41.678688 	 283.323761 	 273.187531 	 2.133419 	 99198.726562 	 345.041870 
358 	 41.678688 	 283.323761 	 271.033386 	 1.104707 	 98861.843750 	 283.226135 
359 	 41.678688 	 283.323761 	 271.088104 	 1.856189 	 99412.921875 	 323.073181 
360 	 41.678688 	 283.323761 	 272.792633 	 2.197949 	 99672.992188 	 314.364075 
361 	 41.678688 	 283.323761 	 279.238068 	 3.305333 	 97919.867188 	 356.384125 
362 	 41.678688 	 283.323761 	 276.016052 	 3.925324 	 95820.640625 	 342.876221 
363 	 41.678688 	 283.323761 	 272.927917 	 4.486096 	 97443.500000 	 341.914154 
364 	 41.678688 	 283.323761 	 274.630127 	 3.836814 	 98135.343750 	 341.310211 
