# 0: Day of Year [-] 	 1: lat [deg] 	 2: lon [deg] 	 3: tas [K] 	 4: sfcWind [m s-1] 	 5: ps [Pa] 	 6: Total Downwelling Rad Flux [W m-2] 
0 	 41.678688 	 283.323761 	 270.098419 	 5.076500 	 99642.546875 	 290.509491 
1 	 41.678688 	 283.323761 	 268.952240 	 2.947655 	 99085.921875 	 316.212372 
2 	 41.678688 	 283.323761 	 267.508728 	 1.304874 	 99460.273438 	 299.089752 
3 	 41.678688 	 283.323761 	 270.947449 	 2.360378 	 99853.976562 	 320.206543 
4 	 41.678688 	 283.323761 	 279.440460 	 3.978383 	 98077.796875 	 354.971405 
5 	 41.678688 	 283.323761 	 272.280121 	 4.685762 	 96771.523438 	 305.925720 
6 	 41.678688 	 283.323761 	 269.443726 	 3.838236 	 98281.781250 	 341.599182 
7 	 41.678688 	 283.323761 	 270.231812 	 1.983689 	 99605.250000 	 319.844849 
8 	 41.678688 	 283.323761 	 273.009644 	 3.047425 	 99829.390625 	 313.419128 
9 	 41.678688 	 283.323761 	 277.045319 	 2.932554 	 99526.671875 	 353.796295 
10 	 41.678688 	 283.323761 	 280.458496 	 3.236169 	 99454.328125 	 377.277802 
11 	 41.678688 	 283.323761 	 280.548096 	 3.118629 	 99652.187500 	 397.351532 
12 	 41.678688 	 283.323761 	 280.457336 	 3.916208 	 99288.156250 	 362.799377 
13 	 41.678688 	 283.323761 	 272.038544 	 1.586245 	 100188.898438 	 329.180969 
14 	 41.678688 	 283.323761 	 274.912872 	 4.760276 	 99764.843750 	 304.622742 
15 	 41.678688 	 283.323761 	 275.515442 	 3.192837 	 98528.531250 	 365.436493 
16 	 41.678688 	 283.323761 	 270.694427 	 2.515125 	 99597.359375 	 334.927002 
17 	 41.678688 	 283.323761 	 272.119507 	 2.476634 	 100525.101562 	 344.343811 
18 	 41.678688 	 283.323761 	 276.085724 	 2.767124 	 100026.203125 	 339.246613 
19 	 41.678688 	 283.323761 	 278.276367 	 1.928267 	 99170.937500 	 380.996033 
20 	 41.678688 	 283.323761 	 276.674896 	 1.183312 	 98318.523438 	 350.907104 
21 	 41.678688 	 283.323761 	 276.242676 	 4.399400 	 97218.648438 	 364.047943 
22 	 41.678688 	 283.323761 	 273.758240 	 4.078226 	 98086.593750 	 365.193726 
23 	 41.678688 	 283.323761 	 276.133850 	 3.641857 	 98870.632812 	 377.204102 
24 	 41.678688 	 283.323761 	 281.310516 	 4.285722 	 97878.031250 	 411.861053 
25 	 41.678688 	 283.323761 	 273.253265 	 3.062998 	 98335.570312 	 348.587799 
26 	 41.678688 	 283.323761 	 273.968506 	 2.885762 	 98956.140625 	 354.982361 
27 	 41.678688 	 283.323761 	 277.842377 	 3.177670 	 99233.617188 	 376.071503 
28 	 41.678688 	 283.323761 	 282.980774 	 4.013898 	 98964.453125 	 367.833527 
29 	 41.678688 	 283.323761 	 289.511719 	 7.178646 	 97088.289062 	 409.844421 
30 	 41.678688 	 283.323761 	 274.386841 	 6.223173 	 96150.273438 	 360.782257 
31 	 41.678688 	 283.323761 	 269.291412 	 5.371166 	 96368.312500 	 315.456604 
32 	 41.678688 	 283.323761 	 270.847290 	 4.358018 	 97527.828125 	 347.798584 
33 	 41.678688 	 283.323761 	 270.549194 	 2.813516 	 99268.179688 	 344.564728 
34 	 41.678688 	 283.323761 	 276.461945 	 3.282167 	 99163.382812 	 341.882874 
35 	 41.678688 	 283.323761 	 277.637238 	 2.915884 	 98611.867188 	 417.030060 
36 	 41.678688 	 283.323761 	 281.642151 	 3.310778 	 98824.617188 	 421.259033 
37 	 41.678688 	 283.323761 	 284.290131 	 4.501748 	 98556.726562 	 425.022430 
38 	 41.678688 	 283.323761 	 280.042999 	 3.502934 	 97651.578125 	 366.925720 
39 	 41.678688 	 283.323761 	 272.646149 	 3.591507 	 97398.281250 	 392.863678 
40 	 41.678688 	 283.323761 	 273.215057 	 3.907283 	 97935.687500 	 388.442871 
41 	 41.678688 	 283.323761 	 272.984955 	 5.127687 	 97149.359375 	 388.090454 
42 	 41.678688 	 283.323761 	 269.202423 	 4.615578 	 98091.632812 	 390.728210 
43 	 41.678688 	 283.323761 	 269.272003 	 2.220288 	 99508.500000 	 367.668945 
44 	 41.678688 	 283.323761 	 273.534149 	 2.214107 	 99700.890625 	 401.828461 
45 	 41.678688 	 283.323761 	 280.093903 	 2.727560 	 99538.007812 	 428.351013 
46 	 41.678688 	 283.323761 	 283.171753 	 3.077069 	 99324.429688 	 412.020416 
47 	 41.678688 	 283.323761 	 274.088470 	 2.329552 	 100016.703125 	 370.893738 
48 	 41.678688 	 283.323761 	 273.020233 	 2.136870 	 100038.796875 	 416.936279 
49 	 41.678688 	 283.323761 	 276.055603 	 2.263079 	 99777.468750 	 389.376953 
50 	 41.678688 	 283.323761 	 276.888641 	 2.519093 	 99453.281250 	 418.334167 
51 	 41.678688 	 283.323761 	 275.571686 	 2.346808 	 99610.828125 	 416.998199 
52 	 41.678688 	 283.323761 	 277.568420 	 3.987729 	 100157.000000 	 367.952606 
53 	 41.678688 	 283.323761 	 282.307098 	 4.460366 	 100020.203125 	 385.985229 
54 	 41.678688 	 283.323761 	 284.200348 	 4.115376 	 99131.781250 	 394.294739 
55 	 41.678688 	 283.323761 	 277.822540 	 2.773866 	 99454.593750 	 443.470703 
56 	 41.678688 	 283.323761 	 279.052582 	 1.035876 	 99743.320312 	 442.345734 
57 	 41.678688 	 283.323761 	 278.092407 	 1.763089 	 99438.031250 	 447.883362 
58 	 41.678688 	 283.323761 	 278.056946 	 3.183551 	 99041.617188 	 438.107239 
59 	 41.678688 	 283.323761 	 280.225128 	 1.656785 	 99441.382812 	 459.357117 
60 	 41.678688 	 283.323761 	 285.056305 	 2.490957 	 99402.359375 	 481.115326 
61 	 41.678688 	 283.323761 	 287.276337 	 2.054320 	 99129.343750 	 457.161560 
62 	 41.678688 	 283.323761 	 287.348969 	 3.814523 	 98316.726562 	 460.260468 
63 	 41.678688 	 283.323761 	 281.801880 	 4.642736 	 97747.250000 	 497.488159 
64 	 41.678688 	 283.323761 	 277.492859 	 4.282720 	 98526.070312 	 446.686401 
65 	 41.678688 	 283.323761 	 274.254395 	 1.927171 	 99653.859375 	 435.230621 
66 	 41.678688 	 283.323761 	 279.241547 	 1.766289 	 99247.750000 	 456.494232 
67 	 41.678688 	 283.323761 	 280.892029 	 1.027872 	 99438.406250 	 473.575134 
68 	 41.678688 	 283.323761 	 283.644501 	 2.168228 	 99860.367188 	 481.660828 
69 	 41.678688 	 283.323761 	 286.332184 	 1.682635 	 99805.476562 	 486.536591 
70 	 41.678688 	 283.323761 	 288.202179 	 3.984996 	 99466.789062 	 440.763702 
71 	 41.678688 	 283.323761 	 287.563690 	 5.234078 	 98109.156250 	 457.600067 
72 	 41.678688 	 283.323761 	 277.411072 	 3.864090 	 99060.140625 	 469.018158 
73 	 41.678688 	 283.323761 	 281.592896 	 4.192684 	 99195.882812 	 422.291229 
74 	 41.678688 	 283.323761 	 287.064423 	 6.361286 	 97706.117188 	 398.081665 
75 	 41.678688 	 283.323761 	 280.747528 	 4.175764 	 97753.500000 	 455.067017 
76 	 41.678688 	 283.323761 	 273.653046 	 4.411650 	 98141.750000 	 442.648224 
77 	 41.678688 	 283.323761 	 274.878540 	 3.138306 	 98937.703125 	 483.895569 
78 	 41.678688 	 283.323761 	 280.380737 	 3.563823 	 99093.539062 	 422.203339 
79 	 41.678688 	 283.323761 	 284.442047 	 4.458500 	 98888.976562 	 420.226013 
80 	 41.678688 	 283.323761 	 280.353699 	 3.065058 	 98794.546875 	 405.211670 
81 	 41.678688 	 283.323761 	 277.476990 	 2.942096 	 99218.226562 	 473.789459 
82 	 41.678688 	 283.323761 	 278.034088 	 1.776536 	 99898.398438 	 497.089020 
83 	 41.678688 	 283.323761 	 280.554596 	 1.754603 	 99895.070312 	 516.371948 
84 	 41.678688 	 283.323761 	 283.486298 	 3.416955 	 98915.992188 	 523.685913 
85 	 41.678688 	 283.323761 	 285.290344 	 3.746524 	 98194.867188 	 541.627075 
86 	 41.678688 	 283.323761 	 286.051971 	 1.532747 	 98658.203125 	 528.003296 
87 	 41.678688 	 283.323761 	 286.083435 	 1.163382 	 99046.882812 	 484.235626 
88 	 41.678688 	 283.323761 	 285.724915 	 2.548606 	 98697.421875 	 455.844879 
89 	 41.678688 	 283.323761 	 282.820709 	 2.157940 	 98839.171875 	 542.153809 
90 	 41.678688 	 283.323761 	 280.183960 	 3.538900 	 97832.156250 	 432.817261 
91 	 41.678688 	 283.323761 	 273.831024 	 5.382969 	 97898.093750 	 531.670654 
92 	 41.678688 	 283.323761 	 280.800537 	 3.330434 	 98472.781250 	 529.172852 
93 	 41.678688 	 283.323761 	 288.814514 	 2.468758 	 98753.007812 	 569.245544 
94 	 41.678688 	 283.323761 	 291.398468 	 3.363789 	 98489.609375 	 572.712280 
95 	 41.678688 	 283.323761 	 293.883484 	 3.236355 	 98484.320312 	 582.491638 
96 	 41.678688 	 283.323761 	 293.834106 	 2.885058 	 98629.289062 	 605.240601 
97 	 41.678688 	 283.323761 	 294.999237 	 3.330616 	 98595.828125 	 591.311096 
98 	 41.678688 	 283.323761 	 295.294373 	 3.860270 	 98341.640625 	 612.613220 
99 	 41.678688 	 283.323761 	 294.026520 	 4.320776 	 98344.093750 	 597.657532 
100 	 41.678688 	 283.323761 	 291.808136 	 4.141692 	 98398.617188 	 579.377197 
101 	 41.678688 	 283.323761 	 287.433960 	 3.307418 	 98193.570312 	 567.812134 
102 	 41.678688 	 283.323761 	 283.384521 	 2.040684 	 99266.843750 	 555.472168 
103 	 41.678688 	 283.323761 	 280.862640 	 2.412179 	 99501.226562 	 346.817566 
104 	 41.678688 	 283.323761 	 284.222382 	 1.988567 	 99646.781250 	 579.004517 
105 	 41.678688 	 283.323761 	 289.101746 	 3.108962 	 99325.750000 	 577.796021 
106 	 41.678688 	 283.323761 	 287.807709 	 2.667583 	 98660.851562 	 407.504517 
107 	 41.678688 	 283.323761 	 283.026428 	 5.195498 	 98597.289062 	 598.929688 
108 	 41.678688 	 283.323761 	 283.066528 	 3.383799 	 97986.429688 	 570.554932 
109 	 41.678688 	 283.323761 	 286.531586 	 3.388675 	 97825.179688 	 595.428406 
110 	 41.678688 	 283.323761 	 289.678528 	 3.683693 	 98059.171875 	 608.421753 
111 	 41.678688 	 283.323761 	 297.306519 	 4.089344 	 97884.867188 	 628.673035 
112 	 41.678688 	 283.323761 	 292.548767 	 2.150899 	 98979.296875 	 557.008667 
113 	 41.678688 	 283.323761 	 296.014923 	 3.294930 	 98623.203125 	 595.540894 
114 	 41.678688 	 283.323761 	 296.007751 	 2.872472 	 98519.703125 	 628.734680 
115 	 41.678688 	 283.323761 	 296.057098 	 2.982521 	 98353.851562 	 527.209900 
116 	 41.678688 	 283.323761 	 293.227631 	 4.206370 	 98005.507812 	 593.707642 
117 	 41.678688 	 283.323761 	 288.423065 	 2.942385 	 98072.359375 	 568.911804 
118 	 41.678688 	 283.323761 	 290.744965 	 1.940465 	 98589.570312 	 609.294312 
119 	 41.678688 	 283.323761 	 295.682495 	 2.220498 	 98904.671875 	 644.587891 
120 	 41.678688 	 283.323761 	 297.664581 	 2.794754 	 99212.078125 	 658.839722 
121 	 41.678688 	 283.323761 	 297.303528 	 2.504876 	 99082.046875 	 631.958984 
122 	 41.678688 	 283.323761 	 298.324738 	 2.177631 	 98955.273438 	 667.522217 
123 	 41.678688 	 283.323761 	 296.074829 	 2.415743 	 98836.429688 	 661.968262 
124 	 41.678688 	 283.323761 	 295.424225 	 3.447019 	 98276.296875 	 625.265442 
125 	 41.678688 	 283.323761 	 285.054230 	 2.970666 	 97829.203125 	 567.404358 
126 	 41.678688 	 283.323761 	 279.463776 	 3.262445 	 98216.609375 	 549.458374 
127 	 41.678688 	 283.323761 	 279.968994 	 2.341199 	 98679.578125 	 559.122742 
128 	 41.678688 	 283.323761 	 286.535553 	 3.752363 	 98101.273438 	 548.882874 
129 	 41.678688 	 283.323761 	 285.858887 	 1.298496 	 98436.976562 	 628.006104 
130 	 41.678688 	 283.323761 	 291.563446 	 2.224394 	 98493.148438 	 634.275146 
131 	 41.678688 	 283.323761 	 293.673523 	 3.165417 	 98145.718750 	 607.679016 
132 	 41.678688 	 283.323761 	 288.432892 	 2.011780 	 98665.750000 	 645.427490 
133 	 41.678688 	 283.323761 	 290.839874 	 2.007683 	 99117.007812 	 662.382080 
134 	 41.678688 	 283.323761 	 295.771027 	 1.784120 	 99024.617188 	 637.143738 
135 	 41.678688 	 283.323761 	 296.227539 	 0.527188 	 99244.710938 	 685.890991 
136 	 41.678688 	 283.323761 	 297.391785 	 0.773849 	 99034.906250 	 702.089478 
137 	 41.678688 	 283.323761 	 297.593842 	 1.982763 	 98685.671875 	 688.577881 
138 	 41.678688 	 283.323761 	 296.454773 	 1.910188 	 98453.890625 	 656.884033 
139 	 41.678688 	 283.323761 	 296.610077 	 3.181683 	 98435.140625 	 684.189453 
140 	 41.678688 	 283.323761 	 294.351440 	 2.641792 	 98512.687500 	 523.373291 
141 	 41.678688 	 283.323761 	 291.756989 	 2.990979 	 98623.156250 	 675.995239 
142 	 41.678688 	 283.323761 	 288.235565 	 2.687474 	 99071.828125 	 650.563904 
143 	 41.678688 	 283.323761 	 288.453827 	 3.962058 	 98909.429688 	 541.943420 
144 	 41.678688 	 283.323761 	 292.476898 	 3.808807 	 98129.593750 	 499.730530 
145 	 41.678688 	 283.323761 	 291.722260 	 4.271519 	 98031.742188 	 649.420776 
146 	 41.678688 	 283.323761 	 289.575012 	 1.231546 	 98549.726562 	 653.869629 
147 	 41.678688 	 283.323761 	 292.739624 	 1.705150 	 98606.117188 	 660.027954 
148 	 41.678688 	 283.323761 	 296.487640 	 4.599264 	 98677.796875 	 625.077209 
149 	 41.678688 	 283.323761 	 297.448273 	 4.610090 	 98220.242188 	 659.459839 
150 	 41.678688 	 283.323761 	 295.331635 	 4.194443 	 97968.406250 	 692.566589 
151 	 41.678688 	 283.323761 	 289.190826 	 3.799565 	 98711.023438 	 625.664795 
152 	 41.678688 	 283.323761 	 287.041443 	 1.319073 	 99344.906250 	 645.886963 
153 	 41.678688 	 283.323761 	 288.692749 	 1.535903 	 99482.718750 	 663.151123 
154 	 41.678688 	 283.323761 	 290.367554 	 1.435738 	 99922.156250 	 667.202148 
155 	 41.678688 	 283.323761 	 291.935516 	 1.728592 	 100064.500000 	 600.360168 
156 	 41.678688 	 283.323761 	 293.675995 	 2.377521 	 99832.953125 	 683.299561 
157 	 41.678688 	 283.323761 	 292.777100 	 1.231209 	 99410.210938 	 637.623413 
158 	 41.678688 	 283.323761 	 294.808655 	 0.963169 	 99104.281250 	 694.370850 
159 	 41.678688 	 283.323761 	 296.593781 	 1.681318 	 98672.726562 	 694.249512 
160 	 41.678688 	 283.323761 	 296.166779 	 3.530206 	 98045.367188 	 627.408508 
161 	 41.678688 	 283.323761 	 292.581696 	 2.940912 	 98890.781250 	 690.470764 
162 	 41.678688 	 283.323761 	 293.254883 	 2.518222 	 99566.609375 	 690.255493 
163 	 41.678688 	 283.323761 	 294.503143 	 3.477502 	 99405.000000 	 659.048584 
164 	 41.678688 	 283.323761 	 297.688904 	 3.300440 	 99034.718750 	 720.997681 
165 	 41.678688 	 283.323761 	 297.052032 	 3.757160 	 98778.226562 	 677.708496 
166 	 41.678688 	 283.323761 	 297.702393 	 2.525203 	 98546.492188 	 675.731873 
167 	 41.678688 	 283.323761 	 298.710297 	 2.889822 	 98347.859375 	 720.321533 
168 	 41.678688 	 283.323761 	 297.492249 	 2.830287 	 98247.250000 	 653.844727 
169 	 41.678688 	 283.323761 	 298.409332 	 1.735518 	 98269.601562 	 682.433960 
170 	 41.678688 	 283.323761 	 298.015015 	 1.318735 	 98527.421875 	 626.223022 
171 	 41.678688 	 283.323761 	 297.526276 	 2.573380 	 98810.039062 	 711.847107 
172 	 41.678688 	 283.323761 	 296.504852 	 2.077293 	 98952.046875 	 722.691528 
173 	 41.678688 	 283.323761 	 298.051147 	 2.296017 	 98915.210938 	 698.171448 
174 	 41.678688 	 283.323761 	 299.282104 	 2.607111 	 98754.226562 	 735.065430 
175 	 41.678688 	 283.323761 	 299.655914 	 3.010976 	 98352.773438 	 744.592163 
176 	 41.678688 	 283.323761 	 298.182831 	 3.394379 	 97843.132812 	 604.005798 
177 	 41.678688 	 283.323761 	 297.867035 	 4.640846 	 98163.523438 	 721.365967 
178 	 41.678688 	 283.323761 	 295.160065 	 2.714327 	 98957.070312 	 664.062744 
179 	 41.678688 	 283.323761 	 296.075684 	 2.670598 	 99327.593750 	 710.579407 
180 	 41.678688 	 283.323761 	 298.700348 	 3.038218 	 99207.851562 	 727.427368 
181 	 41.678688 	 283.323761 	 300.101929 	 2.424548 	 99016.593750 	 714.562622 
182 	 41.678688 	 283.323761 	 299.621185 	 1.600844 	 99210.343750 	 736.775879 
183 	 41.678688 	 283.323761 	 299.823883 	 3.229157 	 98696.546875 	 664.481079 
184 	 41.678688 	 283.323761 	 295.121765 	 2.438403 	 98695.468750 	 667.926819 
185 	 41.678688 	 283.323761 	 293.648499 	 1.382688 	 98892.546875 	 690.376343 
186 	 41.678688 	 283.323761 	 295.904114 	 1.086672 	 98862.617188 	 695.836853 
187 	 41.678688 	 283.323761 	 298.501617 	 3.390539 	 98557.421875 	 711.935669 
188 	 41.678688 	 283.323761 	 296.377686 	 2.422465 	 98373.382812 	 599.607422 
189 	 41.678688 	 283.323761 	 295.533508 	 3.079666 	 98313.882812 	 700.827148 
190 	 41.678688 	 283.323761 	 293.584900 	 2.663723 	 98435.593750 	 686.748413 
191 	 41.678688 	 283.323761 	 294.479492 	 0.560539 	 98541.890625 	 700.252441 
192 	 41.678688 	 283.323761 	 297.462158 	 2.313923 	 98740.867188 	 698.959595 
193 	 41.678688 	 283.323761 	 299.313721 	 2.640664 	 98915.687500 	 689.820923 
194 	 41.678688 	 283.323761 	 299.253845 	 2.994925 	 98909.132812 	 679.416138 
195 	 41.678688 	 283.323761 	 297.212402 	 3.809556 	 98456.203125 	 554.714966 
196 	 41.678688 	 283.323761 	 299.059723 	 3.530308 	 98012.718750 	 662.289551 
197 	 41.678688 	 283.323761 	 295.530334 	 2.760282 	 98063.023438 	 579.898438 
198 	 41.678688 	 283.323761 	 293.720306 	 3.120924 	 98259.976562 	 584.040710 
199 	 41.678688 	 283.323761 	 294.087097 	 1.248721 	 98428.187500 	 648.226807 
200 	 41.678688 	 283.323761 	 298.257660 	 2.698994 	 98658.117188 	 696.091919 
201 	 41.678688 	 283.323761 	 299.826019 	 2.482436 	 98672.812500 	 726.522339 
202 	 41.678688 	 283.323761 	 298.274933 	 3.466244 	 98514.671875 	 661.878784 
203 	 41.678688 	 283.323761 	 296.403107 	 4.359044 	 98060.078125 	 564.119873 
204 	 41.678688 	 283.323761 	 294.156006 	 1.345110 	 98831.273438 	 606.901001 
205 	 41.678688 	 283.323761 	 297.838318 	 3.126863 	 99066.593750 	 687.405884 
206 	 41.678688 	 283.323761 	 298.941437 	 2.871892 	 98654.796875 	 646.993164 
207 	 41.678688 	 283.323761 	 302.184357 	 3.564125 	 98303.093750 	 734.993408 
208 	 41.678688 	 283.323761 	 299.185059 	 1.529373 	 98365.117188 	 612.039001 
209 	 41.678688 	 283.323761 	 302.323578 	 3.574945 	 98045.007812 	 652.861877 
210 	 41.678688 	 283.323761 	 299.079224 	 2.865006 	 97867.906250 	 703.125732 
211 	 41.678688 	 283.323761 	 293.785339 	 2.846115 	 98546.953125 	 661.963623 
212 	 41.678688 	 283.323761 	 293.104126 	 1.084117 	 98891.046875 	 654.985107 
213 	 41.678688 	 283.323761 	 295.081207 	 0.803866 	 98756.750000 	 681.345642 
214 	 41.678688 	 283.323761 	 296.992645 	 2.581016 	 98428.273438 	 665.470703 
215 	 41.678688 	 283.323761 	 297.540100 	 1.469884 	 98534.968750 	 683.625732 
216 	 41.678688 	 283.323761 	 300.017212 	 4.285167 	 98209.023438 	 697.973877 
217 	 41.678688 	 283.323761 	 296.836548 	 3.521598 	 98325.429688 	 673.581543 
218 	 41.678688 	 283.323761 	 297.720978 	 3.243506 	 98395.937500 	 688.966064 
219 	 41.678688 	 283.323761 	 296.909790 	 1.040202 	 98695.843750 	 612.982544 
220 	 41.678688 	 283.323761 	 300.842499 	 1.445452 	 98601.976562 	 701.531616 
221 	 41.678688 	 283.323761 	 302.868500 	 3.582875 	 97723.406250 	 634.872620 
222 	 41.678688 	 283.323761 	 298.578827 	 3.358512 	 98017.382812 	 677.563354 
223 	 41.678688 	 283.323761 	 298.448364 	 3.506151 	 98209.859375 	 655.665894 
224 	 41.678688 	 283.323761 	 295.106689 	 2.754588 	 98675.460938 	 565.799805 
225 	 41.678688 	 283.323761 	 294.038696 	 3.784492 	 99128.593750 	 601.091125 
226 	 41.678688 	 283.323761 	 293.193787 	 1.998045 	 99528.382812 	 648.085938 
227 	 41.678688 	 283.323761 	 295.572388 	 2.469866 	 99408.742188 	 651.417725 
228 	 41.678688 	 283.323761 	 300.361450 	 3.307363 	 98612.906250 	 668.388794 
229 	 41.678688 	 283.323761 	 302.433197 	 3.799183 	 97880.742188 	 680.818909 
230 	 41.678688 	 283.323761 	 297.188568 	 2.009509 	 98227.609375 	 669.117065 
231 	 41.678688 	 283.323761 	 299.813934 	 1.371954 	 98482.632812 	 688.631836 
232 	 41.678688 	 283.323761 	 304.331970 	 4.363682 	 98503.687500 	 694.884521 
233 	 41.678688 	 283.323761 	 303.949371 	 3.905734 	 98397.718750 	 663.421631 
234 	 41.678688 	 283.323761 	 305.320984 	 3.657021 	 98277.687500 	 695.826843 
235 	 41.678688 	 283.323761 	 305.276276 	 3.018511 	 98378.742188 	 684.010620 
236 	 41.678688 	 283.323761 	 304.512115 	 2.718353 	 98737.867188 	 671.031250 
237 	 41.678688 	 283.323761 	 303.979614 	 4.000917 	 99165.890625 	 658.618103 
238 	 41.678688 	 283.323761 	 302.521423 	 3.814306 	 99219.429688 	 678.194336 
239 	 41.678688 	 283.323761 	 300.635223 	 1.400537 	 99369.492188 	 638.219910 
240 	 41.678688 	 283.323761 	 298.797974 	 1.293183 	 99229.726562 	 561.793457 
241 	 41.678688 	 283.323761 	 301.553741 	 2.835966 	 98651.406250 	 678.799744 
242 	 41.678688 	 283.323761 	 301.108795 	 2.965971 	 98479.117188 	 612.505066 
243 	 41.678688 	 283.323761 	 298.434601 	 1.866084 	 98851.406250 	 601.918213 
244 	 41.678688 	 283.323761 	 297.804688 	 2.040256 	 98968.203125 	 599.554321 
245 	 41.678688 	 283.323761 	 299.067688 	 2.543254 	 98626.539062 	 610.341553 
246 	 41.678688 	 283.323761 	 301.285004 	 3.565675 	 98205.851562 	 659.573547 
247 	 41.678688 	 283.323761 	 295.799316 	 2.964969 	 98496.078125 	 581.079590 
248 	 41.678688 	 283.323761 	 295.587677 	 1.223867 	 99211.812500 	 620.084534 
249 	 41.678688 	 283.323761 	 301.141998 	 3.433636 	 98582.968750 	 621.186523 
250 	 41.678688 	 283.323761 	 298.380371 	 1.915656 	 98547.078125 	 614.970642 
251 	 41.678688 	 283.323761 	 297.509186 	 2.113269 	 98821.953125 	 524.433533 
252 	 41.678688 	 283.323761 	 297.852234 	 3.090169 	 98990.929688 	 536.514526 
253 	 41.678688 	 283.323761 	 294.296509 	 2.491016 	 99745.523438 	 487.131165 
254 	 41.678688 	 283.323761 	 296.917267 	 3.433407 	 99584.023438 	 602.595459 
255 	 41.678688 	 283.323761 	 300.711365 	 1.941586 	 98973.296875 	 624.215576 
256 	 41.678688 	 283.323761 	 300.628967 	 1.490457 	 99194.812500 	 637.673401 
257 	 41.678688 	 283.323761 	 299.792633 	 2.299231 	 99106.109375 	 625.797974 
258 	 41.678688 	 283.323761 	 296.565430 	 2.381811 	 99247.242188 	 582.233643 
259 	 41.678688 	 283.323761 	 293.937683 	 2.655354 	 99948.953125 	 583.874268 
260 	 41.678688 	 283.323761 	 294.457916 	 2.080190 	 100192.101562 	 590.713013 
261 	 41.678688 	 283.323761 	 295.438416 	 2.001592 	 99619.796875 	 536.178040 
262 	 41.678688 	 283.323761 	 296.344086 	 1.735569 	 99112.382812 	 516.022949 
263 	 41.678688 	 283.323761 	 295.976929 	 2.148852 	 98483.921875 	 563.746094 
264 	 41.678688 	 283.323761 	 291.087677 	 3.258264 	 97938.687500 	 462.488129 
265 	 41.678688 	 283.323761 	 280.841217 	 5.028854 	 98409.226562 	 509.461334 
266 	 41.678688 	 283.323761 	 283.238220 	 4.215101 	 98495.632812 	 510.197083 
267 	 41.678688 	 283.323761 	 285.736908 	 2.718833 	 98833.906250 	 513.833191 
268 	 41.678688 	 283.323761 	 286.268951 	 1.037818 	 99203.453125 	 524.244202 
269 	 41.678688 	 283.323761 	 288.125519 	 0.982457 	 99228.593750 	 519.356384 
270 	 41.678688 	 283.323761 	 287.216156 	 1.337042 	 99197.242188 	 530.967285 
271 	 41.678688 	 283.323761 	 289.374115 	 2.060308 	 98684.757812 	 493.257904 
272 	 41.678688 	 283.323761 	 290.803131 	 2.900514 	 98347.296875 	 408.133514 
273 	 41.678688 	 283.323761 	 287.922302 	 3.633103 	 97861.171875 	 545.146973 
274 	 41.678688 	 283.323761 	 285.991058 	 3.463289 	 97978.093750 	 424.086151 
275 	 41.678688 	 283.323761 	 289.528015 	 2.669347 	 98501.601562 	 550.590576 
276 	 41.678688 	 283.323761 	 289.917816 	 1.923678 	 98713.710938 	 518.826233 
277 	 41.678688 	 283.323761 	 287.718719 	 1.602888 	 99129.007812 	 467.428223 
278 	 41.678688 	 283.323761 	 289.179810 	 2.046921 	 99304.226562 	 448.412079 
279 	 41.678688 	 283.323761 	 292.644775 	 2.125071 	 98875.546875 	 455.887878 
280 	 41.678688 	 283.323761 	 289.923523 	 2.756437 	 98330.632812 	 496.585510 
281 	 41.678688 	 283.323761 	 285.480347 	 1.709216 	 98567.843750 	 492.719727 
282 	 41.678688 	 283.323761 	 287.737000 	 3.409256 	 98609.546875 	 505.631104 
283 	 41.678688 	 283.323761 	 290.153015 	 2.460787 	 98456.117188 	 512.605591 
284 	 41.678688 	 283.323761 	 287.336426 	 1.778312 	 98932.968750 	 495.387268 
285 	 41.678688 	 283.323761 	 291.651764 	 2.663252 	 98642.257812 	 503.049744 
286 	 41.678688 	 283.323761 	 287.190186 	 1.961491 	 99155.390625 	 488.411560 
287 	 41.678688 	 283.323761 	 294.206146 	 3.065052 	 99330.632812 	 545.507690 
288 	 41.678688 	 283.323761 	 295.405273 	 3.276669 	 99170.156250 	 537.027893 
289 	 41.678688 	 283.323761 	 293.706665 	 3.725123 	 98557.960938 	 513.760498 
290 	 41.678688 	 283.323761 	 286.721283 	 1.839997 	 98650.273438 	 473.016907 
291 	 41.678688 	 283.323761 	 281.891876 	 1.141813 	 99155.976562 	 370.174408 
292 	 41.678688 	 283.323761 	 280.574463 	 2.743611 	 97544.570312 	 364.192169 
293 	 41.678688 	 283.323761 	 276.992767 	 4.351861 	 97270.656250 	 385.494354 
294 	 41.678688 	 283.323761 	 278.404572 	 4.545675 	 98044.343750 	 420.115479 
295 	 41.678688 	 283.323761 	 281.288086 	 1.790092 	 99409.953125 	 442.140564 
296 	 41.678688 	 283.323761 	 283.472748 	 1.882239 	 99850.320312 	 450.290283 
297 	 41.678688 	 283.323761 	 284.371796 	 2.127362 	 99741.796875 	 404.794678 
298 	 41.678688 	 283.323761 	 286.484833 	 1.812800 	 99613.546875 	 412.957642 
299 	 41.678688 	 283.323761 	 289.457245 	 1.881126 	 99070.546875 	 469.141632 
300 	 41.678688 	 283.323761 	 283.478485 	 3.485295 	 98769.578125 	 468.824310 
301 	 41.678688 	 283.323761 	 279.191498 	 1.586803 	 99800.843750 	 432.008728 
302 	 41.678688 	 283.323761 	 281.205444 	 2.876985 	 100053.101562 	 422.630219 
303 	 41.678688 	 283.323761 	 285.848572 	 4.308165 	 99654.179688 	 390.554749 
304 	 41.678688 	 283.323761 	 283.043243 	 2.872886 	 99046.328125 	 393.456909 
305 	 41.678688 	 283.323761 	 275.763458 	 3.352670 	 98932.617188 	 387.732819 
306 	 41.678688 	 283.323761 	 275.190521 	 2.118391 	 99695.351562 	 395.946167 
307 	 41.678688 	 283.323761 	 278.298706 	 3.751773 	 99948.132812 	 356.263916 
308 	 41.678688 	 283.323761 	 286.298523 	 4.137671 	 99283.242188 	 413.152771 
309 	 41.678688 	 283.323761 	 278.919067 	 1.453846 	 99486.023438 	 375.371399 
310 	 41.678688 	 283.323761 	 280.774414 	 2.345596 	 99492.328125 	 405.350525 
311 	 41.678688 	 283.323761 	 285.944916 	 5.102694 	 99157.046875 	 401.131927 
312 	 41.678688 	 283.323761 	 287.803009 	 3.298434 	 98601.226562 	 441.609741 
313 	 41.678688 	 283.323761 	 281.554596 	 1.829126 	 97978.609375 	 423.502808 
314 	 41.678688 	 283.323761 	 278.142181 	 1.574564 	 97779.812500 	 374.410583 
315 	 41.678688 	 283.323761 	 278.256958 	 3.838842 	 98351.726562 	 415.305298 
316 	 41.678688 	 283.323761 	 277.911621 	 2.755486 	 98692.632812 	 390.621338 
317 	 41.678688 	 283.323761 	 280.011932 	 1.517280 	 98790.148438 	 390.528656 
318 	 41.678688 	 283.323761 	 278.913239 	 1.397399 	 99014.742188 	 357.021729 
319 	 41.678688 	 283.323761 	 283.083588 	 4.684876 	 98122.109375 	 381.946014 
320 	 41.678688 	 283.323761 	 278.344391 	 3.535711 	 97754.343750 	 389.891876 
321 	 41.678688 	 283.323761 	 276.157593 	 1.577637 	 98367.070312 	 356.991760 
322 	 41.678688 	 283.323761 	 274.878174 	 2.928022 	 97766.343750 	 387.361450 
323 	 41.678688 	 283.323761 	 275.393066 	 3.697431 	 97758.109375 	 356.661987 
324 	 41.678688 	 283.323761 	 274.426086 	 2.201035 	 98871.156250 	 373.557037 
325 	 41.678688 	 283.323761 	 275.679993 	 3.880699 	 99210.640625 	 335.726379 
326 	 41.678688 	 283.323761 	 281.106720 	 3.745363 	 97012.226562 	 401.115601 
327 	 41.678688 	 283.323761 	 277.603149 	 4.336390 	 97151.687500 	 344.049316 
328 	 41.678688 	 283.323761 	 278.066711 	 2.623877 	 99674.617188 	 379.758331 
329 	 41.678688 	 283.323761 	 281.730621 	 3.974686 	 100671.601562 	 387.642059 
330 	 41.678688 	 283.323761 	 285.949829 	 3.811333 	 100097.500000 	 423.331360 
331 	 41.678688 	 283.323761 	 287.474365 	 4.415300 	 99295.656250 	 412.939453 
332 	 41.678688 	 283.323761 	 282.336029 	 3.654480 	 98528.968750 	 393.906616 
333 	 41.678688 	 283.323761 	 280.526520 	 1.498940 	 99796.406250 	 394.499969 
334 	 41.678688 	 283.323761 	 279.539246 	 2.519538 	 99940.609375 	 355.968628 
335 	 41.678688 	 283.323761 	 284.207092 	 3.412573 	 99135.906250 	 390.401031 
336 	 41.678688 	 283.323761 	 277.141968 	 2.171404 	 99378.359375 	 354.676331 
337 	 41.678688 	 283.323761 	 276.602631 	 2.574267 	 99047.609375 	 396.987518 
338 	 41.678688 	 283.323761 	 275.523865 	 2.868476 	 99623.046875 	 337.986969 
339 	 41.678688 	 283.323761 	 277.309296 	 1.768519 	 99680.148438 	 380.935364 
340 	 41.678688 	 283.323761 	 276.052521 	 2.169835 	 100047.000000 	 357.354736 
341 	 41.678688 	 283.323761 	 284.807251 	 5.021070 	 98792.468750 	 372.489868 
342 	 41.678688 	 283.323761 	 278.870544 	 4.848105 	 97742.390625 	 385.483032 
343 	 41.678688 	 283.323761 	 278.297180 	 4.559787 	 97997.101562 	 364.366425 
344 	 41.678688 	 283.323761 	 277.110535 	 2.193191 	 99049.312500 	 342.572968 
345 	 41.678688 	 283.323761 	 281.562347 	 2.286692 	 99284.242188 	 369.580292 
346 	 41.678688 	 283.323761 	 281.455505 	 2.779837 	 98757.132812 	 363.243530 
347 	 41.678688 	 283.323761 	 279.022064 	 4.532233 	 98394.359375 	 380.708679 
348 	 41.678688 	 283.323761 	 271.840790 	 4.142053 	 99367.250000 	 310.764465 
349 	 41.678688 	 283.323761 	 274.535248 	 1.940187 	 97921.000000 	 341.090546 
350 	 41.678688 	 283.323761 	 274.251801 	 4.616777 	 97493.382812 	 357.485352 
351 	 41.678688 	 283.323761 	 273.557465 	 2.729321 	 98598.117188 	 326.958435 
352 	 41.678688 	 283.323761 	 272.197754 	 1.518708 	 99364.742188 	 313.590973 
353 	 41.678688 	 283.323761 	 275.521362 	 2.407628 	 99381.796875 	 354.077179 
354 	 41.678688 	 283.323761 	 277.811279 	 1.757176 	 99231.328125 	 351.464142 
355 	 41.678688 	 283.323761 	 279.682648 	 1.066555 	 99158.523438 	 368.137451 
356 	 41.678688 	 283.323761 	 279.226776 	 2.051706 	 98679.898438 	 342.028198 
357 	 41.678688 	 283.323761 	 279.674713 	 3.443577 	 97232.726562 	 372.188477 
358 	 41.678688 	 283.323761 	 270.298492 	 3.870828 	 98595.351562 	 329.370117 
359 	 41.678688 	 283.323761 	 270.987671 	 2.757434 	 99390.492188 	 314.068634 
360 	 41.678688 	 283.323761 	 270.664856 	 2.370109 	 99562.140625 	 290.752014 
361 	 41.678688 	 283.323761 	 273.517700 	 2.524116 	 99132.906250 	 324.065186 
362 	 41.678688 	 283.323761 	 277.733154 	 2.955894 	 98840.093750 	 345.124329 
363 	 41.678688 	 283.323761 	 275.770508 	 1.478749 	 98746.742188 	 319.120239 
364 	 41.678688 	 283.323761 	 272.911804 	 1.578782 	 98346.703125 	 301.234344 
