# 0: Day of Year [-] 	 1: lat [deg] 	 2: lon [deg] 	 3: tas [K] 	 4: sfcWind [m s-1] 	 5: ps [Pa] 	 6: Total Downwelling Rad Flux [W m-2] 
0 	 41.678688 	 283.323761 	 268.199341 	 1.921958 	 99861.742188 	 318.235962 
1 	 41.678688 	 283.323761 	 270.875366 	 3.317504 	 98551.367188 	 303.668945 
2 	 41.678688 	 283.323761 	 267.584778 	 3.607325 	 98868.523438 	 316.126160 
3 	 41.678688 	 283.323761 	 270.139313 	 3.578207 	 98582.296875 	 335.794037 
4 	 41.678688 	 283.323761 	 275.120392 	 3.371052 	 97918.062500 	 346.778931 
5 	 41.678688 	 283.323761 	 275.760315 	 1.856144 	 98680.992188 	 369.480499 
6 	 41.678688 	 283.323761 	 272.291199 	 0.827139 	 99098.023438 	 331.224304 
7 	 41.678688 	 283.323761 	 275.372009 	 1.076640 	 99311.851562 	 353.070587 
8 	 41.678688 	 283.323761 	 273.524963 	 2.256206 	 99495.492188 	 340.394623 
9 	 41.678688 	 283.323761 	 276.076111 	 1.710255 	 98939.148438 	 326.546692 
10 	 41.678688 	 283.323761 	 279.768921 	 3.562115 	 98078.546875 	 375.922852 
11 	 41.678688 	 283.323761 	 275.075562 	 3.210652 	 98382.890625 	 346.315948 
12 	 41.678688 	 283.323761 	 272.281860 	 1.646518 	 99167.359375 	 298.465576 
13 	 41.678688 	 283.323761 	 277.572479 	 2.625741 	 98760.343750 	 377.248474 
14 	 41.678688 	 283.323761 	 277.171478 	 2.919858 	 98236.156250 	 375.450592 
15 	 41.678688 	 283.323761 	 270.381317 	 2.337168 	 98633.421875 	 336.967285 
16 	 41.678688 	 283.323761 	 267.749939 	 5.678297 	 98366.453125 	 336.458923 
17 	 41.678688 	 283.323761 	 270.063751 	 3.367990 	 98077.296875 	 324.000000 
18 	 41.678688 	 283.323761 	 272.273865 	 2.509791 	 97545.179688 	 340.750000 
19 	 41.678688 	 283.323761 	 272.352814 	 2.831907 	 97582.750000 	 372.398743 
20 	 41.678688 	 283.323761 	 270.829559 	 2.439312 	 98104.140625 	 283.682190 
21 	 41.678688 	 283.323761 	 276.386292 	 2.139799 	 98023.203125 	 343.938812 
22 	 41.678688 	 283.323761 	 269.631195 	 4.447353 	 98539.492188 	 382.856171 
23 	 41.678688 	 283.323761 	 268.178711 	 2.859609 	 99288.429688 	 334.159241 
24 	 41.678688 	 283.323761 	 277.541779 	 2.753567 	 98115.781250 	 324.073914 
25 	 41.678688 	 283.323761 	 273.998779 	 2.476530 	 98749.859375 	 399.110809 
26 	 41.678688 	 283.323761 	 272.064606 	 1.875308 	 99871.703125 	 356.202209 
27 	 41.678688 	 283.323761 	 277.947540 	 1.410444 	 99413.828125 	 352.797516 
28 	 41.678688 	 283.323761 	 278.419434 	 2.499155 	 98554.539062 	 379.640472 
29 	 41.678688 	 283.323761 	 278.576599 	 2.864094 	 97665.609375 	 346.754730 
30 	 41.678688 	 283.323761 	 275.156616 	 3.326070 	 97168.867188 	 354.888550 
31 	 41.678688 	 283.323761 	 276.068237 	 3.767658 	 97822.757812 	 375.126831 
32 	 41.678688 	 283.323761 	 272.274780 	 2.778369 	 99148.546875 	 364.396057 
33 	 41.678688 	 283.323761 	 275.387421 	 2.597160 	 99257.593750 	 324.062622 
34 	 41.678688 	 283.323761 	 278.337280 	 2.780811 	 99097.429688 	 366.461945 
35 	 41.678688 	 283.323761 	 281.042664 	 5.470217 	 97356.007812 	 397.800385 
36 	 41.678688 	 283.323761 	 269.608917 	 4.508358 	 97991.101562 	 359.461670 
37 	 41.678688 	 283.323761 	 271.571594 	 3.112983 	 98477.460938 	 393.322662 
38 	 41.678688 	 283.323761 	 270.123352 	 1.396256 	 98606.632812 	 311.217468 
39 	 41.678688 	 283.323761 	 269.718872 	 1.898651 	 98360.367188 	 397.626892 
40 	 41.678688 	 283.323761 	 269.542328 	 3.243471 	 98380.773438 	 356.267029 
41 	 41.678688 	 283.323761 	 270.165833 	 2.284738 	 99008.156250 	 373.037231 
42 	 41.678688 	 283.323761 	 272.589935 	 1.714285 	 98989.390625 	 330.344177 
43 	 41.678688 	 283.323761 	 272.860992 	 1.690482 	 98881.437500 	 420.888763 
44 	 41.678688 	 283.323761 	 273.204163 	 2.259871 	 99365.843750 	 393.388123 
45 	 41.678688 	 283.323761 	 279.939941 	 3.662690 	 98899.882812 	 427.371765 
46 	 41.678688 	 283.323761 	 284.031128 	 3.601320 	 98441.562500 	 400.933624 
47 	 41.678688 	 283.323761 	 282.330872 	 3.308833 	 97951.593750 	 459.904663 
48 	 41.678688 	 283.323761 	 277.424011 	 2.525321 	 98756.429688 	 357.346710 
49 	 41.678688 	 283.323761 	 282.088135 	 4.263205 	 97760.632812 	 427.200134 
50 	 41.678688 	 283.323761 	 276.824829 	 2.836810 	 98928.656250 	 417.509613 
51 	 41.678688 	 283.323761 	 277.763702 	 2.594626 	 99621.640625 	 415.564941 
52 	 41.678688 	 283.323761 	 284.916351 	 3.363917 	 98572.296875 	 441.127960 
53 	 41.678688 	 283.323761 	 280.571686 	 2.166136 	 99146.359375 	 434.990356 
54 	 41.678688 	 283.323761 	 278.923615 	 2.131922 	 99838.132812 	 382.207916 
55 	 41.678688 	 283.323761 	 285.068359 	 4.432732 	 99096.843750 	 461.643127 
56 	 41.678688 	 283.323761 	 285.353607 	 3.675060 	 98471.960938 	 504.312439 
57 	 41.678688 	 283.323761 	 277.801300 	 1.199726 	 98901.203125 	 393.962189 
58 	 41.678688 	 283.323761 	 278.642944 	 1.816947 	 99139.789062 	 441.913300 
59 	 41.678688 	 283.323761 	 278.899872 	 1.786056 	 99618.210938 	 446.734131 
60 	 41.678688 	 283.323761 	 282.326630 	 2.742085 	 99244.523438 	 378.409882 
61 	 41.678688 	 283.323761 	 285.276245 	 2.215235 	 98529.453125 	 409.002869 
62 	 41.678688 	 283.323761 	 281.915009 	 3.363336 	 98195.523438 	 385.788574 
63 	 41.678688 	 283.323761 	 274.039062 	 5.603061 	 97727.406250 	 482.612366 
64 	 41.678688 	 283.323761 	 270.151886 	 2.650456 	 99024.882812 	 387.128174 
65 	 41.678688 	 283.323761 	 271.234619 	 0.740461 	 99033.523438 	 431.924561 
66 	 41.678688 	 283.323761 	 275.469116 	 2.639487 	 98702.968750 	 448.519226 
67 	 41.678688 	 283.323761 	 278.743774 	 2.904406 	 98428.156250 	 413.480286 
68 	 41.678688 	 283.323761 	 272.120148 	 4.078188 	 97092.789062 	 436.939209 
69 	 41.678688 	 283.323761 	 268.707794 	 3.980291 	 98115.023438 	 391.934875 
70 	 41.678688 	 283.323761 	 274.825439 	 2.424860 	 98576.593750 	 461.209991 
71 	 41.678688 	 283.323761 	 277.286896 	 2.819715 	 98917.367188 	 441.419678 
72 	 41.678688 	 283.323761 	 277.161682 	 3.995667 	 98548.531250 	 513.141846 
73 	 41.678688 	 283.323761 	 269.771912 	 2.092426 	 99671.992188 	 420.582642 
74 	 41.678688 	 283.323761 	 272.903503 	 2.416201 	 98962.296875 	 343.241455 
75 	 41.678688 	 283.323761 	 278.714661 	 1.658109 	 97145.507812 	 402.766357 
76 	 41.678688 	 283.323761 	 277.950226 	 1.422416 	 97490.289062 	 452.593384 
77 	 41.678688 	 283.323761 	 276.700745 	 2.958469 	 97112.250000 	 426.179199 
78 	 41.678688 	 283.323761 	 277.674713 	 4.244736 	 97402.453125 	 512.312317 
79 	 41.678688 	 283.323761 	 281.587860 	 1.686135 	 99148.000000 	 508.725952 
80 	 41.678688 	 283.323761 	 288.299225 	 2.688335 	 99321.156250 	 546.287231 
81 	 41.678688 	 283.323761 	 289.423187 	 3.547349 	 98540.500000 	 512.807983 
82 	 41.678688 	 283.323761 	 282.175079 	 3.576292 	 98442.242188 	 547.349548 
83 	 41.678688 	 283.323761 	 279.434052 	 5.178048 	 97860.757812 	 536.870483 
84 	 41.678688 	 283.323761 	 273.796265 	 5.097500 	 97888.968750 	 484.493256 
85 	 41.678688 	 283.323761 	 274.893188 	 2.166792 	 98476.460938 	 452.930054 
86 	 41.678688 	 283.323761 	 278.838287 	 3.745457 	 98034.203125 	 502.764313 
87 	 41.678688 	 283.323761 	 280.925262 	 3.393414 	 96870.242188 	 445.326813 
88 	 41.678688 	 283.323761 	 278.579681 	 2.817846 	 97901.101562 	 537.851929 
89 	 41.678688 	 283.323761 	 275.939301 	 2.495457 	 98687.046875 	 455.033875 
90 	 41.678688 	 283.323761 	 277.671143 	 1.651494 	 99083.226562 	 518.760498 
91 	 41.678688 	 283.323761 	 280.788818 	 2.406603 	 98310.523438 	 546.213318 
92 	 41.678688 	 283.323761 	 278.829834 	 4.106117 	 98132.492188 	 530.408325 
93 	 41.678688 	 283.323761 	 281.068542 	 3.551145 	 98652.968750 	 530.701965 
94 	 41.678688 	 283.323761 	 282.433929 	 1.445042 	 98930.890625 	 544.651978 
95 	 41.678688 	 283.323761 	 285.372284 	 2.585437 	 98078.468750 	 558.229309 
96 	 41.678688 	 283.323761 	 277.956696 	 4.111905 	 98250.226562 	 529.837158 
97 	 41.678688 	 283.323761 	 276.177643 	 2.431459 	 99209.890625 	 521.233154 
98 	 41.678688 	 283.323761 	 279.618835 	 1.596363 	 99389.906250 	 543.424316 
99 	 41.678688 	 283.323761 	 284.001038 	 3.494513 	 98839.531250 	 555.372131 
100 	 41.678688 	 283.323761 	 285.014771 	 4.377060 	 97726.023438 	 515.199646 
101 	 41.678688 	 283.323761 	 273.644989 	 4.315113 	 98355.687500 	 387.702209 
102 	 41.678688 	 283.323761 	 276.230438 	 3.570975 	 98979.523438 	 518.394714 
103 	 41.678688 	 283.323761 	 279.310486 	 2.016466 	 98576.406250 	 470.811951 
104 	 41.678688 	 283.323761 	 288.231873 	 3.623797 	 97507.492188 	 550.639954 
105 	 41.678688 	 283.323761 	 287.761871 	 3.503261 	 97297.570312 	 538.430786 
106 	 41.678688 	 283.323761 	 275.712708 	 4.059723 	 98105.773438 	 525.762695 
107 	 41.678688 	 283.323761 	 275.804321 	 3.786885 	 98818.906250 	 543.584351 
108 	 41.678688 	 283.323761 	 278.783630 	 1.425272 	 99033.437500 	 488.357635 
109 	 41.678688 	 283.323761 	 278.726227 	 2.255915 	 98952.593750 	 581.277832 
110 	 41.678688 	 283.323761 	 278.620392 	 1.820028 	 99070.101562 	 538.841553 
111 	 41.678688 	 283.323761 	 287.652405 	 3.626172 	 98744.046875 	 525.279907 
112 	 41.678688 	 283.323761 	 293.902832 	 3.098126 	 98233.226562 	 619.387573 
113 	 41.678688 	 283.323761 	 292.238922 	 2.570617 	 98591.937500 	 638.673462 
114 	 41.678688 	 283.323761 	 288.157990 	 1.713650 	 99049.851562 	 530.805603 
115 	 41.678688 	 283.323761 	 296.208832 	 3.185017 	 98386.320312 	 658.125732 
116 	 41.678688 	 283.323761 	 297.189209 	 3.286535 	 97992.812500 	 630.099243 
117 	 41.678688 	 283.323761 	 286.463440 	 3.537759 	 97549.750000 	 526.377441 
118 	 41.678688 	 283.323761 	 279.183197 	 3.924791 	 97793.960938 	 504.466003 
119 	 41.678688 	 283.323761 	 279.160553 	 3.798055 	 97820.703125 	 566.959167 
120 	 41.678688 	 283.323761 	 280.977356 	 2.592681 	 98063.093750 	 530.090942 
121 	 41.678688 	 283.323761 	 280.152161 	 1.914824 	 97653.062500 	 392.414307 
122 	 41.678688 	 283.323761 	 280.201935 	 2.517856 	 97128.476562 	 483.625916 
123 	 41.678688 	 283.323761 	 280.882751 	 2.905418 	 97576.187500 	 547.168335 
124 	 41.678688 	 283.323761 	 282.043976 	 2.169189 	 98397.929688 	 567.798157 
125 	 41.678688 	 283.323761 	 282.126312 	 1.718022 	 99058.976562 	 593.334717 
126 	 41.678688 	 283.323761 	 285.122681 	 1.725004 	 99247.382812 	 619.052368 
127 	 41.678688 	 283.323761 	 288.651886 	 1.879991 	 98991.992188 	 621.257568 
128 	 41.678688 	 283.323761 	 293.495239 	 2.866510 	 98679.250000 	 638.357178 
129 	 41.678688 	 283.323761 	 295.191315 	 3.662010 	 98496.390625 	 674.571045 
130 	 41.678688 	 283.323761 	 297.306732 	 4.258529 	 98455.742188 	 638.151184 
131 	 41.678688 	 283.323761 	 294.315369 	 4.379726 	 98252.078125 	 591.026062 
132 	 41.678688 	 283.323761 	 284.591461 	 3.292861 	 98630.171875 	 623.674194 
133 	 41.678688 	 283.323761 	 283.748077 	 1.814960 	 98840.476562 	 546.195312 
134 	 41.678688 	 283.323761 	 283.791382 	 1.925755 	 98725.179688 	 599.661377 
135 	 41.678688 	 283.323761 	 284.632996 	 2.245191 	 98919.070312 	 622.926147 
136 	 41.678688 	 283.323761 	 285.145569 	 0.911371 	 98893.882812 	 634.577393 
137 	 41.678688 	 283.323761 	 287.900421 	 1.208194 	 98785.789062 	 643.312500 
138 	 41.678688 	 283.323761 	 292.864288 	 3.154323 	 98231.132812 	 664.550415 
139 	 41.678688 	 283.323761 	 294.232269 	 3.409120 	 97958.382812 	 583.858276 
140 	 41.678688 	 283.323761 	 289.215332 	 2.442214 	 98830.539062 	 664.999939 
141 	 41.678688 	 283.323761 	 288.168274 	 1.180559 	 99313.593750 	 533.943420 
142 	 41.678688 	 283.323761 	 295.122650 	 2.439901 	 98966.500000 	 670.302368 
143 	 41.678688 	 283.323761 	 297.713013 	 2.878236 	 98697.429688 	 697.571289 
144 	 41.678688 	 283.323761 	 296.995758 	 2.514860 	 98636.062500 	 694.218994 
145 	 41.678688 	 283.323761 	 296.512390 	 2.210331 	 98838.046875 	 706.062439 
146 	 41.678688 	 283.323761 	 296.132904 	 2.361721 	 99205.023438 	 685.720459 
147 	 41.678688 	 283.323761 	 296.206299 	 2.891532 	 98788.476562 	 689.011719 
148 	 41.678688 	 283.323761 	 295.999481 	 3.168226 	 98557.328125 	 675.660339 
149 	 41.678688 	 283.323761 	 295.628998 	 3.965788 	 98214.617188 	 627.916565 
150 	 41.678688 	 283.323761 	 291.931122 	 1.824915 	 98519.382812 	 572.555420 
151 	 41.678688 	 283.323761 	 293.776886 	 3.046047 	 98181.093750 	 685.093994 
152 	 41.678688 	 283.323761 	 293.475159 	 3.322321 	 97943.273438 	 711.513184 
153 	 41.678688 	 283.323761 	 291.871979 	 2.189201 	 98802.023438 	 675.208252 
154 	 41.678688 	 283.323761 	 298.083069 	 4.624880 	 98449.578125 	 686.437927 
155 	 41.678688 	 283.323761 	 292.846802 	 3.566298 	 98520.789062 	 644.003540 
156 	 41.678688 	 283.323761 	 290.184967 	 1.851163 	 98991.773438 	 679.663025 
157 	 41.678688 	 283.323761 	 289.679352 	 2.136364 	 98693.328125 	 673.668335 
158 	 41.678688 	 283.323761 	 285.122040 	 3.781452 	 99154.023438 	 654.255310 
159 	 41.678688 	 283.323761 	 284.848999 	 2.013564 	 99201.578125 	 646.228333 
160 	 41.678688 	 283.323761 	 286.552734 	 1.235964 	 99370.132812 	 654.209351 
161 	 41.678688 	 283.323761 	 290.773010 	 2.922094 	 99053.929688 	 634.884521 
162 	 41.678688 	 283.323761 	 296.732605 	 3.507931 	 98077.429688 	 618.595093 
163 	 41.678688 	 283.323761 	 295.948914 	 1.442099 	 98126.273438 	 584.833618 
164 	 41.678688 	 283.323761 	 296.181091 	 1.196285 	 98346.351562 	 666.069092 
165 	 41.678688 	 283.323761 	 295.585388 	 1.306228 	 98344.859375 	 662.041870 
166 	 41.678688 	 283.323761 	 297.986328 	 1.574367 	 98201.773438 	 729.566833 
167 	 41.678688 	 283.323761 	 301.675903 	 4.392928 	 97264.796875 	 744.881226 
168 	 41.678688 	 283.323761 	 293.696899 	 3.737185 	 97478.593750 	 532.764038 
169 	 41.678688 	 283.323761 	 292.169586 	 3.311923 	 97867.281250 	 709.569763 
170 	 41.678688 	 283.323761 	 289.543915 	 2.000548 	 98726.187500 	 579.045410 
171 	 41.678688 	 283.323761 	 295.648163 	 5.239123 	 97997.812500 	 641.565674 
172 	 41.678688 	 283.323761 	 291.566833 	 5.167167 	 97983.492188 	 643.777710 
173 	 41.678688 	 283.323761 	 287.919403 	 2.700055 	 98888.156250 	 664.626953 
174 	 41.678688 	 283.323761 	 289.479584 	 2.756784 	 99153.906250 	 659.569336 
175 	 41.678688 	 283.323761 	 293.971344 	 4.978891 	 98742.726562 	 620.917603 
176 	 41.678688 	 283.323761 	 302.599701 	 3.720019 	 98040.226562 	 758.523132 
177 	 41.678688 	 283.323761 	 300.119934 	 1.400690 	 98894.781250 	 732.638916 
178 	 41.678688 	 283.323761 	 305.876526 	 3.479170 	 98559.570312 	 722.756165 
179 	 41.678688 	 283.323761 	 305.234192 	 3.944923 	 97983.546875 	 733.049683 
180 	 41.678688 	 283.323761 	 295.360931 	 1.810379 	 98241.453125 	 559.931030 
181 	 41.678688 	 283.323761 	 295.091003 	 1.187222 	 98228.726562 	 659.062134 
182 	 41.678688 	 283.323761 	 295.420074 	 2.182769 	 98435.921875 	 606.365906 
183 	 41.678688 	 283.323761 	 294.505615 	 1.742243 	 99185.531250 	 659.371277 
184 	 41.678688 	 283.323761 	 299.565063 	 4.852072 	 98988.343750 	 719.307495 
185 	 41.678688 	 283.323761 	 302.657288 	 3.799949 	 98369.281250 	 727.509766 
186 	 41.678688 	 283.323761 	 294.680573 	 3.705459 	 98954.898438 	 653.749512 
187 	 41.678688 	 283.323761 	 290.664825 	 2.218457 	 99329.156250 	 669.397217 
188 	 41.678688 	 283.323761 	 292.401642 	 1.148895 	 99312.148438 	 675.483765 
189 	 41.678688 	 283.323761 	 295.912994 	 3.983506 	 99131.570312 	 580.645508 
190 	 41.678688 	 283.323761 	 295.657623 	 3.895804 	 98918.343750 	 680.701538 
191 	 41.678688 	 283.323761 	 301.702362 	 2.569517 	 98764.242188 	 725.199097 
192 	 41.678688 	 283.323761 	 304.456390 	 3.155360 	 98543.671875 	 725.677246 
193 	 41.678688 	 283.323761 	 301.007812 	 2.308676 	 98669.992188 	 713.217285 
194 	 41.678688 	 283.323761 	 296.638733 	 1.495432 	 99058.156250 	 587.142090 
195 	 41.678688 	 283.323761 	 296.468231 	 2.955043 	 99729.187500 	 705.365723 
196 	 41.678688 	 283.323761 	 296.531342 	 3.074038 	 99628.421875 	 703.729492 
197 	 41.678688 	 283.323761 	 299.712616 	 4.067884 	 99145.101562 	 709.427612 
198 	 41.678688 	 283.323761 	 301.381073 	 3.809999 	 98563.890625 	 713.230530 
199 	 41.678688 	 283.323761 	 301.115387 	 2.255157 	 98316.460938 	 725.292358 
200 	 41.678688 	 283.323761 	 299.214142 	 1.702160 	 98685.203125 	 669.512329 
201 	 41.678688 	 283.323761 	 295.348969 	 1.588880 	 98455.343750 	 560.699829 
202 	 41.678688 	 283.323761 	 297.164032 	 1.427419 	 98299.726562 	 707.848145 
203 	 41.678688 	 283.323761 	 298.254913 	 1.218390 	 98491.710938 	 696.923279 
204 	 41.678688 	 283.323761 	 297.697754 	 1.018485 	 98888.773438 	 702.161743 
205 	 41.678688 	 283.323761 	 299.175842 	 2.411078 	 98970.031250 	 701.852417 
206 	 41.678688 	 283.323761 	 299.429382 	 2.457743 	 98737.812500 	 629.257812 
207 	 41.678688 	 283.323761 	 298.960297 	 1.692933 	 98364.070312 	 699.292480 
208 	 41.678688 	 283.323761 	 300.286560 	 2.287097 	 98107.617188 	 714.985657 
209 	 41.678688 	 283.323761 	 299.897064 	 2.801097 	 97992.359375 	 673.403687 
210 	 41.678688 	 283.323761 	 299.767426 	 2.860128 	 97782.531250 	 652.917419 
211 	 41.678688 	 283.323761 	 299.629883 	 3.549906 	 97482.726562 	 620.589905 
212 	 41.678688 	 283.323761 	 298.329437 	 1.537530 	 98060.828125 	 698.000366 
213 	 41.678688 	 283.323761 	 300.975616 	 1.006796 	 98382.023438 	 706.592957 
214 	 41.678688 	 283.323761 	 304.067749 	 2.367393 	 98421.406250 	 678.552307 
215 	 41.678688 	 283.323761 	 302.129578 	 0.573334 	 98656.773438 	 703.599365 
216 	 41.678688 	 283.323761 	 301.368256 	 2.892500 	 97965.703125 	 660.019165 
217 	 41.678688 	 283.323761 	 299.007690 	 3.946348 	 97972.328125 	 682.940063 
218 	 41.678688 	 283.323761 	 294.000488 	 1.092645 	 99160.546875 	 650.168945 
219 	 41.678688 	 283.323761 	 298.133606 	 4.414499 	 99048.851562 	 687.843689 
220 	 41.678688 	 283.323761 	 300.325867 	 3.591167 	 98485.468750 	 619.450562 
221 	 41.678688 	 283.323761 	 297.830505 	 1.039887 	 98622.093750 	 674.292358 
222 	 41.678688 	 283.323761 	 299.582031 	 1.820580 	 98744.726562 	 680.882324 
223 	 41.678688 	 283.323761 	 303.528839 	 4.232409 	 98671.023438 	 699.675171 
224 	 41.678688 	 283.323761 	 302.091492 	 1.744245 	 98826.773438 	 686.220459 
225 	 41.678688 	 283.323761 	 299.918793 	 1.212066 	 98852.539062 	 687.910950 
226 	 41.678688 	 283.323761 	 303.671509 	 3.901871 	 98653.218750 	 670.391479 
227 	 41.678688 	 283.323761 	 305.355530 	 5.470783 	 98559.937500 	 723.123291 
228 	 41.678688 	 283.323761 	 303.847137 	 5.124133 	 98327.812500 	 696.965088 
229 	 41.678688 	 283.323761 	 304.277893 	 4.675649 	 97885.218750 	 707.855103 
230 	 41.678688 	 283.323761 	 297.690186 	 3.214856 	 98525.000000 	 621.519531 
231 	 41.678688 	 283.323761 	 298.611389 	 2.485285 	 98982.773438 	 642.895386 
232 	 41.678688 	 283.323761 	 305.145874 	 5.123451 	 98361.343750 	 627.993042 
233 	 41.678688 	 283.323761 	 304.471741 	 2.089498 	 98496.906250 	 691.110962 
234 	 41.678688 	 283.323761 	 302.876038 	 1.672203 	 98325.382812 	 669.751343 
235 	 41.678688 	 283.323761 	 300.959503 	 2.789982 	 98627.843750 	 629.374573 
236 	 41.678688 	 283.323761 	 297.463196 	 3.287693 	 99052.078125 	 661.452026 
237 	 41.678688 	 283.323761 	 299.089752 	 2.697093 	 99201.101562 	 650.099487 
238 	 41.678688 	 283.323761 	 305.288849 	 4.529056 	 98685.218750 	 632.905273 
239 	 41.678688 	 283.323761 	 304.841187 	 2.663044 	 98424.726562 	 652.552307 
240 	 41.678688 	 283.323761 	 299.062714 	 1.669552 	 98818.203125 	 659.440186 
241 	 41.678688 	 283.323761 	 303.636444 	 1.642030 	 98990.281250 	 626.872375 
242 	 41.678688 	 283.323761 	 305.635956 	 1.789515 	 98817.726562 	 646.466003 
243 	 41.678688 	 283.323761 	 305.857330 	 2.579691 	 98378.359375 	 647.154297 
244 	 41.678688 	 283.323761 	 303.865601 	 2.680430 	 98584.343750 	 665.910889 
245 	 41.678688 	 283.323761 	 300.658508 	 1.832471 	 98711.273438 	 625.030273 
246 	 41.678688 	 283.323761 	 295.643799 	 2.417689 	 98821.468750 	 505.832794 
247 	 41.678688 	 283.323761 	 298.605347 	 4.528759 	 99124.851562 	 576.798218 
248 	 41.678688 	 283.323761 	 299.280792 	 4.506196 	 98750.507812 	 616.837097 
249 	 41.678688 	 283.323761 	 297.828857 	 2.608179 	 98425.687500 	 640.620483 
250 	 41.678688 	 283.323761 	 290.988281 	 3.910575 	 99256.867188 	 578.019043 
251 	 41.678688 	 283.323761 	 287.649170 	 1.691374 	 99870.437500 	 555.352539 
252 	 41.678688 	 283.323761 	 290.446320 	 3.425370 	 99809.367188 	 474.283447 
253 	 41.678688 	 283.323761 	 293.865753 	 4.397348 	 99730.906250 	 609.599548 
254 	 41.678688 	 283.323761 	 297.990723 	 2.904834 	 99335.539062 	 616.645508 
255 	 41.678688 	 283.323761 	 298.015869 	 1.452481 	 99534.781250 	 560.101685 
256 	 41.678688 	 283.323761 	 297.557831 	 2.661205 	 99906.500000 	 608.977295 
257 	 41.678688 	 283.323761 	 298.790588 	 3.610706 	 99391.796875 	 618.446655 
258 	 41.678688 	 283.323761 	 298.631989 	 3.289123 	 98989.429688 	 600.249390 
259 	 41.678688 	 283.323761 	 299.632751 	 2.307109 	 99031.960938 	 614.214783 
260 	 41.678688 	 283.323761 	 298.710175 	 1.963116 	 99481.601562 	 593.024170 
261 	 41.678688 	 283.323761 	 300.419922 	 1.790129 	 99394.046875 	 594.544250 
262 	 41.678688 	 283.323761 	 303.282745 	 1.101740 	 99193.710938 	 600.851501 
263 	 41.678688 	 283.323761 	 303.666626 	 1.748740 	 99004.250000 	 615.540894 
264 	 41.678688 	 283.323761 	 303.673737 	 1.818590 	 98711.359375 	 625.427979 
265 	 41.678688 	 283.323761 	 302.427856 	 1.823645 	 98562.906250 	 604.661438 
266 	 41.678688 	 283.323761 	 303.278900 	 2.062339 	 98651.351562 	 593.420898 
267 	 41.678688 	 283.323761 	 303.113434 	 2.891224 	 98602.398438 	 589.951660 
268 	 41.678688 	 283.323761 	 295.893280 	 2.622157 	 98807.242188 	 543.045715 
269 	 41.678688 	 283.323761 	 291.660675 	 2.026273 	 98702.781250 	 451.517853 
270 	 41.678688 	 283.323761 	 292.407928 	 2.894703 	 98083.757812 	 450.046478 
271 	 41.678688 	 283.323761 	 290.944427 	 3.416704 	 97550.476562 	 499.138184 
272 	 41.678688 	 283.323761 	 284.448975 	 3.361516 	 98390.093750 	 408.233093 
273 	 41.678688 	 283.323761 	 281.819366 	 2.911480 	 99484.242188 	 494.629822 
274 	 41.678688 	 283.323761 	 284.007507 	 1.529275 	 99601.210938 	 505.703796 
275 	 41.678688 	 283.323761 	 287.472870 	 2.716157 	 99469.851562 	 515.503052 
276 	 41.678688 	 283.323761 	 291.533630 	 2.788369 	 99166.289062 	 526.904785 
277 	 41.678688 	 283.323761 	 294.896698 	 2.040029 	 99172.296875 	 543.276367 
278 	 41.678688 	 283.323761 	 291.503082 	 1.341936 	 99392.257812 	 532.904419 
279 	 41.678688 	 283.323761 	 289.305115 	 0.855777 	 99712.070312 	 514.960938 
280 	 41.678688 	 283.323761 	 289.362518 	 0.504738 	 99395.703125 	 476.428162 
281 	 41.678688 	 283.323761 	 293.940033 	 1.398314 	 98925.171875 	 516.420227 
282 	 41.678688 	 283.323761 	 292.065826 	 2.865501 	 98681.070312 	 474.646973 
283 	 41.678688 	 283.323761 	 284.004913 	 2.509559 	 99043.726562 	 403.436493 
284 	 41.678688 	 283.323761 	 288.500763 	 2.209385 	 99497.390625 	 459.253204 
285 	 41.678688 	 283.323761 	 290.370056 	 0.634094 	 99629.312500 	 511.391876 
286 	 41.678688 	 283.323761 	 290.181305 	 2.139605 	 99579.343750 	 517.668518 
287 	 41.678688 	 283.323761 	 292.072784 	 2.681970 	 99344.453125 	 504.863647 
288 	 41.678688 	 283.323761 	 292.187164 	 3.046351 	 98891.429688 	 489.982178 
289 	 41.678688 	 283.323761 	 289.392181 	 3.525706 	 98479.421875 	 489.417267 
290 	 41.678688 	 283.323761 	 282.881226 	 1.909789 	 99612.429688 	 451.711304 
291 	 41.678688 	 283.323761 	 283.661743 	 4.104429 	 99582.343750 	 394.953369 
292 	 41.678688 	 283.323761 	 289.649139 	 2.479003 	 99166.421875 	 493.017944 
293 	 41.678688 	 283.323761 	 287.166321 	 1.876532 	 99521.359375 	 461.071167 
294 	 41.678688 	 283.323761 	 286.436066 	 3.275762 	 99181.398438 	 467.012146 
295 	 41.678688 	 283.323761 	 281.553772 	 2.281612 	 99228.046875 	 437.307831 
296 	 41.678688 	 283.323761 	 287.708771 	 4.077064 	 97870.632812 	 425.284241 
297 	 41.678688 	 283.323761 	 282.518036 	 2.904323 	 98346.132812 	 435.961670 
298 	 41.678688 	 283.323761 	 276.109344 	 1.878640 	 99738.070312 	 408.767273 
299 	 41.678688 	 283.323761 	 285.849976 	 5.894999 	 98968.367188 	 433.343811 
300 	 41.678688 	 283.323761 	 278.674103 	 3.655107 	 98679.250000 	 415.679474 
301 	 41.678688 	 283.323761 	 275.151978 	 1.737989 	 99528.093750 	 344.431580 
302 	 41.678688 	 283.323761 	 278.444427 	 1.276099 	 99427.093750 	 407.276367 
303 	 41.678688 	 283.323761 	 281.527771 	 1.735622 	 99551.632812 	 426.131256 
304 	 41.678688 	 283.323761 	 284.907410 	 4.407149 	 99532.773438 	 440.027985 
305 	 41.678688 	 283.323761 	 288.277954 	 3.821368 	 98707.867188 	 394.475403 
306 	 41.678688 	 283.323761 	 281.257294 	 2.961725 	 99384.859375 	 366.304596 
307 	 41.678688 	 283.323761 	 281.889740 	 2.369011 	 99519.148438 	 367.964752 
308 	 41.678688 	 283.323761 	 284.092346 	 1.764807 	 99316.289062 	 391.598480 
309 	 41.678688 	 283.323761 	 284.760437 	 1.584748 	 98961.617188 	 407.406464 
310 	 41.678688 	 283.323761 	 287.172852 	 3.046555 	 98079.726562 	 406.365662 
311 	 41.678688 	 283.323761 	 276.168793 	 4.225389 	 97312.328125 	 344.876801 
312 	 41.678688 	 283.323761 	 275.920868 	 3.628186 	 98758.593750 	 388.952881 
313 	 41.678688 	 283.323761 	 276.181580 	 3.781167 	 99684.140625 	 386.858276 
314 	 41.678688 	 283.323761 	 281.351074 	 3.557257 	 99448.851562 	 419.276550 
315 	 41.678688 	 283.323761 	 281.656860 	 2.667557 	 99018.039062 	 368.459229 
316 	 41.678688 	 283.323761 	 280.786011 	 2.309059 	 99032.773438 	 387.392822 
317 	 41.678688 	 283.323761 	 278.293732 	 1.092802 	 99180.953125 	 402.637146 
318 	 41.678688 	 283.323761 	 284.467896 	 4.373117 	 99056.156250 	 373.882233 
319 	 41.678688 	 283.323761 	 284.969849 	 2.564580 	 98242.312500 	 426.166809 
320 	 41.678688 	 283.323761 	 287.392181 	 4.785005 	 97934.078125 	 379.408691 
321 	 41.678688 	 283.323761 	 280.502838 	 5.197332 	 97387.023438 	 381.784515 
322 	 41.678688 	 283.323761 	 278.091400 	 3.165729 	 98771.593750 	 353.698303 
323 	 41.678688 	 283.323761 	 280.255249 	 3.414077 	 98988.937500 	 380.838348 
324 	 41.678688 	 283.323761 	 279.273285 	 2.725617 	 99025.882812 	 350.006012 
325 	 41.678688 	 283.323761 	 275.080933 	 2.186614 	 98828.203125 	 321.578491 
326 	 41.678688 	 283.323761 	 274.169647 	 3.893933 	 98723.976562 	 373.242432 
327 	 41.678688 	 283.323761 	 273.577820 	 1.463681 	 99447.023438 	 353.434235 
328 	 41.678688 	 283.323761 	 276.832062 	 3.551594 	 98965.046875 	 331.731232 
329 	 41.678688 	 283.323761 	 277.977966 	 1.879914 	 98629.203125 	 360.026886 
330 	 41.678688 	 283.323761 	 277.270569 	 1.599997 	 98302.468750 	 400.770599 
331 	 41.678688 	 283.323761 	 279.611725 	 4.552606 	 98244.617188 	 320.056488 
332 	 41.678688 	 283.323761 	 278.284729 	 5.013963 	 96348.226562 	 360.693604 
333 	 41.678688 	 283.323761 	 272.534180 	 4.543332 	 97338.406250 	 333.968140 
334 	 41.678688 	 283.323761 	 271.211548 	 2.632813 	 98000.328125 	 326.687561 
335 	 41.678688 	 283.323761 	 272.821686 	 1.613547 	 97693.156250 	 339.005920 
336 	 41.678688 	 283.323761 	 273.366791 	 1.993723 	 97161.320312 	 357.482422 
337 	 41.678688 	 283.323761 	 271.588440 	 3.636317 	 97671.296875 	 357.924988 
338 	 41.678688 	 283.323761 	 272.485779 	 3.351944 	 99218.617188 	 360.899323 
339 	 41.678688 	 283.323761 	 271.622253 	 1.574638 	 100003.101562 	 315.710876 
340 	 41.678688 	 283.323761 	 274.075531 	 1.021392 	 99971.406250 	 377.749207 
341 	 41.678688 	 283.323761 	 272.233582 	 1.292247 	 99700.226562 	 301.126984 
342 	 41.678688 	 283.323761 	 273.792328 	 1.698708 	 99400.781250 	 343.775696 
343 	 41.678688 	 283.323761 	 274.216980 	 1.098963 	 99218.898438 	 363.743164 
344 	 41.678688 	 283.323761 	 274.114502 	 2.613676 	 99100.070312 	 339.749664 
345 	 41.678688 	 283.323761 	 272.775085 	 1.017733 	 99402.523438 	 329.995911 
346 	 41.678688 	 283.323761 	 275.965576 	 3.367374 	 99000.156250 	 349.187927 
347 	 41.678688 	 283.323761 	 277.484070 	 2.926153 	 98757.546875 	 355.597168 
348 	 41.678688 	 283.323761 	 285.254547 	 3.862786 	 98296.679688 	 376.900360 
349 	 41.678688 	 283.323761 	 284.845367 	 2.180603 	 96590.257812 	 384.314758 
350 	 41.678688 	 283.323761 	 276.547821 	 4.292875 	 96675.796875 	 362.057129 
351 	 41.678688 	 283.323761 	 271.260193 	 3.587326 	 98689.296875 	 285.111847 
352 	 41.678688 	 283.323761 	 274.314423 	 3.014511 	 99008.703125 	 376.369598 
353 	 41.678688 	 283.323761 	 270.563629 	 1.396064 	 99803.781250 	 317.556030 
354 	 41.678688 	 283.323761 	 273.872803 	 2.936049 	 99888.640625 	 353.336060 
355 	 41.678688 	 283.323761 	 284.269104 	 5.795674 	 98705.023438 	 371.437469 
356 	 41.678688 	 283.323761 	 283.114777 	 6.038723 	 96449.953125 	 398.485992 
357 	 41.678688 	 283.323761 	 275.358093 	 3.733136 	 97858.109375 	 345.501373 
358 	 41.678688 	 283.323761 	 284.573364 	 6.504876 	 98096.187500 	 350.039398 
359 	 41.678688 	 283.323761 	 279.125244 	 4.495202 	 97031.023438 	 350.059967 
360 	 41.678688 	 283.323761 	 271.701416 	 3.486611 	 97678.703125 	 286.156311 
361 	 41.678688 	 283.323761 	 271.876099 	 1.938530 	 98797.593750 	 334.182556 
362 	 41.678688 	 283.323761 	 273.506042 	 3.354394 	 98970.492188 	 315.810944 
363 	 41.678688 	 283.323761 	 271.482819 	 2.898734 	 97599.156250 	 361.892609 
364 	 41.678688 	 283.323761 	 270.387634 	 3.532602 	 97468.796875 	 317.280396 
