# 0: Day of Year [-] 	 1: lat [deg] 	 2: lon [deg] 	 3: tas [K] 	 4: sfcWind [m s-1] 	 5: ps [Pa] 	 6: Total Downwelling Rad Flux [W m-2] 
0 	 41.678688 	 283.323761 	 274.629944 	 2.246589 	 98926.843750 	 330.794342 
1 	 41.678688 	 283.323761 	 278.639984 	 3.205847 	 98085.382812 	 338.795288 
2 	 41.678688 	 283.323761 	 271.447510 	 6.735314 	 97062.812500 	 341.426056 
3 	 41.678688 	 283.323761 	 273.286713 	 6.298377 	 96823.406250 	 321.576263 
4 	 41.678688 	 283.323761 	 276.491608 	 4.654536 	 97954.843750 	 333.052429 
5 	 41.678688 	 283.323761 	 277.332886 	 2.197191 	 98989.687500 	 336.182007 
6 	 41.678688 	 283.323761 	 277.915283 	 3.377974 	 98822.046875 	 325.050812 
7 	 41.678688 	 283.323761 	 275.464417 	 1.721149 	 98946.156250 	 336.863983 
8 	 41.678688 	 283.323761 	 276.934540 	 3.518420 	 98958.796875 	 342.723846 
9 	 41.678688 	 283.323761 	 284.406799 	 6.128417 	 98197.226562 	 391.930603 
10 	 41.678688 	 283.323761 	 276.891327 	 3.349600 	 97625.820312 	 354.929810 
11 	 41.678688 	 283.323761 	 273.170410 	 3.126468 	 98242.070312 	 360.009460 
12 	 41.678688 	 283.323761 	 269.543701 	 3.336465 	 98518.757812 	 315.242035 
13 	 41.678688 	 283.323761 	 272.845398 	 4.081655 	 98830.968750 	 333.945129 
14 	 41.678688 	 283.323761 	 272.894073 	 1.819096 	 99431.843750 	 336.415497 
15 	 41.678688 	 283.323761 	 269.482544 	 0.829257 	 100106.398438 	 325.325104 
16 	 41.678688 	 283.323761 	 271.162292 	 1.432551 	 100012.203125 	 333.375977 
17 	 41.678688 	 283.323761 	 271.565033 	 2.790598 	 99446.273438 	 304.912506 
18 	 41.678688 	 283.323761 	 276.378540 	 2.582275 	 98334.421875 	 367.224121 
19 	 41.678688 	 283.323761 	 272.289886 	 2.240105 	 99123.671875 	 335.253357 
20 	 41.678688 	 283.323761 	 278.229767 	 2.249289 	 98047.546875 	 355.270813 
21 	 41.678688 	 283.323761 	 272.107483 	 2.351626 	 98609.882812 	 377.166046 
22 	 41.678688 	 283.323761 	 268.589905 	 2.619168 	 98875.296875 	 313.947144 
23 	 41.678688 	 283.323761 	 265.902222 	 4.050612 	 97336.898438 	 363.612030 
24 	 41.678688 	 283.323761 	 260.423584 	 3.412389 	 98806.453125 	 300.791504 
25 	 41.678688 	 283.323761 	 265.167572 	 3.647274 	 99395.437500 	 328.991791 
26 	 41.678688 	 283.323761 	 272.406982 	 3.434157 	 98279.773438 	 358.370667 
27 	 41.678688 	 283.323761 	 274.197784 	 3.805916 	 97420.687500 	 353.175842 
28 	 41.678688 	 283.323761 	 270.147186 	 3.758801 	 97588.226562 	 345.321716 
29 	 41.678688 	 283.323761 	 274.546814 	 4.365057 	 97485.843750 	 355.065704 
30 	 41.678688 	 283.323761 	 274.987183 	 2.663173 	 98308.976562 	 373.909790 
31 	 41.678688 	 283.323761 	 277.210114 	 2.671893 	 99515.492188 	 350.890564 
32 	 41.678688 	 283.323761 	 281.427551 	 4.376585 	 98946.726562 	 405.422943 
33 	 41.678688 	 283.323761 	 273.820099 	 3.646114 	 99250.656250 	 372.406372 
34 	 41.678688 	 283.323761 	 273.640594 	 3.129501 	 99795.937500 	 364.163544 
35 	 41.678688 	 283.323761 	 279.339935 	 2.943261 	 99599.101562 	 380.313507 
36 	 41.678688 	 283.323761 	 280.822601 	 1.536358 	 99642.210938 	 411.292938 
37 	 41.678688 	 283.323761 	 280.801697 	 2.809982 	 99542.750000 	 383.506989 
38 	 41.678688 	 283.323761 	 284.118958 	 3.924133 	 99001.140625 	 406.257294 
39 	 41.678688 	 283.323761 	 282.448395 	 4.795160 	 97613.046875 	 370.872284 
40 	 41.678688 	 283.323761 	 276.087616 	 3.495513 	 98811.898438 	 415.632965 
41 	 41.678688 	 283.323761 	 275.685974 	 1.408714 	 100071.296875 	 396.268494 
42 	 41.678688 	 283.323761 	 278.900604 	 2.284134 	 99749.148438 	 346.202667 
43 	 41.678688 	 283.323761 	 278.372833 	 1.813930 	 99940.703125 	 407.174927 
44 	 41.678688 	 283.323761 	 282.325470 	 3.811913 	 98634.882812 	 376.192932 
45 	 41.678688 	 283.323761 	 279.465637 	 3.125964 	 98133.843750 	 408.135315 
46 	 41.678688 	 283.323761 	 274.368866 	 1.745867 	 98966.117188 	 336.766174 
47 	 41.678688 	 283.323761 	 271.607727 	 3.416616 	 99620.179688 	 396.284607 
48 	 41.678688 	 283.323761 	 268.028046 	 2.347338 	 100400.500000 	 374.532410 
49 	 41.678688 	 283.323761 	 270.594604 	 1.119391 	 100457.398438 	 388.611328 
50 	 41.678688 	 283.323761 	 272.438293 	 2.829757 	 99877.773438 	 393.377136 
51 	 41.678688 	 283.323761 	 273.660675 	 5.122886 	 98519.242188 	 390.016846 
52 	 41.678688 	 283.323761 	 272.083923 	 1.990103 	 98972.382812 	 301.776276 
53 	 41.678688 	 283.323761 	 273.230194 	 0.978727 	 98973.921875 	 427.348083 
54 	 41.678688 	 283.323761 	 271.680176 	 1.847504 	 98179.406250 	 355.132629 
55 	 41.678688 	 283.323761 	 273.042358 	 3.752594 	 98061.953125 	 445.551086 
56 	 41.678688 	 283.323761 	 275.128052 	 2.475465 	 98658.382812 	 420.828979 
57 	 41.678688 	 283.323761 	 278.304230 	 3.121638 	 98322.453125 	 398.159302 
58 	 41.678688 	 283.323761 	 275.961578 	 2.873392 	 98099.976562 	 416.906860 
59 	 41.678688 	 283.323761 	 277.691101 	 2.270519 	 97990.843750 	 377.106445 
60 	 41.678688 	 283.323761 	 273.707184 	 3.186046 	 97682.742188 	 408.779053 
61 	 41.678688 	 283.323761 	 271.926147 	 4.041158 	 97388.046875 	 445.906128 
62 	 41.678688 	 283.323761 	 270.706146 	 3.651008 	 97180.132812 	 429.284637 
63 	 41.678688 	 283.323761 	 273.004822 	 2.337925 	 97785.742188 	 430.190369 
64 	 41.678688 	 283.323761 	 274.421875 	 2.081815 	 98346.398438 	 440.737976 
65 	 41.678688 	 283.323761 	 276.379486 	 1.943231 	 98562.312500 	 395.251465 
66 	 41.678688 	 283.323761 	 279.695984 	 2.430995 	 98433.718750 	 350.464661 
67 	 41.678688 	 283.323761 	 282.181610 	 1.622661 	 98909.859375 	 489.053497 
68 	 41.678688 	 283.323761 	 284.603668 	 3.163750 	 99245.460938 	 495.820251 
69 	 41.678688 	 283.323761 	 288.291779 	 3.627703 	 98914.867188 	 481.745972 
70 	 41.678688 	 283.323761 	 288.021362 	 3.126046 	 98189.937500 	 437.488312 
71 	 41.678688 	 283.323761 	 280.180298 	 4.267682 	 98670.773438 	 467.341736 
72 	 41.678688 	 283.323761 	 279.121887 	 4.478586 	 98065.648438 	 378.740417 
73 	 41.678688 	 283.323761 	 279.564423 	 3.131464 	 97887.656250 	 490.045471 
74 	 41.678688 	 283.323761 	 277.706757 	 2.325116 	 98787.218750 	 455.201202 
75 	 41.678688 	 283.323761 	 282.634949 	 3.760910 	 98036.093750 	 451.337799 
76 	 41.678688 	 283.323761 	 283.489197 	 3.316265 	 98264.632812 	 510.334625 
77 	 41.678688 	 283.323761 	 288.636932 	 4.209764 	 98137.593750 	 498.377014 
78 	 41.678688 	 283.323761 	 281.937073 	 4.235781 	 97886.976562 	 451.357330 
79 	 41.678688 	 283.323761 	 273.810516 	 2.787589 	 98628.742188 	 470.917145 
80 	 41.678688 	 283.323761 	 275.772736 	 1.941076 	 98859.640625 	 452.823242 
81 	 41.678688 	 283.323761 	 273.774719 	 3.067927 	 99520.171875 	 354.070251 
82 	 41.678688 	 283.323761 	 279.925659 	 4.395793 	 98399.187500 	 388.743347 
83 	 41.678688 	 283.323761 	 272.829895 	 3.989702 	 99104.031250 	 487.022217 
84 	 41.678688 	 283.323761 	 276.905029 	 1.494964 	 99348.273438 	 496.116455 
85 	 41.678688 	 283.323761 	 283.895020 	 2.325011 	 98617.960938 	 484.906342 
86 	 41.678688 	 283.323761 	 286.064392 	 2.766236 	 98590.023438 	 554.240601 
87 	 41.678688 	 283.323761 	 284.431122 	 3.832059 	 98325.570312 	 497.783875 
88 	 41.678688 	 283.323761 	 272.231720 	 5.061523 	 99420.328125 	 490.929565 
89 	 41.678688 	 283.323761 	 272.840302 	 1.869737 	 100657.000000 	 487.359192 
90 	 41.678688 	 283.323761 	 282.213165 	 3.021247 	 100120.703125 	 534.534790 
91 	 41.678688 	 283.323761 	 288.182617 	 3.031599 	 99378.953125 	 552.644165 
92 	 41.678688 	 283.323761 	 290.042572 	 3.186203 	 98716.406250 	 562.013672 
93 	 41.678688 	 283.323761 	 288.532501 	 3.834172 	 98096.929688 	 426.258636 
94 	 41.678688 	 283.323761 	 278.044647 	 3.221228 	 98398.976562 	 458.953308 
95 	 41.678688 	 283.323761 	 273.773590 	 3.368134 	 98648.023438 	 494.015991 
96 	 41.678688 	 283.323761 	 277.082001 	 2.390967 	 99141.578125 	 545.131592 
97 	 41.678688 	 283.323761 	 278.190308 	 2.045405 	 98669.773438 	 532.617249 
98 	 41.678688 	 283.323761 	 280.812561 	 2.698462 	 98551.351562 	 545.879272 
99 	 41.678688 	 283.323761 	 279.036224 	 2.413713 	 98652.687500 	 440.494171 
100 	 41.678688 	 283.323761 	 286.022400 	 4.051758 	 97497.031250 	 534.841980 
101 	 41.678688 	 283.323761 	 287.406891 	 3.828488 	 96905.851562 	 475.304138 
102 	 41.678688 	 283.323761 	 280.790649 	 3.555881 	 97410.742188 	 470.951721 
103 	 41.678688 	 283.323761 	 275.203735 	 1.879146 	 98665.000000 	 530.211670 
104 	 41.678688 	 283.323761 	 277.758179 	 2.937406 	 98783.640625 	 548.922119 
105 	 41.678688 	 283.323761 	 281.188416 	 2.430999 	 98957.242188 	 546.779602 
106 	 41.678688 	 283.323761 	 286.738129 	 2.729470 	 98201.390625 	 484.816895 
107 	 41.678688 	 283.323761 	 290.245026 	 3.363825 	 97577.523438 	 560.714355 
108 	 41.678688 	 283.323761 	 289.683258 	 4.522766 	 97144.320312 	 523.207886 
109 	 41.678688 	 283.323761 	 279.374115 	 2.756343 	 97257.828125 	 518.939819 
110 	 41.678688 	 283.323761 	 277.389679 	 3.566822 	 98055.523438 	 570.927673 
111 	 41.678688 	 283.323761 	 277.445221 	 2.690230 	 99122.640625 	 339.284515 
112 	 41.678688 	 283.323761 	 280.961243 	 4.893468 	 98382.671875 	 486.465637 
113 	 41.678688 	 283.323761 	 281.093994 	 1.394660 	 99331.273438 	 566.549805 
114 	 41.678688 	 283.323761 	 285.578125 	 3.934161 	 98675.593750 	 449.999207 
115 	 41.678688 	 283.323761 	 289.988342 	 3.918772 	 97486.476562 	 616.408875 
116 	 41.678688 	 283.323761 	 288.773346 	 2.195711 	 97192.617188 	 470.065216 
117 	 41.678688 	 283.323761 	 286.271729 	 1.542836 	 97603.343750 	 596.981567 
118 	 41.678688 	 283.323761 	 286.709290 	 3.003649 	 97982.343750 	 597.572754 
119 	 41.678688 	 283.323761 	 290.724335 	 4.632070 	 97564.906250 	 519.386780 
120 	 41.678688 	 283.323761 	 283.544067 	 3.916030 	 98026.656250 	 610.503052 
121 	 41.678688 	 283.323761 	 280.532593 	 1.862617 	 99039.156250 	 462.086212 
122 	 41.678688 	 283.323761 	 283.321167 	 2.119745 	 98846.851562 	 508.120270 
123 	 41.678688 	 283.323761 	 280.984283 	 2.229563 	 99195.468750 	 570.993896 
124 	 41.678688 	 283.323761 	 281.415955 	 1.700091 	 99297.500000 	 503.556244 
125 	 41.678688 	 283.323761 	 288.230865 	 3.341762 	 98318.156250 	 512.846436 
126 	 41.678688 	 283.323761 	 287.367188 	 1.925503 	 98605.976562 	 547.702393 
127 	 41.678688 	 283.323761 	 289.613800 	 1.943829 	 98698.343750 	 431.452271 
128 	 41.678688 	 283.323761 	 285.729828 	 1.958473 	 99197.117188 	 528.642212 
129 	 41.678688 	 283.323761 	 284.770294 	 1.381962 	 99188.937500 	 612.999146 
130 	 41.678688 	 283.323761 	 289.587860 	 3.077857 	 98403.703125 	 503.266113 
131 	 41.678688 	 283.323761 	 296.161682 	 2.445766 	 97656.546875 	 696.039551 
132 	 41.678688 	 283.323761 	 300.729462 	 3.424374 	 97954.453125 	 717.788086 
133 	 41.678688 	 283.323761 	 298.709351 	 4.987497 	 97384.781250 	 553.412598 
134 	 41.678688 	 283.323761 	 289.331604 	 3.747783 	 97478.640625 	 632.555420 
135 	 41.678688 	 283.323761 	 287.868652 	 2.258988 	 98072.820312 	 614.457397 
136 	 41.678688 	 283.323761 	 287.624847 	 1.943577 	 97986.203125 	 497.044373 
137 	 41.678688 	 283.323761 	 286.713104 	 1.860788 	 98947.523438 	 488.719604 
138 	 41.678688 	 283.323761 	 286.395569 	 2.816783 	 99423.703125 	 437.374084 
139 	 41.678688 	 283.323761 	 294.054382 	 2.738888 	 98769.023438 	 634.023315 
140 	 41.678688 	 283.323761 	 295.973511 	 3.078828 	 98634.476562 	 626.592285 
141 	 41.678688 	 283.323761 	 297.496094 	 2.254307 	 98762.476562 	 697.277100 
142 	 41.678688 	 283.323761 	 298.283875 	 2.218194 	 98898.437500 	 702.405029 
143 	 41.678688 	 283.323761 	 297.062012 	 2.514200 	 99146.328125 	 690.471436 
144 	 41.678688 	 283.323761 	 296.215607 	 3.784932 	 98588.796875 	 601.865723 
145 	 41.678688 	 283.323761 	 293.092407 	 1.262256 	 98599.828125 	 636.069946 
146 	 41.678688 	 283.323761 	 291.971008 	 2.966307 	 98023.343750 	 589.723999 
147 	 41.678688 	 283.323761 	 290.320374 	 2.434592 	 98384.226562 	 648.280151 
148 	 41.678688 	 283.323761 	 290.713715 	 3.114159 	 98522.671875 	 679.444214 
149 	 41.678688 	 283.323761 	 289.826324 	 1.135878 	 99155.117188 	 664.417114 
150 	 41.678688 	 283.323761 	 294.841492 	 2.655406 	 98905.710938 	 667.884216 
151 	 41.678688 	 283.323761 	 297.532684 	 2.399910 	 98392.453125 	 711.780518 
152 	 41.678688 	 283.323761 	 297.573242 	 2.804041 	 98191.093750 	 665.801514 
153 	 41.678688 	 283.323761 	 295.899261 	 4.084245 	 97812.421875 	 693.429443 
154 	 41.678688 	 283.323761 	 292.146545 	 3.330841 	 98179.351562 	 664.948608 
155 	 41.678688 	 283.323761 	 289.507111 	 2.355564 	 98487.546875 	 481.643829 
156 	 41.678688 	 283.323761 	 284.795166 	 3.278017 	 99038.367188 	 541.827454 
157 	 41.678688 	 283.323761 	 285.065765 	 2.754511 	 99680.312500 	 510.164062 
158 	 41.678688 	 283.323761 	 288.507629 	 4.233358 	 99762.320312 	 626.000061 
159 	 41.678688 	 283.323761 	 294.172058 	 4.983971 	 98934.320312 	 676.354126 
160 	 41.678688 	 283.323761 	 292.917419 	 2.923402 	 98357.296875 	 685.133911 
161 	 41.678688 	 283.323761 	 289.587830 	 2.679368 	 98561.812500 	 667.949829 
162 	 41.678688 	 283.323761 	 290.194061 	 0.765875 	 98765.890625 	 672.897217 
163 	 41.678688 	 283.323761 	 295.048584 	 1.643008 	 98419.046875 	 698.182007 
164 	 41.678688 	 283.323761 	 294.363007 	 2.340548 	 98535.890625 	 693.632690 
165 	 41.678688 	 283.323761 	 292.940460 	 1.171233 	 99021.382812 	 686.524170 
166 	 41.678688 	 283.323761 	 294.739258 	 0.925513 	 98763.562500 	 702.980103 
167 	 41.678688 	 283.323761 	 296.962402 	 2.088334 	 97858.382812 	 706.914368 
168 	 41.678688 	 283.323761 	 295.870636 	 2.247686 	 97798.140625 	 596.781128 
169 	 41.678688 	 283.323761 	 295.646210 	 0.920290 	 97725.093750 	 703.017334 
170 	 41.678688 	 283.323761 	 296.141174 	 2.395698 	 97483.062500 	 649.725159 
171 	 41.678688 	 283.323761 	 296.289001 	 3.484057 	 97288.343750 	 653.216187 
172 	 41.678688 	 283.323761 	 290.301056 	 3.525022 	 97928.960938 	 673.556641 
173 	 41.678688 	 283.323761 	 289.524658 	 2.865422 	 98492.406250 	 679.799316 
174 	 41.678688 	 283.323761 	 289.709564 	 1.338933 	 99015.640625 	 674.222351 
175 	 41.678688 	 283.323761 	 292.681305 	 1.408710 	 99184.250000 	 673.585083 
176 	 41.678688 	 283.323761 	 296.954865 	 3.662499 	 98911.289062 	 718.015625 
177 	 41.678688 	 283.323761 	 298.947083 	 3.934834 	 98401.929688 	 723.818665 
178 	 41.678688 	 283.323761 	 302.007721 	 3.059314 	 98165.609375 	 751.202759 
179 	 41.678688 	 283.323761 	 302.113068 	 2.472593 	 98217.257812 	 732.275574 
180 	 41.678688 	 283.323761 	 296.050171 	 1.479062 	 98462.523438 	 582.379333 
181 	 41.678688 	 283.323761 	 294.770386 	 2.372928 	 98641.101562 	 717.230652 
182 	 41.678688 	 283.323761 	 296.171478 	 1.181975 	 98777.312500 	 700.515259 
183 	 41.678688 	 283.323761 	 293.832855 	 1.739900 	 98345.851562 	 483.315613 
184 	 41.678688 	 283.323761 	 289.699829 	 2.920770 	 98645.421875 	 675.592041 
185 	 41.678688 	 283.323761 	 287.774139 	 1.388675 	 98601.000000 	 520.531250 
186 	 41.678688 	 283.323761 	 291.278137 	 1.552905 	 98308.523438 	 668.427124 
187 	 41.678688 	 283.323761 	 292.181580 	 2.412800 	 98240.648438 	 678.985107 
188 	 41.678688 	 283.323761 	 292.133484 	 1.362211 	 98637.507812 	 669.821655 
189 	 41.678688 	 283.323761 	 295.079407 	 2.856679 	 98630.953125 	 701.810974 
190 	 41.678688 	 283.323761 	 304.105804 	 3.251165 	 98148.726562 	 739.730835 
191 	 41.678688 	 283.323761 	 299.125275 	 2.123787 	 98132.851562 	 735.769653 
192 	 41.678688 	 283.323761 	 292.422455 	 3.591070 	 98127.023438 	 597.969482 
193 	 41.678688 	 283.323761 	 290.570618 	 3.192849 	 98676.023438 	 661.489258 
194 	 41.678688 	 283.323761 	 290.096252 	 1.940810 	 99181.093750 	 658.026489 
195 	 41.678688 	 283.323761 	 290.858185 	 1.196878 	 99411.343750 	 673.798584 
196 	 41.678688 	 283.323761 	 292.037201 	 1.323554 	 99075.632812 	 681.821716 
197 	 41.678688 	 283.323761 	 298.394379 	 3.971970 	 98107.632812 	 670.771606 
198 	 41.678688 	 283.323761 	 300.697021 	 3.181474 	 97594.539062 	 727.102661 
199 	 41.678688 	 283.323761 	 295.930328 	 3.442767 	 97295.226562 	 665.218445 
200 	 41.678688 	 283.323761 	 293.206848 	 3.018305 	 97579.132812 	 671.218262 
201 	 41.678688 	 283.323761 	 291.573608 	 1.841399 	 98105.406250 	 665.477539 
202 	 41.678688 	 283.323761 	 293.051544 	 0.595882 	 98647.703125 	 688.296143 
203 	 41.678688 	 283.323761 	 293.468231 	 1.454401 	 98743.507812 	 556.989929 
204 	 41.678688 	 283.323761 	 295.597473 	 3.801620 	 98546.843750 	 562.639282 
205 	 41.678688 	 283.323761 	 294.505432 	 2.253173 	 98493.117188 	 672.721558 
206 	 41.678688 	 283.323761 	 295.584839 	 2.168257 	 98714.929688 	 690.947754 
207 	 41.678688 	 283.323761 	 297.336456 	 2.931040 	 98410.398438 	 677.095581 
208 	 41.678688 	 283.323761 	 297.600464 	 3.599085 	 97771.718750 	 623.420715 
209 	 41.678688 	 283.323761 	 295.433960 	 1.502024 	 97873.000000 	 645.256348 
210 	 41.678688 	 283.323761 	 297.421570 	 2.792592 	 97656.070312 	 706.331909 
211 	 41.678688 	 283.323761 	 296.136810 	 1.661806 	 98186.343750 	 687.761963 
212 	 41.678688 	 283.323761 	 296.074066 	 1.601128 	 98675.609375 	 616.064270 
213 	 41.678688 	 283.323761 	 293.508606 	 1.436969 	 98725.726562 	 516.852600 
214 	 41.678688 	 283.323761 	 301.289062 	 4.249146 	 98152.382812 	 703.055847 
215 	 41.678688 	 283.323761 	 298.365967 	 1.747762 	 98245.718750 	 584.466187 
216 	 41.678688 	 283.323761 	 291.991547 	 1.769997 	 98482.828125 	 547.772339 
217 	 41.678688 	 283.323761 	 294.106354 	 3.944904 	 98246.296875 	 661.767822 
218 	 41.678688 	 283.323761 	 287.520569 	 1.459667 	 98895.968750 	 428.802582 
219 	 41.678688 	 283.323761 	 289.952423 	 1.905098 	 99140.843750 	 647.923218 
220 	 41.678688 	 283.323761 	 289.536438 	 0.781839 	 99396.187500 	 631.309570 
221 	 41.678688 	 283.323761 	 291.298401 	 0.795205 	 99437.328125 	 609.029541 
222 	 41.678688 	 283.323761 	 292.845306 	 1.021209 	 99397.617188 	 668.257507 
223 	 41.678688 	 283.323761 	 293.585114 	 0.945824 	 99053.023438 	 645.366760 
224 	 41.678688 	 283.323761 	 295.908112 	 1.885241 	 98965.312500 	 663.792358 
225 	 41.678688 	 283.323761 	 295.701202 	 4.235539 	 98939.906250 	 617.389893 
226 	 41.678688 	 283.323761 	 295.060974 	 3.907799 	 98961.093750 	 539.457275 
227 	 41.678688 	 283.323761 	 296.026184 	 2.872558 	 98747.281250 	 563.682739 
228 	 41.678688 	 283.323761 	 296.970490 	 2.091965 	 98464.531250 	 635.513062 
229 	 41.678688 	 283.323761 	 296.869934 	 2.742043 	 98616.679688 	 654.431641 
230 	 41.678688 	 283.323761 	 294.805634 	 1.759127 	 98820.406250 	 639.649536 
231 	 41.678688 	 283.323761 	 297.767700 	 2.929797 	 98607.218750 	 659.234070 
232 	 41.678688 	 283.323761 	 298.929474 	 4.930089 	 98441.703125 	 610.437378 
233 	 41.678688 	 283.323761 	 297.856018 	 4.205709 	 98057.953125 	 650.814575 
234 	 41.678688 	 283.323761 	 289.477997 	 3.023836 	 98936.023438 	 600.838379 
235 	 41.678688 	 283.323761 	 287.873291 	 1.778152 	 99575.242188 	 599.211182 
236 	 41.678688 	 283.323761 	 290.722656 	 2.558010 	 99561.773438 	 612.448853 
237 	 41.678688 	 283.323761 	 297.056519 	 4.505143 	 98872.203125 	 613.566162 
238 	 41.678688 	 283.323761 	 295.760284 	 2.683829 	 98314.750000 	 470.144836 
239 	 41.678688 	 283.323761 	 291.368561 	 1.691192 	 98403.328125 	 621.719116 
240 	 41.678688 	 283.323761 	 290.510712 	 1.698627 	 98920.570312 	 612.915283 
241 	 41.678688 	 283.323761 	 292.726105 	 2.411517 	 99017.421875 	 547.525818 
242 	 41.678688 	 283.323761 	 296.434601 	 2.375882 	 98674.429688 	 649.268127 
243 	 41.678688 	 283.323761 	 295.835785 	 1.857591 	 98896.617188 	 534.359253 
244 	 41.678688 	 283.323761 	 294.903625 	 2.661964 	 99230.703125 	 549.375977 
245 	 41.678688 	 283.323761 	 295.684753 	 2.781037 	 99472.296875 	 649.990356 
246 	 41.678688 	 283.323761 	 296.899109 	 2.419044 	 99286.453125 	 642.301147 
247 	 41.678688 	 283.323761 	 298.708679 	 1.852952 	 98885.648438 	 580.880310 
248 	 41.678688 	 283.323761 	 298.759674 	 2.692014 	 98551.937500 	 601.162170 
249 	 41.678688 	 283.323761 	 299.988922 	 2.320768 	 98456.726562 	 632.698364 
250 	 41.678688 	 283.323761 	 291.565704 	 2.548826 	 98917.906250 	 552.803650 
251 	 41.678688 	 283.323761 	 289.335907 	 2.192932 	 99096.546875 	 575.632446 
252 	 41.678688 	 283.323761 	 293.078522 	 1.298314 	 98910.953125 	 456.349457 
253 	 41.678688 	 283.323761 	 293.649261 	 2.239314 	 99316.343750 	 495.486389 
254 	 41.678688 	 283.323761 	 292.001038 	 4.197644 	 99373.281250 	 445.894684 
255 	 41.678688 	 283.323761 	 293.137512 	 1.536732 	 99047.718750 	 570.333374 
256 	 41.678688 	 283.323761 	 295.363312 	 1.748181 	 98939.906250 	 609.652954 
257 	 41.678688 	 283.323761 	 292.675415 	 1.675219 	 98912.726562 	 568.807983 
258 	 41.678688 	 283.323761 	 293.449463 	 2.780263 	 98504.640625 	 503.930573 
259 	 41.678688 	 283.323761 	 287.599213 	 3.108299 	 99140.390625 	 575.392334 
260 	 41.678688 	 283.323761 	 285.153748 	 2.252716 	 99727.328125 	 539.086304 
261 	 41.678688 	 283.323761 	 290.320404 	 3.893973 	 99329.820312 	 520.079956 
262 	 41.678688 	 283.323761 	 295.142334 	 3.354436 	 98760.406250 	 597.536560 
263 	 41.678688 	 283.323761 	 296.292969 	 2.068815 	 98674.601562 	 592.600769 
264 	 41.678688 	 283.323761 	 294.449097 	 1.701325 	 99114.328125 	 594.994019 
265 	 41.678688 	 283.323761 	 289.187683 	 1.787157 	 99799.031250 	 535.249390 
266 	 41.678688 	 283.323761 	 289.222565 	 2.642763 	 99951.078125 	 509.417053 
267 	 41.678688 	 283.323761 	 291.131378 	 4.040685 	 99108.609375 	 518.969055 
268 	 41.678688 	 283.323761 	 293.518433 	 3.059373 	 98434.421875 	 544.637878 
269 	 41.678688 	 283.323761 	 287.936676 	 1.490658 	 98630.960938 	 535.210327 
270 	 41.678688 	 283.323761 	 285.896576 	 1.476793 	 98743.429688 	 521.023865 
271 	 41.678688 	 283.323761 	 288.429108 	 4.445188 	 97561.140625 	 423.489929 
272 	 41.678688 	 283.323761 	 284.546936 	 2.678837 	 98227.500000 	 497.297424 
273 	 41.678688 	 283.323761 	 285.371582 	 2.521598 	 98496.820312 	 399.425873 
274 	 41.678688 	 283.323761 	 279.506287 	 2.936370 	 98759.531250 	 438.138123 
275 	 41.678688 	 283.323761 	 279.342468 	 3.687096 	 98798.921875 	 459.416931 
276 	 41.678688 	 283.323761 	 282.928619 	 2.580040 	 99265.406250 	 500.768036 
277 	 41.678688 	 283.323761 	 281.907715 	 1.913553 	 99516.078125 	 383.603546 
278 	 41.678688 	 283.323761 	 283.892731 	 2.047722 	 98822.898438 	 403.637421 
279 	 41.678688 	 283.323761 	 283.910065 	 2.295129 	 98761.796875 	 418.083771 
280 	 41.678688 	 283.323761 	 282.336060 	 2.192399 	 99169.343750 	 436.104401 
281 	 41.678688 	 283.323761 	 282.637726 	 1.037346 	 98903.312500 	 501.481110 
282 	 41.678688 	 283.323761 	 283.467987 	 2.809679 	 98317.789062 	 450.746918 
283 	 41.678688 	 283.323761 	 281.904999 	 2.899497 	 98856.656250 	 431.217255 
284 	 41.678688 	 283.323761 	 279.030396 	 1.667015 	 99259.500000 	 391.090240 
285 	 41.678688 	 283.323761 	 287.096710 	 3.398287 	 98518.312500 	 477.336548 
286 	 41.678688 	 283.323761 	 283.302673 	 2.747038 	 98059.273438 	 476.973145 
287 	 41.678688 	 283.323761 	 280.549072 	 2.976160 	 98285.906250 	 389.732330 
288 	 41.678688 	 283.323761 	 276.604950 	 1.732961 	 99143.460938 	 450.673096 
289 	 41.678688 	 283.323761 	 278.694763 	 2.448772 	 99032.007812 	 412.009369 
290 	 41.678688 	 283.323761 	 282.183624 	 2.105299 	 98554.109375 	 452.029114 
291 	 41.678688 	 283.323761 	 280.176025 	 3.742070 	 98408.632812 	 376.304535 
292 	 41.678688 	 283.323761 	 279.101837 	 2.925234 	 98189.257812 	 428.962463 
293 	 41.678688 	 283.323761 	 276.883392 	 2.492953 	 98647.976562 	 390.007935 
294 	 41.678688 	 283.323761 	 278.128235 	 2.049145 	 98940.296875 	 435.653381 
295 	 41.678688 	 283.323761 	 280.381683 	 1.589031 	 99277.929688 	 440.253265 
296 	 41.678688 	 283.323761 	 285.240997 	 2.594956 	 99211.687500 	 448.496277 
297 	 41.678688 	 283.323761 	 286.359467 	 2.354725 	 99050.226562 	 455.778687 
298 	 41.678688 	 283.323761 	 288.557465 	 2.270346 	 99096.148438 	 468.167084 
299 	 41.678688 	 283.323761 	 288.501709 	 2.612158 	 99191.648438 	 445.797180 
300 	 41.678688 	 283.323761 	 289.952881 	 3.326359 	 98252.867188 	 448.882629 
301 	 41.678688 	 283.323761 	 280.445465 	 3.788222 	 98763.218750 	 461.716339 
302 	 41.678688 	 283.323761 	 279.652924 	 3.723644 	 99017.109375 	 333.492432 
303 	 41.678688 	 283.323761 	 282.640900 	 2.819370 	 98624.703125 	 441.394226 
304 	 41.678688 	 283.323761 	 283.149902 	 2.867891 	 98602.929688 	 417.200531 
305 	 41.678688 	 283.323761 	 279.994110 	 1.619094 	 98321.523438 	 384.580261 
306 	 41.678688 	 283.323761 	 277.921936 	 2.477386 	 98327.500000 	 387.774414 
307 	 41.678688 	 283.323761 	 277.676483 	 2.499454 	 99232.859375 	 390.916016 
308 	 41.678688 	 283.323761 	 280.642792 	 2.672989 	 99240.039062 	 413.732239 
309 	 41.678688 	 283.323761 	 281.995514 	 2.940463 	 99221.523438 	 410.845184 
310 	 41.678688 	 283.323761 	 282.704956 	 1.706038 	 99585.703125 	 413.216095 
311 	 41.678688 	 283.323761 	 282.165771 	 2.558752 	 100273.398438 	 396.826630 
312 	 41.678688 	 283.323761 	 283.473022 	 2.477219 	 100208.898438 	 447.618195 
313 	 41.678688 	 283.323761 	 284.392181 	 3.037527 	 99583.406250 	 420.175995 
314 	 41.678688 	 283.323761 	 286.550842 	 3.909458 	 98896.750000 	 396.214539 
315 	 41.678688 	 283.323761 	 289.525085 	 5.560687 	 97486.531250 	 406.066650 
316 	 41.678688 	 283.323761 	 276.444061 	 5.506855 	 96852.570312 	 398.661041 
317 	 41.678688 	 283.323761 	 274.789703 	 3.208618 	 99018.226562 	 362.599762 
318 	 41.678688 	 283.323761 	 276.262482 	 4.198862 	 99694.546875 	 363.255676 
319 	 41.678688 	 283.323761 	 280.896912 	 4.363662 	 99040.023438 	 350.448151 
320 	 41.678688 	 283.323761 	 275.708099 	 3.362961 	 99112.851562 	 378.851074 
321 	 41.678688 	 283.323761 	 271.396515 	 1.554620 	 99753.367188 	 357.886505 
322 	 41.678688 	 283.323761 	 278.150909 	 3.065157 	 98599.406250 	 361.137482 
323 	 41.678688 	 283.323761 	 276.620087 	 2.293511 	 98598.796875 	 363.815460 
324 	 41.678688 	 283.323761 	 275.998718 	 2.725317 	 99484.343750 	 348.904388 
325 	 41.678688 	 283.323761 	 284.231659 	 3.966700 	 99138.859375 	 380.684631 
326 	 41.678688 	 283.323761 	 287.255310 	 2.435366 	 98436.757812 	 398.263031 
327 	 41.678688 	 283.323761 	 278.686279 	 4.178936 	 98364.609375 	 373.308289 
328 	 41.678688 	 283.323761 	 273.665619 	 4.053675 	 98706.078125 	 325.075195 
329 	 41.678688 	 283.323761 	 273.414459 	 2.654372 	 99454.789062 	 344.844086 
330 	 41.678688 	 283.323761 	 275.936066 	 1.899321 	 99761.539062 	 345.915924 
331 	 41.678688 	 283.323761 	 276.985809 	 4.905579 	 97426.101562 	 344.730865 
332 	 41.678688 	 283.323761 	 274.327637 	 2.540188 	 98488.523438 	 345.033569 
333 	 41.678688 	 283.323761 	 271.100555 	 1.282333 	 99112.406250 	 355.608551 
334 	 41.678688 	 283.323761 	 268.518250 	 1.123139 	 98770.148438 	 319.576813 
335 	 41.678688 	 283.323761 	 270.836212 	 2.353502 	 98635.617188 	 337.142029 
336 	 41.678688 	 283.323761 	 269.358002 	 1.534983 	 99717.148438 	 311.367004 
337 	 41.678688 	 283.323761 	 272.686462 	 2.335589 	 99554.656250 	 308.565399 
338 	 41.678688 	 283.323761 	 275.158417 	 2.130271 	 98846.843750 	 376.385529 
339 	 41.678688 	 283.323761 	 274.910309 	 4.213826 	 99302.382812 	 342.103149 
340 	 41.678688 	 283.323761 	 285.035614 	 5.737292 	 97743.820312 	 377.350616 
341 	 41.678688 	 283.323761 	 275.093445 	 3.339215 	 98357.132812 	 353.142914 
342 	 41.678688 	 283.323761 	 268.212952 	 3.107716 	 98718.789062 	 339.415985 
343 	 41.678688 	 283.323761 	 265.384216 	 2.928514 	 99383.750000 	 298.537598 
344 	 41.678688 	 283.323761 	 269.373322 	 3.493916 	 99997.617188 	 316.480621 
345 	 41.678688 	 283.323761 	 274.694031 	 3.773549 	 99038.906250 	 346.133606 
346 	 41.678688 	 283.323761 	 282.595856 	 2.750899 	 99082.070312 	 380.659149 
347 	 41.678688 	 283.323761 	 285.730896 	 4.991484 	 99162.148438 	 415.705780 
348 	 41.678688 	 283.323761 	 289.094757 	 6.325434 	 98773.406250 	 425.093445 
349 	 41.678688 	 283.323761 	 280.683014 	 5.006092 	 97936.156250 	 353.026520 
350 	 41.678688 	 283.323761 	 266.181732 	 4.094378 	 99378.656250 	 301.266846 
351 	 41.678688 	 283.323761 	 269.161377 	 3.925079 	 100416.796875 	 285.823334 
352 	 41.678688 	 283.323761 	 276.255707 	 4.282079 	 100071.500000 	 323.412872 
353 	 41.678688 	 283.323761 	 285.023499 	 6.075219 	 98645.742188 	 371.757111 
354 	 41.678688 	 283.323761 	 273.714447 	 2.085301 	 99410.531250 	 342.378204 
355 	 41.678688 	 283.323761 	 273.914001 	 1.131801 	 99697.453125 	 349.847290 
356 	 41.678688 	 283.323761 	 276.110535 	 4.506535 	 98738.460938 	 324.577057 
357 	 41.678688 	 283.323761 	 271.886322 	 3.694968 	 98478.531250 	 307.235229 
358 	 41.678688 	 283.323761 	 277.985718 	 3.174796 	 98124.500000 	 337.853271 
359 	 41.678688 	 283.323761 	 281.082581 	 2.911453 	 98077.359375 	 381.741882 
360 	 41.678688 	 283.323761 	 275.514587 	 3.173153 	 97945.687500 	 333.404114 
361 	 41.678688 	 283.323761 	 270.194519 	 3.458633 	 97702.867188 	 304.531586 
362 	 41.678688 	 283.323761 	 268.101318 	 3.877974 	 97799.500000 	 321.855286 
363 	 41.678688 	 283.323761 	 273.687195 	 4.839825 	 97943.343750 	 352.149536 
364 	 41.678688 	 283.323761 	 272.662994 	 2.386895 	 98983.640625 	 326.582275 
