# 0: Day of Year [-] 	 1: lat [deg] 	 2: lon [deg] 	 3: tas [K] 	 4: sfcWind [m s-1] 	 5: ps [Pa] 	 6: Total Downwelling Rad Flux [W m-2] 
0 	 41.678688 	 283.323761 	 278.005615 	 3.141466 	 98219.632812 	 342.420715 
1 	 41.678688 	 283.323761 	 280.224426 	 5.130632 	 96460.367188 	 362.053925 
2 	 41.678688 	 283.323761 	 275.423889 	 3.618644 	 97718.570312 	 297.676941 
3 	 41.678688 	 283.323761 	 280.285736 	 3.984672 	 97970.203125 	 364.241608 
4 	 41.678688 	 283.323761 	 282.809235 	 2.031118 	 98390.609375 	 374.376892 
5 	 41.678688 	 283.323761 	 274.382965 	 3.473332 	 98773.906250 	 332.912079 
6 	 41.678688 	 283.323761 	 274.377075 	 3.167870 	 98735.976562 	 317.122131 
7 	 41.678688 	 283.323761 	 273.909668 	 2.232184 	 97920.421875 	 350.797150 
8 	 41.678688 	 283.323761 	 271.319031 	 2.168722 	 97664.171875 	 339.978119 
9 	 41.678688 	 283.323761 	 269.437744 	 3.510101 	 97612.437500 	 293.279022 
10 	 41.678688 	 283.323761 	 277.282379 	 3.255815 	 98217.273438 	 359.677582 
11 	 41.678688 	 283.323761 	 279.577545 	 4.050819 	 98769.156250 	 342.452332 
12 	 41.678688 	 283.323761 	 283.196838 	 3.491957 	 97684.070312 	 395.246552 
13 	 41.678688 	 283.323761 	 278.042816 	 2.467338 	 97659.843750 	 357.473175 
14 	 41.678688 	 283.323761 	 277.365051 	 3.183975 	 98742.789062 	 365.485657 
15 	 41.678688 	 283.323761 	 273.801758 	 1.396840 	 99882.312500 	 346.869354 
16 	 41.678688 	 283.323761 	 276.016022 	 2.257150 	 99743.273438 	 330.180786 
17 	 41.678688 	 283.323761 	 280.828033 	 3.907271 	 98259.328125 	 380.782318 
18 	 41.678688 	 283.323761 	 276.869354 	 3.171290 	 97931.320312 	 357.839417 
19 	 41.678688 	 283.323761 	 270.199188 	 2.471315 	 98262.351562 	 335.169067 
20 	 41.678688 	 283.323761 	 269.357361 	 2.513142 	 98502.953125 	 293.332031 
21 	 41.678688 	 283.323761 	 267.322571 	 3.577039 	 98874.171875 	 340.720886 
22 	 41.678688 	 283.323761 	 268.901062 	 1.696702 	 99559.156250 	 319.397186 
23 	 41.678688 	 283.323761 	 271.508575 	 2.379163 	 99659.500000 	 333.207977 
24 	 41.678688 	 283.323761 	 271.406067 	 3.010440 	 98190.921875 	 368.702057 
25 	 41.678688 	 283.323761 	 270.761658 	 4.212822 	 97296.429688 	 327.904510 
26 	 41.678688 	 283.323761 	 267.678528 	 3.320498 	 97897.406250 	 349.264801 
27 	 41.678688 	 283.323761 	 271.736694 	 4.016363 	 98767.593750 	 307.975494 
28 	 41.678688 	 283.323761 	 276.584656 	 2.737582 	 98937.570312 	 384.377075 
29 	 41.678688 	 283.323761 	 273.583496 	 2.673174 	 99786.898438 	 355.962708 
30 	 41.678688 	 283.323761 	 278.490814 	 3.457208 	 98652.593750 	 426.607910 
31 	 41.678688 	 283.323761 	 276.689606 	 1.321999 	 99546.656250 	 399.274231 
32 	 41.678688 	 283.323761 	 278.889008 	 4.164603 	 99333.828125 	 338.446838 
33 	 41.678688 	 283.323761 	 283.635498 	 4.991427 	 97792.023438 	 399.208130 
34 	 41.678688 	 283.323761 	 276.310730 	 2.302222 	 98624.843750 	 335.481781 
35 	 41.678688 	 283.323761 	 274.942993 	 2.387102 	 98712.976562 	 346.840118 
36 	 41.678688 	 283.323761 	 271.387512 	 2.256802 	 98684.796875 	 329.218018 
37 	 41.678688 	 283.323761 	 267.940277 	 3.971238 	 98360.093750 	 341.834290 
38 	 41.678688 	 283.323761 	 264.682526 	 3.443672 	 99618.421875 	 336.477264 
39 	 41.678688 	 283.323761 	 264.753082 	 2.906235 	 100898.601562 	 333.348694 
40 	 41.678688 	 283.323761 	 267.184723 	 4.387272 	 100310.398438 	 286.984497 
41 	 41.678688 	 283.323761 	 271.036011 	 6.086696 	 98067.703125 	 325.953400 
42 	 41.678688 	 283.323761 	 273.869629 	 3.034512 	 98494.671875 	 367.694214 
43 	 41.678688 	 283.323761 	 274.699127 	 3.263252 	 98072.507812 	 322.427338 
44 	 41.678688 	 283.323761 	 267.319336 	 5.667436 	 98140.546875 	 374.893738 
45 	 41.678688 	 283.323761 	 271.399384 	 5.301821 	 97840.023438 	 387.819672 
46 	 41.678688 	 283.323761 	 274.387268 	 4.397636 	 98092.890625 	 401.909607 
47 	 41.678688 	 283.323761 	 277.167603 	 3.066570 	 98294.523438 	 378.956482 
48 	 41.678688 	 283.323761 	 274.370941 	 3.036763 	 98914.921875 	 412.243164 
49 	 41.678688 	 283.323761 	 271.948334 	 1.388224 	 100094.796875 	 394.292419 
50 	 41.678688 	 283.323761 	 276.444122 	 2.119907 	 99761.343750 	 414.283752 
51 	 41.678688 	 283.323761 	 277.781555 	 1.597219 	 99698.601562 	 385.175385 
52 	 41.678688 	 283.323761 	 284.954712 	 4.335865 	 99072.070312 	 407.587494 
53 	 41.678688 	 283.323761 	 283.434082 	 3.126645 	 98644.093750 	 379.482788 
54 	 41.678688 	 283.323761 	 276.559387 	 4.111979 	 98230.593750 	 361.661438 
55 	 41.678688 	 283.323761 	 273.276886 	 3.652525 	 97090.546875 	 432.710510 
56 	 41.678688 	 283.323761 	 270.769867 	 2.540419 	 97173.203125 	 378.256989 
57 	 41.678688 	 283.323761 	 267.782227 	 3.074824 	 98781.726562 	 408.472900 
58 	 41.678688 	 283.323761 	 271.588715 	 2.469278 	 99718.031250 	 347.058167 
59 	 41.678688 	 283.323761 	 276.870575 	 3.238608 	 99837.656250 	 382.041351 
60 	 41.678688 	 283.323761 	 284.479706 	 4.141420 	 99387.179688 	 447.973022 
61 	 41.678688 	 283.323761 	 289.312988 	 4.046045 	 99202.406250 	 464.271851 
62 	 41.678688 	 283.323761 	 288.489990 	 4.260166 	 99206.523438 	 435.043335 
63 	 41.678688 	 283.323761 	 287.558228 	 6.559621 	 98590.648438 	 444.804871 
64 	 41.678688 	 283.323761 	 279.327667 	 3.496722 	 98678.273438 	 465.312927 
65 	 41.678688 	 283.323761 	 275.966797 	 1.078988 	 99550.187500 	 430.411133 
66 	 41.678688 	 283.323761 	 278.653564 	 2.292858 	 99513.882812 	 433.588379 
67 	 41.678688 	 283.323761 	 279.023834 	 2.406664 	 98337.078125 	 381.149261 
68 	 41.678688 	 283.323761 	 274.355652 	 3.072609 	 97251.046875 	 327.072876 
69 	 41.678688 	 283.323761 	 274.052338 	 4.849523 	 97019.726562 	 473.372681 
70 	 41.678688 	 283.323761 	 273.408325 	 3.768384 	 98340.609375 	 447.810791 
71 	 41.678688 	 283.323761 	 275.441895 	 2.247057 	 99151.703125 	 455.414307 
72 	 41.678688 	 283.323761 	 278.872101 	 2.214248 	 98752.820312 	 452.680481 
73 	 41.678688 	 283.323761 	 278.072296 	 2.689138 	 98289.218750 	 482.069641 
74 	 41.678688 	 283.323761 	 280.207458 	 3.087034 	 97798.148438 	 440.646210 
75 	 41.678688 	 283.323761 	 283.617645 	 4.233617 	 96882.976562 	 431.098358 
76 	 41.678688 	 283.323761 	 277.229950 	 3.785771 	 97992.617188 	 464.589844 
77 	 41.678688 	 283.323761 	 277.482056 	 1.952377 	 99334.859375 	 482.170044 
78 	 41.678688 	 283.323761 	 282.719635 	 3.787967 	 99742.976562 	 505.706238 
79 	 41.678688 	 283.323761 	 286.101959 	 4.688036 	 98998.328125 	 491.528381 
80 	 41.678688 	 283.323761 	 275.361084 	 3.820604 	 100222.101562 	 506.334351 
81 	 41.678688 	 283.323761 	 277.263550 	 2.896065 	 100649.398438 	 494.253479 
82 	 41.678688 	 283.323761 	 285.732452 	 3.258677 	 99896.867188 	 511.958069 
83 	 41.678688 	 283.323761 	 290.785126 	 3.264584 	 99192.093750 	 532.571289 
84 	 41.678688 	 283.323761 	 287.361877 	 1.664306 	 99821.429688 	 538.519775 
85 	 41.678688 	 283.323761 	 286.622589 	 4.490304 	 99917.921875 	 492.700470 
86 	 41.678688 	 283.323761 	 291.141449 	 2.718597 	 99428.093750 	 576.024963 
87 	 41.678688 	 283.323761 	 290.349792 	 2.239358 	 99463.132812 	 562.424438 
88 	 41.678688 	 283.323761 	 294.013580 	 4.711259 	 99294.820312 	 597.671021 
89 	 41.678688 	 283.323761 	 292.201477 	 4.860459 	 98971.976562 	 463.873749 
90 	 41.678688 	 283.323761 	 284.512360 	 2.029517 	 99322.406250 	 444.878479 
91 	 41.678688 	 283.323761 	 281.308655 	 1.993880 	 99579.328125 	 539.097290 
92 	 41.678688 	 283.323761 	 279.775574 	 1.072952 	 99808.859375 	 524.262939 
93 	 41.678688 	 283.323761 	 282.208466 	 1.008346 	 99477.906250 	 544.398804 
94 	 41.678688 	 283.323761 	 285.670532 	 1.834386 	 98656.023438 	 490.419922 
95 	 41.678688 	 283.323761 	 283.474457 	 3.414109 	 98602.046875 	 569.032715 
96 	 41.678688 	 283.323761 	 281.444183 	 1.311913 	 99245.351562 	 542.798767 
97 	 41.678688 	 283.323761 	 283.346710 	 1.731647 	 99144.960938 	 558.078796 
98 	 41.678688 	 283.323761 	 286.561340 	 3.581361 	 98952.070312 	 451.920654 
99 	 41.678688 	 283.323761 	 286.222137 	 1.625757 	 98941.367188 	 533.617554 
100 	 41.678688 	 283.323761 	 288.402466 	 2.995226 	 98722.109375 	 564.952271 
101 	 41.678688 	 283.323761 	 287.372375 	 2.594913 	 98366.679688 	 491.605011 
102 	 41.678688 	 283.323761 	 283.615814 	 1.133516 	 98357.406250 	 464.891602 
103 	 41.678688 	 283.323761 	 281.757355 	 2.679279 	 99001.531250 	 521.620300 
104 	 41.678688 	 283.323761 	 285.186310 	 2.258692 	 99331.820312 	 525.700439 
105 	 41.678688 	 283.323761 	 294.382935 	 2.902870 	 98518.960938 	 637.673706 
106 	 41.678688 	 283.323761 	 294.295380 	 3.429549 	 97957.203125 	 623.320557 
107 	 41.678688 	 283.323761 	 283.881805 	 4.465549 	 97887.789062 	 583.813171 
108 	 41.678688 	 283.323761 	 279.753021 	 2.973484 	 98904.750000 	 460.301178 
109 	 41.678688 	 283.323761 	 276.430450 	 3.803470 	 99027.632812 	 533.335022 
110 	 41.678688 	 283.323761 	 279.399109 	 4.124866 	 99119.796875 	 556.538879 
111 	 41.678688 	 283.323761 	 282.910675 	 2.770432 	 98767.476562 	 422.412811 
112 	 41.678688 	 283.323761 	 285.699646 	 2.285172 	 98242.156250 	 577.432617 
113 	 41.678688 	 283.323761 	 284.800018 	 3.641344 	 98755.789062 	 585.198059 
114 	 41.678688 	 283.323761 	 287.419006 	 2.399890 	 99046.000000 	 605.560608 
115 	 41.678688 	 283.323761 	 296.024994 	 3.492590 	 97965.273438 	 651.010864 
116 	 41.678688 	 283.323761 	 288.470154 	 4.590024 	 97602.648438 	 514.689087 
117 	 41.678688 	 283.323761 	 285.888214 	 4.104568 	 98917.226562 	 619.480225 
118 	 41.678688 	 283.323761 	 288.002747 	 1.417889 	 99230.976562 	 613.226929 
119 	 41.678688 	 283.323761 	 295.849457 	 2.801099 	 98506.960938 	 647.498413 
120 	 41.678688 	 283.323761 	 296.669250 	 4.009488 	 98131.070312 	 637.728271 
121 	 41.678688 	 283.323761 	 287.316772 	 3.640833 	 99115.890625 	 611.890991 
122 	 41.678688 	 283.323761 	 287.155060 	 2.176179 	 99683.226562 	 620.269653 
123 	 41.678688 	 283.323761 	 287.850677 	 1.856962 	 99706.617188 	 611.834717 
124 	 41.678688 	 283.323761 	 290.545837 	 2.779811 	 99817.976562 	 640.807983 
125 	 41.678688 	 283.323761 	 288.728149 	 4.520177 	 99929.703125 	 477.842255 
126 	 41.678688 	 283.323761 	 289.991730 	 4.854385 	 99643.382812 	 481.525513 
127 	 41.678688 	 283.323761 	 291.235962 	 2.987669 	 99284.960938 	 609.330444 
128 	 41.678688 	 283.323761 	 292.282562 	 3.988468 	 98429.351562 	 546.286011 
129 	 41.678688 	 283.323761 	 292.467987 	 1.729237 	 98204.273438 	 458.349609 
130 	 41.678688 	 283.323761 	 295.942474 	 3.271416 	 98033.578125 	 701.638916 
131 	 41.678688 	 283.323761 	 284.528961 	 5.319047 	 98676.437500 	 634.023560 
132 	 41.678688 	 283.323761 	 281.764404 	 1.345962 	 99689.843750 	 572.863525 
133 	 41.678688 	 283.323761 	 285.893066 	 0.862363 	 99622.968750 	 623.960999 
134 	 41.678688 	 283.323761 	 289.311523 	 1.500345 	 99388.710938 	 635.509033 
135 	 41.678688 	 283.323761 	 293.447144 	 2.065751 	 99002.890625 	 654.633789 
136 	 41.678688 	 283.323761 	 298.110199 	 2.963961 	 98457.070312 	 672.340088 
137 	 41.678688 	 283.323761 	 297.729919 	 2.800324 	 98407.179688 	 693.756836 
138 	 41.678688 	 283.323761 	 292.455231 	 2.092493 	 99011.250000 	 593.327454 
139 	 41.678688 	 283.323761 	 294.853058 	 2.734120 	 99211.937500 	 669.729858 
140 	 41.678688 	 283.323761 	 300.169373 	 3.893735 	 98688.882812 	 729.174316 
141 	 41.678688 	 283.323761 	 299.719513 	 2.710682 	 98532.031250 	 668.156006 
142 	 41.678688 	 283.323761 	 298.872925 	 1.958241 	 98720.812500 	 705.670288 
143 	 41.678688 	 283.323761 	 300.792114 	 3.605573 	 98461.906250 	 715.876526 
144 	 41.678688 	 283.323761 	 302.155060 	 3.878425 	 97952.156250 	 713.568665 
145 	 41.678688 	 283.323761 	 301.013824 	 2.867255 	 97801.750000 	 683.497192 
146 	 41.678688 	 283.323761 	 298.762451 	 4.196272 	 97803.289062 	 677.575806 
147 	 41.678688 	 283.323761 	 289.042755 	 4.488873 	 98797.226562 	 659.145508 
148 	 41.678688 	 283.323761 	 289.262085 	 2.789916 	 99339.023438 	 606.497681 
149 	 41.678688 	 283.323761 	 298.642059 	 4.132505 	 98500.343750 	 660.418457 
150 	 41.678688 	 283.323761 	 299.150116 	 2.132344 	 98688.242188 	 706.088989 
151 	 41.678688 	 283.323761 	 302.395020 	 3.920182 	 98310.000000 	 697.395203 
152 	 41.678688 	 283.323761 	 299.624420 	 2.020373 	 98900.960938 	 710.543823 
153 	 41.678688 	 283.323761 	 300.327423 	 3.744191 	 98698.429688 	 718.185303 
154 	 41.678688 	 283.323761 	 302.375458 	 2.705241 	 98251.289062 	 726.205322 
155 	 41.678688 	 283.323761 	 304.060974 	 2.740166 	 98393.742188 	 719.773071 
156 	 41.678688 	 283.323761 	 302.970703 	 2.666610 	 98423.179688 	 730.688599 
157 	 41.678688 	 283.323761 	 300.440338 	 3.638052 	 98213.703125 	 670.042480 
158 	 41.678688 	 283.323761 	 291.266907 	 3.223992 	 98763.476562 	 692.898438 
159 	 41.678688 	 283.323761 	 289.476898 	 2.438382 	 98975.320312 	 621.437256 
160 	 41.678688 	 283.323761 	 289.265076 	 1.769672 	 99184.000000 	 668.564331 
161 	 41.678688 	 283.323761 	 290.224457 	 1.579062 	 99104.648438 	 643.341553 
162 	 41.678688 	 283.323761 	 293.199310 	 1.669845 	 98580.617188 	 616.491394 
163 	 41.678688 	 283.323761 	 292.734436 	 1.688630 	 98597.789062 	 624.488892 
164 	 41.678688 	 283.323761 	 293.864410 	 1.741595 	 98549.648438 	 674.879883 
165 	 41.678688 	 283.323761 	 295.217194 	 3.092955 	 98422.023438 	 617.302307 
166 	 41.678688 	 283.323761 	 296.727661 	 3.865574 	 97631.281250 	 639.157532 
167 	 41.678688 	 283.323761 	 294.659790 	 3.997907 	 97532.757812 	 684.537476 
168 	 41.678688 	 283.323761 	 291.446045 	 2.500018 	 98483.093750 	 680.446533 
169 	 41.678688 	 283.323761 	 293.646332 	 3.512089 	 98755.539062 	 665.804688 
170 	 41.678688 	 283.323761 	 295.874603 	 1.951194 	 98581.593750 	 703.369324 
171 	 41.678688 	 283.323761 	 297.771118 	 3.754433 	 98254.226562 	 721.138672 
172 	 41.678688 	 283.323761 	 294.284760 	 2.026355 	 98286.406250 	 610.238098 
173 	 41.678688 	 283.323761 	 296.364471 	 6.412941 	 97234.687500 	 683.572998 
174 	 41.678688 	 283.323761 	 291.797821 	 2.485839 	 97969.906250 	 582.933105 
175 	 41.678688 	 283.323761 	 287.760132 	 2.068198 	 98664.179688 	 666.145874 
176 	 41.678688 	 283.323761 	 289.878235 	 1.415300 	 99010.843750 	 608.896851 
177 	 41.678688 	 283.323761 	 292.864227 	 1.111355 	 98749.898438 	 684.902344 
178 	 41.678688 	 283.323761 	 296.855804 	 2.591689 	 98535.000000 	 717.841187 
179 	 41.678688 	 283.323761 	 297.233521 	 1.826469 	 99121.773438 	 695.503113 
180 	 41.678688 	 283.323761 	 298.149811 	 2.669181 	 99041.117188 	 642.170532 
181 	 41.678688 	 283.323761 	 299.009979 	 3.701302 	 98610.757812 	 667.330688 
182 	 41.678688 	 283.323761 	 299.426880 	 1.251088 	 98501.632812 	 737.790588 
183 	 41.678688 	 283.323761 	 299.915680 	 1.344211 	 98416.367188 	 684.314453 
184 	 41.678688 	 283.323761 	 299.625946 	 1.004427 	 98325.132812 	 643.856873 
185 	 41.678688 	 283.323761 	 299.176758 	 1.996817 	 98481.953125 	 719.287292 
186 	 41.678688 	 283.323761 	 297.484924 	 1.370721 	 98870.046875 	 730.047119 
187 	 41.678688 	 283.323761 	 297.900696 	 2.009791 	 98974.562500 	 666.614685 
188 	 41.678688 	 283.323761 	 300.194611 	 2.201119 	 98417.781250 	 713.261353 
189 	 41.678688 	 283.323761 	 299.417480 	 3.755312 	 98226.929688 	 725.221802 
190 	 41.678688 	 283.323761 	 295.763031 	 1.369234 	 98882.953125 	 694.166626 
191 	 41.678688 	 283.323761 	 298.842102 	 4.127927 	 98736.726562 	 673.611816 
192 	 41.678688 	 283.323761 	 300.520050 	 3.320725 	 98267.609375 	 727.016479 
193 	 41.678688 	 283.323761 	 300.448456 	 3.066638 	 98031.796875 	 689.990479 
194 	 41.678688 	 283.323761 	 297.819794 	 1.677253 	 98522.226562 	 717.653564 
195 	 41.678688 	 283.323761 	 298.671661 	 1.594202 	 98871.671875 	 715.595032 
196 	 41.678688 	 283.323761 	 302.941925 	 2.811260 	 98905.593750 	 743.619629 
197 	 41.678688 	 283.323761 	 301.883087 	 1.288008 	 99337.656250 	 742.537781 
198 	 41.678688 	 283.323761 	 301.618805 	 3.045917 	 98950.687500 	 734.628052 
199 	 41.678688 	 283.323761 	 302.550781 	 2.667241 	 98242.507812 	 727.601074 
200 	 41.678688 	 283.323761 	 301.188782 	 1.385104 	 98016.953125 	 726.957031 
201 	 41.678688 	 283.323761 	 301.357391 	 1.602485 	 98089.359375 	 713.251282 
202 	 41.678688 	 283.323761 	 299.611298 	 1.438155 	 98616.640625 	 665.311707 
203 	 41.678688 	 283.323761 	 298.997101 	 1.636588 	 98880.773438 	 654.745911 
204 	 41.678688 	 283.323761 	 299.334320 	 2.546108 	 98715.156250 	 653.576721 
205 	 41.678688 	 283.323761 	 299.150299 	 3.254992 	 97835.476562 	 652.001587 
206 	 41.678688 	 283.323761 	 296.885651 	 1.559844 	 97964.359375 	 700.886780 
207 	 41.678688 	 283.323761 	 298.177277 	 4.701506 	 97943.382812 	 529.956238 
208 	 41.678688 	 283.323761 	 300.584015 	 2.974200 	 97770.953125 	 659.948120 
209 	 41.678688 	 283.323761 	 296.804047 	 1.444953 	 98151.476562 	 672.864990 
210 	 41.678688 	 283.323761 	 297.409271 	 1.061878 	 98375.718750 	 699.492188 
211 	 41.678688 	 283.323761 	 299.094269 	 1.316700 	 98447.476562 	 701.963623 
212 	 41.678688 	 283.323761 	 303.752075 	 4.106594 	 98361.593750 	 722.953003 
213 	 41.678688 	 283.323761 	 305.061371 	 4.838767 	 98042.453125 	 719.738708 
214 	 41.678688 	 283.323761 	 298.867676 	 3.032530 	 98317.523438 	 713.917114 
215 	 41.678688 	 283.323761 	 298.997833 	 1.503458 	 98487.976562 	 692.278992 
216 	 41.678688 	 283.323761 	 302.426392 	 2.817198 	 98362.882812 	 681.715210 
217 	 41.678688 	 283.323761 	 296.360596 	 3.651920 	 99022.640625 	 683.804321 
218 	 41.678688 	 283.323761 	 295.774261 	 1.866568 	 99382.250000 	 678.109192 
219 	 41.678688 	 283.323761 	 300.407806 	 3.538820 	 98895.593750 	 692.244751 
220 	 41.678688 	 283.323761 	 303.339905 	 3.811050 	 98225.460938 	 709.501221 
221 	 41.678688 	 283.323761 	 301.044189 	 2.011338 	 98710.921875 	 699.018860 
222 	 41.678688 	 283.323761 	 303.040466 	 2.898989 	 98843.789062 	 630.443298 
223 	 41.678688 	 283.323761 	 305.670532 	 3.959035 	 98378.539062 	 662.262268 
224 	 41.678688 	 283.323761 	 301.977112 	 2.451667 	 98665.406250 	 706.573730 
225 	 41.678688 	 283.323761 	 301.148712 	 2.136040 	 98356.679688 	 621.000427 
226 	 41.678688 	 283.323761 	 295.962341 	 3.120676 	 98336.242188 	 671.698364 
227 	 41.678688 	 283.323761 	 294.068298 	 1.666098 	 98891.187500 	 647.014526 
228 	 41.678688 	 283.323761 	 296.268646 	 3.879000 	 99013.171875 	 611.657898 
229 	 41.678688 	 283.323761 	 297.234009 	 4.392175 	 98198.679688 	 482.262756 
230 	 41.678688 	 283.323761 	 299.222565 	 1.357446 	 98651.882812 	 670.361450 
231 	 41.678688 	 283.323761 	 299.813049 	 2.092096 	 99288.453125 	 678.352417 
232 	 41.678688 	 283.323761 	 301.117645 	 4.309414 	 99109.007812 	 648.883423 
233 	 41.678688 	 283.323761 	 296.444977 	 4.949518 	 98669.117188 	 666.487793 
234 	 41.678688 	 283.323761 	 287.439331 	 5.308640 	 99425.742188 	 597.681763 
235 	 41.678688 	 283.323761 	 287.175751 	 3.295253 	 99676.000000 	 596.844788 
236 	 41.678688 	 283.323761 	 287.802551 	 0.961490 	 99764.367188 	 599.584717 
237 	 41.678688 	 283.323761 	 292.405334 	 2.809184 	 99575.406250 	 608.776367 
238 	 41.678688 	 283.323761 	 296.296783 	 4.506923 	 99115.679688 	 634.252808 
239 	 41.678688 	 283.323761 	 296.412933 	 1.151259 	 98829.671875 	 664.023804 
240 	 41.678688 	 283.323761 	 293.608337 	 2.581041 	 98987.039062 	 627.156250 
241 	 41.678688 	 283.323761 	 293.544891 	 1.766437 	 99301.742188 	 616.881104 
242 	 41.678688 	 283.323761 	 294.995361 	 4.344865 	 98927.382812 	 476.542816 
243 	 41.678688 	 283.323761 	 298.176483 	 1.740255 	 98499.093750 	 651.838074 
244 	 41.678688 	 283.323761 	 296.659607 	 2.153811 	 98866.031250 	 622.187256 
245 	 41.678688 	 283.323761 	 298.963104 	 1.373464 	 98791.117188 	 632.661499 
246 	 41.678688 	 283.323761 	 299.457275 	 2.604216 	 98442.750000 	 586.409546 
247 	 41.678688 	 283.323761 	 301.316010 	 3.787621 	 97925.468750 	 574.518860 
248 	 41.678688 	 283.323761 	 298.201630 	 2.139511 	 98331.710938 	 645.299438 
249 	 41.678688 	 283.323761 	 297.472900 	 3.719146 	 97977.023438 	 562.571167 
250 	 41.678688 	 283.323761 	 289.272400 	 3.661901 	 98614.000000 	 583.750732 
251 	 41.678688 	 283.323761 	 287.383636 	 2.681515 	 99511.492188 	 566.716553 
252 	 41.678688 	 283.323761 	 288.346100 	 1.543876 	 99542.203125 	 569.458740 
253 	 41.678688 	 283.323761 	 291.702393 	 3.396701 	 99115.281250 	 550.786133 
254 	 41.678688 	 283.323761 	 293.759338 	 3.125920 	 98809.843750 	 609.866699 
255 	 41.678688 	 283.323761 	 294.899841 	 1.170023 	 99016.742188 	 608.137817 
256 	 41.678688 	 283.323761 	 298.486694 	 3.185934 	 98777.640625 	 550.452637 
257 	 41.678688 	 283.323761 	 298.761353 	 1.723262 	 98689.156250 	 599.172241 
258 	 41.678688 	 283.323761 	 299.309296 	 2.837830 	 98621.773438 	 573.117432 
259 	 41.678688 	 283.323761 	 299.435272 	 3.155991 	 98313.343750 	 573.816833 
260 	 41.678688 	 283.323761 	 286.687958 	 4.051277 	 98296.968750 	 475.839417 
261 	 41.678688 	 283.323761 	 281.779541 	 3.897823 	 98987.406250 	 425.214691 
262 	 41.678688 	 283.323761 	 281.577881 	 2.778648 	 99490.960938 	 482.863037 
263 	 41.678688 	 283.323761 	 283.916595 	 1.940216 	 99794.343750 	 528.502380 
264 	 41.678688 	 283.323761 	 289.669281 	 2.957590 	 98992.460938 	 483.450928 
265 	 41.678688 	 283.323761 	 288.379181 	 2.790590 	 98509.171875 	 550.021790 
266 	 41.678688 	 283.323761 	 283.821259 	 1.611411 	 99021.468750 	 517.404724 
267 	 41.678688 	 283.323761 	 291.556427 	 3.691676 	 98463.046875 	 539.443359 
268 	 41.678688 	 283.323761 	 300.348145 	 4.773483 	 97410.601562 	 556.975525 
269 	 41.678688 	 283.323761 	 293.977905 	 3.446369 	 97686.726562 	 578.543213 
270 	 41.678688 	 283.323761 	 288.837830 	 2.981727 	 99033.718750 	 535.404907 
271 	 41.678688 	 283.323761 	 295.752014 	 2.361345 	 98719.929688 	 475.800049 
272 	 41.678688 	 283.323761 	 289.319458 	 2.027091 	 98746.718750 	 522.750671 
273 	 41.678688 	 283.323761 	 283.405975 	 2.609554 	 99408.640625 	 510.377380 
274 	 41.678688 	 283.323761 	 284.487823 	 2.846445 	 99826.070312 	 493.976898 
275 	 41.678688 	 283.323761 	 290.174591 	 4.634422 	 99447.679688 	 448.001160 
276 	 41.678688 	 283.323761 	 292.633484 	 3.363432 	 98747.703125 	 460.985474 
277 	 41.678688 	 283.323761 	 285.756012 	 2.215811 	 99076.210938 	 458.323547 
278 	 41.678688 	 283.323761 	 284.666077 	 1.304697 	 99325.773438 	 494.030243 
279 	 41.678688 	 283.323761 	 287.119873 	 1.640354 	 98609.531250 	 431.028534 
280 	 41.678688 	 283.323761 	 285.496063 	 2.154341 	 98325.609375 	 506.949432 
281 	 41.678688 	 283.323761 	 283.428497 	 2.119325 	 97814.351562 	 488.721069 
282 	 41.678688 	 283.323761 	 283.157990 	 2.869523 	 98226.960938 	 481.678284 
283 	 41.678688 	 283.323761 	 282.578613 	 2.624158 	 98906.250000 	 460.681000 
284 	 41.678688 	 283.323761 	 289.160919 	 2.391153 	 98673.101562 	 497.439850 
285 	 41.678688 	 283.323761 	 285.825745 	 1.677892 	 99388.976562 	 482.151398 
286 	 41.678688 	 283.323761 	 290.985748 	 3.176854 	 99563.062500 	 510.242218 
287 	 41.678688 	 283.323761 	 290.476257 	 2.648598 	 99985.109375 	 450.644562 
288 	 41.678688 	 283.323761 	 289.210907 	 2.507660 	 100090.601562 	 426.348297 
289 	 41.678688 	 283.323761 	 290.054108 	 3.145813 	 99811.156250 	 452.426697 
290 	 41.678688 	 283.323761 	 292.212219 	 4.407911 	 99584.976562 	 475.715179 
291 	 41.678688 	 283.323761 	 287.077667 	 3.184776 	 99136.843750 	 448.512573 
292 	 41.678688 	 283.323761 	 282.418274 	 2.674914 	 99783.148438 	 438.761230 
293 	 41.678688 	 283.323761 	 279.003052 	 1.874300 	 100643.500000 	 433.906860 
294 	 41.678688 	 283.323761 	 282.845764 	 3.013154 	 100028.398438 	 443.355560 
295 	 41.678688 	 283.323761 	 285.456970 	 1.017069 	 99607.460938 	 472.401642 
296 	 41.678688 	 283.323761 	 285.655548 	 0.849155 	 99704.296875 	 477.754761 
297 	 41.678688 	 283.323761 	 289.564240 	 2.407475 	 99467.687500 	 439.815430 
298 	 41.678688 	 283.323761 	 286.752533 	 3.714578 	 98580.257812 	 416.815430 
299 	 41.678688 	 283.323761 	 280.253784 	 5.772564 	 99062.828125 	 421.051575 
300 	 41.678688 	 283.323761 	 282.669708 	 2.569907 	 99508.296875 	 448.572571 
301 	 41.678688 	 283.323761 	 287.194458 	 3.567852 	 98774.578125 	 429.047577 
302 	 41.678688 	 283.323761 	 280.986084 	 3.909208 	 98874.789062 	 413.507690 
303 	 41.678688 	 283.323761 	 274.960480 	 1.052128 	 99627.593750 	 394.457855 
304 	 41.678688 	 283.323761 	 274.355255 	 1.107160 	 99897.476562 	 363.814819 
305 	 41.678688 	 283.323761 	 280.385681 	 3.128259 	 100126.398438 	 382.314667 
306 	 41.678688 	 283.323761 	 281.751129 	 4.236725 	 99415.687500 	 372.957611 
307 	 41.678688 	 283.323761 	 276.809937 	 7.186738 	 98754.562500 	 431.240356 
308 	 41.678688 	 283.323761 	 278.872833 	 3.784707 	 99143.078125 	 400.930847 
309 	 41.678688 	 283.323761 	 280.927246 	 1.523083 	 99470.906250 	 418.522888 
310 	 41.678688 	 283.323761 	 280.800293 	 1.488909 	 99888.226562 	 417.337341 
311 	 41.678688 	 283.323761 	 285.085907 	 3.253378 	 100053.203125 	 399.692474 
312 	 41.678688 	 283.323761 	 288.435547 	 3.587888 	 99846.039062 	 431.731567 
313 	 41.678688 	 283.323761 	 289.731323 	 3.122796 	 99670.156250 	 429.124054 
314 	 41.678688 	 283.323761 	 290.749054 	 3.196869 	 99738.921875 	 448.356354 
315 	 41.678688 	 283.323761 	 291.983307 	 3.359997 	 99429.343750 	 436.111267 
316 	 41.678688 	 283.323761 	 290.353180 	 4.221348 	 98424.070312 	 412.023987 
317 	 41.678688 	 283.323761 	 281.240662 	 2.525654 	 98833.492188 	 426.606110 
318 	 41.678688 	 283.323761 	 280.593658 	 1.809306 	 99240.062500 	 378.029663 
319 	 41.678688 	 283.323761 	 284.011078 	 2.187007 	 99061.882812 	 389.183655 
320 	 41.678688 	 283.323761 	 285.413086 	 1.538947 	 99276.171875 	 416.092773 
321 	 41.678688 	 283.323761 	 283.419464 	 2.917804 	 99645.328125 	 375.660461 
322 	 41.678688 	 283.323761 	 289.000885 	 4.010247 	 98713.867188 	 411.047180 
323 	 41.678688 	 283.323761 	 280.864075 	 4.002728 	 97909.562500 	 416.418640 
324 	 41.678688 	 283.323761 	 273.720886 	 2.640220 	 98237.617188 	 349.493469 
325 	 41.678688 	 283.323761 	 274.681885 	 2.376793 	 98447.921875 	 350.740479 
326 	 41.678688 	 283.323761 	 276.318268 	 2.379564 	 99368.031250 	 376.028778 
327 	 41.678688 	 283.323761 	 278.246429 	 2.361943 	 98917.523438 	 351.321045 
328 	 41.678688 	 283.323761 	 278.533997 	 3.858052 	 97916.617188 	 406.375305 
329 	 41.678688 	 283.323761 	 277.476013 	 3.090937 	 98510.531250 	 357.477051 
330 	 41.678688 	 283.323761 	 275.231354 	 1.698038 	 100083.000000 	 344.787476 
331 	 41.678688 	 283.323761 	 276.620270 	 3.749999 	 99859.617188 	 326.842072 
332 	 41.678688 	 283.323761 	 280.291443 	 2.762537 	 99153.203125 	 410.374359 
333 	 41.678688 	 283.323761 	 274.476837 	 1.527817 	 99693.492188 	 343.185913 
334 	 41.678688 	 283.323761 	 281.918396 	 4.866188 	 99309.460938 	 373.468109 
335 	 41.678688 	 283.323761 	 281.899292 	 2.395850 	 99791.476562 	 401.929260 
336 	 41.678688 	 283.323761 	 276.170319 	 2.342672 	 100526.296875 	 320.847076 
337 	 41.678688 	 283.323761 	 285.046997 	 3.117625 	 99240.390625 	 393.528076 
338 	 41.678688 	 283.323761 	 281.204803 	 2.431389 	 99349.101562 	 362.324127 
339 	 41.678688 	 283.323761 	 287.628937 	 4.401562 	 98227.500000 	 389.898102 
340 	 41.678688 	 283.323761 	 276.472198 	 3.414213 	 98773.703125 	 362.163879 
341 	 41.678688 	 283.323761 	 273.025543 	 2.807341 	 99195.828125 	 323.103882 
342 	 41.678688 	 283.323761 	 283.756744 	 5.529037 	 98078.906250 	 409.025665 
343 	 41.678688 	 283.323761 	 275.066406 	 3.154804 	 99594.453125 	 338.267548 
344 	 41.678688 	 283.323761 	 270.872437 	 2.296057 	 100069.703125 	 316.054504 
345 	 41.678688 	 283.323761 	 270.250031 	 1.161751 	 99914.437500 	 301.915100 
346 	 41.678688 	 283.323761 	 278.117676 	 4.694689 	 98118.007812 	 355.634857 
347 	 41.678688 	 283.323761 	 280.394073 	 4.988134 	 97023.632812 	 387.677124 
348 	 41.678688 	 283.323761 	 274.454041 	 2.622228 	 98864.023438 	 336.286652 
349 	 41.678688 	 283.323761 	 274.808624 	 3.699095 	 98397.023438 	 358.448914 
350 	 41.678688 	 283.323761 	 271.216156 	 2.189401 	 99550.757812 	 340.926239 
351 	 41.678688 	 283.323761 	 277.923340 	 4.695436 	 97821.812500 	 367.930908 
352 	 41.678688 	 283.323761 	 274.569061 	 2.589233 	 98488.710938 	 339.751251 
353 	 41.678688 	 283.323761 	 274.304962 	 3.505301 	 98417.726562 	 344.501953 
354 	 41.678688 	 283.323761 	 271.036804 	 4.222987 	 97886.671875 	 323.111969 
355 	 41.678688 	 283.323761 	 268.789307 	 2.746258 	 98665.859375 	 301.347412 
356 	 41.678688 	 283.323761 	 270.663818 	 1.413521 	 99472.148438 	 329.019714 
357 	 41.678688 	 283.323761 	 273.239227 	 3.501530 	 99873.820312 	 345.517700 
358 	 41.678688 	 283.323761 	 274.470276 	 4.331084 	 98754.062500 	 353.681976 
359 	 41.678688 	 283.323761 	 265.765106 	 3.318771 	 99442.812500 	 311.049377 
360 	 41.678688 	 283.323761 	 268.911987 	 1.991625 	 99348.062500 	 326.833221 
361 	 41.678688 	 283.323761 	 269.769592 	 1.776076 	 99322.617188 	 314.804199 
362 	 41.678688 	 283.323761 	 271.028290 	 1.143442 	 98926.132812 	 328.577545 
363 	 41.678688 	 283.323761 	 275.113403 	 2.927020 	 97913.492188 	 342.098022 
364 	 41.678688 	 283.323761 	 271.475433 	 2.701030 	 97864.289062 	 315.463654 
