# 0: Day of Year [-] 	 1: lat [deg] 	 2: lon [deg] 	 3: tas [K] 	 4: sfcWind [m s-1] 	 5: ps [Pa] 	 6: Total Downwelling Rad Flux [W m-2] 
0 	 41.678688 	 283.323761 	 272.475342 	 2.292313 	 99480.789062 	 326.179443 
1 	 41.678688 	 283.323761 	 281.172089 	 3.159847 	 98755.750000 	 381.587402 
2 	 41.678688 	 283.323761 	 283.199402 	 3.429676 	 98665.492188 	 362.624115 
3 	 41.678688 	 283.323761 	 288.381592 	 5.027966 	 98059.898438 	 414.085236 
4 	 41.678688 	 283.323761 	 268.395874 	 6.101591 	 99008.796875 	 312.440765 
5 	 41.678688 	 283.323761 	 264.041443 	 2.611380 	 100902.203125 	 302.879517 
6 	 41.678688 	 283.323761 	 272.671356 	 5.053656 	 99463.078125 	 282.845398 
7 	 41.678688 	 283.323761 	 276.163818 	 3.115250 	 99070.382812 	 360.915710 
8 	 41.678688 	 283.323761 	 280.446136 	 4.567956 	 98022.343750 	 372.618500 
9 	 41.678688 	 283.323761 	 272.826874 	 2.065399 	 98680.750000 	 324.345490 
10 	 41.678688 	 283.323761 	 273.566589 	 4.165323 	 98768.578125 	 330.678101 
11 	 41.678688 	 283.323761 	 267.826172 	 2.523994 	 99958.687500 	 303.647369 
12 	 41.678688 	 283.323761 	 269.226013 	 1.959655 	 100096.898438 	 324.746643 
13 	 41.678688 	 283.323761 	 277.962860 	 3.929750 	 98700.609375 	 349.400696 
14 	 41.678688 	 283.323761 	 283.204315 	 2.005436 	 97654.906250 	 392.794678 
15 	 41.678688 	 283.323761 	 275.516510 	 3.239992 	 97905.867188 	 379.124939 
16 	 41.678688 	 283.323761 	 276.413544 	 4.838093 	 97843.578125 	 349.738281 
17 	 41.678688 	 283.323761 	 270.080933 	 2.317183 	 99825.656250 	 321.922913 
18 	 41.678688 	 283.323761 	 275.642487 	 4.524925 	 99591.562500 	 330.167389 
19 	 41.678688 	 283.323761 	 274.191376 	 4.943188 	 98152.492188 	 390.319885 
20 	 41.678688 	 283.323761 	 265.691345 	 3.678485 	 99128.453125 	 314.149780 
21 	 41.678688 	 283.323761 	 271.406097 	 4.741754 	 98631.562500 	 284.384552 
22 	 41.678688 	 283.323761 	 272.733826 	 3.852941 	 97960.562500 	 331.080383 
23 	 41.678688 	 283.323761 	 268.412170 	 3.217845 	 98572.000000 	 329.015839 
24 	 41.678688 	 283.323761 	 276.029236 	 4.601177 	 97972.351562 	 327.222321 
25 	 41.678688 	 283.323761 	 272.163544 	 3.198959 	 99039.687500 	 360.779297 
26 	 41.678688 	 283.323761 	 273.729523 	 3.403291 	 98991.382812 	 315.446625 
27 	 41.678688 	 283.323761 	 273.714966 	 2.878384 	 98276.531250 	 362.369293 
28 	 41.678688 	 283.323761 	 274.021484 	 2.935003 	 98173.281250 	 404.931183 
29 	 41.678688 	 283.323761 	 272.361877 	 2.447056 	 98034.140625 	 324.067688 
30 	 41.678688 	 283.323761 	 277.107727 	 4.339267 	 97073.226562 	 394.562897 
31 	 41.678688 	 283.323761 	 272.387970 	 2.581486 	 98422.718750 	 356.047272 
32 	 41.678688 	 283.323761 	 276.461761 	 3.929294 	 98695.117188 	 332.395355 
33 	 41.678688 	 283.323761 	 277.116547 	 4.600922 	 97757.101562 	 307.346405 
34 	 41.678688 	 283.323761 	 263.029938 	 3.020763 	 99752.953125 	 345.702881 
35 	 41.678688 	 283.323761 	 266.525269 	 3.154449 	 98636.273438 	 314.774750 
36 	 41.678688 	 283.323761 	 271.577606 	 3.769050 	 97706.820312 	 360.800415 
37 	 41.678688 	 283.323761 	 270.349701 	 2.348887 	 98916.921875 	 357.619507 
38 	 41.678688 	 283.323761 	 271.120636 	 3.230105 	 99189.718750 	 371.290497 
39 	 41.678688 	 283.323761 	 270.390533 	 4.653532 	 98736.242188 	 354.493103 
40 	 41.678688 	 283.323761 	 265.221954 	 3.387763 	 99773.578125 	 347.617798 
41 	 41.678688 	 283.323761 	 267.851959 	 2.588376 	 100188.601562 	 341.783142 
42 	 41.678688 	 283.323761 	 279.647369 	 4.419914 	 99281.460938 	 405.437195 
43 	 41.678688 	 283.323761 	 279.703857 	 3.768600 	 98844.546875 	 443.816345 
44 	 41.678688 	 283.323761 	 270.148651 	 2.457889 	 100719.101562 	 398.263336 
45 	 41.678688 	 283.323761 	 277.366394 	 5.101694 	 100455.203125 	 390.571533 
46 	 41.678688 	 283.323761 	 285.099640 	 4.599178 	 99114.617188 	 382.545135 
47 	 41.678688 	 283.323761 	 276.687469 	 2.404698 	 99413.593750 	 431.820862 
48 	 41.678688 	 283.323761 	 271.688171 	 2.399558 	 99681.859375 	 316.378510 
49 	 41.678688 	 283.323761 	 273.441772 	 4.221206 	 98050.937500 	 407.275299 
50 	 41.678688 	 283.323761 	 275.281372 	 2.588713 	 98549.226562 	 420.836731 
51 	 41.678688 	 283.323761 	 281.428619 	 3.846929 	 98402.750000 	 436.820190 
52 	 41.678688 	 283.323761 	 279.610443 	 3.615537 	 98588.742188 	 439.205139 
53 	 41.678688 	 283.323761 	 274.743988 	 2.265791 	 99652.593750 	 422.361084 
54 	 41.678688 	 283.323761 	 281.614380 	 3.943026 	 99255.851562 	 441.665710 
55 	 41.678688 	 283.323761 	 283.974823 	 3.948353 	 98869.656250 	 451.636841 
56 	 41.678688 	 283.323761 	 284.202942 	 3.797660 	 98086.210938 	 428.764526 
57 	 41.678688 	 283.323761 	 278.720123 	 4.146661 	 97750.382812 	 383.163635 
58 	 41.678688 	 283.323761 	 278.774384 	 3.180104 	 98983.632812 	 480.664581 
59 	 41.678688 	 283.323761 	 281.011993 	 3.230194 	 99261.093750 	 406.219391 
60 	 41.678688 	 283.323761 	 283.118195 	 3.527568 	 98450.937500 	 438.914612 
61 	 41.678688 	 283.323761 	 280.098755 	 1.969137 	 98499.000000 	 401.409210 
62 	 41.678688 	 283.323761 	 278.587128 	 1.579370 	 98975.570312 	 466.928223 
63 	 41.678688 	 283.323761 	 282.941528 	 2.777231 	 98788.921875 	 389.909973 
64 	 41.678688 	 283.323761 	 286.315247 	 2.076174 	 98922.460938 	 503.238495 
65 	 41.678688 	 283.323761 	 288.998199 	 2.064557 	 98883.382812 	 521.949707 
66 	 41.678688 	 283.323761 	 286.845062 	 3.475938 	 98603.117188 	 447.855988 
67 	 41.678688 	 283.323761 	 277.743103 	 2.483295 	 99892.171875 	 428.492737 
68 	 41.678688 	 283.323761 	 281.324890 	 2.929860 	 99829.507812 	 459.119354 
69 	 41.678688 	 283.323761 	 287.265747 	 3.178915 	 99504.679688 	 522.720581 
70 	 41.678688 	 283.323761 	 289.380554 	 3.164772 	 98943.437500 	 540.136963 
71 	 41.678688 	 283.323761 	 286.523804 	 3.307740 	 98536.453125 	 475.421326 
72 	 41.678688 	 283.323761 	 285.913544 	 2.715640 	 98359.953125 	 505.589355 
73 	 41.678688 	 283.323761 	 287.102417 	 2.050748 	 98703.960938 	 505.720367 
74 	 41.678688 	 283.323761 	 286.897736 	 2.757175 	 99409.648438 	 467.581299 
75 	 41.678688 	 283.323761 	 289.930145 	 3.381372 	 99361.218750 	 503.829346 
76 	 41.678688 	 283.323761 	 290.467346 	 4.856659 	 98583.953125 	 457.191895 
77 	 41.678688 	 283.323761 	 286.365692 	 2.883378 	 98577.968750 	 525.036865 
78 	 41.678688 	 283.323761 	 283.374054 	 2.805261 	 98763.273438 	 473.029541 
79 	 41.678688 	 283.323761 	 276.958923 	 4.192778 	 97753.812500 	 488.735657 
80 	 41.678688 	 283.323761 	 270.465302 	 3.806520 	 98779.843750 	 472.877777 
81 	 41.678688 	 283.323761 	 273.548584 	 1.470083 	 99190.476562 	 472.749420 
82 	 41.678688 	 283.323761 	 278.590424 	 2.281953 	 98153.140625 	 492.341980 
83 	 41.678688 	 283.323761 	 277.521820 	 2.618129 	 98042.710938 	 506.603638 
84 	 41.678688 	 283.323761 	 278.074707 	 5.335233 	 97002.382812 	 437.908539 
85 	 41.678688 	 283.323761 	 267.582916 	 4.926195 	 98351.882812 	 469.916107 
86 	 41.678688 	 283.323761 	 278.547668 	 4.162452 	 97952.968750 	 508.996399 
87 	 41.678688 	 283.323761 	 285.837372 	 2.200876 	 98276.070312 	 541.311279 
88 	 41.678688 	 283.323761 	 289.074097 	 3.099165 	 98252.132812 	 526.762695 
89 	 41.678688 	 283.323761 	 290.199036 	 2.468750 	 98038.710938 	 573.892334 
90 	 41.678688 	 283.323761 	 292.545959 	 3.059040 	 97969.882812 	 576.751587 
91 	 41.678688 	 283.323761 	 287.500397 	 3.502630 	 99144.890625 	 568.592834 
92 	 41.678688 	 283.323761 	 288.736786 	 6.037785 	 98917.718750 	 458.745789 
93 	 41.678688 	 283.323761 	 280.656219 	 4.191323 	 98307.882812 	 521.679077 
94 	 41.678688 	 283.323761 	 280.277283 	 2.760483 	 98681.382812 	 422.265808 
95 	 41.678688 	 283.323761 	 284.003174 	 2.190306 	 98979.523438 	 544.421265 
96 	 41.678688 	 283.323761 	 287.659485 	 3.727409 	 98309.406250 	 448.582367 
97 	 41.678688 	 283.323761 	 281.739288 	 5.030483 	 97837.617188 	 528.026855 
98 	 41.678688 	 283.323761 	 279.248657 	 2.625534 	 98869.539062 	 538.706543 
99 	 41.678688 	 283.323761 	 279.524200 	 2.662201 	 98967.632812 	 408.957611 
100 	 41.678688 	 283.323761 	 283.904022 	 3.897544 	 97788.773438 	 545.072449 
101 	 41.678688 	 283.323761 	 279.981812 	 2.571192 	 98564.281250 	 462.525024 
102 	 41.678688 	 283.323761 	 286.549774 	 5.938729 	 96957.250000 	 526.385498 
103 	 41.678688 	 283.323761 	 280.252167 	 4.853805 	 97045.617188 	 541.312744 
104 	 41.678688 	 283.323761 	 280.257172 	 3.515590 	 97614.218750 	 496.261780 
105 	 41.678688 	 283.323761 	 282.000946 	 2.859801 	 97168.343750 	 589.749207 
106 	 41.678688 	 283.323761 	 277.950928 	 2.271645 	 97559.070312 	 452.447418 
107 	 41.678688 	 283.323761 	 278.193237 	 3.214994 	 97880.867188 	 548.169739 
108 	 41.678688 	 283.323761 	 280.829437 	 3.739954 	 98202.750000 	 542.405762 
109 	 41.678688 	 283.323761 	 284.972565 	 2.776344 	 98686.257812 	 572.890442 
110 	 41.678688 	 283.323761 	 285.818085 	 1.418622 	 99111.062500 	 561.613586 
111 	 41.678688 	 283.323761 	 288.007935 	 1.039314 	 99692.507812 	 598.682373 
112 	 41.678688 	 283.323761 	 290.291473 	 2.334847 	 99878.828125 	 624.941284 
113 	 41.678688 	 283.323761 	 289.691895 	 2.645877 	 99464.687500 	 617.703369 
114 	 41.678688 	 283.323761 	 291.632599 	 3.730004 	 98786.539062 	 615.622742 
115 	 41.678688 	 283.323761 	 288.014862 	 3.560685 	 98102.023438 	 502.668091 
116 	 41.678688 	 283.323761 	 281.261169 	 1.323351 	 98857.992188 	 563.438354 
117 	 41.678688 	 283.323761 	 285.688782 	 2.889053 	 98742.093750 	 585.436646 
118 	 41.678688 	 283.323761 	 290.919312 	 3.719901 	 98176.578125 	 515.536255 
119 	 41.678688 	 283.323761 	 284.313812 	 2.084022 	 99067.406250 	 549.432739 
120 	 41.678688 	 283.323761 	 282.958466 	 1.826645 	 99864.906250 	 393.831299 
121 	 41.678688 	 283.323761 	 289.082214 	 4.094404 	 99597.976562 	 583.287476 
122 	 41.678688 	 283.323761 	 295.251953 	 3.023230 	 99014.343750 	 645.860107 
123 	 41.678688 	 283.323761 	 294.242676 	 2.850467 	 98631.578125 	 576.052612 
124 	 41.678688 	 283.323761 	 287.428467 	 2.508919 	 98619.492188 	 581.450806 
125 	 41.678688 	 283.323761 	 282.101959 	 2.703954 	 99416.351562 	 592.855408 
126 	 41.678688 	 283.323761 	 282.509338 	 2.536960 	 99880.648438 	 566.247192 
127 	 41.678688 	 283.323761 	 289.734863 	 2.176546 	 99187.820312 	 647.630310 
128 	 41.678688 	 283.323761 	 292.051636 	 0.886034 	 98949.289062 	 653.110107 
129 	 41.678688 	 283.323761 	 292.563751 	 2.487704 	 99158.476562 	 651.915771 
130 	 41.678688 	 283.323761 	 294.007446 	 3.815727 	 98560.289062 	 638.077820 
131 	 41.678688 	 283.323761 	 289.346588 	 3.367777 	 98114.539062 	 556.161560 
132 	 41.678688 	 283.323761 	 285.600494 	 1.263559 	 98753.703125 	 620.387451 
133 	 41.678688 	 283.323761 	 289.982880 	 2.318879 	 98653.898438 	 622.532043 
134 	 41.678688 	 283.323761 	 293.125488 	 3.204087 	 97984.820312 	 605.673218 
135 	 41.678688 	 283.323761 	 288.741302 	 1.518759 	 98590.273438 	 637.535278 
136 	 41.678688 	 283.323761 	 296.818268 	 3.320285 	 98734.046875 	 674.706421 
137 	 41.678688 	 283.323761 	 297.226196 	 2.872323 	 98659.367188 	 675.160034 
138 	 41.678688 	 283.323761 	 295.314331 	 2.228893 	 98786.390625 	 604.618896 
139 	 41.678688 	 283.323761 	 291.596802 	 2.610120 	 99021.796875 	 515.746094 
140 	 41.678688 	 283.323761 	 288.174103 	 3.877826 	 98941.773438 	 639.404419 
141 	 41.678688 	 283.323761 	 288.643372 	 1.557461 	 99352.890625 	 647.563293 
142 	 41.678688 	 283.323761 	 292.028595 	 3.116718 	 99178.726562 	 664.804138 
143 	 41.678688 	 283.323761 	 296.957611 	 2.412724 	 98998.328125 	 705.617676 
144 	 41.678688 	 283.323761 	 296.157104 	 3.199302 	 98865.203125 	 657.098267 
145 	 41.678688 	 283.323761 	 295.868988 	 3.920641 	 98524.226562 	 703.000305 
146 	 41.678688 	 283.323761 	 292.254425 	 1.969016 	 99361.898438 	 667.422668 
147 	 41.678688 	 283.323761 	 292.962433 	 3.648410 	 99477.007812 	 661.763977 
148 	 41.678688 	 283.323761 	 295.485199 	 5.498088 	 98629.023438 	 676.680298 
149 	 41.678688 	 283.323761 	 288.655884 	 5.222487 	 98227.710938 	 634.492249 
150 	 41.678688 	 283.323761 	 287.119873 	 3.044093 	 99167.781250 	 653.136597 
151 	 41.678688 	 283.323761 	 290.634125 	 2.434234 	 99393.203125 	 610.612854 
152 	 41.678688 	 283.323761 	 295.089081 	 3.145357 	 99016.703125 	 616.612793 
153 	 41.678688 	 283.323761 	 290.706238 	 4.938999 	 98373.656250 	 585.814392 
154 	 41.678688 	 283.323761 	 281.718292 	 5.182226 	 99175.070312 	 621.026062 
155 	 41.678688 	 283.323761 	 282.587616 	 3.574559 	 99596.500000 	 615.446655 
156 	 41.678688 	 283.323761 	 286.396271 	 3.122382 	 99728.062500 	 603.460083 
157 	 41.678688 	 283.323761 	 286.071472 	 1.142520 	 99470.117188 	 588.686157 
158 	 41.678688 	 283.323761 	 285.513275 	 2.866897 	 99169.843750 	 435.319214 
159 	 41.678688 	 283.323761 	 288.476135 	 3.425206 	 99017.406250 	 681.058350 
160 	 41.678688 	 283.323761 	 289.018433 	 2.066525 	 99270.351562 	 591.669495 
161 	 41.678688 	 283.323761 	 293.475830 	 4.164148 	 98418.117188 	 701.263550 
162 	 41.678688 	 283.323761 	 293.855255 	 3.861604 	 98766.640625 	 695.934998 
163 	 41.678688 	 283.323761 	 291.034454 	 1.538507 	 99250.937500 	 675.818970 
164 	 41.678688 	 283.323761 	 292.489899 	 1.281749 	 98913.046875 	 676.701294 
165 	 41.678688 	 283.323761 	 293.450378 	 3.034411 	 98446.226562 	 615.112061 
166 	 41.678688 	 283.323761 	 292.569733 	 3.053101 	 98477.859375 	 525.533447 
167 	 41.678688 	 283.323761 	 294.756195 	 2.472779 	 98617.273438 	 685.360535 
168 	 41.678688 	 283.323761 	 297.176056 	 2.420130 	 98367.421875 	 693.974426 
169 	 41.678688 	 283.323761 	 298.904999 	 3.511053 	 97885.132812 	 633.970642 
170 	 41.678688 	 283.323761 	 288.314667 	 4.928353 	 97963.523438 	 662.878662 
171 	 41.678688 	 283.323761 	 286.083221 	 3.418467 	 98600.773438 	 649.605774 
172 	 41.678688 	 283.323761 	 288.664673 	 1.302692 	 98918.476562 	 664.399536 
173 	 41.678688 	 283.323761 	 292.960693 	 1.792228 	 98869.820312 	 676.844360 
174 	 41.678688 	 283.323761 	 296.989655 	 3.602859 	 98346.429688 	 542.682678 
175 	 41.678688 	 283.323761 	 297.648468 	 2.866139 	 98188.937500 	 676.374084 
176 	 41.678688 	 283.323761 	 295.487762 	 1.698810 	 98571.593750 	 652.909729 
177 	 41.678688 	 283.323761 	 296.922363 	 2.713874 	 98244.570312 	 679.524780 
178 	 41.678688 	 283.323761 	 295.731384 	 2.438095 	 98132.882812 	 706.805664 
179 	 41.678688 	 283.323761 	 293.480560 	 1.420066 	 98354.437500 	 683.989990 
180 	 41.678688 	 283.323761 	 297.349762 	 2.513860 	 97978.117188 	 636.489197 
181 	 41.678688 	 283.323761 	 296.604919 	 2.839904 	 97442.867188 	 664.331665 
182 	 41.678688 	 283.323761 	 292.359192 	 2.310594 	 98127.953125 	 687.013367 
183 	 41.678688 	 283.323761 	 291.804230 	 1.817190 	 98749.218750 	 661.655640 
184 	 41.678688 	 283.323761 	 296.064911 	 4.675104 	 97938.437500 	 535.058838 
185 	 41.678688 	 283.323761 	 290.737030 	 4.894237 	 97293.906250 	 676.642334 
186 	 41.678688 	 283.323761 	 291.087921 	 1.025430 	 98406.679688 	 681.997375 
187 	 41.678688 	 283.323761 	 294.872925 	 1.920253 	 98482.601562 	 667.556885 
188 	 41.678688 	 283.323761 	 298.304565 	 2.366990 	 98360.156250 	 703.557739 
189 	 41.678688 	 283.323761 	 297.933289 	 2.099268 	 98231.226562 	 593.314575 
190 	 41.678688 	 283.323761 	 300.396667 	 2.914158 	 98247.468750 	 720.094543 
191 	 41.678688 	 283.323761 	 299.273132 	 3.503507 	 98198.312500 	 602.421265 
192 	 41.678688 	 283.323761 	 300.098999 	 3.730032 	 98247.703125 	 708.677185 
193 	 41.678688 	 283.323761 	 301.774200 	 2.459171 	 98091.187500 	 728.773804 
194 	 41.678688 	 283.323761 	 299.904083 	 1.442927 	 98391.046875 	 713.013428 
195 	 41.678688 	 283.323761 	 302.321899 	 3.847714 	 97921.453125 	 601.085938 
196 	 41.678688 	 283.323761 	 293.607422 	 4.270159 	 98102.046875 	 681.123108 
197 	 41.678688 	 283.323761 	 292.236267 	 1.559729 	 98702.406250 	 672.011597 
198 	 41.678688 	 283.323761 	 293.812439 	 2.068201 	 98281.039062 	 669.421753 
199 	 41.678688 	 283.323761 	 291.084930 	 2.770241 	 97939.492188 	 613.931641 
200 	 41.678688 	 283.323761 	 289.123291 	 2.354763 	 98508.812500 	 632.931763 
201 	 41.678688 	 283.323761 	 291.177765 	 1.457293 	 98804.132812 	 671.107361 
202 	 41.678688 	 283.323761 	 294.049377 	 0.807230 	 99035.226562 	 668.192505 
203 	 41.678688 	 283.323761 	 296.761505 	 2.686919 	 98763.882812 	 699.427856 
204 	 41.678688 	 283.323761 	 296.544159 	 3.428141 	 98246.156250 	 526.749939 
205 	 41.678688 	 283.323761 	 299.381714 	 3.412597 	 97906.601562 	 712.747314 
206 	 41.678688 	 283.323761 	 294.762939 	 2.370752 	 98140.023438 	 665.862549 
207 	 41.678688 	 283.323761 	 294.538574 	 1.354052 	 98832.703125 	 665.372437 
208 	 41.678688 	 283.323761 	 296.505554 	 2.345963 	 98424.757812 	 634.139526 
209 	 41.678688 	 283.323761 	 295.364838 	 0.988995 	 98537.570312 	 483.401520 
210 	 41.678688 	 283.323761 	 295.582581 	 1.212921 	 98549.562500 	 645.299500 
211 	 41.678688 	 283.323761 	 297.890015 	 2.587333 	 98379.890625 	 557.668579 
212 	 41.678688 	 283.323761 	 298.306305 	 3.876998 	 97967.351562 	 525.159729 
213 	 41.678688 	 283.323761 	 298.134064 	 3.893800 	 97693.976562 	 699.220581 
214 	 41.678688 	 283.323761 	 296.123718 	 2.121815 	 98462.210938 	 628.572510 
215 	 41.678688 	 283.323761 	 298.389130 	 3.375557 	 98515.328125 	 611.804321 
216 	 41.678688 	 283.323761 	 295.026520 	 1.959239 	 98818.468750 	 656.395935 
217 	 41.678688 	 283.323761 	 293.489838 	 1.343857 	 99124.953125 	 524.207764 
218 	 41.678688 	 283.323761 	 293.560059 	 1.767473 	 99005.843750 	 526.371704 
219 	 41.678688 	 283.323761 	 296.980469 	 1.163314 	 98845.789062 	 603.699463 
220 	 41.678688 	 283.323761 	 298.201233 	 1.793800 	 98939.156250 	 637.328064 
221 	 41.678688 	 283.323761 	 297.101288 	 2.458159 	 98892.539062 	 636.805298 
222 	 41.678688 	 283.323761 	 299.823700 	 3.643304 	 98458.546875 	 709.148438 
223 	 41.678688 	 283.323761 	 297.848755 	 3.968218 	 98190.640625 	 690.013733 
224 	 41.678688 	 283.323761 	 289.502106 	 1.991683 	 98979.117188 	 628.615601 
225 	 41.678688 	 283.323761 	 289.553040 	 2.122203 	 99339.468750 	 598.607910 
226 	 41.678688 	 283.323761 	 296.015259 	 5.896729 	 98955.367188 	 657.025513 
227 	 41.678688 	 283.323761 	 299.230957 	 2.519797 	 99037.070312 	 699.210571 
228 	 41.678688 	 283.323761 	 297.175323 	 2.400475 	 99097.031250 	 650.084900 
229 	 41.678688 	 283.323761 	 299.609528 	 2.963261 	 98702.843750 	 651.558716 
230 	 41.678688 	 283.323761 	 296.512634 	 2.858530 	 98234.640625 	 456.903076 
231 	 41.678688 	 283.323761 	 291.467590 	 2.467508 	 98323.539062 	 614.358765 
232 	 41.678688 	 283.323761 	 292.142151 	 0.750681 	 98847.718750 	 629.815186 
233 	 41.678688 	 283.323761 	 294.131378 	 1.696594 	 99202.156250 	 658.086304 
234 	 41.678688 	 283.323761 	 295.303650 	 2.801198 	 98974.539062 	 642.421265 
235 	 41.678688 	 283.323761 	 296.364471 	 5.553588 	 98189.140625 	 511.049561 
236 	 41.678688 	 283.323761 	 291.012177 	 4.049694 	 98163.507812 	 571.899597 
237 	 41.678688 	 283.323761 	 287.214050 	 1.746471 	 99400.046875 	 592.699951 
238 	 41.678688 	 283.323761 	 289.609833 	 1.870885 	 99535.187500 	 611.321533 
239 	 41.678688 	 283.323761 	 293.505432 	 4.284624 	 99225.093750 	 620.204834 
240 	 41.678688 	 283.323761 	 295.743866 	 4.652151 	 98605.203125 	 544.992432 
241 	 41.678688 	 283.323761 	 295.087616 	 2.393045 	 97862.773438 	 638.184387 
242 	 41.678688 	 283.323761 	 292.451233 	 1.099196 	 98509.726562 	 606.538818 
243 	 41.678688 	 283.323761 	 294.420044 	 2.142506 	 98685.328125 	 614.946289 
244 	 41.678688 	 283.323761 	 295.430084 	 2.116107 	 98621.921875 	 620.893005 
245 	 41.678688 	 283.323761 	 292.656677 	 2.304364 	 98334.492188 	 565.541992 
246 	 41.678688 	 283.323761 	 288.879944 	 2.827564 	 98675.648438 	 592.250977 
247 	 41.678688 	 283.323761 	 284.347137 	 2.681094 	 99469.773438 	 546.463074 
248 	 41.678688 	 283.323761 	 283.853668 	 1.028267 	 100078.296875 	 556.124634 
249 	 41.678688 	 283.323761 	 290.089722 	 2.935172 	 99892.992188 	 583.999512 
250 	 41.678688 	 283.323761 	 297.118561 	 1.864153 	 99582.210938 	 617.212769 
251 	 41.678688 	 283.323761 	 301.161865 	 2.264644 	 99285.070312 	 630.663025 
252 	 41.678688 	 283.323761 	 300.569702 	 2.283013 	 98825.289062 	 613.025635 
253 	 41.678688 	 283.323761 	 298.479004 	 1.440920 	 98661.796875 	 590.182922 
254 	 41.678688 	 283.323761 	 296.679810 	 1.235893 	 98688.757812 	 599.642029 
255 	 41.678688 	 283.323761 	 298.394928 	 2.701801 	 98593.546875 	 588.094727 
256 	 41.678688 	 283.323761 	 296.954773 	 1.667640 	 98601.546875 	 550.993347 
257 	 41.678688 	 283.323761 	 290.602386 	 2.310308 	 98407.460938 	 572.713379 
258 	 41.678688 	 283.323761 	 286.483734 	 1.554206 	 98902.960938 	 544.180786 
259 	 41.678688 	 283.323761 	 291.372070 	 3.335886 	 98350.156250 	 551.325195 
260 	 41.678688 	 283.323761 	 286.779816 	 2.315161 	 99290.421875 	 536.502197 
261 	 41.678688 	 283.323761 	 287.259186 	 1.178057 	 99961.429688 	 546.529297 
262 	 41.678688 	 283.323761 	 290.906036 	 3.476362 	 99626.140625 	 528.487305 
263 	 41.678688 	 283.323761 	 294.772064 	 2.996373 	 98743.507812 	 537.982544 
264 	 41.678688 	 283.323761 	 289.076874 	 0.921786 	 98720.179688 	 529.456177 
265 	 41.678688 	 283.323761 	 289.292267 	 2.979625 	 98145.757812 	 554.606934 
266 	 41.678688 	 283.323761 	 282.946442 	 2.718496 	 98710.703125 	 503.564209 
267 	 41.678688 	 283.323761 	 280.670166 	 1.682160 	 99693.882812 	 500.049194 
268 	 41.678688 	 283.323761 	 283.397064 	 1.364954 	 99537.882812 	 509.154266 
269 	 41.678688 	 283.323761 	 290.027893 	 3.731662 	 98713.773438 	 498.826233 
270 	 41.678688 	 283.323761 	 291.021088 	 2.063488 	 98139.968750 	 514.072815 
271 	 41.678688 	 283.323761 	 283.103821 	 3.400382 	 98515.687500 	 474.567657 
272 	 41.678688 	 283.323761 	 278.898651 	 1.436262 	 99734.593750 	 483.332886 
273 	 41.678688 	 283.323761 	 284.150574 	 2.713940 	 99690.679688 	 495.794861 
274 	 41.678688 	 283.323761 	 289.313110 	 3.415049 	 99470.953125 	 517.721985 
275 	 41.678688 	 283.323761 	 290.553314 	 3.572770 	 98974.898438 	 484.561981 
276 	 41.678688 	 283.323761 	 282.462341 	 2.945266 	 99700.710938 	 488.303497 
277 	 41.678688 	 283.323761 	 280.628113 	 1.663198 	 100067.898438 	 442.999695 
278 	 41.678688 	 283.323761 	 286.523621 	 3.422243 	 99525.656250 	 500.659363 
279 	 41.678688 	 283.323761 	 290.704132 	 3.989406 	 98624.796875 	 486.069672 
280 	 41.678688 	 283.323761 	 287.142242 	 1.301423 	 99148.406250 	 492.419434 
281 	 41.678688 	 283.323761 	 291.945740 	 3.499069 	 98703.421875 	 496.715271 
282 	 41.678688 	 283.323761 	 292.296814 	 3.334899 	 97886.789062 	 498.959656 
283 	 41.678688 	 283.323761 	 290.825134 	 2.633367 	 97845.906250 	 477.718750 
284 	 41.678688 	 283.323761 	 288.051361 	 1.273081 	 98288.406250 	 478.441528 
285 	 41.678688 	 283.323761 	 282.311920 	 3.892055 	 97818.382812 	 486.508057 
286 	 41.678688 	 283.323761 	 277.401764 	 2.127383 	 99569.750000 	 439.897644 
287 	 41.678688 	 283.323761 	 284.110077 	 5.043517 	 100057.000000 	 397.680176 
288 	 41.678688 	 283.323761 	 290.070343 	 5.525739 	 99603.109375 	 426.282593 
289 	 41.678688 	 283.323761 	 282.964722 	 4.119125 	 99715.632812 	 472.654877 
290 	 41.678688 	 283.323761 	 278.744324 	 2.327824 	 100545.601562 	 350.713074 
291 	 41.678688 	 283.323761 	 285.245117 	 2.284475 	 99306.273438 	 437.974365 
292 	 41.678688 	 283.323761 	 281.338470 	 1.702500 	 99329.578125 	 456.018982 
293 	 41.678688 	 283.323761 	 278.440521 	 2.668626 	 99078.921875 	 411.041504 
294 	 41.678688 	 283.323761 	 275.571594 	 2.306426 	 99713.281250 	 439.335632 
295 	 41.678688 	 283.323761 	 278.307343 	 3.191789 	 99220.523438 	 428.906097 
296 	 41.678688 	 283.323761 	 284.550201 	 3.019204 	 98789.093750 	 458.642303 
297 	 41.678688 	 283.323761 	 289.224670 	 3.632448 	 98385.000000 	 462.912506 
298 	 41.678688 	 283.323761 	 286.289978 	 1.833001 	 99300.179688 	 448.901978 
299 	 41.678688 	 283.323761 	 290.212982 	 4.230491 	 98881.906250 	 441.906738 
300 	 41.678688 	 283.323761 	 291.691071 	 4.624804 	 97817.632812 	 479.243774 
301 	 41.678688 	 283.323761 	 283.864838 	 1.680300 	 98757.343750 	 416.757599 
302 	 41.678688 	 283.323761 	 283.670563 	 1.624839 	 98881.000000 	 398.584473 
303 	 41.678688 	 283.323761 	 278.156311 	 2.623920 	 99027.273438 	 399.069763 
304 	 41.678688 	 283.323761 	 276.042114 	 1.228930 	 99409.398438 	 406.092529 
305 	 41.678688 	 283.323761 	 277.023651 	 2.179307 	 99216.359375 	 385.392639 
306 	 41.678688 	 283.323761 	 278.074585 	 0.885027 	 99271.257812 	 409.944885 
307 	 41.678688 	 283.323761 	 282.319641 	 1.978625 	 99546.757812 	 406.032715 
308 	 41.678688 	 283.323761 	 284.439026 	 2.832326 	 99596.890625 	 406.150818 
309 	 41.678688 	 283.323761 	 287.756653 	 2.168228 	 99418.257812 	 435.997559 
310 	 41.678688 	 283.323761 	 287.895416 	 2.103702 	 99091.421875 	 416.085846 
311 	 41.678688 	 283.323761 	 285.764435 	 3.732525 	 99559.031250 	 388.087891 
312 	 41.678688 	 283.323761 	 287.773376 	 2.938055 	 98910.007812 	 396.289734 
313 	 41.678688 	 283.323761 	 282.080292 	 2.923450 	 98333.578125 	 389.991058 
314 	 41.678688 	 283.323761 	 279.127167 	 1.252761 	 98871.656250 	 383.691956 
315 	 41.678688 	 283.323761 	 285.228882 	 3.041098 	 99245.523438 	 396.192078 
316 	 41.678688 	 283.323761 	 290.485687 	 5.374684 	 99193.882812 	 417.526123 
317 	 41.678688 	 283.323761 	 288.726990 	 5.175950 	 97950.046875 	 443.002502 
318 	 41.678688 	 283.323761 	 283.673065 	 3.804705 	 97838.187500 	 407.112915 
319 	 41.678688 	 283.323761 	 280.146851 	 2.150098 	 98804.671875 	 390.317139 
320 	 41.678688 	 283.323761 	 280.355957 	 3.644186 	 99247.250000 	 373.786621 
321 	 41.678688 	 283.323761 	 283.992279 	 3.583300 	 99462.398438 	 414.985504 
322 	 41.678688 	 283.323761 	 284.239929 	 2.694224 	 99609.343750 	 401.253784 
323 	 41.678688 	 283.323761 	 285.841003 	 3.068659 	 99343.570312 	 413.967834 
324 	 41.678688 	 283.323761 	 288.039551 	 3.626512 	 98962.601562 	 417.207733 
325 	 41.678688 	 283.323761 	 290.193481 	 5.419148 	 97796.570312 	 441.086823 
326 	 41.678688 	 283.323761 	 278.378815 	 3.626567 	 97289.046875 	 392.587982 
327 	 41.678688 	 283.323761 	 276.593903 	 3.277085 	 97618.132812 	 377.933868 
328 	 41.678688 	 283.323761 	 278.331116 	 1.848780 	 98418.046875 	 370.301605 
329 	 41.678688 	 283.323761 	 277.819641 	 1.753746 	 99653.539062 	 374.734863 
330 	 41.678688 	 283.323761 	 280.916748 	 2.764286 	 99683.742188 	 394.562592 
331 	 41.678688 	 283.323761 	 279.962341 	 1.554922 	 100044.601562 	 359.628265 
332 	 41.678688 	 283.323761 	 278.655518 	 1.356259 	 100520.203125 	 392.411835 
333 	 41.678688 	 283.323761 	 278.618164 	 1.855956 	 100018.703125 	 351.819550 
334 	 41.678688 	 283.323761 	 279.832916 	 1.690204 	 99735.789062 	 380.296143 
335 	 41.678688 	 283.323761 	 279.007721 	 1.425205 	 99364.140625 	 375.547852 
336 	 41.678688 	 283.323761 	 278.705475 	 1.780976 	 98761.039062 	 384.456268 
337 	 41.678688 	 283.323761 	 278.252502 	 2.465263 	 98938.117188 	 379.131805 
338 	 41.678688 	 283.323761 	 276.584747 	 1.441771 	 99236.859375 	 378.087036 
339 	 41.678688 	 283.323761 	 281.727631 	 2.782969 	 98901.953125 	 355.840759 
340 	 41.678688 	 283.323761 	 286.144379 	 3.553128 	 97370.609375 	 395.744781 
341 	 41.678688 	 283.323761 	 281.534485 	 3.810084 	 96205.898438 	 392.876831 
342 	 41.678688 	 283.323761 	 275.986389 	 2.995487 	 96464.156250 	 346.063538 
343 	 41.678688 	 283.323761 	 274.348206 	 3.202908 	 97834.531250 	 343.917816 
344 	 41.678688 	 283.323761 	 270.427582 	 1.824416 	 97954.031250 	 289.456787 
345 	 41.678688 	 283.323761 	 270.992096 	 3.589971 	 97472.109375 	 340.123535 
346 	 41.678688 	 283.323761 	 270.693329 	 2.542761 	 98578.671875 	 307.805176 
347 	 41.678688 	 283.323761 	 272.828796 	 2.480712 	 99015.703125 	 353.631073 
348 	 41.678688 	 283.323761 	 273.546967 	 2.667250 	 98979.203125 	 322.079559 
349 	 41.678688 	 283.323761 	 276.188507 	 3.750546 	 98436.156250 	 335.816345 
350 	 41.678688 	 283.323761 	 274.252014 	 2.672515 	 98715.226562 	 321.424744 
351 	 41.678688 	 283.323761 	 268.654144 	 2.081618 	 99182.523438 	 302.945007 
352 	 41.678688 	 283.323761 	 269.334747 	 1.331800 	 98782.101562 	 294.903931 
353 	 41.678688 	 283.323761 	 270.772736 	 1.623465 	 98008.039062 	 303.175323 
354 	 41.678688 	 283.323761 	 271.832489 	 0.950233 	 97640.171875 	 359.989563 
355 	 41.678688 	 283.323761 	 271.499512 	 0.719739 	 97571.390625 	 321.013611 
356 	 41.678688 	 283.323761 	 271.963837 	 2.735355 	 97574.992188 	 334.904480 
357 	 41.678688 	 283.323761 	 269.815613 	 2.609832 	 98348.773438 	 340.243866 
358 	 41.678688 	 283.323761 	 269.108856 	 2.551408 	 98290.468750 	 296.290131 
359 	 41.678688 	 283.323761 	 272.613983 	 2.539353 	 97224.273438 	 367.235352 
360 	 41.678688 	 283.323761 	 271.428558 	 3.852917 	 97788.046875 	 315.577209 
361 	 41.678688 	 283.323761 	 269.732727 	 2.464479 	 98909.937500 	 306.066803 
362 	 41.678688 	 283.323761 	 269.142792 	 1.850997 	 98402.906250 	 308.669647 
363 	 41.678688 	 283.323761 	 268.217438 	 2.983746 	 97821.031250 	 304.906891 
364 	 41.678688 	 283.323761 	 266.889557 	 2.510397 	 98237.593750 	 301.127411 
