# 0: Day of Year [-] 	 1: lat [deg] 	 2: lon [deg] 	 3: tas [K] 	 4: sfcWind [m s-1] 	 5: ps [Pa] 	 6: Total Downwelling Rad Flux [W m-2] 
0 	 41.678688 	 283.323761 	 278.589783 	 2.262042 	 98483.351562 	 371.663483 
1 	 41.678688 	 283.323761 	 272.702179 	 1.532453 	 99630.046875 	 334.145996 
2 	 41.678688 	 283.323761 	 273.899261 	 2.396944 	 100295.101562 	 334.677368 
3 	 41.678688 	 283.323761 	 280.709290 	 4.528780 	 99097.382812 	 363.777466 
4 	 41.678688 	 283.323761 	 280.425537 	 2.824169 	 97062.070312 	 358.185242 
5 	 41.678688 	 283.323761 	 277.122223 	 4.282112 	 97587.867188 	 346.954834 
6 	 41.678688 	 283.323761 	 272.226837 	 3.559772 	 98966.140625 	 349.674896 
7 	 41.678688 	 283.323761 	 271.468079 	 1.260338 	 100093.500000 	 332.845764 
8 	 41.678688 	 283.323761 	 274.739960 	 3.964485 	 100091.898438 	 339.000519 
9 	 41.678688 	 283.323761 	 283.934021 	 6.436572 	 99057.343750 	 376.951660 
10 	 41.678688 	 283.323761 	 280.527893 	 2.557626 	 98247.718750 	 378.630829 
11 	 41.678688 	 283.323761 	 271.014587 	 2.590500 	 98134.593750 	 320.056000 
12 	 41.678688 	 283.323761 	 270.920959 	 3.338234 	 96851.101562 	 374.705688 
13 	 41.678688 	 283.323761 	 269.708099 	 3.549179 	 97047.593750 	 331.751465 
14 	 41.678688 	 283.323761 	 271.940430 	 3.645636 	 98497.156250 	 337.069336 
15 	 41.678688 	 283.323761 	 274.789886 	 1.559746 	 99289.718750 	 348.892853 
16 	 41.678688 	 283.323761 	 275.704041 	 1.851528 	 99855.750000 	 382.120087 
17 	 41.678688 	 283.323761 	 281.292603 	 5.036917 	 99597.562500 	 381.817261 
18 	 41.678688 	 283.323761 	 287.104889 	 7.186945 	 98171.523438 	 412.118073 
19 	 41.678688 	 283.323761 	 275.649353 	 4.715471 	 98289.867188 	 377.071075 
20 	 41.678688 	 283.323761 	 271.674438 	 1.631533 	 100366.398438 	 337.939453 
21 	 41.678688 	 283.323761 	 274.571381 	 2.816306 	 100335.601562 	 320.988770 
22 	 41.678688 	 283.323761 	 285.722015 	 4.861665 	 98433.390625 	 393.487640 
23 	 41.678688 	 283.323761 	 277.018677 	 4.183165 	 97047.093750 	 350.075134 
24 	 41.678688 	 283.323761 	 274.494293 	 3.334218 	 97317.070312 	 320.632446 
25 	 41.678688 	 283.323761 	 275.825348 	 2.728607 	 97583.140625 	 374.000305 
26 	 41.678688 	 283.323761 	 277.449127 	 1.895135 	 98655.773438 	 406.937347 
27 	 41.678688 	 283.323761 	 280.357422 	 4.446061 	 98939.273438 	 398.369385 
28 	 41.678688 	 283.323761 	 283.933014 	 2.410651 	 97854.250000 	 409.514771 
29 	 41.678688 	 283.323761 	 279.715302 	 2.171203 	 98653.796875 	 410.556488 
30 	 41.678688 	 283.323761 	 281.118225 	 2.192222 	 99420.546875 	 370.133362 
31 	 41.678688 	 283.323761 	 277.868652 	 2.578735 	 99536.796875 	 347.134827 
32 	 41.678688 	 283.323761 	 277.351532 	 3.919411 	 99638.906250 	 360.926056 
33 	 41.678688 	 283.323761 	 281.840790 	 3.588067 	 98219.851562 	 377.387512 
34 	 41.678688 	 283.323761 	 274.400879 	 4.514943 	 97051.960938 	 387.917328 
35 	 41.678688 	 283.323761 	 269.373230 	 3.623560 	 97449.703125 	 275.604279 
36 	 41.678688 	 283.323761 	 266.417725 	 3.239068 	 97912.726562 	 280.757874 
37 	 41.678688 	 283.323761 	 268.482239 	 4.388058 	 97550.117188 	 361.138062 
38 	 41.678688 	 283.323761 	 262.817780 	 4.537730 	 98678.531250 	 331.460907 
39 	 41.678688 	 283.323761 	 266.098633 	 3.053815 	 99448.531250 	 349.133423 
40 	 41.678688 	 283.323761 	 272.539673 	 2.983325 	 99151.218750 	 370.946838 
41 	 41.678688 	 283.323761 	 273.070435 	 2.178822 	 98263.820312 	 349.612579 
42 	 41.678688 	 283.323761 	 266.300140 	 4.410971 	 98775.546875 	 355.845032 
43 	 41.678688 	 283.323761 	 270.806061 	 3.904701 	 99265.046875 	 314.757538 
44 	 41.678688 	 283.323761 	 278.726990 	 4.943885 	 98730.359375 	 361.639771 
45 	 41.678688 	 283.323761 	 285.275757 	 5.816750 	 97357.750000 	 387.261047 
46 	 41.678688 	 283.323761 	 271.372467 	 4.631596 	 95283.351562 	 377.628540 
47 	 41.678688 	 283.323761 	 270.146332 	 5.148349 	 96764.671875 	 376.897186 
48 	 41.678688 	 283.323761 	 272.031860 	 4.855079 	 98249.593750 	 384.804291 
49 	 41.678688 	 283.323761 	 269.890198 	 2.641873 	 99646.523438 	 385.513306 
50 	 41.678688 	 283.323761 	 270.944183 	 2.701554 	 99895.007812 	 344.636292 
51 	 41.678688 	 283.323761 	 282.437988 	 4.490017 	 97568.773438 	 388.345856 
52 	 41.678688 	 283.323761 	 276.762329 	 4.720975 	 95793.031250 	 431.591858 
53 	 41.678688 	 283.323761 	 272.239990 	 3.223088 	 97309.921875 	 400.366455 
54 	 41.678688 	 283.323761 	 278.086243 	 3.394646 	 98242.421875 	 407.106262 
55 	 41.678688 	 283.323761 	 281.503784 	 5.166411 	 98371.117188 	 365.050018 
56 	 41.678688 	 283.323761 	 284.109924 	 2.957550 	 97061.117188 	 464.643860 
57 	 41.678688 	 283.323761 	 274.049377 	 2.914002 	 98418.429688 	 463.343719 
58 	 41.678688 	 283.323761 	 274.845367 	 1.619448 	 99967.132812 	 429.934998 
59 	 41.678688 	 283.323761 	 277.727417 	 4.109612 	 100047.398438 	 412.755554 
60 	 41.678688 	 283.323761 	 281.934753 	 2.668365 	 99512.906250 	 478.153046 
61 	 41.678688 	 283.323761 	 282.530121 	 2.975788 	 99260.781250 	 374.520203 
62 	 41.678688 	 283.323761 	 288.852295 	 5.784695 	 98140.781250 	 402.652100 
63 	 41.678688 	 283.323761 	 287.586487 	 4.794911 	 97201.578125 	 475.339233 
64 	 41.678688 	 283.323761 	 278.375885 	 3.636731 	 98515.781250 	 463.697021 
65 	 41.678688 	 283.323761 	 277.884277 	 2.781318 	 99712.890625 	 381.076324 
66 	 41.678688 	 283.323761 	 283.785767 	 3.684871 	 99519.859375 	 480.376770 
67 	 41.678688 	 283.323761 	 285.699127 	 4.724443 	 99565.976562 	 452.369690 
68 	 41.678688 	 283.323761 	 288.964508 	 6.216904 	 98626.906250 	 438.823914 
69 	 41.678688 	 283.323761 	 287.052887 	 2.785442 	 98207.546875 	 446.743103 
70 	 41.678688 	 283.323761 	 284.738617 	 3.962640 	 97274.218750 	 391.321594 
71 	 41.678688 	 283.323761 	 275.930695 	 5.501584 	 97216.976562 	 406.542847 
72 	 41.678688 	 283.323761 	 275.215546 	 3.896274 	 98316.570312 	 455.692993 
73 	 41.678688 	 283.323761 	 277.927673 	 2.234312 	 99053.546875 	 424.934937 
74 	 41.678688 	 283.323761 	 277.104889 	 2.011810 	 98118.351562 	 347.904572 
75 	 41.678688 	 283.323761 	 275.825195 	 4.333147 	 98215.531250 	 468.286957 
76 	 41.678688 	 283.323761 	 275.320618 	 2.925982 	 99261.640625 	 424.551941 
77 	 41.678688 	 283.323761 	 284.169128 	 3.866316 	 98684.781250 	 502.085480 
78 	 41.678688 	 283.323761 	 285.667480 	 3.197443 	 99309.046875 	 477.143677 
79 	 41.678688 	 283.323761 	 289.373688 	 5.667432 	 99064.429688 	 437.152985 
80 	 41.678688 	 283.323761 	 282.692719 	 2.598991 	 99326.476562 	 457.406677 
81 	 41.678688 	 283.323761 	 276.874756 	 2.896409 	 99647.851562 	 438.685669 
82 	 41.678688 	 283.323761 	 275.555634 	 2.442666 	 99942.781250 	 483.111877 
83 	 41.678688 	 283.323761 	 282.074921 	 3.064992 	 99154.390625 	 504.266968 
84 	 41.678688 	 283.323761 	 283.546967 	 2.143569 	 98897.953125 	 542.082092 
85 	 41.678688 	 283.323761 	 284.404877 	 2.558001 	 99211.906250 	 533.357910 
86 	 41.678688 	 283.323761 	 292.038605 	 2.976046 	 98761.109375 	 578.328979 
87 	 41.678688 	 283.323761 	 292.104340 	 2.827047 	 98803.632812 	 576.454956 
88 	 41.678688 	 283.323761 	 291.171875 	 2.982862 	 98137.203125 	 468.890533 
89 	 41.678688 	 283.323761 	 285.210480 	 2.941596 	 97905.046875 	 441.006866 
90 	 41.678688 	 283.323761 	 279.697845 	 2.686063 	 98830.679688 	 524.503906 
91 	 41.678688 	 283.323761 	 280.886993 	 1.535253 	 99906.617188 	 531.639893 
92 	 41.678688 	 283.323761 	 285.172272 	 4.063108 	 99699.453125 	 523.882690 
93 	 41.678688 	 283.323761 	 282.476349 	 2.727519 	 99320.453125 	 566.135010 
94 	 41.678688 	 283.323761 	 283.151154 	 2.783838 	 98986.539062 	 438.507446 
95 	 41.678688 	 283.323761 	 282.120544 	 3.090878 	 98905.046875 	 544.503784 
96 	 41.678688 	 283.323761 	 280.904327 	 2.228356 	 99303.851562 	 543.884521 
97 	 41.678688 	 283.323761 	 289.094818 	 4.452942 	 98108.773438 	 487.489197 
98 	 41.678688 	 283.323761 	 292.333313 	 2.739559 	 98402.023438 	 612.600830 
99 	 41.678688 	 283.323761 	 294.706696 	 2.473635 	 98647.343750 	 595.347412 
100 	 41.678688 	 283.323761 	 292.695343 	 3.178066 	 99414.726562 	 614.952759 
101 	 41.678688 	 283.323761 	 292.576935 	 5.085681 	 99157.773438 	 559.171204 
102 	 41.678688 	 283.323761 	 292.500610 	 5.175251 	 98636.742188 	 577.394348 
103 	 41.678688 	 283.323761 	 292.385681 	 5.795304 	 97784.070312 	 459.358765 
104 	 41.678688 	 283.323761 	 284.589081 	 3.479328 	 97505.773438 	 473.494995 
105 	 41.678688 	 283.323761 	 278.236816 	 5.614515 	 98713.046875 	 483.261505 
106 	 41.678688 	 283.323761 	 279.347412 	 3.497802 	 99603.242188 	 549.604675 
107 	 41.678688 	 283.323761 	 280.183685 	 2.814247 	 99417.937500 	 558.306458 
108 	 41.678688 	 283.323761 	 282.686798 	 3.553382 	 99021.343750 	 382.360504 
109 	 41.678688 	 283.323761 	 285.306244 	 3.195306 	 98965.203125 	 590.582214 
110 	 41.678688 	 283.323761 	 286.741119 	 2.406732 	 98886.203125 	 606.905640 
111 	 41.678688 	 283.323761 	 288.897095 	 2.856464 	 98789.468750 	 622.288208 
112 	 41.678688 	 283.323761 	 288.959900 	 2.324287 	 98702.703125 	 620.724854 
113 	 41.678688 	 283.323761 	 287.994080 	 1.271713 	 98751.132812 	 615.471924 
114 	 41.678688 	 283.323761 	 289.750092 	 2.950716 	 99067.703125 	 550.989990 
115 	 41.678688 	 283.323761 	 290.493713 	 3.103400 	 98500.773438 	 467.430756 
116 	 41.678688 	 283.323761 	 292.566559 	 1.647978 	 98333.328125 	 610.023560 
117 	 41.678688 	 283.323761 	 292.034180 	 1.489928 	 98161.117188 	 528.662170 
118 	 41.678688 	 283.323761 	 290.858856 	 2.884859 	 98025.953125 	 642.956909 
119 	 41.678688 	 283.323761 	 284.948425 	 4.223541 	 98470.570312 	 607.686646 
120 	 41.678688 	 283.323761 	 283.957428 	 3.129352 	 98478.679688 	 583.775269 
121 	 41.678688 	 283.323761 	 287.568756 	 1.398400 	 98313.117188 	 617.327515 
122 	 41.678688 	 283.323761 	 290.924042 	 3.020693 	 97626.703125 	 554.170349 
123 	 41.678688 	 283.323761 	 287.642181 	 5.701221 	 96766.460938 	 574.127563 
124 	 41.678688 	 283.323761 	 288.807953 	 2.985245 	 98000.117188 	 620.528809 
125 	 41.678688 	 283.323761 	 290.464050 	 3.170172 	 97758.531250 	 643.968262 
126 	 41.678688 	 283.323761 	 283.959351 	 2.534845 	 98703.031250 	 532.625366 
127 	 41.678688 	 283.323761 	 284.800812 	 2.580468 	 99199.609375 	 630.053101 
128 	 41.678688 	 283.323761 	 289.358673 	 3.156062 	 98675.367188 	 520.299744 
129 	 41.678688 	 283.323761 	 289.674194 	 1.615631 	 98361.031250 	 652.328979 
130 	 41.678688 	 283.323761 	 285.793121 	 3.052407 	 98526.007812 	 482.515564 
131 	 41.678688 	 283.323761 	 284.443146 	 2.002191 	 99647.976562 	 616.966675 
132 	 41.678688 	 283.323761 	 287.308075 	 3.460402 	 99741.796875 	 628.138550 
133 	 41.678688 	 283.323761 	 293.352997 	 3.304212 	 99055.640625 	 613.810242 
134 	 41.678688 	 283.323761 	 294.567963 	 3.450371 	 98365.328125 	 532.112854 
135 	 41.678688 	 283.323761 	 291.398071 	 2.963511 	 98446.062500 	 623.213745 
136 	 41.678688 	 283.323761 	 288.581512 	 1.527231 	 99068.843750 	 587.412170 
137 	 41.678688 	 283.323761 	 289.412048 	 1.770313 	 99106.507812 	 608.337341 
138 	 41.678688 	 283.323761 	 290.761322 	 1.189851 	 99103.812500 	 632.714966 
139 	 41.678688 	 283.323761 	 294.350739 	 2.796944 	 98742.250000 	 680.389404 
140 	 41.678688 	 283.323761 	 296.979797 	 4.195228 	 97913.601562 	 690.197815 
141 	 41.678688 	 283.323761 	 292.193329 	 3.905487 	 97984.023438 	 667.885010 
142 	 41.678688 	 283.323761 	 288.984131 	 1.275079 	 98744.640625 	 590.211243 
143 	 41.678688 	 283.323761 	 293.402893 	 1.148328 	 98670.570312 	 664.720825 
144 	 41.678688 	 283.323761 	 296.532471 	 3.328232 	 98477.617188 	 663.233398 
145 	 41.678688 	 283.323761 	 293.125763 	 1.238022 	 98421.796875 	 608.483521 
146 	 41.678688 	 283.323761 	 289.517609 	 2.581703 	 98579.906250 	 580.299927 
147 	 41.678688 	 283.323761 	 289.828430 	 2.901822 	 99102.023438 	 654.529907 
148 	 41.678688 	 283.323761 	 292.369843 	 3.042007 	 99332.187500 	 661.447021 
149 	 41.678688 	 283.323761 	 293.038971 	 1.160431 	 99152.218750 	 681.641357 
150 	 41.678688 	 283.323761 	 294.729309 	 0.870542 	 98492.039062 	 688.934326 
151 	 41.678688 	 283.323761 	 293.623322 	 3.793986 	 98284.078125 	 699.230225 
152 	 41.678688 	 283.323761 	 288.125519 	 1.738922 	 98729.976562 	 627.145020 
153 	 41.678688 	 283.323761 	 291.443634 	 2.477856 	 98209.742188 	 542.722351 
154 	 41.678688 	 283.323761 	 290.213287 	 2.506427 	 98967.968750 	 675.469116 
155 	 41.678688 	 283.323761 	 295.721527 	 3.815293 	 98840.250000 	 691.221741 
156 	 41.678688 	 283.323761 	 298.779114 	 3.808236 	 98265.140625 	 718.522827 
157 	 41.678688 	 283.323761 	 296.694458 	 3.040605 	 98207.500000 	 570.953247 
158 	 41.678688 	 283.323761 	 295.542297 	 1.632137 	 98680.203125 	 600.637695 
159 	 41.678688 	 283.323761 	 296.486969 	 1.944938 	 99101.828125 	 623.646667 
160 	 41.678688 	 283.323761 	 297.170044 	 2.365844 	 99020.578125 	 597.059143 
161 	 41.678688 	 283.323761 	 296.975555 	 1.506388 	 98942.593750 	 570.351013 
162 	 41.678688 	 283.323761 	 297.086731 	 1.821882 	 98750.453125 	 674.132690 
163 	 41.678688 	 283.323761 	 293.717651 	 3.571782 	 99135.703125 	 702.660156 
164 	 41.678688 	 283.323761 	 291.731476 	 1.964286 	 99423.601562 	 686.243042 
165 	 41.678688 	 283.323761 	 296.409973 	 3.516365 	 98695.156250 	 690.479614 
166 	 41.678688 	 283.323761 	 298.584290 	 1.945859 	 98281.843750 	 721.874268 
167 	 41.678688 	 283.323761 	 300.223358 	 2.879692 	 97741.203125 	 692.269531 
168 	 41.678688 	 283.323761 	 299.544556 	 2.741412 	 97784.929688 	 719.136597 
169 	 41.678688 	 283.323761 	 295.947876 	 1.501574 	 98463.382812 	 681.242676 
170 	 41.678688 	 283.323761 	 297.888641 	 4.665940 	 98287.742188 	 534.582886 
171 	 41.678688 	 283.323761 	 298.693207 	 3.459677 	 98137.179688 	 676.752441 
172 	 41.678688 	 283.323761 	 296.567169 	 1.966942 	 98367.476562 	 690.819214 
173 	 41.678688 	 283.323761 	 296.133911 	 1.642236 	 98578.070312 	 714.641846 
174 	 41.678688 	 283.323761 	 294.881897 	 2.466005 	 99113.000000 	 694.925354 
175 	 41.678688 	 283.323761 	 294.703888 	 1.938381 	 99248.039062 	 696.309448 
176 	 41.678688 	 283.323761 	 295.972046 	 1.630612 	 98937.578125 	 698.823730 
177 	 41.678688 	 283.323761 	 298.047058 	 1.677716 	 98496.156250 	 678.152100 
178 	 41.678688 	 283.323761 	 299.687225 	 2.352216 	 98148.281250 	 693.702026 
179 	 41.678688 	 283.323761 	 298.537689 	 2.064638 	 98511.703125 	 623.680786 
180 	 41.678688 	 283.323761 	 299.491913 	 2.546952 	 98731.523438 	 735.011230 
181 	 41.678688 	 283.323761 	 298.811523 	 1.376155 	 98595.882812 	 725.884705 
182 	 41.678688 	 283.323761 	 297.728455 	 1.637967 	 98619.828125 	 521.299377 
183 	 41.678688 	 283.323761 	 293.998871 	 4.309412 	 98536.117188 	 705.678955 
184 	 41.678688 	 283.323761 	 295.579132 	 2.041909 	 99111.507812 	 706.698547 
185 	 41.678688 	 283.323761 	 296.795441 	 0.983508 	 99254.359375 	 709.400940 
186 	 41.678688 	 283.323761 	 299.693481 	 0.922654 	 99269.273438 	 727.858154 
187 	 41.678688 	 283.323761 	 299.790710 	 1.524930 	 99078.046875 	 714.245361 
188 	 41.678688 	 283.323761 	 300.190979 	 2.803235 	 98590.226562 	 672.234375 
189 	 41.678688 	 283.323761 	 297.718842 	 2.573443 	 98401.039062 	 690.223328 
190 	 41.678688 	 283.323761 	 297.976990 	 2.383851 	 98079.507812 	 707.769287 
191 	 41.678688 	 283.323761 	 304.205200 	 3.407262 	 97801.507812 	 703.156860 
192 	 41.678688 	 283.323761 	 301.210358 	 2.713039 	 98272.812500 	 684.153564 
193 	 41.678688 	 283.323761 	 299.197021 	 3.016953 	 98532.617188 	 614.195312 
194 	 41.678688 	 283.323761 	 297.204193 	 1.374885 	 98809.781250 	 616.873291 
195 	 41.678688 	 283.323761 	 297.208740 	 2.008890 	 98749.273438 	 647.280884 
196 	 41.678688 	 283.323761 	 297.375153 	 3.168656 	 99062.523438 	 567.074768 
197 	 41.678688 	 283.323761 	 297.125244 	 3.808358 	 99116.703125 	 653.626831 
198 	 41.678688 	 283.323761 	 299.094910 	 3.736295 	 98703.546875 	 679.282593 
199 	 41.678688 	 283.323761 	 300.019714 	 2.371706 	 98153.406250 	 639.055908 
200 	 41.678688 	 283.323761 	 300.919830 	 3.489923 	 97919.750000 	 650.867859 
201 	 41.678688 	 283.323761 	 299.211334 	 2.924666 	 97953.046875 	 667.358521 
202 	 41.678688 	 283.323761 	 294.627625 	 2.657914 	 98112.203125 	 535.075256 
203 	 41.678688 	 283.323761 	 290.829803 	 2.874051 	 98835.453125 	 659.124084 
204 	 41.678688 	 283.323761 	 292.780029 	 1.773047 	 99134.046875 	 676.233337 
205 	 41.678688 	 283.323761 	 295.397736 	 0.763485 	 99136.148438 	 691.994751 
206 	 41.678688 	 283.323761 	 296.090271 	 2.357725 	 98932.812500 	 584.114075 
207 	 41.678688 	 283.323761 	 297.352020 	 5.028715 	 98276.687500 	 655.635620 
208 	 41.678688 	 283.323761 	 298.004242 	 3.735421 	 97816.421875 	 704.608398 
209 	 41.678688 	 283.323761 	 297.699738 	 2.031156 	 98027.468750 	 706.096863 
210 	 41.678688 	 283.323761 	 296.480560 	 1.033841 	 98391.101562 	 698.559937 
211 	 41.678688 	 283.323761 	 298.425140 	 1.285730 	 98659.351562 	 674.129028 
212 	 41.678688 	 283.323761 	 301.070374 	 2.523101 	 98595.742188 	 721.298706 
213 	 41.678688 	 283.323761 	 300.160736 	 2.792173 	 98632.328125 	 670.944214 
214 	 41.678688 	 283.323761 	 299.531799 	 3.067902 	 98751.898438 	 629.944214 
215 	 41.678688 	 283.323761 	 299.870392 	 2.538265 	 98748.406250 	 669.263306 
216 	 41.678688 	 283.323761 	 299.310883 	 3.310208 	 98273.992188 	 658.976379 
217 	 41.678688 	 283.323761 	 299.379395 	 3.169325 	 97730.976562 	 621.677185 
218 	 41.678688 	 283.323761 	 294.577393 	 4.021556 	 98255.148438 	 691.449585 
219 	 41.678688 	 283.323761 	 292.786133 	 1.408786 	 98940.757812 	 655.018127 
220 	 41.678688 	 283.323761 	 293.075134 	 1.725482 	 98942.398438 	 521.554688 
221 	 41.678688 	 283.323761 	 293.635406 	 3.144594 	 99033.210938 	 580.674011 
222 	 41.678688 	 283.323761 	 296.129578 	 3.672250 	 99393.882812 	 557.432739 
223 	 41.678688 	 283.323761 	 295.388367 	 2.463543 	 99342.093750 	 475.606873 
224 	 41.678688 	 283.323761 	 298.209869 	 1.911014 	 98845.828125 	 680.496704 
225 	 41.678688 	 283.323761 	 300.164612 	 4.251993 	 98323.546875 	 671.039917 
226 	 41.678688 	 283.323761 	 299.197693 	 3.174395 	 98019.140625 	 700.329590 
227 	 41.678688 	 283.323761 	 293.092163 	 1.999976 	 98461.742188 	 643.222656 
228 	 41.678688 	 283.323761 	 291.467224 	 1.354027 	 98868.171875 	 635.454529 
229 	 41.678688 	 283.323761 	 293.496490 	 4.644356 	 98871.906250 	 508.264343 
230 	 41.678688 	 283.323761 	 294.617859 	 2.339884 	 98698.671875 	 627.624084 
231 	 41.678688 	 283.323761 	 296.293457 	 1.265801 	 98332.179688 	 625.805115 
232 	 41.678688 	 283.323761 	 297.024445 	 3.051780 	 98236.671875 	 643.751953 
233 	 41.678688 	 283.323761 	 294.974243 	 2.944104 	 98704.507812 	 648.180969 
234 	 41.678688 	 283.323761 	 294.023193 	 2.142702 	 99459.218750 	 622.175903 
235 	 41.678688 	 283.323761 	 296.085449 	 1.553415 	 99413.257812 	 656.510376 
236 	 41.678688 	 283.323761 	 296.167725 	 0.816117 	 99055.429688 	 641.115967 
237 	 41.678688 	 283.323761 	 297.795868 	 1.138140 	 98653.132812 	 658.718872 
238 	 41.678688 	 283.323761 	 297.172028 	 2.031527 	 98210.062500 	 606.642883 
239 	 41.678688 	 283.323761 	 292.288971 	 3.770624 	 98228.523438 	 612.390076 
240 	 41.678688 	 283.323761 	 287.936005 	 1.701727 	 98803.437500 	 596.175232 
241 	 41.678688 	 283.323761 	 288.133820 	 1.228256 	 99254.351562 	 595.572266 
242 	 41.678688 	 283.323761 	 289.837219 	 1.932505 	 98857.406250 	 460.320068 
243 	 41.678688 	 283.323761 	 290.297211 	 1.264808 	 98554.296875 	 598.011353 
244 	 41.678688 	 283.323761 	 291.950470 	 1.746845 	 98469.179688 	 609.725159 
245 	 41.678688 	 283.323761 	 297.181549 	 1.561606 	 98571.382812 	 623.322021 
246 	 41.678688 	 283.323761 	 295.879852 	 0.950163 	 98825.937500 	 589.312683 
247 	 41.678688 	 283.323761 	 297.686951 	 1.362567 	 98684.312500 	 629.567078 
248 	 41.678688 	 283.323761 	 297.513031 	 2.539040 	 98409.773438 	 607.440674 
249 	 41.678688 	 283.323761 	 296.374268 	 2.043352 	 98732.632812 	 595.099854 
250 	 41.678688 	 283.323761 	 293.805450 	 1.171356 	 98973.648438 	 596.577271 
251 	 41.678688 	 283.323761 	 292.958588 	 0.930860 	 98645.546875 	 588.637573 
252 	 41.678688 	 283.323761 	 294.095673 	 1.407050 	 98335.343750 	 599.751099 
253 	 41.678688 	 283.323761 	 292.904694 	 2.276085 	 98465.578125 	 593.468018 
254 	 41.678688 	 283.323761 	 287.321075 	 1.332338 	 99109.968750 	 552.483643 
255 	 41.678688 	 283.323761 	 294.840820 	 3.941255 	 98397.296875 	 536.939453 
256 	 41.678688 	 283.323761 	 300.597687 	 3.166957 	 98042.437500 	 609.719116 
257 	 41.678688 	 283.323761 	 298.133514 	 1.992481 	 98685.476562 	 601.997925 
258 	 41.678688 	 283.323761 	 296.775482 	 2.886946 	 99096.796875 	 609.177612 
259 	 41.678688 	 283.323761 	 297.259796 	 2.653794 	 98992.171875 	 484.308350 
260 	 41.678688 	 283.323761 	 298.759125 	 3.175148 	 98957.023438 	 639.488342 
261 	 41.678688 	 283.323761 	 298.035919 	 4.794960 	 98374.203125 	 615.547729 
262 	 41.678688 	 283.323761 	 291.524750 	 2.187103 	 98356.960938 	 471.080505 
263 	 41.678688 	 283.323761 	 288.440857 	 2.599145 	 98721.039062 	 528.592896 
264 	 41.678688 	 283.323761 	 285.685394 	 1.882077 	 99520.601562 	 534.458008 
265 	 41.678688 	 283.323761 	 284.316132 	 1.022922 	 100087.398438 	 526.894043 
266 	 41.678688 	 283.323761 	 288.805023 	 1.989715 	 99888.187500 	 539.595093 
267 	 41.678688 	 283.323761 	 290.381805 	 1.855992 	 99762.882812 	 545.416382 
268 	 41.678688 	 283.323761 	 289.875092 	 1.626903 	 99607.937500 	 541.738708 
269 	 41.678688 	 283.323761 	 291.681366 	 2.663431 	 99246.867188 	 542.706299 
270 	 41.678688 	 283.323761 	 288.207977 	 3.259090 	 99114.023438 	 475.749420 
271 	 41.678688 	 283.323761 	 282.275513 	 2.304434 	 99779.898438 	 509.960785 
272 	 41.678688 	 283.323761 	 284.225983 	 2.525840 	 99743.679688 	 493.905945 
273 	 41.678688 	 283.323761 	 288.078430 	 3.075939 	 99847.382812 	 504.774414 
274 	 41.678688 	 283.323761 	 287.152893 	 2.872128 	 99840.882812 	 498.897888 
275 	 41.678688 	 283.323761 	 291.369812 	 4.105564 	 98397.562500 	 503.213013 
276 	 41.678688 	 283.323761 	 284.703339 	 3.494535 	 98950.140625 	 490.589844 
277 	 41.678688 	 283.323761 	 281.892456 	 1.754591 	 100007.601562 	 460.280762 
278 	 41.678688 	 283.323761 	 284.684052 	 3.211793 	 100340.398438 	 476.843628 
279 	 41.678688 	 283.323761 	 287.247589 	 2.662415 	 99995.773438 	 428.416992 
280 	 41.678688 	 283.323761 	 288.963013 	 0.963227 	 99556.023438 	 481.716064 
281 	 41.678688 	 283.323761 	 288.138763 	 1.155517 	 99441.421875 	 520.277283 
282 	 41.678688 	 283.323761 	 285.194153 	 1.079859 	 99837.460938 	 476.388245 
283 	 41.678688 	 283.323761 	 286.653259 	 1.746209 	 99881.460938 	 461.712189 
284 	 41.678688 	 283.323761 	 289.571320 	 2.492557 	 99506.882812 	 516.247498 
285 	 41.678688 	 283.323761 	 290.100311 	 3.623500 	 98998.359375 	 511.513306 
286 	 41.678688 	 283.323761 	 288.225769 	 4.184037 	 98123.343750 	 404.352417 
287 	 41.678688 	 283.323761 	 280.521637 	 3.131639 	 98533.023438 	 405.307831 
288 	 41.678688 	 283.323761 	 281.294708 	 1.704255 	 99188.953125 	 471.033081 
289 	 41.678688 	 283.323761 	 285.309418 	 3.281927 	 98532.789062 	 423.940430 
290 	 41.678688 	 283.323761 	 278.888123 	 3.003921 	 98663.187500 	 394.930481 
291 	 41.678688 	 283.323761 	 277.684174 	 1.662832 	 98533.546875 	 439.143250 
292 	 41.678688 	 283.323761 	 280.676208 	 2.359329 	 98558.656250 	 456.047455 
293 	 41.678688 	 283.323761 	 280.834412 	 3.487860 	 98343.710938 	 358.616486 
294 	 41.678688 	 283.323761 	 278.877045 	 2.341320 	 98554.226562 	 418.366150 
295 	 41.678688 	 283.323761 	 281.739624 	 2.907502 	 98473.507812 	 433.841003 
296 	 41.678688 	 283.323761 	 277.823792 	 0.892671 	 99545.281250 	 425.289490 
297 	 41.678688 	 283.323761 	 280.357819 	 2.214624 	 100004.796875 	 432.477539 
298 	 41.678688 	 283.323761 	 285.925873 	 2.630752 	 99356.468750 	 454.603394 
299 	 41.678688 	 283.323761 	 287.998352 	 1.726273 	 98958.789062 	 461.288269 
300 	 41.678688 	 283.323761 	 287.310974 	 0.890665 	 98809.750000 	 471.953735 
301 	 41.678688 	 283.323761 	 282.215179 	 1.602275 	 99341.617188 	 418.087585 
302 	 41.678688 	 283.323761 	 282.325348 	 2.284335 	 99542.976562 	 433.134521 
303 	 41.678688 	 283.323761 	 286.119232 	 2.664683 	 98960.742188 	 445.832275 
304 	 41.678688 	 283.323761 	 281.795868 	 3.816549 	 98981.937500 	 369.495911 
305 	 41.678688 	 283.323761 	 274.064240 	 2.270904 	 99953.343750 	 399.714813 
306 	 41.678688 	 283.323761 	 279.024719 	 2.943525 	 99222.343750 	 398.545959 
307 	 41.678688 	 283.323761 	 285.564789 	 4.287796 	 98465.882812 	 428.800171 
308 	 41.678688 	 283.323761 	 282.911407 	 4.889560 	 97809.406250 	 389.971405 
309 	 41.678688 	 283.323761 	 275.543121 	 2.692156 	 99527.398438 	 398.384033 
310 	 41.678688 	 283.323761 	 274.936981 	 1.255316 	 100125.398438 	 381.033081 
311 	 41.678688 	 283.323761 	 277.824707 	 3.206581 	 99787.937500 	 393.809937 
312 	 41.678688 	 283.323761 	 283.958435 	 3.553148 	 99157.656250 	 416.099579 
313 	 41.678688 	 283.323761 	 284.542145 	 1.655252 	 99439.593750 	 388.445831 
314 	 41.678688 	 283.323761 	 280.832489 	 2.741420 	 99637.773438 	 428.138519 
315 	 41.678688 	 283.323761 	 275.681000 	 2.575248 	 100537.398438 	 416.466919 
316 	 41.678688 	 283.323761 	 275.372711 	 4.129808 	 100186.101562 	 340.568207 
317 	 41.678688 	 283.323761 	 281.047546 	 3.224682 	 98406.109375 	 407.116394 
318 	 41.678688 	 283.323761 	 275.281464 	 1.448448 	 98964.000000 	 335.279968 
319 	 41.678688 	 283.323761 	 273.577698 	 1.365376 	 99552.468750 	 354.509430 
320 	 41.678688 	 283.323761 	 275.897430 	 2.322217 	 99437.203125 	 347.091309 
321 	 41.678688 	 283.323761 	 275.462402 	 1.392450 	 99637.851562 	 360.040161 
322 	 41.678688 	 283.323761 	 277.954285 	 3.228688 	 98992.562500 	 367.572815 
323 	 41.678688 	 283.323761 	 273.439331 	 2.574951 	 99394.226562 	 350.425781 
324 	 41.678688 	 283.323761 	 274.144989 	 3.557709 	 99768.093750 	 335.914398 
325 	 41.678688 	 283.323761 	 288.546051 	 6.162979 	 98254.843750 	 420.252869 
326 	 41.678688 	 283.323761 	 276.066254 	 4.210928 	 98340.406250 	 353.693268 
327 	 41.678688 	 283.323761 	 269.848816 	 2.612381 	 99523.351562 	 326.313629 
328 	 41.678688 	 283.323761 	 271.337677 	 1.128949 	 100116.203125 	 320.429382 
329 	 41.678688 	 283.323761 	 274.278473 	 2.881726 	 100648.601562 	 346.633667 
330 	 41.678688 	 283.323761 	 281.973572 	 2.883142 	 99666.117188 	 373.523224 
331 	 41.678688 	 283.323761 	 278.400024 	 0.997439 	 98668.617188 	 349.756378 
332 	 41.678688 	 283.323761 	 281.096100 	 3.016663 	 97905.421875 	 355.590668 
333 	 41.678688 	 283.323761 	 277.430267 	 2.441883 	 97786.093750 	 386.716583 
334 	 41.678688 	 283.323761 	 276.049988 	 2.515218 	 98471.000000 	 360.192047 
335 	 41.678688 	 283.323761 	 272.687958 	 2.287652 	 99436.109375 	 330.266815 
336 	 41.678688 	 283.323761 	 273.501892 	 3.362443 	 99041.039062 	 294.677948 
337 	 41.678688 	 283.323761 	 276.835358 	 3.989957 	 98301.226562 	 386.080139 
338 	 41.678688 	 283.323761 	 273.675751 	 3.576711 	 98424.976562 	 328.274872 
339 	 41.678688 	 283.323761 	 273.972321 	 3.179408 	 98754.968750 	 336.624084 
340 	 41.678688 	 283.323761 	 278.474792 	 4.875981 	 97756.437500 	 365.728638 
341 	 41.678688 	 283.323761 	 279.501801 	 2.137897 	 98523.656250 	 356.657166 
342 	 41.678688 	 283.323761 	 278.903442 	 2.638324 	 99525.453125 	 339.217560 
343 	 41.678688 	 283.323761 	 282.454010 	 3.415622 	 98641.203125 	 368.240692 
344 	 41.678688 	 283.323761 	 275.268829 	 4.309850 	 98253.023438 	 341.613312 
345 	 41.678688 	 283.323761 	 275.484100 	 3.934700 	 98866.203125 	 336.803406 
346 	 41.678688 	 283.323761 	 276.342957 	 2.787323 	 99517.320312 	 335.546875 
347 	 41.678688 	 283.323761 	 280.337708 	 2.738656 	 99277.156250 	 354.194611 
348 	 41.678688 	 283.323761 	 280.685364 	 3.159733 	 99175.890625 	 338.918427 
349 	 41.678688 	 283.323761 	 287.292847 	 4.226197 	 98693.140625 	 397.783203 
350 	 41.678688 	 283.323761 	 290.392639 	 4.968256 	 98013.476562 	 437.774567 
351 	 41.678688 	 283.323761 	 288.079071 	 1.630173 	 98770.992188 	 406.749054 
352 	 41.678688 	 283.323761 	 289.115143 	 6.118416 	 98335.617188 	 390.764038 
353 	 41.678688 	 283.323761 	 279.924805 	 3.780404 	 98989.156250 	 379.398712 
354 	 41.678688 	 283.323761 	 277.342712 	 2.227786 	 99343.593750 	 332.151398 
355 	 41.678688 	 283.323761 	 276.986298 	 2.118444 	 98857.523438 	 370.444763 
356 	 41.678688 	 283.323761 	 275.498260 	 1.841771 	 99200.210938 	 326.521423 
357 	 41.678688 	 283.323761 	 279.294067 	 3.055460 	 99210.507812 	 357.696777 
358 	 41.678688 	 283.323761 	 276.962341 	 2.474894 	 99572.640625 	 352.619232 
359 	 41.678688 	 283.323761 	 277.855164 	 2.814069 	 98964.929688 	 345.259369 
360 	 41.678688 	 283.323761 	 273.960114 	 1.822152 	 99568.828125 	 346.713989 
361 	 41.678688 	 283.323761 	 274.860168 	 2.759111 	 99872.992188 	 337.538635 
362 	 41.678688 	 283.323761 	 279.127289 	 1.843247 	 99605.101562 	 358.982269 
363 	 41.678688 	 283.323761 	 280.758026 	 3.179647 	 99266.109375 	 358.053314 
364 	 41.678688 	 283.323761 	 282.477386 	 3.500337 	 98236.468750 	 405.893005 
