# 0: Day of Year [-] 	 1: lat [deg] 	 2: lon [deg] 	 3: tas [K] 	 4: sfcWind [m s-1] 	 5: ps [Pa] 	 6: Total Downwelling Rad Flux [W m-2] 
0 	 41.678688 	 283.323761 	 265.868286 	 2.381928 	 98290.148438 	 290.998932 
1 	 41.678688 	 283.323761 	 268.085815 	 2.422829 	 98219.023438 	 319.251068 
2 	 41.678688 	 283.323761 	 270.012024 	 3.014088 	 98503.023438 	 328.101135 
3 	 41.678688 	 283.323761 	 271.370300 	 2.806322 	 98498.703125 	 344.898132 
4 	 41.678688 	 283.323761 	 270.698792 	 2.639876 	 99131.226562 	 305.503357 
5 	 41.678688 	 283.323761 	 274.086365 	 1.943822 	 98979.421875 	 357.830353 
6 	 41.678688 	 283.323761 	 273.669678 	 0.664097 	 98888.750000 	 356.245117 
7 	 41.678688 	 283.323761 	 272.175751 	 1.733634 	 99006.796875 	 341.515198 
8 	 41.678688 	 283.323761 	 280.661713 	 4.717272 	 98011.250000 	 352.433868 
9 	 41.678688 	 283.323761 	 267.194122 	 4.836891 	 97804.617188 	 320.200012 
10 	 41.678688 	 283.323761 	 265.053223 	 1.823076 	 99782.687500 	 280.935974 
11 	 41.678688 	 283.323761 	 269.965637 	 2.039742 	 99310.343750 	 358.371216 
12 	 41.678688 	 283.323761 	 266.125000 	 1.209813 	 99387.726562 	 296.244171 
13 	 41.678688 	 283.323761 	 271.719452 	 1.855358 	 98503.382812 	 372.217896 
14 	 41.678688 	 283.323761 	 274.112976 	 4.166109 	 97794.609375 	 338.330780 
15 	 41.678688 	 283.323761 	 270.898041 	 3.189001 	 98278.156250 	 350.757111 
16 	 41.678688 	 283.323761 	 268.326263 	 2.469995 	 99116.812500 	 286.131592 
17 	 41.678688 	 283.323761 	 270.690735 	 4.334044 	 97885.921875 	 364.210785 
18 	 41.678688 	 283.323761 	 261.240997 	 3.488863 	 99330.171875 	 295.723633 
19 	 41.678688 	 283.323761 	 264.045135 	 0.776453 	 99794.773438 	 324.478821 
20 	 41.678688 	 283.323761 	 271.328094 	 2.033985 	 99588.789062 	 360.759460 
21 	 41.678688 	 283.323761 	 273.151123 	 1.272277 	 99094.273438 	 359.629242 
22 	 41.678688 	 283.323761 	 271.371277 	 3.128124 	 98320.296875 	 325.234619 
23 	 41.678688 	 283.323761 	 269.344452 	 3.897956 	 97422.531250 	 339.059784 
24 	 41.678688 	 283.323761 	 272.689789 	 3.783604 	 97172.593750 	 368.366150 
25 	 41.678688 	 283.323761 	 271.768127 	 2.543760 	 97773.359375 	 344.240845 
26 	 41.678688 	 283.323761 	 268.173767 	 1.195917 	 98904.367188 	 293.230194 
27 	 41.678688 	 283.323761 	 271.111115 	 3.247707 	 98547.476562 	 363.000671 
28 	 41.678688 	 283.323761 	 265.965118 	 2.134613 	 99267.718750 	 284.518066 
29 	 41.678688 	 283.323761 	 269.338440 	 2.745268 	 98134.562500 	 368.886475 
30 	 41.678688 	 283.323761 	 270.693634 	 3.701926 	 98238.882812 	 356.102661 
31 	 41.678688 	 283.323761 	 274.177155 	 3.286331 	 98340.140625 	 326.993225 
32 	 41.678688 	 283.323761 	 273.807343 	 2.941347 	 97490.367188 	 382.181335 
33 	 41.678688 	 283.323761 	 267.842865 	 3.591535 	 98371.976562 	 373.214630 
34 	 41.678688 	 283.323761 	 269.534393 	 2.451505 	 99518.343750 	 370.867859 
35 	 41.678688 	 283.323761 	 273.748413 	 2.451913 	 99208.953125 	 379.186523 
36 	 41.678688 	 283.323761 	 278.580750 	 3.201364 	 98800.132812 	 379.723694 
37 	 41.678688 	 283.323761 	 278.089691 	 2.992850 	 98458.046875 	 336.007141 
38 	 41.678688 	 283.323761 	 275.376526 	 3.309508 	 97969.460938 	 419.062256 
39 	 41.678688 	 283.323761 	 266.201111 	 3.109461 	 99105.343750 	 352.795410 
40 	 41.678688 	 283.323761 	 264.577972 	 2.537733 	 99817.640625 	 346.590759 
41 	 41.678688 	 283.323761 	 265.679138 	 1.719328 	 100297.101562 	 353.130554 
42 	 41.678688 	 283.323761 	 266.709442 	 1.600589 	 100345.500000 	 361.465698 
43 	 41.678688 	 283.323761 	 269.335022 	 2.380835 	 99582.546875 	 381.744080 
44 	 41.678688 	 283.323761 	 270.465302 	 1.578387 	 99055.281250 	 370.132507 
45 	 41.678688 	 283.323761 	 275.240936 	 2.644951 	 98542.812500 	 394.291626 
46 	 41.678688 	 283.323761 	 276.785370 	 2.711344 	 97651.828125 	 327.917358 
47 	 41.678688 	 283.323761 	 273.727173 	 3.978571 	 97845.968750 	 387.718384 
48 	 41.678688 	 283.323761 	 270.677246 	 2.366623 	 98612.929688 	 316.160675 
49 	 41.678688 	 283.323761 	 275.008484 	 3.234381 	 98569.546875 	 412.008545 
50 	 41.678688 	 283.323761 	 272.000732 	 2.148420 	 99429.710938 	 368.157471 
51 	 41.678688 	 283.323761 	 278.194763 	 1.340612 	 99324.250000 	 460.500854 
52 	 41.678688 	 283.323761 	 278.651733 	 2.357838 	 99142.890625 	 380.465546 
53 	 41.678688 	 283.323761 	 283.441589 	 6.077363 	 97110.406250 	 474.828003 
54 	 41.678688 	 283.323761 	 271.980225 	 4.295627 	 97548.820312 	 400.771484 
55 	 41.678688 	 283.323761 	 273.665710 	 3.464417 	 98878.046875 	 415.806641 
56 	 41.678688 	 283.323761 	 277.486725 	 2.928880 	 98932.148438 	 362.874725 
57 	 41.678688 	 283.323761 	 279.998016 	 2.237052 	 98264.382812 	 357.422302 
58 	 41.678688 	 283.323761 	 278.982819 	 2.141947 	 98852.296875 	 481.784607 
59 	 41.678688 	 283.323761 	 280.156342 	 2.634426 	 99063.953125 	 435.834595 
60 	 41.678688 	 283.323761 	 283.656494 	 1.988633 	 98741.500000 	 471.365692 
61 	 41.678688 	 283.323761 	 282.147461 	 1.377742 	 98586.867188 	 483.775116 
62 	 41.678688 	 283.323761 	 280.317047 	 4.301465 	 98498.320312 	 455.442139 
63 	 41.678688 	 283.323761 	 268.386108 	 3.146392 	 100044.703125 	 425.232574 
64 	 41.678688 	 283.323761 	 271.044861 	 2.123173 	 100164.898438 	 342.241516 
65 	 41.678688 	 283.323761 	 273.926300 	 2.943891 	 99582.117188 	 469.191376 
66 	 41.678688 	 283.323761 	 276.007782 	 1.680500 	 99515.242188 	 365.983490 
67 	 41.678688 	 283.323761 	 282.348633 	 4.306467 	 98842.046875 	 424.064697 
68 	 41.678688 	 283.323761 	 284.045471 	 5.096933 	 97944.046875 	 380.614075 
69 	 41.678688 	 283.323761 	 267.555359 	 3.367742 	 99785.843750 	 429.511841 
70 	 41.678688 	 283.323761 	 268.851105 	 0.998444 	 100447.296875 	 433.138824 
71 	 41.678688 	 283.323761 	 270.616882 	 0.879721 	 100562.000000 	 437.282349 
72 	 41.678688 	 283.323761 	 276.050690 	 2.322199 	 100125.601562 	 459.755798 
73 	 41.678688 	 283.323761 	 277.264282 	 1.040477 	 99735.750000 	 412.083801 
74 	 41.678688 	 283.323761 	 281.451355 	 2.086511 	 99016.257812 	 495.948608 
75 	 41.678688 	 283.323761 	 275.260406 	 3.584472 	 98454.406250 	 428.504578 
76 	 41.678688 	 283.323761 	 262.987518 	 4.261504 	 99579.632812 	 442.608612 
77 	 41.678688 	 283.323761 	 267.152985 	 2.067634 	 99999.500000 	 439.876587 
78 	 41.678688 	 283.323761 	 272.011841 	 2.870014 	 99389.601562 	 407.376007 
79 	 41.678688 	 283.323761 	 276.692780 	 4.221609 	 98997.117188 	 518.406372 
80 	 41.678688 	 283.323761 	 276.915192 	 3.454464 	 98829.031250 	 481.740601 
81 	 41.678688 	 283.323761 	 277.210236 	 2.879784 	 98695.640625 	 493.790344 
82 	 41.678688 	 283.323761 	 282.672791 	 5.551546 	 97467.203125 	 465.902008 
83 	 41.678688 	 283.323761 	 271.235168 	 3.657749 	 99325.570312 	 474.819885 
84 	 41.678688 	 283.323761 	 271.359833 	 0.961208 	 100023.601562 	 359.968689 
85 	 41.678688 	 283.323761 	 273.925781 	 1.042054 	 100192.601562 	 487.141418 
86 	 41.678688 	 283.323761 	 280.868195 	 3.192964 	 99545.437500 	 518.516479 
87 	 41.678688 	 283.323761 	 288.149445 	 3.050244 	 98872.140625 	 530.204590 
88 	 41.678688 	 283.323761 	 289.591003 	 5.051255 	 98208.359375 	 539.429871 
89 	 41.678688 	 283.323761 	 283.578247 	 2.348925 	 98166.007812 	 502.763733 
90 	 41.678688 	 283.323761 	 284.841187 	 4.060201 	 98154.312500 	 499.804382 
91 	 41.678688 	 283.323761 	 275.193512 	 5.375640 	 98172.460938 	 502.726196 
92 	 41.678688 	 283.323761 	 270.228333 	 2.840525 	 99555.703125 	 469.909302 
93 	 41.678688 	 283.323761 	 274.026489 	 2.600844 	 99340.546875 	 405.708496 
94 	 41.678688 	 283.323761 	 276.285034 	 3.132668 	 99670.437500 	 475.883331 
95 	 41.678688 	 283.323761 	 277.396332 	 1.975406 	 100421.398438 	 513.366333 
96 	 41.678688 	 283.323761 	 282.971191 	 4.949530 	 99196.656250 	 398.185181 
97 	 41.678688 	 283.323761 	 278.286102 	 2.990867 	 99583.156250 	 545.607666 
98 	 41.678688 	 283.323761 	 281.552979 	 3.297917 	 99447.093750 	 526.785583 
99 	 41.678688 	 283.323761 	 289.734344 	 3.837918 	 98563.578125 	 517.790833 
100 	 41.678688 	 283.323761 	 287.713684 	 1.818723 	 98748.648438 	 489.397797 
101 	 41.678688 	 283.323761 	 290.175690 	 4.104687 	 98438.851562 	 496.254608 
102 	 41.678688 	 283.323761 	 279.388519 	 2.919214 	 97890.273438 	 451.604919 
103 	 41.678688 	 283.323761 	 280.711609 	 1.918597 	 97792.640625 	 547.449097 
104 	 41.678688 	 283.323761 	 279.756836 	 4.254378 	 97142.929688 	 556.543945 
105 	 41.678688 	 283.323761 	 280.961395 	 2.658890 	 97499.406250 	 448.759796 
106 	 41.678688 	 283.323761 	 283.426910 	 3.357375 	 97337.218750 	 522.709778 
107 	 41.678688 	 283.323761 	 277.736755 	 3.783947 	 97740.203125 	 556.052979 
108 	 41.678688 	 283.323761 	 277.731995 	 2.124681 	 98739.773438 	 522.738525 
109 	 41.678688 	 283.323761 	 284.656525 	 5.800611 	 97779.562500 	 405.545837 
110 	 41.678688 	 283.323761 	 274.797272 	 5.191521 	 97451.343750 	 504.810455 
111 	 41.678688 	 283.323761 	 274.207581 	 4.382223 	 98581.820312 	 543.417175 
112 	 41.678688 	 283.323761 	 277.409363 	 1.736493 	 99062.421875 	 544.703369 
113 	 41.678688 	 283.323761 	 280.685425 	 1.923670 	 98990.937500 	 518.554871 
114 	 41.678688 	 283.323761 	 280.977997 	 3.189434 	 99469.507812 	 412.920227 
115 	 41.678688 	 283.323761 	 286.998932 	 4.737624 	 98755.617188 	 492.944214 
116 	 41.678688 	 283.323761 	 289.729462 	 2.565205 	 97994.039062 	 593.749390 
117 	 41.678688 	 283.323761 	 285.045105 	 2.834287 	 98494.117188 	 557.409241 
118 	 41.678688 	 283.323761 	 284.890991 	 3.437955 	 99054.476562 	 550.084412 
119 	 41.678688 	 283.323761 	 285.956177 	 1.124559 	 99279.648438 	 564.203125 
120 	 41.678688 	 283.323761 	 288.433044 	 1.632501 	 99186.789062 	 567.672729 
121 	 41.678688 	 283.323761 	 292.352844 	 2.115952 	 98927.843750 	 577.200684 
122 	 41.678688 	 283.323761 	 291.143372 	 1.362611 	 98788.156250 	 587.875671 
123 	 41.678688 	 283.323761 	 290.742432 	 0.970860 	 98513.296875 	 652.021484 
124 	 41.678688 	 283.323761 	 291.789490 	 1.214516 	 98021.703125 	 636.775513 
125 	 41.678688 	 283.323761 	 291.621796 	 1.944247 	 97611.929688 	 655.835571 
126 	 41.678688 	 283.323761 	 285.959839 	 1.394150 	 97530.453125 	 389.026306 
127 	 41.678688 	 283.323761 	 283.822632 	 2.413242 	 97220.867188 	 551.788391 
128 	 41.678688 	 283.323761 	 281.070953 	 1.663293 	 97668.523438 	 597.921692 
129 	 41.678688 	 283.323761 	 281.892731 	 3.391509 	 97442.750000 	 569.997620 
130 	 41.678688 	 283.323761 	 283.024658 	 3.144506 	 97270.289062 	 498.855652 
131 	 41.678688 	 283.323761 	 284.241913 	 1.803256 	 97138.382812 	 405.016174 
132 	 41.678688 	 283.323761 	 282.696045 	 3.821645 	 97115.078125 	 615.727234 
133 	 41.678688 	 283.323761 	 280.643463 	 2.748883 	 97974.617188 	 540.010925 
134 	 41.678688 	 283.323761 	 282.945374 	 2.336288 	 98122.843750 	 601.644287 
135 	 41.678688 	 283.323761 	 282.449280 	 1.150883 	 98270.289062 	 530.648315 
136 	 41.678688 	 283.323761 	 286.526215 	 1.339530 	 98042.031250 	 621.368042 
137 	 41.678688 	 283.323761 	 283.712128 	 1.348088 	 97905.523438 	 455.284668 
138 	 41.678688 	 283.323761 	 281.410126 	 4.353158 	 98186.921875 	 606.103699 
139 	 41.678688 	 283.323761 	 282.687347 	 3.415867 	 98793.726562 	 604.765747 
140 	 41.678688 	 283.323761 	 286.364502 	 2.857781 	 98968.656250 	 634.718506 
141 	 41.678688 	 283.323761 	 285.874298 	 2.883332 	 99654.570312 	 557.939941 
142 	 41.678688 	 283.323761 	 288.338074 	 4.834679 	 99352.218750 	 516.146179 
143 	 41.678688 	 283.323761 	 285.569519 	 3.696245 	 99042.539062 	 594.271851 
144 	 41.678688 	 283.323761 	 286.993042 	 4.439410 	 99002.968750 	 671.113037 
145 	 41.678688 	 283.323761 	 289.448395 	 1.455031 	 99089.359375 	 657.709045 
146 	 41.678688 	 283.323761 	 292.990112 	 2.322378 	 98704.140625 	 650.351807 
147 	 41.678688 	 283.323761 	 292.713440 	 1.884127 	 98942.929688 	 620.111328 
148 	 41.678688 	 283.323761 	 297.509918 	 3.847259 	 98755.640625 	 704.429199 
149 	 41.678688 	 283.323761 	 296.804596 	 3.891659 	 98391.617188 	 678.966919 
150 	 41.678688 	 283.323761 	 293.014099 	 1.505633 	 98709.726562 	 662.935059 
151 	 41.678688 	 283.323761 	 298.948242 	 3.577598 	 98299.328125 	 718.953857 
152 	 41.678688 	 283.323761 	 300.148285 	 3.804766 	 97967.148438 	 715.626587 
153 	 41.678688 	 283.323761 	 296.964935 	 1.607064 	 98463.718750 	 715.485474 
154 	 41.678688 	 283.323761 	 294.496399 	 2.870148 	 98903.328125 	 700.173157 
155 	 41.678688 	 283.323761 	 288.161072 	 2.698685 	 99006.078125 	 443.560669 
156 	 41.678688 	 283.323761 	 285.130707 	 2.778443 	 99083.976562 	 578.920959 
157 	 41.678688 	 283.323761 	 287.335632 	 2.076298 	 98960.218750 	 610.474365 
158 	 41.678688 	 283.323761 	 288.975281 	 1.860346 	 98191.328125 	 565.963623 
159 	 41.678688 	 283.323761 	 290.504303 	 2.716165 	 98238.906250 	 674.481506 
160 	 41.678688 	 283.323761 	 291.058502 	 1.982205 	 98689.273438 	 678.866211 
161 	 41.678688 	 283.323761 	 296.104950 	 3.664369 	 98278.273438 	 684.360962 
162 	 41.678688 	 283.323761 	 297.280853 	 3.858254 	 98125.312500 	 653.887817 
163 	 41.678688 	 283.323761 	 299.841431 	 3.942404 	 97944.773438 	 723.841614 
164 	 41.678688 	 283.323761 	 295.684448 	 1.957899 	 98420.289062 	 583.891235 
165 	 41.678688 	 283.323761 	 292.867249 	 2.714570 	 98675.382812 	 588.936279 
166 	 41.678688 	 283.323761 	 295.455414 	 4.413206 	 97762.171875 	 553.052979 
167 	 41.678688 	 283.323761 	 291.279236 	 3.003871 	 98808.632812 	 685.830688 
168 	 41.678688 	 283.323761 	 290.507965 	 2.139886 	 99630.820312 	 603.133240 
169 	 41.678688 	 283.323761 	 292.024384 	 4.663424 	 99942.890625 	 590.898621 
170 	 41.678688 	 283.323761 	 293.141449 	 5.458237 	 99590.781250 	 646.912476 
171 	 41.678688 	 283.323761 	 297.959991 	 4.271826 	 98788.953125 	 707.045471 
172 	 41.678688 	 283.323761 	 297.488434 	 3.313020 	 98859.023438 	 613.258667 
173 	 41.678688 	 283.323761 	 295.742035 	 3.825185 	 98973.656250 	 675.588013 
174 	 41.678688 	 283.323761 	 294.743347 	 3.597592 	 98779.242188 	 569.941833 
175 	 41.678688 	 283.323761 	 295.463165 	 3.140945 	 98587.117188 	 571.998230 
176 	 41.678688 	 283.323761 	 295.789154 	 2.852625 	 98267.218750 	 592.630249 
177 	 41.678688 	 283.323761 	 296.658386 	 2.020990 	 98028.890625 	 666.616577 
178 	 41.678688 	 283.323761 	 296.379669 	 3.350862 	 98689.718750 	 717.023621 
179 	 41.678688 	 283.323761 	 295.964508 	 2.719551 	 98854.781250 	 701.657898 
180 	 41.678688 	 283.323761 	 299.999756 	 4.368434 	 98090.617188 	 735.128662 
181 	 41.678688 	 283.323761 	 295.170990 	 3.891743 	 97967.960938 	 678.076904 
182 	 41.678688 	 283.323761 	 290.849609 	 1.919000 	 98984.726562 	 673.991882 
183 	 41.678688 	 283.323761 	 296.134644 	 5.457723 	 98368.343750 	 672.512573 
184 	 41.678688 	 283.323761 	 294.509491 	 4.464858 	 97892.343750 	 691.049927 
185 	 41.678688 	 283.323761 	 292.177704 	 2.930942 	 98704.937500 	 682.216492 
186 	 41.678688 	 283.323761 	 291.804108 	 1.205726 	 99175.703125 	 614.369873 
187 	 41.678688 	 283.323761 	 292.126923 	 1.206812 	 99218.578125 	 513.472412 
188 	 41.678688 	 283.323761 	 292.794525 	 1.970476 	 99475.796875 	 574.793213 
189 	 41.678688 	 283.323761 	 291.355713 	 3.754997 	 99572.843750 	 573.230896 
190 	 41.678688 	 283.323761 	 294.700562 	 2.140274 	 99408.000000 	 691.431824 
191 	 41.678688 	 283.323761 	 294.453125 	 2.325329 	 99068.226562 	 620.316162 
192 	 41.678688 	 283.323761 	 296.558716 	 2.029030 	 98698.093750 	 698.021118 
193 	 41.678688 	 283.323761 	 296.352936 	 2.003553 	 98564.171875 	 636.983398 
194 	 41.678688 	 283.323761 	 295.156830 	 1.882394 	 99107.382812 	 695.255859 
195 	 41.678688 	 283.323761 	 295.446930 	 1.971854 	 99490.281250 	 653.629517 
196 	 41.678688 	 283.323761 	 298.778168 	 3.086002 	 99185.828125 	 732.376465 
197 	 41.678688 	 283.323761 	 298.207336 	 2.657975 	 98577.718750 	 656.520996 
198 	 41.678688 	 283.323761 	 297.441254 	 2.817493 	 98303.000000 	 571.873413 
199 	 41.678688 	 283.323761 	 298.690643 	 2.680300 	 98228.070312 	 705.971863 
200 	 41.678688 	 283.323761 	 298.498138 	 4.181049 	 98064.007812 	 564.011780 
201 	 41.678688 	 283.323761 	 293.375061 	 2.335405 	 98146.500000 	 643.537170 
202 	 41.678688 	 283.323761 	 293.583740 	 2.888653 	 98340.203125 	 702.321716 
203 	 41.678688 	 283.323761 	 292.105133 	 1.912179 	 98548.906250 	 582.520142 
204 	 41.678688 	 283.323761 	 297.195923 	 5.016888 	 97743.718750 	 644.322693 
205 	 41.678688 	 283.323761 	 297.890625 	 2.662429 	 97328.531250 	 715.485718 
206 	 41.678688 	 283.323761 	 294.309601 	 2.009989 	 97568.382812 	 615.179077 
207 	 41.678688 	 283.323761 	 294.992004 	 2.729652 	 97879.726562 	 697.913757 
208 	 41.678688 	 283.323761 	 295.028442 	 2.462688 	 97811.093750 	 546.984314 
209 	 41.678688 	 283.323761 	 295.917328 	 1.347514 	 97630.656250 	 681.130920 
210 	 41.678688 	 283.323761 	 294.588440 	 2.056276 	 97572.148438 	 660.743774 
211 	 41.678688 	 283.323761 	 291.962830 	 2.169317 	 98035.453125 	 555.136841 
212 	 41.678688 	 283.323761 	 292.907196 	 2.508065 	 98406.898438 	 660.259216 
213 	 41.678688 	 283.323761 	 292.862518 	 1.887050 	 98149.312500 	 654.127258 
214 	 41.678688 	 283.323761 	 294.517914 	 1.328310 	 97976.328125 	 637.303467 
215 	 41.678688 	 283.323761 	 295.681915 	 1.306517 	 98281.953125 	 682.116211 
216 	 41.678688 	 283.323761 	 299.919342 	 1.732995 	 98404.117188 	 711.419800 
217 	 41.678688 	 283.323761 	 299.040527 	 2.703698 	 98317.398438 	 699.831116 
218 	 41.678688 	 283.323761 	 295.352386 	 2.899153 	 98662.726562 	 678.614136 
219 	 41.678688 	 283.323761 	 298.469025 	 3.483994 	 98610.468750 	 686.632568 
220 	 41.678688 	 283.323761 	 299.582123 	 4.120881 	 98350.257812 	 688.250366 
221 	 41.678688 	 283.323761 	 290.978638 	 3.251224 	 99064.710938 	 642.564270 
222 	 41.678688 	 283.323761 	 288.930542 	 2.133591 	 99255.046875 	 615.049927 
223 	 41.678688 	 283.323761 	 290.040924 	 1.157241 	 99080.781250 	 611.101013 
224 	 41.678688 	 283.323761 	 290.407440 	 3.008169 	 98862.523438 	 569.599121 
225 	 41.678688 	 283.323761 	 294.539825 	 5.316502 	 98729.882812 	 613.291809 
226 	 41.678688 	 283.323761 	 293.982056 	 2.304699 	 98653.546875 	 537.043884 
227 	 41.678688 	 283.323761 	 292.801788 	 2.002363 	 98845.101562 	 561.805176 
228 	 41.678688 	 283.323761 	 292.874817 	 2.630635 	 98749.937500 	 595.785889 
229 	 41.678688 	 283.323761 	 292.006836 	 1.210607 	 98334.687500 	 612.114502 
230 	 41.678688 	 283.323761 	 293.928680 	 2.123649 	 98381.406250 	 643.022827 
231 	 41.678688 	 283.323761 	 295.055023 	 2.394316 	 98739.187500 	 640.303833 
232 	 41.678688 	 283.323761 	 295.330261 	 2.166826 	 98761.171875 	 639.296692 
233 	 41.678688 	 283.323761 	 297.138458 	 1.841150 	 98545.703125 	 659.641724 
234 	 41.678688 	 283.323761 	 298.068848 	 1.277432 	 98861.210938 	 662.728027 
235 	 41.678688 	 283.323761 	 298.805634 	 0.799801 	 99273.140625 	 668.388306 
236 	 41.678688 	 283.323761 	 301.469086 	 2.372576 	 98898.390625 	 660.601318 
237 	 41.678688 	 283.323761 	 303.383545 	 2.214219 	 98731.453125 	 685.581177 
238 	 41.678688 	 283.323761 	 300.802673 	 1.003847 	 98770.820312 	 660.699829 
239 	 41.678688 	 283.323761 	 300.467133 	 2.160789 	 98623.429688 	 658.504150 
240 	 41.678688 	 283.323761 	 299.457611 	 3.693297 	 98238.453125 	 641.385620 
241 	 41.678688 	 283.323761 	 295.689301 	 3.948142 	 97621.726562 	 635.127563 
242 	 41.678688 	 283.323761 	 290.184784 	 2.073463 	 98519.726562 	 596.150757 
243 	 41.678688 	 283.323761 	 291.624176 	 2.519525 	 98974.460938 	 604.786743 
244 	 41.678688 	 283.323761 	 294.887085 	 4.143890 	 98413.601562 	 547.711426 
245 	 41.678688 	 283.323761 	 292.651459 	 1.552843 	 98756.617188 	 541.758972 
246 	 41.678688 	 283.323761 	 295.739746 	 2.818673 	 98439.968750 	 608.468994 
247 	 41.678688 	 283.323761 	 303.197327 	 2.917157 	 97849.742188 	 637.961792 
248 	 41.678688 	 283.323761 	 299.305115 	 1.934061 	 98188.101562 	 612.568115 
249 	 41.678688 	 283.323761 	 294.356293 	 3.933223 	 98384.531250 	 621.918701 
250 	 41.678688 	 283.323761 	 291.625916 	 1.203364 	 99376.703125 	 563.251160 
251 	 41.678688 	 283.323761 	 297.993225 	 4.141440 	 98998.882812 	 604.289734 
252 	 41.678688 	 283.323761 	 296.186951 	 3.015298 	 98803.703125 	 599.767334 
253 	 41.678688 	 283.323761 	 292.240540 	 1.520087 	 99239.453125 	 569.619385 
254 	 41.678688 	 283.323761 	 293.757629 	 4.184612 	 98844.000000 	 518.236328 
255 	 41.678688 	 283.323761 	 298.910309 	 2.994953 	 98542.039062 	 569.745117 
256 	 41.678688 	 283.323761 	 293.094757 	 2.615425 	 99234.453125 	 556.376587 
257 	 41.678688 	 283.323761 	 293.069550 	 3.026883 	 98964.921875 	 569.223511 
258 	 41.678688 	 283.323761 	 297.597534 	 2.891283 	 98195.359375 	 482.212646 
259 	 41.678688 	 283.323761 	 289.628510 	 2.628823 	 99161.007812 	 571.211060 
260 	 41.678688 	 283.323761 	 289.449280 	 2.553079 	 99756.992188 	 528.630920 
261 	 41.678688 	 283.323761 	 295.659271 	 3.977721 	 99459.750000 	 582.418701 
262 	 41.678688 	 283.323761 	 295.824860 	 1.312813 	 99404.718750 	 579.063721 
263 	 41.678688 	 283.323761 	 297.886658 	 3.203627 	 98860.132812 	 571.540527 
264 	 41.678688 	 283.323761 	 286.355072 	 3.065605 	 99712.976562 	 493.688477 
265 	 41.678688 	 283.323761 	 285.227936 	 2.828872 	 99879.226562 	 469.388367 
266 	 41.678688 	 283.323761 	 294.208191 	 3.703766 	 98988.710938 	 532.069580 
267 	 41.678688 	 283.323761 	 298.493774 	 2.507352 	 98717.000000 	 563.485962 
268 	 41.678688 	 283.323761 	 296.468872 	 2.372706 	 98821.789062 	 513.556885 
269 	 41.678688 	 283.323761 	 293.793762 	 2.432521 	 98598.828125 	 534.667847 
270 	 41.678688 	 283.323761 	 289.102020 	 1.561150 	 98872.750000 	 533.886108 
271 	 41.678688 	 283.323761 	 290.331390 	 3.541352 	 98346.890625 	 499.301178 
272 	 41.678688 	 283.323761 	 293.157501 	 2.284993 	 97335.617188 	 484.331146 
273 	 41.678688 	 283.323761 	 288.417023 	 1.782298 	 97262.539062 	 400.485962 
274 	 41.678688 	 283.323761 	 283.517487 	 3.501141 	 97324.406250 	 453.463379 
275 	 41.678688 	 283.323761 	 281.576965 	 2.601423 	 98369.257812 	 481.519470 
276 	 41.678688 	 283.323761 	 283.633331 	 3.682530 	 98436.351562 	 388.259491 
277 	 41.678688 	 283.323761 	 282.215973 	 4.215686 	 97437.500000 	 418.532593 
278 	 41.678688 	 283.323761 	 280.533936 	 2.864552 	 98221.476562 	 441.297485 
279 	 41.678688 	 283.323761 	 277.071808 	 1.782966 	 98742.890625 	 446.765869 
280 	 41.678688 	 283.323761 	 284.064301 	 3.300791 	 98153.140625 	 486.828247 
281 	 41.678688 	 283.323761 	 282.621124 	 1.869320 	 98696.562500 	 471.297974 
282 	 41.678688 	 283.323761 	 290.450256 	 4.041362 	 98629.320312 	 510.911804 
283 	 41.678688 	 283.323761 	 292.213470 	 3.541609 	 98130.953125 	 454.290222 
284 	 41.678688 	 283.323761 	 281.675568 	 2.079579 	 98414.601562 	 433.273254 
285 	 41.678688 	 283.323761 	 283.648407 	 4.124918 	 98282.523438 	 416.104736 
286 	 41.678688 	 283.323761 	 281.842804 	 3.235995 	 98280.562500 	 446.228577 
287 	 41.678688 	 283.323761 	 280.387085 	 2.990201 	 98876.726562 	 476.650848 
288 	 41.678688 	 283.323761 	 278.531372 	 1.710689 	 99555.546875 	 461.108032 
289 	 41.678688 	 283.323761 	 279.440033 	 3.013591 	 99524.289062 	 360.941956 
290 	 41.678688 	 283.323761 	 284.997955 	 1.949293 	 98723.921875 	 442.682068 
291 	 41.678688 	 283.323761 	 288.593140 	 4.382542 	 97931.117188 	 477.912109 
292 	 41.678688 	 283.323761 	 283.491974 	 4.052316 	 98197.992188 	 438.050049 
293 	 41.678688 	 283.323761 	 281.135559 	 2.094303 	 99068.453125 	 361.781921 
294 	 41.678688 	 283.323761 	 277.968933 	 1.928307 	 99709.859375 	 427.498718 
295 	 41.678688 	 283.323761 	 278.104279 	 1.021904 	 100313.398438 	 427.597778 
296 	 41.678688 	 283.323761 	 280.978973 	 2.277319 	 99673.296875 	 422.052368 
297 	 41.678688 	 283.323761 	 282.900574 	 2.489902 	 98951.257812 	 441.909576 
298 	 41.678688 	 283.323761 	 286.047058 	 3.411770 	 98749.773438 	 456.446320 
299 	 41.678688 	 283.323761 	 278.713776 	 2.312522 	 99997.726562 	 391.781372 
300 	 41.678688 	 283.323761 	 286.510742 	 3.729548 	 99690.367188 	 454.662964 
301 	 41.678688 	 283.323761 	 288.651733 	 3.289271 	 99182.226562 	 398.983032 
302 	 41.678688 	 283.323761 	 289.372284 	 1.935441 	 98276.242188 	 478.244293 
303 	 41.678688 	 283.323761 	 283.587097 	 4.212538 	 98505.062500 	 419.353302 
304 	 41.678688 	 283.323761 	 279.725891 	 2.153217 	 99555.898438 	 391.134521 
305 	 41.678688 	 283.323761 	 284.949219 	 4.535460 	 98728.203125 	 427.958313 
306 	 41.678688 	 283.323761 	 282.392120 	 3.296674 	 98872.718750 	 406.339111 
307 	 41.678688 	 283.323761 	 277.818268 	 2.261914 	 99494.117188 	 381.220551 
308 	 41.678688 	 283.323761 	 284.686157 	 4.211106 	 99037.617188 	 440.061768 
309 	 41.678688 	 283.323761 	 289.197235 	 3.306405 	 98441.109375 	 437.285461 
310 	 41.678688 	 283.323761 	 291.586182 	 2.927340 	 98445.328125 	 484.677734 
311 	 41.678688 	 283.323761 	 291.718811 	 3.683459 	 98021.023438 	 435.742798 
312 	 41.678688 	 283.323761 	 286.042542 	 3.181596 	 99131.500000 	 402.328735 
313 	 41.678688 	 283.323761 	 284.818817 	 4.754714 	 100061.898438 	 406.498779 
314 	 41.678688 	 283.323761 	 288.890656 	 5.526572 	 98666.750000 	 414.330353 
315 	 41.678688 	 283.323761 	 282.396729 	 4.200325 	 98084.273438 	 403.153259 
316 	 41.678688 	 283.323761 	 281.914581 	 1.614992 	 98820.570312 	 400.610107 
317 	 41.678688 	 283.323761 	 283.454681 	 4.651472 	 98942.359375 	 359.377625 
318 	 41.678688 	 283.323761 	 278.577026 	 0.928349 	 99320.617188 	 347.820007 
319 	 41.678688 	 283.323761 	 285.181519 	 2.574302 	 99550.593750 	 403.393250 
320 	 41.678688 	 283.323761 	 286.864349 	 2.683437 	 98900.796875 	 391.221649 
321 	 41.678688 	 283.323761 	 275.380493 	 2.626086 	 98769.046875 	 349.463989 
322 	 41.678688 	 283.323761 	 273.585083 	 4.339882 	 98159.703125 	 353.766449 
323 	 41.678688 	 283.323761 	 269.846344 	 3.311484 	 98735.617188 	 301.781799 
324 	 41.678688 	 283.323761 	 277.805878 	 5.384562 	 96723.906250 	 351.656891 
325 	 41.678688 	 283.323761 	 274.539520 	 3.146034 	 98309.531250 	 354.528931 
326 	 41.678688 	 283.323761 	 277.810303 	 5.588419 	 97629.453125 	 379.684875 
327 	 41.678688 	 283.323761 	 275.458710 	 4.193922 	 98286.796875 	 358.316528 
328 	 41.678688 	 283.323761 	 277.094269 	 3.468772 	 99024.843750 	 366.350403 
329 	 41.678688 	 283.323761 	 283.673553 	 4.158667 	 98060.546875 	 348.404816 
330 	 41.678688 	 283.323761 	 271.256592 	 4.566600 	 99483.007812 	 337.899261 
331 	 41.678688 	 283.323761 	 271.193146 	 2.549646 	 99998.812500 	 330.282867 
332 	 41.678688 	 283.323761 	 278.780762 	 4.670332 	 98879.203125 	 353.823273 
333 	 41.678688 	 283.323761 	 282.475922 	 0.944377 	 98269.828125 	 376.883698 
334 	 41.678688 	 283.323761 	 276.728851 	 2.376149 	 98539.601562 	 385.762970 
335 	 41.678688 	 283.323761 	 276.347382 	 4.089116 	 99502.367188 	 347.775085 
336 	 41.678688 	 283.323761 	 284.036346 	 3.535717 	 99134.890625 	 375.057892 
337 	 41.678688 	 283.323761 	 274.080780 	 3.548033 	 99201.023438 	 329.031494 
338 	 41.678688 	 283.323761 	 269.246887 	 3.300446 	 100537.796875 	 336.663513 
339 	 41.678688 	 283.323761 	 268.257599 	 1.355188 	 101035.398438 	 298.194672 
340 	 41.678688 	 283.323761 	 273.882935 	 2.615652 	 100486.101562 	 321.163086 
341 	 41.678688 	 283.323761 	 284.588928 	 4.500780 	 98679.132812 	 396.761169 
342 	 41.678688 	 283.323761 	 280.043335 	 2.320001 	 98007.773438 	 361.561859 
343 	 41.678688 	 283.323761 	 271.779968 	 3.951400 	 99106.203125 	 343.254700 
344 	 41.678688 	 283.323761 	 267.507019 	 2.053103 	 100328.398438 	 298.942566 
345 	 41.678688 	 283.323761 	 279.244598 	 5.436058 	 98409.671875 	 352.396637 
346 	 41.678688 	 283.323761 	 273.430328 	 4.235709 	 98682.343750 	 337.680359 
347 	 41.678688 	 283.323761 	 273.061157 	 3.519572 	 99935.601562 	 329.673889 
348 	 41.678688 	 283.323761 	 275.600983 	 2.388942 	 99779.296875 	 334.190125 
349 	 41.678688 	 283.323761 	 271.455597 	 0.744492 	 100005.500000 	 316.366943 
350 	 41.678688 	 283.323761 	 276.311920 	 4.010672 	 99646.703125 	 336.568573 
351 	 41.678688 	 283.323761 	 286.015289 	 5.629803 	 98147.796875 	 382.178467 
352 	 41.678688 	 283.323761 	 275.477905 	 4.541798 	 98035.859375 	 347.428284 
353 	 41.678688 	 283.323761 	 268.340729 	 3.923810 	 99719.312500 	 317.659515 
354 	 41.678688 	 283.323761 	 266.225128 	 2.240966 	 101325.000000 	 295.769501 
355 	 41.678688 	 283.323761 	 274.783722 	 5.129447 	 100278.398438 	 316.631409 
356 	 41.678688 	 283.323761 	 275.666351 	 5.219308 	 98212.851562 	 360.298920 
357 	 41.678688 	 283.323761 	 269.556641 	 2.873935 	 99496.718750 	 292.438080 
358 	 41.678688 	 283.323761 	 268.467865 	 2.763403 	 99636.242188 	 314.039062 
359 	 41.678688 	 283.323761 	 266.900543 	 2.446631 	 99844.109375 	 293.076569 
360 	 41.678688 	 283.323761 	 265.804230 	 1.374858 	 99949.226562 	 277.185120 
361 	 41.678688 	 283.323761 	 273.313385 	 3.989764 	 97680.742188 	 356.103119 
362 	 41.678688 	 283.323761 	 265.794800 	 3.721895 	 98238.531250 	 333.930267 
363 	 41.678688 	 283.323761 	 260.964630 	 1.006559 	 100190.398438 	 290.182861 
364 	 41.678688 	 283.323761 	 262.952484 	 2.313603 	 99683.500000 	 286.571808 
