# 0: Day of Year [-] 	 1: lat [deg] 	 2: lon [deg] 	 3: tas [K] 	 4: sfcWind [m s-1] 	 5: ps [Pa] 	 6: Total Downwelling Rad Flux [W m-2] 
0 	 41.678688 	 283.323761 	 272.901794 	 3.126572 	 98016.843750 	 297.633423 
1 	 41.678688 	 283.323761 	 274.821808 	 2.011112 	 98147.367188 	 312.128052 
2 	 41.678688 	 283.323761 	 273.558594 	 2.698330 	 98691.953125 	 359.536346 
3 	 41.678688 	 283.323761 	 271.931610 	 1.686280 	 99561.187500 	 345.951508 
4 	 41.678688 	 283.323761 	 274.381653 	 1.637102 	 99664.289062 	 351.843750 
5 	 41.678688 	 283.323761 	 275.353088 	 1.024086 	 98876.843750 	 354.223969 
6 	 41.678688 	 283.323761 	 273.329102 	 4.419629 	 98417.039062 	 349.082306 
7 	 41.678688 	 283.323761 	 270.592407 	 2.950202 	 99341.710938 	 349.151703 
8 	 41.678688 	 283.323761 	 270.154083 	 2.080631 	 99881.648438 	 315.022034 
9 	 41.678688 	 283.323761 	 272.424225 	 1.289910 	 99388.750000 	 334.077301 
10 	 41.678688 	 283.323761 	 273.883026 	 1.524027 	 98401.742188 	 301.676605 
11 	 41.678688 	 283.323761 	 272.972900 	 4.851556 	 96684.953125 	 373.390442 
12 	 41.678688 	 283.323761 	 265.095856 	 3.932824 	 98522.000000 	 302.178345 
13 	 41.678688 	 283.323761 	 264.321533 	 2.587317 	 99612.609375 	 268.818359 
14 	 41.678688 	 283.323761 	 268.876373 	 1.956518 	 99639.046875 	 321.012543 
15 	 41.678688 	 283.323761 	 272.704529 	 1.881078 	 99402.250000 	 365.079559 
16 	 41.678688 	 283.323761 	 273.889313 	 3.288642 	 98796.476562 	 340.859985 
17 	 41.678688 	 283.323761 	 276.654694 	 1.806787 	 98230.437500 	 363.362396 
18 	 41.678688 	 283.323761 	 274.251801 	 3.650483 	 97611.929688 	 350.748657 
19 	 41.678688 	 283.323761 	 274.726379 	 2.742988 	 98058.546875 	 356.648682 
20 	 41.678688 	 283.323761 	 273.764923 	 2.769803 	 98237.796875 	 364.759338 
21 	 41.678688 	 283.323761 	 273.357330 	 2.784864 	 98733.031250 	 349.886108 
22 	 41.678688 	 283.323761 	 278.662415 	 2.577152 	 98712.617188 	 364.525574 
23 	 41.678688 	 283.323761 	 275.515839 	 1.272370 	 99264.617188 	 371.354950 
24 	 41.678688 	 283.323761 	 277.495239 	 2.391657 	 98510.171875 	 356.520111 
25 	 41.678688 	 283.323761 	 277.415588 	 2.932783 	 98305.882812 	 399.335083 
26 	 41.678688 	 283.323761 	 272.362030 	 2.321908 	 99024.929688 	 329.104919 
27 	 41.678688 	 283.323761 	 274.971527 	 3.741848 	 97862.351562 	 371.450500 
28 	 41.678688 	 283.323761 	 270.576080 	 2.698011 	 98820.343750 	 356.915497 
29 	 41.678688 	 283.323761 	 271.427582 	 1.654992 	 98896.187500 	 319.666626 
30 	 41.678688 	 283.323761 	 272.826111 	 3.327480 	 98595.968750 	 390.436035 
31 	 41.678688 	 283.323761 	 273.239197 	 1.325996 	 99086.476562 	 348.944580 
32 	 41.678688 	 283.323761 	 277.105560 	 1.659340 	 98822.156250 	 380.452698 
33 	 41.678688 	 283.323761 	 277.384979 	 1.527890 	 98926.921875 	 359.808228 
34 	 41.678688 	 283.323761 	 280.895599 	 1.384633 	 98421.093750 	 348.524017 
35 	 41.678688 	 283.323761 	 280.241394 	 2.560334 	 97437.593750 	 420.840637 
36 	 41.678688 	 283.323761 	 274.552643 	 3.645989 	 97942.726562 	 401.007446 
37 	 41.678688 	 283.323761 	 271.343140 	 1.537278 	 98669.023438 	 313.977600 
38 	 41.678688 	 283.323761 	 272.643646 	 2.084652 	 99202.039062 	 408.443970 
39 	 41.678688 	 283.323761 	 270.207642 	 1.301878 	 99746.156250 	 327.737457 
40 	 41.678688 	 283.323761 	 274.574921 	 1.708775 	 99709.906250 	 403.484070 
41 	 41.678688 	 283.323761 	 278.540070 	 2.303082 	 99411.906250 	 396.083374 
42 	 41.678688 	 283.323761 	 283.480469 	 2.297208 	 99248.960938 	 447.071472 
43 	 41.678688 	 283.323761 	 281.989655 	 2.318696 	 99372.687500 	 438.667969 
44 	 41.678688 	 283.323761 	 281.567627 	 2.081512 	 98662.671875 	 380.743225 
45 	 41.678688 	 283.323761 	 279.513214 	 2.678196 	 99063.578125 	 416.680725 
46 	 41.678688 	 283.323761 	 276.614075 	 2.731153 	 99878.453125 	 442.921753 
47 	 41.678688 	 283.323761 	 275.500122 	 2.819352 	 99760.132812 	 401.983521 
48 	 41.678688 	 283.323761 	 277.052338 	 3.329916 	 98997.703125 	 406.617432 
49 	 41.678688 	 283.323761 	 280.482697 	 2.326121 	 98654.843750 	 433.011658 
50 	 41.678688 	 283.323761 	 276.514313 	 2.001185 	 98244.312500 	 336.879608 
51 	 41.678688 	 283.323761 	 274.670685 	 5.330927 	 97609.296875 	 440.568237 
52 	 41.678688 	 283.323761 	 272.739716 	 5.633367 	 97580.398438 	 426.507629 
53 	 41.678688 	 283.323761 	 272.460907 	 4.552380 	 98274.859375 	 403.209106 
54 	 41.678688 	 283.323761 	 274.313904 	 2.392115 	 99520.437500 	 424.093750 
55 	 41.678688 	 283.323761 	 275.909607 	 2.135482 	 99815.171875 	 430.934265 
56 	 41.678688 	 283.323761 	 280.447113 	 3.135826 	 99196.781250 	 393.767914 
57 	 41.678688 	 283.323761 	 281.128082 	 1.306482 	 99054.296875 	 461.342896 
58 	 41.678688 	 283.323761 	 280.603882 	 1.855451 	 99438.273438 	 464.924713 
59 	 41.678688 	 283.323761 	 284.177887 	 4.270407 	 98904.906250 	 383.378967 
60 	 41.678688 	 283.323761 	 283.015686 	 1.608817 	 98722.789062 	 485.611572 
61 	 41.678688 	 283.323761 	 281.089325 	 2.232595 	 98852.937500 	 456.620483 
62 	 41.678688 	 283.323761 	 282.363953 	 3.264112 	 98382.460938 	 494.029236 
63 	 41.678688 	 283.323761 	 274.795105 	 2.907049 	 98774.671875 	 323.224792 
64 	 41.678688 	 283.323761 	 282.416412 	 2.664453 	 98079.976562 	 490.573730 
65 	 41.678688 	 283.323761 	 285.113647 	 2.854458 	 97998.898438 	 479.662628 
66 	 41.678688 	 283.323761 	 281.959167 	 2.802494 	 97960.609375 	 476.333069 
67 	 41.678688 	 283.323761 	 279.517456 	 3.541976 	 98382.312500 	 463.431030 
68 	 41.678688 	 283.323761 	 281.012451 	 2.370304 	 98106.023438 	 414.961334 
69 	 41.678688 	 283.323761 	 280.481293 	 2.188854 	 97377.273438 	 395.653381 
70 	 41.678688 	 283.323761 	 277.204895 	 4.058670 	 97029.398438 	 439.139984 
71 	 41.678688 	 283.323761 	 273.054535 	 4.436249 	 97233.023438 	 456.156769 
72 	 41.678688 	 283.323761 	 271.545319 	 3.722293 	 98414.968750 	 447.182556 
73 	 41.678688 	 283.323761 	 272.494141 	 2.152816 	 99538.156250 	 342.549255 
74 	 41.678688 	 283.323761 	 276.869720 	 4.888740 	 99573.703125 	 358.023804 
75 	 41.678688 	 283.323761 	 280.333527 	 3.635651 	 97707.507812 	 487.890747 
76 	 41.678688 	 283.323761 	 278.646515 	 5.426103 	 97934.687500 	 477.674866 
77 	 41.678688 	 283.323761 	 279.638489 	 3.508104 	 99228.578125 	 527.561829 
78 	 41.678688 	 283.323761 	 280.739716 	 1.326389 	 99437.796875 	 503.081604 
79 	 41.678688 	 283.323761 	 288.955841 	 2.299563 	 98886.320312 	 518.151367 
80 	 41.678688 	 283.323761 	 287.598145 	 2.825232 	 98060.210938 	 510.539429 
81 	 41.678688 	 283.323761 	 282.745514 	 1.687625 	 97794.046875 	 491.740997 
82 	 41.678688 	 283.323761 	 284.263062 	 3.128828 	 98259.687500 	 556.295410 
83 	 41.678688 	 283.323761 	 283.336273 	 1.513485 	 98992.171875 	 524.673706 
84 	 41.678688 	 283.323761 	 285.023529 	 3.247099 	 99223.867188 	 490.916321 
85 	 41.678688 	 283.323761 	 288.857025 	 4.743223 	 98734.992188 	 563.473572 
86 	 41.678688 	 283.323761 	 290.585876 	 3.413067 	 98146.390625 	 483.671875 
87 	 41.678688 	 283.323761 	 279.582916 	 3.775577 	 98544.460938 	 488.015564 
88 	 41.678688 	 283.323761 	 279.227356 	 2.531446 	 99943.960938 	 521.098022 
89 	 41.678688 	 283.323761 	 279.175964 	 3.662894 	 100723.296875 	 481.673035 
90 	 41.678688 	 283.323761 	 283.104309 	 4.641443 	 99559.382812 	 430.747162 
91 	 41.678688 	 283.323761 	 279.810425 	 3.197949 	 98917.046875 	 436.856354 
92 	 41.678688 	 283.323761 	 279.442963 	 4.450331 	 99042.796875 	 481.325226 
93 	 41.678688 	 283.323761 	 281.935516 	 3.307924 	 98868.429688 	 553.650818 
94 	 41.678688 	 283.323761 	 282.461639 	 1.662988 	 99391.281250 	 547.916870 
95 	 41.678688 	 283.323761 	 285.586273 	 3.604568 	 99566.296875 	 523.938965 
96 	 41.678688 	 283.323761 	 281.577515 	 1.775825 	 98934.976562 	 514.329895 
97 	 41.678688 	 283.323761 	 280.200531 	 2.956452 	 98320.671875 	 513.258301 
98 	 41.678688 	 283.323761 	 277.432037 	 2.705014 	 98702.687500 	 463.415802 
99 	 41.678688 	 283.323761 	 278.554077 	 2.053373 	 98893.789062 	 548.622131 
100 	 41.678688 	 283.323761 	 282.503235 	 3.312840 	 98792.523438 	 581.905396 
101 	 41.678688 	 283.323761 	 278.073639 	 1.930304 	 99490.523438 	 537.446411 
102 	 41.678688 	 283.323761 	 281.873016 	 3.926674 	 99868.406250 	 514.049133 
103 	 41.678688 	 283.323761 	 290.086273 	 5.208660 	 98636.289062 	 509.131897 
104 	 41.678688 	 283.323761 	 289.096283 	 2.165703 	 99120.609375 	 509.010986 
105 	 41.678688 	 283.323761 	 290.811462 	 3.773869 	 98354.281250 	 464.820557 
106 	 41.678688 	 283.323761 	 286.082733 	 2.192248 	 98856.328125 	 571.649719 
107 	 41.678688 	 283.323761 	 289.498474 	 3.573199 	 98574.562500 	 487.682556 
108 	 41.678688 	 283.323761 	 293.053345 	 4.693757 	 97339.773438 	 509.040283 
109 	 41.678688 	 283.323761 	 284.700439 	 4.127211 	 97346.046875 	 578.821289 
110 	 41.678688 	 283.323761 	 286.074493 	 2.333390 	 98542.570312 	 592.166016 
111 	 41.678688 	 283.323761 	 289.739014 	 4.559056 	 98410.828125 	 554.505249 
112 	 41.678688 	 283.323761 	 285.593201 	 2.651037 	 98592.171875 	 596.097900 
113 	 41.678688 	 283.323761 	 285.644531 	 2.077075 	 98890.437500 	 570.516357 
114 	 41.678688 	 283.323761 	 281.997437 	 4.122128 	 98640.843750 	 383.048187 
115 	 41.678688 	 283.323761 	 277.881073 	 4.558668 	 97901.968750 	 389.071350 
116 	 41.678688 	 283.323761 	 282.498962 	 4.346409 	 98305.828125 	 606.347778 
117 	 41.678688 	 283.323761 	 281.704681 	 3.648350 	 98319.640625 	 579.861694 
118 	 41.678688 	 283.323761 	 282.221924 	 2.515187 	 98039.406250 	 419.987305 
119 	 41.678688 	 283.323761 	 284.414459 	 4.172645 	 97538.273438 	 552.412170 
120 	 41.678688 	 283.323761 	 282.739288 	 3.587195 	 97935.023438 	 450.552734 
121 	 41.678688 	 283.323761 	 281.558929 	 3.145897 	 98041.632812 	 514.820679 
122 	 41.678688 	 283.323761 	 283.082886 	 3.479337 	 98181.609375 	 557.372925 
123 	 41.678688 	 283.323761 	 284.328644 	 3.472201 	 98195.898438 	 562.175598 
124 	 41.678688 	 283.323761 	 286.369568 	 2.991176 	 98436.031250 	 628.731812 
125 	 41.678688 	 283.323761 	 286.824036 	 0.751335 	 98673.062500 	 618.672791 
126 	 41.678688 	 283.323761 	 289.732117 	 2.167094 	 98360.953125 	 476.864441 
127 	 41.678688 	 283.323761 	 286.628326 	 3.034295 	 98783.117188 	 508.866394 
128 	 41.678688 	 283.323761 	 286.888367 	 4.330455 	 99065.296875 	 517.352783 
129 	 41.678688 	 283.323761 	 289.497559 	 3.052079 	 98274.250000 	 511.233215 
130 	 41.678688 	 283.323761 	 287.744873 	 1.830808 	 98082.031250 	 522.109009 
131 	 41.678688 	 283.323761 	 288.560822 	 1.899926 	 98165.921875 	 591.851013 
132 	 41.678688 	 283.323761 	 288.738159 	 2.409292 	 98114.773438 	 477.431519 
133 	 41.678688 	 283.323761 	 286.225586 	 2.056662 	 97964.492188 	 455.237061 
134 	 41.678688 	 283.323761 	 284.202789 	 3.006259 	 97565.109375 	 459.218201 
135 	 41.678688 	 283.323761 	 285.584869 	 3.401415 	 97690.921875 	 584.258484 
136 	 41.678688 	 283.323761 	 287.525970 	 1.766749 	 98525.109375 	 623.055176 
137 	 41.678688 	 283.323761 	 291.312317 	 1.905670 	 98389.898438 	 567.629150 
138 	 41.678688 	 283.323761 	 294.903076 	 1.998025 	 97910.031250 	 625.941772 
139 	 41.678688 	 283.323761 	 291.207611 	 2.424383 	 97773.148438 	 633.186279 
140 	 41.678688 	 283.323761 	 289.773376 	 2.167742 	 97640.328125 	 598.750000 
141 	 41.678688 	 283.323761 	 289.750336 	 3.155562 	 98604.031250 	 686.868286 
142 	 41.678688 	 283.323761 	 289.155029 	 0.752342 	 99304.953125 	 651.327393 
143 	 41.678688 	 283.323761 	 291.835236 	 3.164927 	 99110.140625 	 669.458862 
144 	 41.678688 	 283.323761 	 293.252441 	 4.601732 	 98791.156250 	 670.046509 
145 	 41.678688 	 283.323761 	 296.384888 	 5.382313 	 98256.492188 	 677.354980 
146 	 41.678688 	 283.323761 	 293.851807 	 1.416855 	 98671.453125 	 697.774719 
147 	 41.678688 	 283.323761 	 294.042694 	 4.918619 	 98305.257812 	 669.007446 
148 	 41.678688 	 283.323761 	 287.196167 	 3.027042 	 98886.906250 	 651.235474 
149 	 41.678688 	 283.323761 	 288.726379 	 1.763901 	 98762.726562 	 664.036377 
150 	 41.678688 	 283.323761 	 291.249817 	 4.583714 	 98136.570312 	 579.538879 
151 	 41.678688 	 283.323761 	 286.863464 	 4.964595 	 97304.093750 	 646.186340 
152 	 41.678688 	 283.323761 	 282.037964 	 2.322586 	 98339.796875 	 528.896790 
153 	 41.678688 	 283.323761 	 281.784821 	 2.078803 	 98767.156250 	 539.755798 
154 	 41.678688 	 283.323761 	 288.343872 	 3.031029 	 98999.382812 	 549.565674 
155 	 41.678688 	 283.323761 	 296.818970 	 3.465006 	 98844.648438 	 662.319336 
156 	 41.678688 	 283.323761 	 297.214600 	 1.585989 	 98998.000000 	 724.017639 
157 	 41.678688 	 283.323761 	 301.293030 	 3.091258 	 98355.382812 	 732.129761 
158 	 41.678688 	 283.323761 	 297.904938 	 0.948857 	 98550.312500 	 719.693359 
159 	 41.678688 	 283.323761 	 299.578857 	 1.901559 	 98362.726562 	 713.740479 
160 	 41.678688 	 283.323761 	 299.863129 	 2.194341 	 98425.648438 	 733.957886 
161 	 41.678688 	 283.323761 	 301.395660 	 2.730401 	 98507.562500 	 731.971069 
162 	 41.678688 	 283.323761 	 301.124695 	 2.631978 	 98581.828125 	 678.722900 
163 	 41.678688 	 283.323761 	 300.872192 	 3.097620 	 98421.343750 	 695.374878 
164 	 41.678688 	 283.323761 	 295.076904 	 3.228213 	 98656.546875 	 726.199463 
165 	 41.678688 	 283.323761 	 291.532257 	 2.548728 	 99427.617188 	 683.848633 
166 	 41.678688 	 283.323761 	 292.004028 	 2.552741 	 99489.031250 	 637.296631 
167 	 41.678688 	 283.323761 	 299.938385 	 4.541938 	 98410.562500 	 680.998962 
168 	 41.678688 	 283.323761 	 302.166412 	 3.484415 	 98169.046875 	 733.399536 
169 	 41.678688 	 283.323761 	 300.696014 	 3.313798 	 98244.296875 	 680.363464 
170 	 41.678688 	 283.323761 	 300.459747 	 3.519525 	 97890.023438 	 734.119385 
171 	 41.678688 	 283.323761 	 297.005768 	 2.499287 	 98411.546875 	 711.518555 
172 	 41.678688 	 283.323761 	 295.973633 	 1.921044 	 98544.460938 	 628.401123 
173 	 41.678688 	 283.323761 	 298.681061 	 3.015667 	 98010.742188 	 722.840698 
174 	 41.678688 	 283.323761 	 295.138885 	 2.081351 	 98517.539062 	 617.394714 
175 	 41.678688 	 283.323761 	 295.717621 	 1.432970 	 98406.601562 	 673.198730 
176 	 41.678688 	 283.323761 	 298.805145 	 3.030482 	 98183.382812 	 724.787292 
177 	 41.678688 	 283.323761 	 298.400818 	 1.593068 	 98647.140625 	 722.637878 
178 	 41.678688 	 283.323761 	 299.663940 	 1.630878 	 98998.726562 	 733.842407 
179 	 41.678688 	 283.323761 	 304.675262 	 2.655460 	 98715.046875 	 758.948975 
180 	 41.678688 	 283.323761 	 305.330658 	 3.131055 	 98273.398438 	 753.343750 
181 	 41.678688 	 283.323761 	 303.491974 	 2.652167 	 97982.843750 	 718.093994 
182 	 41.678688 	 283.323761 	 296.608551 	 3.415349 	 98518.406250 	 730.566284 
183 	 41.678688 	 283.323761 	 296.735565 	 1.960106 	 99249.062500 	 707.194824 
184 	 41.678688 	 283.323761 	 295.939484 	 1.267516 	 99320.820312 	 705.967529 
185 	 41.678688 	 283.323761 	 299.390381 	 1.383690 	 98847.031250 	 714.717102 
186 	 41.678688 	 283.323761 	 300.540833 	 2.294364 	 98596.718750 	 728.312439 
187 	 41.678688 	 283.323761 	 300.690643 	 2.601234 	 98620.656250 	 721.933960 
188 	 41.678688 	 283.323761 	 302.866394 	 3.532292 	 98710.843750 	 742.959290 
189 	 41.678688 	 283.323761 	 302.962524 	 2.854732 	 98551.687500 	 724.947937 
190 	 41.678688 	 283.323761 	 300.276886 	 3.343975 	 98468.453125 	 656.674072 
191 	 41.678688 	 283.323761 	 296.758545 	 2.706566 	 98836.906250 	 705.825073 
192 	 41.678688 	 283.323761 	 296.545929 	 0.791311 	 98818.437500 	 679.993652 
193 	 41.678688 	 283.323761 	 299.036682 	 0.950175 	 98810.617188 	 671.721313 
194 	 41.678688 	 283.323761 	 302.351379 	 2.954230 	 98437.062500 	 701.577576 
195 	 41.678688 	 283.323761 	 304.119141 	 2.960239 	 97906.718750 	 703.372803 
196 	 41.678688 	 283.323761 	 302.940674 	 2.914390 	 97510.046875 	 726.208069 
197 	 41.678688 	 283.323761 	 295.047150 	 3.840547 	 97942.703125 	 708.808960 
198 	 41.678688 	 283.323761 	 293.714905 	 1.169451 	 98655.757812 	 678.197998 
199 	 41.678688 	 283.323761 	 296.511261 	 1.082937 	 99017.617188 	 705.293579 
200 	 41.678688 	 283.323761 	 300.953156 	 3.001435 	 98782.828125 	 729.423889 
201 	 41.678688 	 283.323761 	 303.088348 	 3.237940 	 98228.593750 	 736.923279 
202 	 41.678688 	 283.323761 	 299.508972 	 2.598897 	 97915.773438 	 628.172913 
203 	 41.678688 	 283.323761 	 296.871918 	 1.251791 	 97902.328125 	 701.915405 
204 	 41.678688 	 283.323761 	 298.043579 	 2.289607 	 97908.460938 	 636.397705 
205 	 41.678688 	 283.323761 	 294.551514 	 3.567966 	 97742.117188 	 675.912048 
206 	 41.678688 	 283.323761 	 292.029327 	 1.851886 	 98147.703125 	 660.781128 
207 	 41.678688 	 283.323761 	 294.169006 	 1.022608 	 98394.281250 	 670.081848 
208 	 41.678688 	 283.323761 	 294.839752 	 1.736984 	 98554.468750 	 643.015625 
209 	 41.678688 	 283.323761 	 295.259094 	 3.211697 	 98657.437500 	 689.320435 
210 	 41.678688 	 283.323761 	 295.557373 	 1.375455 	 98821.820312 	 684.828613 
211 	 41.678688 	 283.323761 	 296.184601 	 1.051656 	 98933.210938 	 694.169434 
212 	 41.678688 	 283.323761 	 298.709869 	 3.742767 	 99059.117188 	 672.221313 
213 	 41.678688 	 283.323761 	 299.268616 	 2.544387 	 98742.617188 	 711.877075 
214 	 41.678688 	 283.323761 	 298.373413 	 1.171553 	 98398.726562 	 621.584473 
215 	 41.678688 	 283.323761 	 299.344482 	 1.459298 	 98152.437500 	 657.561829 
216 	 41.678688 	 283.323761 	 297.245911 	 1.871318 	 98522.953125 	 687.287476 
217 	 41.678688 	 283.323761 	 299.949005 	 1.531176 	 98651.242188 	 693.297974 
218 	 41.678688 	 283.323761 	 303.829803 	 2.185804 	 98375.117188 	 710.472046 
219 	 41.678688 	 283.323761 	 302.784088 	 3.278643 	 98322.593750 	 695.396606 
220 	 41.678688 	 283.323761 	 295.602356 	 2.025002 	 99035.726562 	 654.596069 
221 	 41.678688 	 283.323761 	 297.653381 	 2.967919 	 98941.812500 	 630.977905 
222 	 41.678688 	 283.323761 	 300.024506 	 3.154868 	 98758.546875 	 697.482849 
223 	 41.678688 	 283.323761 	 299.919556 	 2.451868 	 98683.492188 	 607.219727 
224 	 41.678688 	 283.323761 	 301.579559 	 3.782172 	 98577.132812 	 647.668823 
225 	 41.678688 	 283.323761 	 302.537109 	 2.746648 	 98255.453125 	 614.036072 
226 	 41.678688 	 283.323761 	 296.855225 	 2.701334 	 98673.921875 	 669.668030 
227 	 41.678688 	 283.323761 	 297.248230 	 2.110589 	 98238.593750 	 628.420532 
228 	 41.678688 	 283.323761 	 298.110504 	 2.403464 	 97777.023438 	 509.696442 
229 	 41.678688 	 283.323761 	 298.277924 	 1.660333 	 98139.906250 	 566.244202 
230 	 41.678688 	 283.323761 	 298.297516 	 3.010595 	 98043.546875 	 600.583862 
231 	 41.678688 	 283.323761 	 297.036865 	 1.957686 	 98599.242188 	 668.131836 
232 	 41.678688 	 283.323761 	 295.809875 	 2.493687 	 99155.546875 	 622.689880 
233 	 41.678688 	 283.323761 	 293.102081 	 2.223013 	 99624.843750 	 637.479614 
234 	 41.678688 	 283.323761 	 294.435883 	 2.383444 	 99804.140625 	 653.391602 
235 	 41.678688 	 283.323761 	 298.527100 	 5.880960 	 98954.523438 	 664.564209 
236 	 41.678688 	 283.323761 	 298.634277 	 3.862799 	 98207.960938 	 528.986328 
237 	 41.678688 	 283.323761 	 289.521820 	 3.113714 	 99018.343750 	 614.780884 
238 	 41.678688 	 283.323761 	 289.965240 	 1.155755 	 99392.601562 	 605.611084 
239 	 41.678688 	 283.323761 	 293.622375 	 3.411664 	 98973.117188 	 621.207031 
240 	 41.678688 	 283.323761 	 295.973511 	 2.152318 	 98577.960938 	 600.805969 
241 	 41.678688 	 283.323761 	 296.666199 	 2.189044 	 98592.656250 	 538.030518 
242 	 41.678688 	 283.323761 	 298.297333 	 3.740557 	 98228.882812 	 538.773743 
243 	 41.678688 	 283.323761 	 294.990845 	 3.267655 	 98083.218750 	 602.111938 
244 	 41.678688 	 283.323761 	 289.962646 	 1.104859 	 99021.578125 	 487.997986 
245 	 41.678688 	 283.323761 	 296.113373 	 2.918559 	 99232.171875 	 599.577698 
246 	 41.678688 	 283.323761 	 301.180328 	 1.993996 	 99142.906250 	 643.025146 
247 	 41.678688 	 283.323761 	 299.186462 	 1.241115 	 99207.226562 	 609.859619 
248 	 41.678688 	 283.323761 	 300.307861 	 1.440106 	 98767.929688 	 638.150635 
249 	 41.678688 	 283.323761 	 301.034912 	 2.940652 	 98580.851562 	 634.122986 
250 	 41.678688 	 283.323761 	 294.749939 	 1.397708 	 99117.320312 	 588.606628 
251 	 41.678688 	 283.323761 	 300.013214 	 3.260101 	 99002.062500 	 612.119873 
252 	 41.678688 	 283.323761 	 300.095306 	 2.189681 	 98807.460938 	 556.634949 
253 	 41.678688 	 283.323761 	 298.014893 	 1.042480 	 99050.351562 	 628.095764 
254 	 41.678688 	 283.323761 	 299.393066 	 1.149857 	 99076.953125 	 552.580383 
255 	 41.678688 	 283.323761 	 299.076172 	 2.838442 	 98659.703125 	 633.180908 
256 	 41.678688 	 283.323761 	 297.895020 	 2.769498 	 98416.476562 	 599.004211 
257 	 41.678688 	 283.323761 	 290.599335 	 1.927662 	 99155.421875 	 575.604736 
258 	 41.678688 	 283.323761 	 291.037994 	 2.293227 	 99675.156250 	 571.197388 
259 	 41.678688 	 283.323761 	 296.487427 	 3.367761 	 99461.929688 	 603.289429 
260 	 41.678688 	 283.323761 	 299.434448 	 2.723562 	 99215.546875 	 589.951416 
261 	 41.678688 	 283.323761 	 299.551727 	 1.702251 	 99229.226562 	 592.490906 
262 	 41.678688 	 283.323761 	 298.015991 	 0.970928 	 99569.679688 	 599.793274 
263 	 41.678688 	 283.323761 	 299.354309 	 1.384181 	 99222.273438 	 584.753906 
264 	 41.678688 	 283.323761 	 298.557770 	 0.803406 	 99175.648438 	 596.292725 
265 	 41.678688 	 283.323761 	 299.659851 	 2.014841 	 99331.398438 	 592.848389 
266 	 41.678688 	 283.323761 	 299.043152 	 1.247425 	 99368.148438 	 533.901733 
267 	 41.678688 	 283.323761 	 298.849335 	 0.939811 	 99625.320312 	 582.892090 
268 	 41.678688 	 283.323761 	 298.025146 	 0.687342 	 99647.859375 	 570.418579 
269 	 41.678688 	 283.323761 	 296.019348 	 1.878565 	 100006.398438 	 557.808044 
270 	 41.678688 	 283.323761 	 296.720337 	 3.970051 	 99961.757812 	 578.791321 
271 	 41.678688 	 283.323761 	 298.938202 	 3.023349 	 99515.390625 	 544.507874 
272 	 41.678688 	 283.323761 	 298.824890 	 2.970233 	 99264.296875 	 566.549988 
273 	 41.678688 	 283.323761 	 296.800385 	 2.270218 	 98920.640625 	 562.137207 
274 	 41.678688 	 283.323761 	 295.813965 	 2.113177 	 98446.843750 	 552.193054 
275 	 41.678688 	 283.323761 	 293.996979 	 3.634008 	 97401.976562 	 511.132538 
276 	 41.678688 	 283.323761 	 286.570007 	 4.703755 	 97358.453125 	 515.198975 
277 	 41.678688 	 283.323761 	 287.187103 	 3.866036 	 97945.023438 	 511.048279 
278 	 41.678688 	 283.323761 	 288.312958 	 1.120350 	 99106.523438 	 512.489075 
279 	 41.678688 	 283.323761 	 292.397369 	 2.904739 	 99690.226562 	 505.678284 
280 	 41.678688 	 283.323761 	 294.803528 	 2.980254 	 99615.218750 	 538.330688 
281 	 41.678688 	 283.323761 	 295.276825 	 3.519251 	 98915.656250 	 472.377502 
282 	 41.678688 	 283.323761 	 284.968872 	 3.084805 	 99539.859375 	 478.940582 
283 	 41.678688 	 283.323761 	 282.253296 	 1.498901 	 99858.382812 	 409.612549 
284 	 41.678688 	 283.323761 	 287.368805 	 3.600930 	 99931.226562 	 469.012024 
285 	 41.678688 	 283.323761 	 292.206970 	 3.485420 	 100015.296875 	 507.992065 
286 	 41.678688 	 283.323761 	 293.327515 	 2.909620 	 100191.203125 	 476.771149 
287 	 41.678688 	 283.323761 	 293.108063 	 4.198363 	 99946.250000 	 456.170776 
288 	 41.678688 	 283.323761 	 289.896423 	 3.896655 	 99345.750000 	 498.913940 
289 	 41.678688 	 283.323761 	 283.774048 	 1.379178 	 99964.523438 	 460.906616 
290 	 41.678688 	 283.323761 	 283.493439 	 1.027854 	 99795.632812 	 461.266968 
291 	 41.678688 	 283.323761 	 282.768890 	 3.311103 	 99488.718750 	 446.916168 
292 	 41.678688 	 283.323761 	 275.794983 	 3.257218 	 100349.296875 	 446.637817 
293 	 41.678688 	 283.323761 	 274.531219 	 2.175610 	 100973.000000 	 395.055054 
294 	 41.678688 	 283.323761 	 283.326691 	 3.074057 	 100650.796875 	 454.017761 
295 	 41.678688 	 283.323761 	 287.072998 	 2.916056 	 100220.398438 	 424.347412 
296 	 41.678688 	 283.323761 	 290.897003 	 3.156811 	 99446.796875 	 490.901855 
297 	 41.678688 	 283.323761 	 288.362000 	 1.911437 	 99724.898438 	 465.164856 
298 	 41.678688 	 283.323761 	 287.997437 	 1.753364 	 99668.343750 	 400.940552 
299 	 41.678688 	 283.323761 	 286.447205 	 1.723670 	 99920.851562 	 468.387909 
300 	 41.678688 	 283.323761 	 289.163574 	 3.607722 	 99135.273438 	 429.396729 
301 	 41.678688 	 283.323761 	 289.404938 	 2.443645 	 98247.210938 	 435.699158 
302 	 41.678688 	 283.323761 	 287.868622 	 1.997361 	 98391.382812 	 461.105316 
303 	 41.678688 	 283.323761 	 287.731415 	 3.665257 	 97768.093750 	 388.741577 
304 	 41.678688 	 283.323761 	 277.767273 	 3.650954 	 98742.148438 	 409.097351 
305 	 41.678688 	 283.323761 	 280.555939 	 3.269453 	 99234.023438 	 431.746429 
306 	 41.678688 	 283.323761 	 282.820526 	 3.208257 	 98773.382812 	 350.874176 
307 	 41.678688 	 283.323761 	 278.471313 	 3.162506 	 99620.468750 	 429.832825 
308 	 41.678688 	 283.323761 	 276.977814 	 1.984221 	 99832.742188 	 404.604919 
309 	 41.678688 	 283.323761 	 283.462921 	 2.922352 	 99053.359375 	 412.730347 
310 	 41.678688 	 283.323761 	 283.393280 	 1.099463 	 99261.031250 	 428.396332 
311 	 41.678688 	 283.323761 	 285.571930 	 2.423838 	 99105.953125 	 417.891449 
312 	 41.678688 	 283.323761 	 286.672211 	 3.104683 	 99398.789062 	 390.606262 
313 	 41.678688 	 283.323761 	 290.439545 	 4.325423 	 98522.000000 	 441.996277 
314 	 41.678688 	 283.323761 	 281.188080 	 3.337737 	 98660.117188 	 414.584961 
315 	 41.678688 	 283.323761 	 278.587250 	 2.017849 	 99529.929688 	 384.512573 
316 	 41.678688 	 283.323761 	 282.634277 	 4.510762 	 99110.523438 	 367.705261 
317 	 41.678688 	 283.323761 	 287.181458 	 2.836048 	 98370.968750 	 444.400909 
318 	 41.678688 	 283.323761 	 282.936279 	 1.629439 	 99091.882812 	 404.176117 
319 	 41.678688 	 283.323761 	 284.853729 	 4.288239 	 99435.031250 	 390.783264 
320 	 41.678688 	 283.323761 	 285.090790 	 3.738986 	 99099.703125 	 447.606354 
321 	 41.678688 	 283.323761 	 275.319366 	 1.341903 	 99252.953125 	 353.566345 
322 	 41.678688 	 283.323761 	 276.917664 	 2.210852 	 99101.507812 	 367.212830 
323 	 41.678688 	 283.323761 	 282.079346 	 3.468171 	 99156.867188 	 385.150421 
324 	 41.678688 	 283.323761 	 283.846893 	 2.601405 	 99438.570312 	 401.311890 
325 	 41.678688 	 283.323761 	 287.707214 	 2.695012 	 99012.898438 	 415.078217 
326 	 41.678688 	 283.323761 	 289.369324 	 3.274755 	 98718.203125 	 443.384155 
327 	 41.678688 	 283.323761 	 289.631287 	 4.973558 	 98585.843750 	 426.145905 
328 	 41.678688 	 283.323761 	 283.311096 	 4.422127 	 97990.757812 	 412.918701 
329 	 41.678688 	 283.323761 	 277.809479 	 2.936526 	 99304.757812 	 313.347473 
330 	 41.678688 	 283.323761 	 279.400452 	 2.370405 	 99517.492188 	 380.648651 
331 	 41.678688 	 283.323761 	 275.162262 	 1.801027 	 100278.000000 	 340.923584 
332 	 41.678688 	 283.323761 	 282.093384 	 5.378455 	 99647.742188 	 355.111694 
333 	 41.678688 	 283.323761 	 287.590363 	 3.761833 	 98475.968750 	 382.024536 
334 	 41.678688 	 283.323761 	 282.684937 	 3.273223 	 98255.859375 	 406.890137 
335 	 41.678688 	 283.323761 	 277.390076 	 2.889373 	 99211.062500 	 313.633087 
336 	 41.678688 	 283.323761 	 282.977753 	 4.391985 	 98465.046875 	 378.419983 
337 	 41.678688 	 283.323761 	 272.603485 	 3.451403 	 98399.648438 	 324.334564 
338 	 41.678688 	 283.323761 	 269.920471 	 3.623276 	 99088.492188 	 320.376068 
339 	 41.678688 	 283.323761 	 268.065277 	 2.609602 	 99840.953125 	 307.340485 
340 	 41.678688 	 283.323761 	 271.857208 	 4.736115 	 98544.601562 	 319.245453 
341 	 41.678688 	 283.323761 	 266.244720 	 5.670392 	 97175.406250 	 314.021667 
342 	 41.678688 	 283.323761 	 271.983154 	 3.536350 	 97783.726562 	 335.453461 
343 	 41.678688 	 283.323761 	 272.477356 	 3.201638 	 98434.453125 	 348.580170 
344 	 41.678688 	 283.323761 	 267.112030 	 2.010139 	 99497.351562 	 300.163208 
345 	 41.678688 	 283.323761 	 267.447784 	 1.320844 	 99966.312500 	 308.622742 
346 	 41.678688 	 283.323761 	 268.980530 	 2.183596 	 99100.382812 	 329.354431 
347 	 41.678688 	 283.323761 	 268.171661 	 1.148324 	 97455.726562 	 297.797485 
348 	 41.678688 	 283.323761 	 270.856354 	 3.287096 	 96496.046875 	 318.348572 
349 	 41.678688 	 283.323761 	 269.063080 	 3.310244 	 97223.429688 	 302.647766 
350 	 41.678688 	 283.323761 	 267.311035 	 2.285468 	 97685.000000 	 298.334839 
351 	 41.678688 	 283.323761 	 267.191956 	 2.236286 	 97631.093750 	 294.527618 
352 	 41.678688 	 283.323761 	 267.169403 	 3.061651 	 98018.429688 	 331.637390 
353 	 41.678688 	 283.323761 	 267.985657 	 2.003471 	 98924.468750 	 298.914001 
354 	 41.678688 	 283.323761 	 271.335968 	 2.272342 	 99084.226562 	 315.832092 
355 	 41.678688 	 283.323761 	 270.607422 	 1.443215 	 99036.773438 	 348.659851 
356 	 41.678688 	 283.323761 	 269.734711 	 1.184757 	 99208.023438 	 295.437622 
357 	 41.678688 	 283.323761 	 271.602203 	 1.948945 	 98358.906250 	 340.723267 
358 	 41.678688 	 283.323761 	 270.745239 	 2.061010 	 97970.570312 	 302.944550 
359 	 41.678688 	 283.323761 	 271.870544 	 3.441797 	 96879.593750 	 305.573486 
360 	 41.678688 	 283.323761 	 269.056366 	 3.775097 	 97313.210938 	 304.790771 
361 	 41.678688 	 283.323761 	 270.196991 	 2.646897 	 98269.351562 	 314.149811 
362 	 41.678688 	 283.323761 	 269.654846 	 2.218588 	 99186.000000 	 315.298035 
363 	 41.678688 	 283.323761 	 271.480682 	 2.223412 	 99252.750000 	 327.351013 
364 	 41.678688 	 283.323761 	 273.555756 	 2.211056 	 98944.796875 	 330.232147 
