# 0: Day of Year [-] 	 1: lat [deg] 	 2: lon [deg] 	 3: tas [K] 	 4: sfcWind [m s-1] 	 5: ps [Pa] 	 6: Total Downwelling Rad Flux [W m-2] 
0 	 41.678688 	 283.323761 	 268.619476 	 1.954152 	 97646.812500 	 317.721375 
1 	 41.678688 	 283.323761 	 273.378662 	 2.995495 	 97155.296875 	 366.209198 
2 	 41.678688 	 283.323761 	 272.454163 	 1.691131 	 97386.523438 	 357.668701 
3 	 41.678688 	 283.323761 	 267.211273 	 0.800296 	 98021.750000 	 324.185883 
4 	 41.678688 	 283.323761 	 268.947205 	 1.444263 	 98039.906250 	 326.301941 
5 	 41.678688 	 283.323761 	 268.796173 	 2.979353 	 98204.000000 	 323.739105 
6 	 41.678688 	 283.323761 	 269.294464 	 2.385349 	 98947.453125 	 346.063934 
7 	 41.678688 	 283.323761 	 271.200989 	 3.427995 	 98455.820312 	 305.140869 
8 	 41.678688 	 283.323761 	 278.274506 	 3.533975 	 97460.812500 	 370.287994 
9 	 41.678688 	 283.323761 	 276.035645 	 3.962444 	 97320.546875 	 386.403046 
10 	 41.678688 	 283.323761 	 270.219025 	 1.252160 	 98477.617188 	 361.234863 
11 	 41.678688 	 283.323761 	 267.960144 	 1.071616 	 98107.273438 	 354.683685 
12 	 41.678688 	 283.323761 	 267.737793 	 1.123098 	 98152.968750 	 300.915955 
13 	 41.678688 	 283.323761 	 269.678711 	 2.368995 	 98733.593750 	 363.736755 
14 	 41.678688 	 283.323761 	 267.314148 	 1.602395 	 99441.078125 	 331.592346 
15 	 41.678688 	 283.323761 	 271.724274 	 2.440272 	 99330.867188 	 334.204590 
16 	 41.678688 	 283.323761 	 275.808472 	 3.164988 	 98597.921875 	 342.601624 
17 	 41.678688 	 283.323761 	 275.886688 	 2.467171 	 98229.093750 	 383.734955 
18 	 41.678688 	 283.323761 	 273.678619 	 2.666627 	 98267.726562 	 351.398529 
19 	 41.678688 	 283.323761 	 274.398407 	 2.978585 	 97967.648438 	 364.805939 
20 	 41.678688 	 283.323761 	 270.549835 	 2.965981 	 98743.906250 	 361.867859 
21 	 41.678688 	 283.323761 	 269.652679 	 2.068625 	 99041.726562 	 333.174805 
22 	 41.678688 	 283.323761 	 272.757690 	 2.179461 	 98907.367188 	 350.394562 
23 	 41.678688 	 283.323761 	 275.368011 	 2.470576 	 98584.210938 	 370.549133 
24 	 41.678688 	 283.323761 	 272.245697 	 1.948443 	 99617.898438 	 342.148407 
25 	 41.678688 	 283.323761 	 276.436951 	 3.791535 	 98708.851562 	 341.850739 
26 	 41.678688 	 283.323761 	 273.013794 	 2.144844 	 97783.882812 	 343.909241 
27 	 41.678688 	 283.323761 	 273.237793 	 3.927839 	 97995.882812 	 394.396912 
28 	 41.678688 	 283.323761 	 274.371613 	 3.102424 	 98758.656250 	 365.878906 
29 	 41.678688 	 283.323761 	 280.703339 	 4.000814 	 98420.406250 	 386.639740 
30 	 41.678688 	 283.323761 	 280.874573 	 2.563569 	 98238.523438 	 373.693604 
31 	 41.678688 	 283.323761 	 276.747437 	 1.118431 	 99082.281250 	 339.820831 
32 	 41.678688 	 283.323761 	 279.992401 	 2.374544 	 98950.593750 	 413.934753 
33 	 41.678688 	 283.323761 	 278.116333 	 3.174886 	 99377.773438 	 372.424591 
34 	 41.678688 	 283.323761 	 284.085724 	 5.279919 	 98350.179688 	 362.688019 
35 	 41.678688 	 283.323761 	 275.298279 	 5.392951 	 96582.382812 	 347.805023 
36 	 41.678688 	 283.323761 	 269.275635 	 5.170730 	 97636.640625 	 347.987274 
37 	 41.678688 	 283.323761 	 269.667572 	 3.544177 	 98919.453125 	 367.238129 
38 	 41.678688 	 283.323761 	 272.878387 	 2.757725 	 99416.843750 	 345.995087 
39 	 41.678688 	 283.323761 	 277.790924 	 2.203987 	 99120.796875 	 393.702087 
40 	 41.678688 	 283.323761 	 279.050934 	 2.001413 	 98659.289062 	 389.546265 
41 	 41.678688 	 283.323761 	 274.949310 	 2.529606 	 99113.757812 	 393.809692 
42 	 41.678688 	 283.323761 	 273.761963 	 1.075935 	 99959.250000 	 391.981934 
43 	 41.678688 	 283.323761 	 278.669250 	 3.803644 	 100148.898438 	 429.648132 
44 	 41.678688 	 283.323761 	 281.347931 	 4.762434 	 98823.687500 	 362.493164 
45 	 41.678688 	 283.323761 	 274.427460 	 4.060454 	 98612.421875 	 385.936432 
46 	 41.678688 	 283.323761 	 271.346008 	 4.382169 	 99468.796875 	 381.987915 
47 	 41.678688 	 283.323761 	 271.254120 	 1.847311 	 98992.898438 	 295.784637 
48 	 41.678688 	 283.323761 	 275.862183 	 3.967558 	 98275.023438 	 364.543152 
49 	 41.678688 	 283.323761 	 272.114532 	 2.866162 	 98454.523438 	 362.783722 
50 	 41.678688 	 283.323761 	 269.169861 	 3.389532 	 98608.773438 	 386.218414 
51 	 41.678688 	 283.323761 	 269.044952 	 2.458632 	 99156.062500 	 356.918457 
52 	 41.678688 	 283.323761 	 269.001526 	 2.282499 	 100043.000000 	 374.585938 
53 	 41.678688 	 283.323761 	 271.605072 	 1.113684 	 100556.898438 	 392.630554 
54 	 41.678688 	 283.323761 	 277.598175 	 2.420850 	 99731.226562 	 432.089508 
55 	 41.678688 	 283.323761 	 278.864166 	 1.988748 	 98827.031250 	 445.429993 
56 	 41.678688 	 283.323761 	 274.743134 	 1.984964 	 99335.906250 	 419.168091 
57 	 41.678688 	 283.323761 	 274.541412 	 2.324389 	 99645.468750 	 335.681396 
58 	 41.678688 	 283.323761 	 279.947937 	 3.695948 	 99582.882812 	 389.628113 
59 	 41.678688 	 283.323761 	 283.219482 	 2.116194 	 98896.242188 	 460.940643 
60 	 41.678688 	 283.323761 	 281.092377 	 2.132882 	 98714.296875 	 439.631531 
61 	 41.678688 	 283.323761 	 279.718903 	 1.985677 	 99062.820312 	 436.916809 
62 	 41.678688 	 283.323761 	 279.386749 	 2.107216 	 98296.312500 	 393.221588 
63 	 41.678688 	 283.323761 	 279.326965 	 4.137618 	 97064.140625 	 454.375702 
64 	 41.678688 	 283.323761 	 272.525543 	 5.018736 	 97643.398438 	 404.082397 
65 	 41.678688 	 283.323761 	 270.269623 	 4.089271 	 98676.757812 	 431.437927 
66 	 41.678688 	 283.323761 	 273.167175 	 1.204096 	 99270.453125 	 437.741760 
67 	 41.678688 	 283.323761 	 275.435547 	 1.634960 	 98831.968750 	 384.095398 
68 	 41.678688 	 283.323761 	 279.186615 	 3.041575 	 98680.500000 	 416.998962 
69 	 41.678688 	 283.323761 	 283.964233 	 2.486983 	 98193.593750 	 497.348511 
70 	 41.678688 	 283.323761 	 288.778961 	 2.654248 	 98534.679688 	 536.962952 
71 	 41.678688 	 283.323761 	 290.040741 	 5.620963 	 98154.203125 	 479.411987 
72 	 41.678688 	 283.323761 	 279.233154 	 4.715494 	 97073.039062 	 504.237549 
73 	 41.678688 	 283.323761 	 275.345581 	 4.077876 	 97823.367188 	 465.875305 
74 	 41.678688 	 283.323761 	 276.846405 	 2.731855 	 97728.203125 	 427.128265 
75 	 41.678688 	 283.323761 	 273.454895 	 3.126138 	 97851.296875 	 435.134033 
76 	 41.678688 	 283.323761 	 274.432465 	 2.514147 	 98435.210938 	 461.427521 
77 	 41.678688 	 283.323761 	 276.223663 	 1.877775 	 99074.242188 	 490.571503 
78 	 41.678688 	 283.323761 	 279.717438 	 5.083425 	 98374.921875 	 350.270142 
79 	 41.678688 	 283.323761 	 278.403015 	 2.632555 	 97053.718750 	 400.385925 
80 	 41.678688 	 283.323761 	 275.810120 	 4.133966 	 97177.718750 	 517.928650 
81 	 41.678688 	 283.323761 	 274.476685 	 2.892800 	 97584.437500 	 480.716553 
82 	 41.678688 	 283.323761 	 276.375397 	 2.755236 	 97627.976562 	 419.948547 
83 	 41.678688 	 283.323761 	 277.230988 	 2.578943 	 97997.726562 	 483.451111 
84 	 41.678688 	 283.323761 	 276.497345 	 1.567248 	 98098.031250 	 507.712097 
85 	 41.678688 	 283.323761 	 275.617828 	 2.181480 	 97503.281250 	 420.879425 
86 	 41.678688 	 283.323761 	 275.026001 	 3.635412 	 97717.570312 	 504.085297 
87 	 41.678688 	 283.323761 	 278.940948 	 5.063930 	 97424.171875 	 503.889465 
88 	 41.678688 	 283.323761 	 275.994324 	 2.472882 	 97984.640625 	 505.923370 
89 	 41.678688 	 283.323761 	 277.837860 	 3.704094 	 97991.242188 	 471.423492 
90 	 41.678688 	 283.323761 	 273.810822 	 3.814398 	 98540.351562 	 492.621460 
91 	 41.678688 	 283.323761 	 277.920258 	 2.357158 	 99136.882812 	 511.296356 
92 	 41.678688 	 283.323761 	 281.451782 	 1.868080 	 99302.273438 	 497.035156 
93 	 41.678688 	 283.323761 	 284.740143 	 2.004710 	 99092.468750 	 558.938904 
94 	 41.678688 	 283.323761 	 288.053864 	 3.325041 	 99144.437500 	 434.607727 
95 	 41.678688 	 283.323761 	 290.389069 	 3.786722 	 99289.468750 	 494.941833 
96 	 41.678688 	 283.323761 	 291.297638 	 3.070457 	 99356.367188 	 537.002441 
97 	 41.678688 	 283.323761 	 291.033478 	 2.985832 	 99512.609375 	 486.158691 
98 	 41.678688 	 283.323761 	 290.348938 	 3.116266 	 99532.796875 	 459.883484 
99 	 41.678688 	 283.323761 	 290.134308 	 2.762780 	 99067.726562 	 496.202759 
100 	 41.678688 	 283.323761 	 284.132507 	 2.344558 	 99475.140625 	 558.328979 
101 	 41.678688 	 283.323761 	 285.313416 	 3.013534 	 99829.453125 	 574.559448 
102 	 41.678688 	 283.323761 	 289.509216 	 4.023231 	 98823.789062 	 520.265625 
103 	 41.678688 	 283.323761 	 291.243042 	 3.385157 	 98003.703125 	 604.619324 
104 	 41.678688 	 283.323761 	 287.763977 	 2.753468 	 98287.882812 	 608.031738 
105 	 41.678688 	 283.323761 	 287.155975 	 2.187675 	 99345.648438 	 569.692627 
106 	 41.678688 	 283.323761 	 287.356903 	 2.858527 	 100014.101562 	 442.342133 
107 	 41.678688 	 283.323761 	 286.164795 	 2.580204 	 100027.203125 	 586.180054 
108 	 41.678688 	 283.323761 	 290.950928 	 3.011604 	 99236.531250 	 602.178162 
109 	 41.678688 	 283.323761 	 290.727753 	 2.834399 	 98417.250000 	 585.934204 
110 	 41.678688 	 283.323761 	 286.597626 	 2.290323 	 97725.710938 	 468.158020 
111 	 41.678688 	 283.323761 	 285.716278 	 3.857118 	 97981.906250 	 506.982147 
112 	 41.678688 	 283.323761 	 286.279755 	 1.512193 	 98712.007812 	 598.737671 
113 	 41.678688 	 283.323761 	 287.255035 	 0.812706 	 98790.023438 	 575.701355 
114 	 41.678688 	 283.323761 	 290.578003 	 0.890436 	 98969.140625 	 627.446045 
115 	 41.678688 	 283.323761 	 293.212830 	 2.684113 	 98789.546875 	 637.847046 
116 	 41.678688 	 283.323761 	 288.089233 	 3.151450 	 98241.976562 	 600.637756 
117 	 41.678688 	 283.323761 	 281.602570 	 2.068131 	 98098.296875 	 476.073853 
118 	 41.678688 	 283.323761 	 278.181824 	 3.850550 	 98204.937500 	 520.731323 
119 	 41.678688 	 283.323761 	 279.965027 	 2.151874 	 98918.390625 	 495.331177 
120 	 41.678688 	 283.323761 	 284.431610 	 2.919644 	 98540.929688 	 479.007721 
121 	 41.678688 	 283.323761 	 284.586517 	 2.323537 	 98055.773438 	 625.781128 
122 	 41.678688 	 283.323761 	 280.397369 	 1.820533 	 98578.421875 	 533.522461 
123 	 41.678688 	 283.323761 	 277.920959 	 1.263436 	 98621.718750 	 478.660217 
124 	 41.678688 	 283.323761 	 280.763824 	 2.066966 	 98604.960938 	 585.466187 
125 	 41.678688 	 283.323761 	 280.822235 	 1.355952 	 98933.406250 	 584.781311 
126 	 41.678688 	 283.323761 	 287.134766 	 2.667500 	 99114.906250 	 607.356934 
127 	 41.678688 	 283.323761 	 289.472870 	 4.441979 	 98892.906250 	 515.371033 
128 	 41.678688 	 283.323761 	 292.425385 	 5.509045 	 98317.710938 	 636.813965 
129 	 41.678688 	 283.323761 	 290.311371 	 3.494944 	 98026.507812 	 623.956604 
130 	 41.678688 	 283.323761 	 283.284637 	 2.153415 	 98915.468750 	 594.386780 
131 	 41.678688 	 283.323761 	 282.437927 	 2.043135 	 99265.312500 	 364.547638 
132 	 41.678688 	 283.323761 	 286.282684 	 3.625511 	 98388.351562 	 435.629547 
133 	 41.678688 	 283.323761 	 287.057404 	 1.791532 	 98398.531250 	 591.101746 
134 	 41.678688 	 283.323761 	 286.927521 	 1.283220 	 98789.140625 	 412.200897 
135 	 41.678688 	 283.323761 	 289.096008 	 1.636316 	 98947.281250 	 623.737244 
136 	 41.678688 	 283.323761 	 289.598267 	 1.560802 	 98998.859375 	 586.699585 
137 	 41.678688 	 283.323761 	 288.925720 	 2.831287 	 99250.539062 	 643.444214 
138 	 41.678688 	 283.323761 	 286.911652 	 4.380564 	 99593.390625 	 422.241699 
139 	 41.678688 	 283.323761 	 285.456482 	 4.834295 	 99386.523438 	 450.109467 
140 	 41.678688 	 283.323761 	 287.330414 	 2.595092 	 98908.632812 	 567.971619 
141 	 41.678688 	 283.323761 	 287.302887 	 0.602551 	 98246.296875 	 609.826111 
142 	 41.678688 	 283.323761 	 289.756897 	 2.291991 	 97691.101562 	 534.687622 
143 	 41.678688 	 283.323761 	 287.524170 	 6.341349 	 96595.882812 	 468.295868 
144 	 41.678688 	 283.323761 	 291.281006 	 5.374959 	 97571.859375 	 631.779541 
145 	 41.678688 	 283.323761 	 290.216827 	 3.726673 	 98605.632812 	 658.936401 
146 	 41.678688 	 283.323761 	 290.143219 	 1.639558 	 99440.140625 	 662.092285 
147 	 41.678688 	 283.323761 	 291.673157 	 2.081496 	 99416.851562 	 675.672607 
148 	 41.678688 	 283.323761 	 295.244171 	 4.030529 	 98927.546875 	 691.069580 
149 	 41.678688 	 283.323761 	 296.347534 	 4.394017 	 98424.843750 	 696.998840 
150 	 41.678688 	 283.323761 	 293.483124 	 2.757834 	 98050.039062 	 548.201843 
151 	 41.678688 	 283.323761 	 290.575043 	 2.013014 	 98414.609375 	 600.414490 
152 	 41.678688 	 283.323761 	 287.988525 	 2.078269 	 98320.453125 	 419.656616 
153 	 41.678688 	 283.323761 	 291.032593 	 4.072073 	 97937.320312 	 645.906372 
154 	 41.678688 	 283.323761 	 289.520325 	 3.121161 	 98186.031250 	 584.146912 
155 	 41.678688 	 283.323761 	 290.333435 	 2.881356 	 98400.429688 	 535.022949 
156 	 41.678688 	 283.323761 	 292.499695 	 2.298316 	 98365.640625 	 693.061768 
157 	 41.678688 	 283.323761 	 288.985199 	 1.976187 	 98811.078125 	 611.955444 
158 	 41.678688 	 283.323761 	 290.370575 	 3.561491 	 98887.156250 	 673.192810 
159 	 41.678688 	 283.323761 	 298.631195 	 4.680697 	 98370.843750 	 647.942627 
160 	 41.678688 	 283.323761 	 291.797485 	 1.536508 	 99247.968750 	 573.786194 
161 	 41.678688 	 283.323761 	 296.397827 	 2.645059 	 99300.976562 	 697.553345 
162 	 41.678688 	 283.323761 	 298.777222 	 2.989573 	 98842.437500 	 713.155640 
163 	 41.678688 	 283.323761 	 298.098328 	 3.056648 	 98811.703125 	 680.540771 
164 	 41.678688 	 283.323761 	 296.481964 	 2.231344 	 98901.101562 	 550.728882 
165 	 41.678688 	 283.323761 	 295.943665 	 1.875096 	 98805.851562 	 690.536194 
166 	 41.678688 	 283.323761 	 298.149841 	 2.864225 	 98302.500000 	 681.905884 
167 	 41.678688 	 283.323761 	 298.916687 	 3.562653 	 98103.343750 	 722.782593 
168 	 41.678688 	 283.323761 	 297.069763 	 1.190786 	 98497.421875 	 713.914917 
169 	 41.678688 	 283.323761 	 299.435089 	 1.393652 	 98682.703125 	 734.746704 
170 	 41.678688 	 283.323761 	 299.603790 	 1.822150 	 98939.218750 	 702.672546 
171 	 41.678688 	 283.323761 	 299.874023 	 3.514328 	 98730.726562 	 728.240356 
172 	 41.678688 	 283.323761 	 299.260712 	 3.788464 	 98462.273438 	 715.326599 
173 	 41.678688 	 283.323761 	 299.625397 	 1.659058 	 98475.828125 	 649.957458 
174 	 41.678688 	 283.323761 	 299.057739 	 1.993793 	 98717.656250 	 633.857422 
175 	 41.678688 	 283.323761 	 298.739288 	 3.784318 	 98566.968750 	 737.161621 
176 	 41.678688 	 283.323761 	 290.941315 	 4.833408 	 99124.851562 	 688.306519 
177 	 41.678688 	 283.323761 	 291.106750 	 2.005370 	 99654.843750 	 624.964661 
178 	 41.678688 	 283.323761 	 289.742493 	 2.252018 	 99566.953125 	 474.450623 
179 	 41.678688 	 283.323761 	 290.091187 	 1.690335 	 99578.906250 	 469.147888 
180 	 41.678688 	 283.323761 	 293.954590 	 1.786183 	 99207.437500 	 628.816162 
181 	 41.678688 	 283.323761 	 297.176727 	 1.927631 	 98825.109375 	 710.147522 
182 	 41.678688 	 283.323761 	 296.255859 	 1.011920 	 98848.421875 	 669.238770 
183 	 41.678688 	 283.323761 	 294.629333 	 1.985670 	 98444.656250 	 556.866943 
184 	 41.678688 	 283.323761 	 294.124451 	 3.250924 	 97791.343750 	 656.919189 
185 	 41.678688 	 283.323761 	 294.312012 	 2.665102 	 97993.046875 	 672.888550 
186 	 41.678688 	 283.323761 	 296.114746 	 3.014594 	 98117.343750 	 667.972778 
187 	 41.678688 	 283.323761 	 294.510712 	 2.688655 	 98641.843750 	 696.237244 
188 	 41.678688 	 283.323761 	 294.314636 	 0.869065 	 99075.320312 	 687.221130 
189 	 41.678688 	 283.323761 	 300.325745 	 2.720423 	 98790.859375 	 705.601196 
190 	 41.678688 	 283.323761 	 300.024109 	 2.440958 	 98471.882812 	 665.579468 
191 	 41.678688 	 283.323761 	 297.559143 	 1.240546 	 98819.953125 	 700.685547 
192 	 41.678688 	 283.323761 	 301.039581 	 1.308503 	 98702.117188 	 742.307678 
193 	 41.678688 	 283.323761 	 301.621704 	 2.325899 	 98543.867188 	 729.802246 
194 	 41.678688 	 283.323761 	 299.851654 	 1.974405 	 98289.460938 	 736.724365 
195 	 41.678688 	 283.323761 	 300.747040 	 2.349251 	 98299.296875 	 707.617310 
196 	 41.678688 	 283.323761 	 301.695038 	 2.613456 	 98240.726562 	 733.277283 
197 	 41.678688 	 283.323761 	 300.627380 	 3.243442 	 98071.523438 	 689.563049 
198 	 41.678688 	 283.323761 	 298.731018 	 2.093020 	 98323.671875 	 670.741577 
199 	 41.678688 	 283.323761 	 295.559357 	 2.385159 	 99014.046875 	 694.258057 
200 	 41.678688 	 283.323761 	 295.718628 	 1.225373 	 99390.609375 	 689.907471 
201 	 41.678688 	 283.323761 	 299.716797 	 3.673238 	 98960.078125 	 707.342529 
202 	 41.678688 	 283.323761 	 300.005463 	 3.394120 	 98465.359375 	 720.901733 
203 	 41.678688 	 283.323761 	 298.874512 	 3.338813 	 98207.476562 	 683.016296 
204 	 41.678688 	 283.323761 	 295.715179 	 4.650566 	 97737.093750 	 517.629028 
205 	 41.678688 	 283.323761 	 290.184296 	 3.804175 	 98275.703125 	 660.770508 
206 	 41.678688 	 283.323761 	 290.246368 	 0.930339 	 99015.023438 	 635.931519 
207 	 41.678688 	 283.323761 	 294.776917 	 2.881756 	 99234.359375 	 674.027100 
208 	 41.678688 	 283.323761 	 298.211090 	 3.798029 	 98867.476562 	 611.256836 
209 	 41.678688 	 283.323761 	 297.119812 	 2.082983 	 98818.343750 	 578.631470 
210 	 41.678688 	 283.323761 	 295.733002 	 1.731785 	 99009.640625 	 599.428406 
211 	 41.678688 	 283.323761 	 297.289368 	 3.211732 	 98617.062500 	 699.626770 
212 	 41.678688 	 283.323761 	 295.708344 	 3.586990 	 98313.640625 	 595.966492 
213 	 41.678688 	 283.323761 	 291.141815 	 4.293584 	 98449.312500 	 615.762207 
214 	 41.678688 	 283.323761 	 291.058899 	 2.496599 	 98893.960938 	 650.763245 
215 	 41.678688 	 283.323761 	 292.655853 	 1.197149 	 99345.046875 	 644.988647 
216 	 41.678688 	 283.323761 	 294.211578 	 1.977941 	 99534.179688 	 564.926880 
217 	 41.678688 	 283.323761 	 295.890015 	 2.846687 	 99316.953125 	 567.877075 
218 	 41.678688 	 283.323761 	 296.859192 	 2.416019 	 98915.546875 	 645.168884 
219 	 41.678688 	 283.323761 	 297.510529 	 2.503580 	 98350.406250 	 661.342468 
220 	 41.678688 	 283.323761 	 296.534576 	 1.560062 	 98292.976562 	 676.624207 
221 	 41.678688 	 283.323761 	 298.734009 	 3.289542 	 97913.250000 	 645.733215 
222 	 41.678688 	 283.323761 	 296.160919 	 1.325864 	 98343.890625 	 558.615173 
223 	 41.678688 	 283.323761 	 293.559814 	 3.009611 	 98379.531250 	 641.606445 
224 	 41.678688 	 283.323761 	 295.920197 	 2.960882 	 98346.000000 	 638.890259 
225 	 41.678688 	 283.323761 	 298.186798 	 4.321064 	 97499.898438 	 690.116943 
226 	 41.678688 	 283.323761 	 293.813934 	 4.647725 	 97729.140625 	 600.353882 
227 	 41.678688 	 283.323761 	 293.875671 	 2.870219 	 98555.960938 	 658.477051 
228 	 41.678688 	 283.323761 	 293.841339 	 1.338862 	 98900.976562 	 629.942017 
229 	 41.678688 	 283.323761 	 294.720490 	 0.836390 	 99205.601562 	 616.238892 
230 	 41.678688 	 283.323761 	 297.625702 	 2.159929 	 99436.632812 	 670.822571 
231 	 41.678688 	 283.323761 	 297.429871 	 3.776248 	 99175.710938 	 663.918274 
232 	 41.678688 	 283.323761 	 296.180237 	 3.523006 	 98852.656250 	 650.059204 
233 	 41.678688 	 283.323761 	 297.745728 	 3.482087 	 98725.523438 	 671.447754 
234 	 41.678688 	 283.323761 	 298.508270 	 3.078040 	 98711.539062 	 511.172791 
235 	 41.678688 	 283.323761 	 297.345062 	 2.051259 	 99234.960938 	 572.726257 
236 	 41.678688 	 283.323761 	 295.239502 	 2.102619 	 99651.437500 	 628.790222 
237 	 41.678688 	 283.323761 	 294.914825 	 1.740010 	 99599.578125 	 561.007690 
238 	 41.678688 	 283.323761 	 294.392151 	 0.614620 	 99133.453125 	 626.885498 
239 	 41.678688 	 283.323761 	 295.492615 	 0.861581 	 98883.562500 	 642.607422 
240 	 41.678688 	 283.323761 	 296.890991 	 0.858656 	 98687.453125 	 655.874146 
241 	 41.678688 	 283.323761 	 294.985718 	 1.621325 	 98912.281250 	 590.773743 
242 	 41.678688 	 283.323761 	 295.480194 	 3.650391 	 98955.773438 	 576.445312 
243 	 41.678688 	 283.323761 	 296.564972 	 3.465436 	 98463.546875 	 654.409363 
244 	 41.678688 	 283.323761 	 293.096222 	 1.875575 	 98663.523438 	 613.565247 
245 	 41.678688 	 283.323761 	 293.307007 	 1.236747 	 98738.273438 	 595.277222 
246 	 41.678688 	 283.323761 	 301.587463 	 1.997317 	 98569.906250 	 607.172791 
247 	 41.678688 	 283.323761 	 302.605286 	 2.253722 	 98628.757812 	 641.883240 
248 	 41.678688 	 283.323761 	 298.272308 	 0.779963 	 98902.359375 	 574.025146 
249 	 41.678688 	 283.323761 	 298.985291 	 1.757357 	 98846.492188 	 631.160767 
250 	 41.678688 	 283.323761 	 294.081421 	 2.606750 	 99070.710938 	 618.487488 
251 	 41.678688 	 283.323761 	 289.015930 	 0.986425 	 99359.500000 	 482.214020 
252 	 41.678688 	 283.323761 	 289.638672 	 2.120909 	 98952.703125 	 583.180725 
253 	 41.678688 	 283.323761 	 291.227112 	 2.523809 	 98895.476562 	 574.581116 
254 	 41.678688 	 283.323761 	 286.788300 	 1.197765 	 99408.781250 	 550.843018 
255 	 41.678688 	 283.323761 	 292.556152 	 3.295335 	 98987.703125 	 495.827515 
256 	 41.678688 	 283.323761 	 291.580322 	 3.869804 	 98612.656250 	 548.179199 
257 	 41.678688 	 283.323761 	 284.678223 	 2.003153 	 99602.476562 	 537.889832 
258 	 41.678688 	 283.323761 	 287.637115 	 4.117568 	 98778.710938 	 420.293671 
259 	 41.678688 	 283.323761 	 284.615997 	 3.189284 	 98882.453125 	 468.408569 
260 	 41.678688 	 283.323761 	 284.371307 	 2.000289 	 98993.093750 	 539.841492 
261 	 41.678688 	 283.323761 	 285.892731 	 0.845802 	 99321.250000 	 533.618469 
262 	 41.678688 	 283.323761 	 288.506226 	 2.800535 	 99689.296875 	 558.590576 
263 	 41.678688 	 283.323761 	 292.353149 	 4.240292 	 99142.398438 	 514.831299 
264 	 41.678688 	 283.323761 	 297.357819 	 3.010261 	 98720.820312 	 584.721313 
265 	 41.678688 	 283.323761 	 296.137115 	 3.439103 	 98072.000000 	 582.518860 
266 	 41.678688 	 283.323761 	 289.909454 	 2.821517 	 98248.023438 	 550.375427 
267 	 41.678688 	 283.323761 	 286.781616 	 1.212256 	 99191.046875 	 532.653625 
268 	 41.678688 	 283.323761 	 290.899017 	 3.443530 	 99087.921875 	 484.601959 
269 	 41.678688 	 283.323761 	 295.939880 	 3.937747 	 98652.257812 	 601.187195 
270 	 41.678688 	 283.323761 	 295.614044 	 3.571612 	 98814.843750 	 565.306641 
271 	 41.678688 	 283.323761 	 294.122559 	 3.689632 	 98644.671875 	 494.525452 
272 	 41.678688 	 283.323761 	 287.306671 	 2.614466 	 98549.726562 	 481.722260 
273 	 41.678688 	 283.323761 	 284.488464 	 2.943496 	 98917.609375 	 454.514526 
274 	 41.678688 	 283.323761 	 281.164429 	 1.742359 	 99716.851562 	 473.565704 
275 	 41.678688 	 283.323761 	 286.344269 	 3.251832 	 99448.460938 	 520.239563 
276 	 41.678688 	 283.323761 	 288.693542 	 3.639317 	 99188.976562 	 472.723511 
277 	 41.678688 	 283.323761 	 288.138702 	 5.042362 	 98343.726562 	 477.471375 
278 	 41.678688 	 283.323761 	 279.438263 	 3.287901 	 99601.687500 	 444.428528 
279 	 41.678688 	 283.323761 	 280.331665 	 1.493191 	 100228.203125 	 500.897125 
280 	 41.678688 	 283.323761 	 280.622162 	 4.158021 	 100156.398438 	 374.207489 
281 	 41.678688 	 283.323761 	 287.653656 	 3.389822 	 99553.296875 	 484.216705 
282 	 41.678688 	 283.323761 	 292.516296 	 3.262614 	 99357.109375 	 510.187073 
283 	 41.678688 	 283.323761 	 292.247925 	 3.627241 	 99041.976562 	 467.718018 
284 	 41.678688 	 283.323761 	 293.561951 	 4.343449 	 98861.523438 	 520.436768 
285 	 41.678688 	 283.323761 	 287.001862 	 1.495995 	 99026.437500 	 409.649506 
286 	 41.678688 	 283.323761 	 282.633057 	 1.165723 	 99309.156250 	 464.801514 
287 	 41.678688 	 283.323761 	 284.635651 	 3.396695 	 99311.093750 	 439.686676 
288 	 41.678688 	 283.323761 	 290.792511 	 3.678051 	 98962.296875 	 427.222992 
289 	 41.678688 	 283.323761 	 290.217072 	 3.571823 	 97564.640625 	 469.677490 
290 	 41.678688 	 283.323761 	 283.336121 	 4.314361 	 97423.906250 	 433.443420 
291 	 41.678688 	 283.323761 	 282.247650 	 2.695660 	 98409.523438 	 426.664490 
292 	 41.678688 	 283.323761 	 282.412659 	 2.506023 	 98687.039062 	 462.244019 
293 	 41.678688 	 283.323761 	 283.102020 	 2.302553 	 99305.148438 	 467.657654 
294 	 41.678688 	 283.323761 	 281.712250 	 2.995082 	 99951.007812 	 442.512756 
295 	 41.678688 	 283.323761 	 287.671722 	 2.380259 	 99584.031250 	 456.298004 
296 	 41.678688 	 283.323761 	 283.382477 	 1.980580 	 100038.796875 	 421.985443 
297 	 41.678688 	 283.323761 	 282.919434 	 2.849408 	 100611.796875 	 419.127625 
298 	 41.678688 	 283.323761 	 286.428009 	 4.082038 	 100106.703125 	 395.120178 
299 	 41.678688 	 283.323761 	 289.008453 	 5.161410 	 98394.531250 	 409.378052 
300 	 41.678688 	 283.323761 	 281.162750 	 2.701543 	 99168.843750 	 455.698303 
301 	 41.678688 	 283.323761 	 279.462982 	 0.706066 	 100246.601562 	 384.728943 
302 	 41.678688 	 283.323761 	 283.131653 	 3.261001 	 100146.398438 	 436.527283 
303 	 41.678688 	 283.323761 	 289.175751 	 3.553518 	 99316.906250 	 466.576202 
304 	 41.678688 	 283.323761 	 288.945496 	 2.028816 	 98830.976562 	 479.670807 
305 	 41.678688 	 283.323761 	 282.043701 	 1.370611 	 99161.609375 	 411.212158 
306 	 41.678688 	 283.323761 	 282.744507 	 2.192561 	 99170.078125 	 402.469849 
307 	 41.678688 	 283.323761 	 277.990784 	 0.654214 	 99654.492188 	 390.041809 
308 	 41.678688 	 283.323761 	 281.096832 	 2.652935 	 99700.812500 	 401.618103 
309 	 41.678688 	 283.323761 	 284.735474 	 1.914471 	 99444.296875 	 411.944885 
310 	 41.678688 	 283.323761 	 285.440918 	 1.627091 	 99463.406250 	 446.214508 
311 	 41.678688 	 283.323761 	 284.056091 	 3.389854 	 99556.773438 	 389.738495 
312 	 41.678688 	 283.323761 	 286.014862 	 3.178884 	 98803.179688 	 386.970947 
313 	 41.678688 	 283.323761 	 285.547668 	 2.652224 	 97023.046875 	 438.264465 
314 	 41.678688 	 283.323761 	 280.367920 	 3.343433 	 96954.296875 	 369.857422 
315 	 41.678688 	 283.323761 	 278.581879 	 3.078610 	 97562.117188 	 396.368835 
316 	 41.678688 	 283.323761 	 277.786011 	 2.392637 	 98058.148438 	 378.029266 
317 	 41.678688 	 283.323761 	 275.332336 	 3.274304 	 97907.328125 	 373.009491 
318 	 41.678688 	 283.323761 	 274.585785 	 5.095684 	 97622.757812 	 380.292664 
319 	 41.678688 	 283.323761 	 274.935608 	 3.425352 	 98923.843750 	 365.983429 
320 	 41.678688 	 283.323761 	 274.441101 	 1.591382 	 99880.257812 	 365.505920 
321 	 41.678688 	 283.323761 	 274.105011 	 1.700655 	 99939.070312 	 350.617126 
322 	 41.678688 	 283.323761 	 281.798035 	 4.789727 	 98688.703125 	 356.027893 
323 	 41.678688 	 283.323761 	 283.247772 	 2.170962 	 97138.546875 	 385.759033 
324 	 41.678688 	 283.323761 	 280.508026 	 1.568314 	 97993.187500 	 390.588715 
325 	 41.678688 	 283.323761 	 281.920227 	 2.825975 	 98812.539062 	 403.052368 
326 	 41.678688 	 283.323761 	 287.375916 	 7.124413 	 97976.726562 	 387.572571 
327 	 41.678688 	 283.323761 	 276.553375 	 2.501140 	 97876.859375 	 328.728790 
328 	 41.678688 	 283.323761 	 275.059692 	 2.638852 	 97945.539062 	 365.242737 
329 	 41.678688 	 283.323761 	 272.241699 	 1.950690 	 98072.773438 	 335.922821 
330 	 41.678688 	 283.323761 	 273.871918 	 2.409160 	 97536.171875 	 340.110504 
331 	 41.678688 	 283.323761 	 272.297455 	 2.995553 	 97300.281250 	 330.907745 
332 	 41.678688 	 283.323761 	 272.083282 	 2.487828 	 97380.148438 	 336.945831 
333 	 41.678688 	 283.323761 	 270.497955 	 3.576518 	 97411.906250 	 308.371552 
334 	 41.678688 	 283.323761 	 274.542755 	 3.307422 	 96613.710938 	 323.724060 
335 	 41.678688 	 283.323761 	 275.030273 	 3.171838 	 97300.773438 	 373.635376 
336 	 41.678688 	 283.323761 	 274.252014 	 3.896610 	 97107.789062 	 339.907776 
337 	 41.678688 	 283.323761 	 272.536163 	 4.169090 	 97053.492188 	 364.761383 
338 	 41.678688 	 283.323761 	 271.596344 	 2.536734 	 98237.382812 	 327.034180 
339 	 41.678688 	 283.323761 	 271.785095 	 1.682199 	 98480.593750 	 349.223999 
340 	 41.678688 	 283.323761 	 273.083282 	 3.278930 	 97738.476562 	 330.371460 
341 	 41.678688 	 283.323761 	 273.446808 	 4.100457 	 97412.093750 	 358.605804 
342 	 41.678688 	 283.323761 	 271.069183 	 2.170487 	 98267.570312 	 333.971069 
343 	 41.678688 	 283.323761 	 271.714508 	 2.413778 	 99134.609375 	 333.315979 
344 	 41.678688 	 283.323761 	 269.053741 	 2.774542 	 100361.203125 	 316.386871 
345 	 41.678688 	 283.323761 	 276.103180 	 3.084901 	 99850.648438 	 342.461731 
346 	 41.678688 	 283.323761 	 281.381378 	 4.562850 	 99286.710938 	 373.742493 
347 	 41.678688 	 283.323761 	 285.822418 	 3.408042 	 99050.382812 	 396.159943 
348 	 41.678688 	 283.323761 	 288.639374 	 3.864824 	 99335.906250 	 415.530548 
349 	 41.678688 	 283.323761 	 290.087799 	 6.195140 	 99092.476562 	 410.804932 
350 	 41.678688 	 283.323761 	 280.346802 	 4.019311 	 97924.500000 	 370.072144 
351 	 41.678688 	 283.323761 	 275.329468 	 1.578618 	 98933.023438 	 330.945099 
352 	 41.678688 	 283.323761 	 275.312195 	 1.902720 	 98514.406250 	 323.476227 
353 	 41.678688 	 283.323761 	 275.748474 	 2.476794 	 96298.468750 	 339.143921 
354 	 41.678688 	 283.323761 	 272.184052 	 4.818377 	 96349.953125 	 339.878815 
355 	 41.678688 	 283.323761 	 272.262238 	 3.089337 	 98083.929688 	 331.904449 
356 	 41.678688 	 283.323761 	 275.895294 	 4.890036 	 98672.671875 	 322.657227 
357 	 41.678688 	 283.323761 	 279.531219 	 3.124982 	 98310.726562 	 386.204712 
358 	 41.678688 	 283.323761 	 270.321960 	 2.074524 	 99079.773438 	 310.066345 
359 	 41.678688 	 283.323761 	 268.885986 	 0.666743 	 99284.179688 	 305.119995 
360 	 41.678688 	 283.323761 	 268.919495 	 1.798954 	 98399.773438 	 327.357544 
361 	 41.678688 	 283.323761 	 268.382874 	 0.699579 	 98298.031250 	 285.268463 
362 	 41.678688 	 283.323761 	 270.514008 	 1.861450 	 98334.523438 	 327.775940 
363 	 41.678688 	 283.323761 	 272.353271 	 0.878328 	 98412.320312 	 336.925079 
364 	 41.678688 	 283.323761 	 270.523102 	 1.108234 	 98423.843750 	 316.545441 
