# 0: Day of Year [-] 	 1: lat [deg] 	 2: lon [deg] 	 3: tas [K] 	 4: sfcWind [m s-1] 	 5: ps [Pa] 	 6: Total Downwelling Rad Flux [W m-2] 
0 	 41.678688 	 283.323761 	 268.661713 	 2.262163 	 99087.859375 	 339.295746 
1 	 41.678688 	 283.323761 	 268.526581 	 3.338882 	 99057.117188 	 300.915344 
2 	 41.678688 	 283.323761 	 270.717010 	 1.912035 	 98661.789062 	 314.244080 
3 	 41.678688 	 283.323761 	 273.286438 	 3.155330 	 98260.328125 	 339.832703 
4 	 41.678688 	 283.323761 	 270.281036 	 1.188854 	 99042.000000 	 309.650299 
5 	 41.678688 	 283.323761 	 269.696289 	 5.497135 	 98468.820312 	 303.183380 
6 	 41.678688 	 283.323761 	 273.837860 	 3.745131 	 96341.359375 	 360.968109 
7 	 41.678688 	 283.323761 	 273.036865 	 4.295622 	 97474.757812 	 363.402283 
8 	 41.678688 	 283.323761 	 272.969452 	 2.258862 	 99259.203125 	 349.652710 
9 	 41.678688 	 283.323761 	 278.643433 	 4.021842 	 99409.390625 	 348.449219 
10 	 41.678688 	 283.323761 	 277.389008 	 1.131154 	 99328.781250 	 336.201477 
11 	 41.678688 	 283.323761 	 284.663116 	 4.586961 	 98267.507812 	 377.494629 
12 	 41.678688 	 283.323761 	 276.790985 	 4.817586 	 96387.406250 	 340.713776 
13 	 41.678688 	 283.323761 	 271.746002 	 4.802170 	 96854.617188 	 350.044800 
14 	 41.678688 	 283.323761 	 271.084839 	 2.010105 	 97524.226562 	 295.445618 
15 	 41.678688 	 283.323761 	 270.154388 	 3.367152 	 96867.523438 	 347.394409 
16 	 41.678688 	 283.323761 	 263.039917 	 4.620132 	 97743.476562 	 315.417725 
17 	 41.678688 	 283.323761 	 263.615356 	 2.495089 	 98373.750000 	 275.854218 
18 	 41.678688 	 283.323761 	 269.705078 	 2.280868 	 97665.742188 	 329.786163 
19 	 41.678688 	 283.323761 	 270.844208 	 2.389528 	 97671.687500 	 360.557892 
20 	 41.678688 	 283.323761 	 266.644073 	 3.113278 	 99510.367188 	 323.887634 
21 	 41.678688 	 283.323761 	 267.070618 	 2.373655 	 100092.296875 	 344.605713 
22 	 41.678688 	 283.323761 	 274.929321 	 4.201109 	 98626.906250 	 390.885620 
23 	 41.678688 	 283.323761 	 271.266693 	 2.258097 	 99193.296875 	 351.091248 
24 	 41.678688 	 283.323761 	 277.027802 	 3.045484 	 98882.351562 	 341.522888 
25 	 41.678688 	 283.323761 	 274.782532 	 1.668217 	 99524.867188 	 349.309723 
26 	 41.678688 	 283.323761 	 277.367279 	 3.733373 	 99142.421875 	 345.339478 
27 	 41.678688 	 283.323761 	 279.525604 	 4.690213 	 98169.976562 	 415.802460 
28 	 41.678688 	 283.323761 	 267.509827 	 4.718432 	 98929.953125 	 338.886230 
29 	 41.678688 	 283.323761 	 267.644379 	 2.917238 	 99466.226562 	 328.246368 
30 	 41.678688 	 283.323761 	 269.331726 	 3.194792 	 99304.453125 	 339.852417 
31 	 41.678688 	 283.323761 	 273.509888 	 3.673672 	 98703.117188 	 354.366516 
32 	 41.678688 	 283.323761 	 273.385651 	 2.960656 	 98343.648438 	 343.887268 
33 	 41.678688 	 283.323761 	 268.809753 	 2.602858 	 98875.046875 	 314.674377 
34 	 41.678688 	 283.323761 	 262.258362 	 5.626646 	 99462.109375 	 306.840759 
35 	 41.678688 	 283.323761 	 259.091461 	 5.145879 	 99450.351562 	 325.427612 
36 	 41.678688 	 283.323761 	 264.574158 	 4.181828 	 98619.406250 	 341.933411 
37 	 41.678688 	 283.323761 	 268.704010 	 1.665167 	 99636.453125 	 351.910217 
38 	 41.678688 	 283.323761 	 270.997101 	 2.815972 	 99750.210938 	 360.247742 
39 	 41.678688 	 283.323761 	 275.557190 	 2.740711 	 99152.703125 	 397.001587 
40 	 41.678688 	 283.323761 	 277.131317 	 1.806343 	 98906.929688 	 359.933655 
41 	 41.678688 	 283.323761 	 280.802124 	 3.098978 	 98984.992188 	 362.904541 
42 	 41.678688 	 283.323761 	 279.718567 	 1.420564 	 98445.976562 	 412.980652 
43 	 41.678688 	 283.323761 	 275.575684 	 2.040356 	 98566.421875 	 406.517761 
44 	 41.678688 	 283.323761 	 271.765015 	 3.608090 	 99023.718750 	 408.835907 
45 	 41.678688 	 283.323761 	 270.386230 	 3.571033 	 98983.468750 	 416.364868 
46 	 41.678688 	 283.323761 	 272.212738 	 3.340035 	 98732.203125 	 393.367035 
47 	 41.678688 	 283.323761 	 273.193420 	 1.850624 	 99150.460938 	 397.299500 
48 	 41.678688 	 283.323761 	 273.987671 	 2.337694 	 99721.492188 	 351.940552 
49 	 41.678688 	 283.323761 	 276.033264 	 4.812423 	 99498.937500 	 345.978485 
50 	 41.678688 	 283.323761 	 277.418976 	 2.444391 	 97827.453125 	 371.481720 
51 	 41.678688 	 283.323761 	 276.297424 	 2.502086 	 97789.859375 	 403.013855 
52 	 41.678688 	 283.323761 	 277.329956 	 2.580429 	 97920.453125 	 394.375885 
53 	 41.678688 	 283.323761 	 273.395111 	 4.524381 	 97317.906250 	 415.438049 
54 	 41.678688 	 283.323761 	 275.776184 	 4.867987 	 97223.421875 	 436.404572 
55 	 41.678688 	 283.323761 	 273.527008 	 3.110369 	 97451.890625 	 310.731445 
56 	 41.678688 	 283.323761 	 271.799500 	 4.656239 	 97057.226562 	 379.171448 
57 	 41.678688 	 283.323761 	 270.222656 	 3.693725 	 98375.757812 	 407.144226 
58 	 41.678688 	 283.323761 	 273.550354 	 3.060108 	 98577.546875 	 333.613800 
59 	 41.678688 	 283.323761 	 271.360138 	 4.601056 	 96930.289062 	 416.662170 
60 	 41.678688 	 283.323761 	 268.019257 	 3.813476 	 98358.859375 	 401.152679 
61 	 41.678688 	 283.323761 	 276.837128 	 4.452637 	 98752.953125 	 397.579285 
62 	 41.678688 	 283.323761 	 278.586761 	 1.952373 	 98970.039062 	 439.579529 
63 	 41.678688 	 283.323761 	 276.712463 	 3.176330 	 99590.406250 	 416.492615 
64 	 41.678688 	 283.323761 	 284.187225 	 5.930849 	 97217.203125 	 503.525757 
65 	 41.678688 	 283.323761 	 272.942047 	 5.438964 	 96416.023438 	 406.913757 
66 	 41.678688 	 283.323761 	 269.087158 	 3.753958 	 97444.476562 	 412.861816 
67 	 41.678688 	 283.323761 	 268.819122 	 3.062086 	 98273.359375 	 404.812195 
68 	 41.678688 	 283.323761 	 272.055786 	 3.026505 	 98985.781250 	 437.895996 
69 	 41.678688 	 283.323761 	 283.957275 	 3.854589 	 98468.976562 	 493.845978 
70 	 41.678688 	 283.323761 	 286.979156 	 3.314516 	 98322.382812 	 497.545349 
71 	 41.678688 	 283.323761 	 288.172119 	 3.647380 	 98182.640625 	 532.781250 
72 	 41.678688 	 283.323761 	 283.902802 	 4.308311 	 97637.406250 	 427.586975 
73 	 41.678688 	 283.323761 	 273.031036 	 3.691016 	 97702.148438 	 452.782898 
74 	 41.678688 	 283.323761 	 277.002869 	 3.035856 	 97599.992188 	 353.957397 
75 	 41.678688 	 283.323761 	 276.291077 	 3.761615 	 97102.851562 	 409.587524 
76 	 41.678688 	 283.323761 	 269.944611 	 2.118938 	 98948.421875 	 378.756866 
77 	 41.678688 	 283.323761 	 275.285553 	 2.442586 	 99601.742188 	 453.957825 
78 	 41.678688 	 283.323761 	 280.241974 	 6.652286 	 97865.726562 	 505.939819 
79 	 41.678688 	 283.323761 	 270.899994 	 3.261453 	 98949.648438 	 457.303650 
80 	 41.678688 	 283.323761 	 269.622284 	 2.900186 	 99456.703125 	 455.631439 
81 	 41.678688 	 283.323761 	 274.581757 	 3.728606 	 98875.320312 	 426.558075 
82 	 41.678688 	 283.323761 	 272.311707 	 4.036664 	 97407.523438 	 439.002869 
83 	 41.678688 	 283.323761 	 269.480225 	 4.441577 	 97717.148438 	 365.229858 
84 	 41.678688 	 283.323761 	 278.375519 	 3.183052 	 97943.601562 	 475.815002 
85 	 41.678688 	 283.323761 	 273.164886 	 2.732208 	 98606.820312 	 490.112793 
86 	 41.678688 	 283.323761 	 271.008057 	 3.284064 	 98990.539062 	 418.634888 
87 	 41.678688 	 283.323761 	 268.434692 	 4.163946 	 99257.953125 	 468.816833 
88 	 41.678688 	 283.323761 	 267.605896 	 4.786886 	 99147.546875 	 473.817230 
89 	 41.678688 	 283.323761 	 272.462158 	 2.775098 	 98921.437500 	 467.530640 
90 	 41.678688 	 283.323761 	 279.801056 	 2.889636 	 98461.507812 	 434.121033 
91 	 41.678688 	 283.323761 	 285.103729 	 3.091715 	 98750.593750 	 544.855469 
92 	 41.678688 	 283.323761 	 289.242065 	 4.335854 	 98207.812500 	 463.660858 
93 	 41.678688 	 283.323761 	 285.828522 	 4.445461 	 97995.296875 	 553.407959 
94 	 41.678688 	 283.323761 	 285.300629 	 3.753960 	 99065.578125 	 519.794983 
95 	 41.678688 	 283.323761 	 282.713867 	 3.637347 	 98460.562500 	 413.961945 
96 	 41.678688 	 283.323761 	 271.249542 	 5.105424 	 98591.859375 	 495.692627 
97 	 41.678688 	 283.323761 	 270.142578 	 2.981510 	 99488.796875 	 424.007874 
98 	 41.678688 	 283.323761 	 278.062103 	 3.433002 	 99378.843750 	 427.637177 
99 	 41.678688 	 283.323761 	 287.676178 	 4.629604 	 98631.359375 	 483.066528 
100 	 41.678688 	 283.323761 	 289.458710 	 4.090037 	 98651.539062 	 558.797729 
101 	 41.678688 	 283.323761 	 284.670288 	 3.163941 	 98860.929688 	 405.763031 
102 	 41.678688 	 283.323761 	 276.560638 	 4.399025 	 99249.203125 	 576.105469 
103 	 41.678688 	 283.323761 	 275.481415 	 2.765571 	 100384.898438 	 524.401733 
104 	 41.678688 	 283.323761 	 278.428314 	 3.696249 	 100439.601562 	 503.359741 
105 	 41.678688 	 283.323761 	 289.841064 	 4.765949 	 98792.203125 	 577.900940 
106 	 41.678688 	 283.323761 	 289.567047 	 4.171741 	 98041.929688 	 465.593506 
107 	 41.678688 	 283.323761 	 281.784088 	 3.076649 	 99164.007812 	 590.747925 
108 	 41.678688 	 283.323761 	 281.861145 	 3.196388 	 99524.710938 	 479.041809 
109 	 41.678688 	 283.323761 	 287.630127 	 3.122352 	 98576.187500 	 537.748230 
110 	 41.678688 	 283.323761 	 283.770111 	 1.962316 	 98802.890625 	 568.063293 
111 	 41.678688 	 283.323761 	 282.933044 	 3.563225 	 98523.398438 	 448.585876 
112 	 41.678688 	 283.323761 	 280.701721 	 2.431935 	 99208.382812 	 574.790649 
113 	 41.678688 	 283.323761 	 286.055908 	 5.527135 	 99000.273438 	 564.067688 
114 	 41.678688 	 283.323761 	 291.922760 	 4.304519 	 98353.328125 	 592.879028 
115 	 41.678688 	 283.323761 	 288.388397 	 2.106393 	 98994.226562 	 597.368408 
116 	 41.678688 	 283.323761 	 286.260132 	 2.848561 	 99162.796875 	 583.197388 
117 	 41.678688 	 283.323761 	 285.581329 	 2.101156 	 99223.531250 	 582.383667 
118 	 41.678688 	 283.323761 	 287.333801 	 2.152074 	 98781.718750 	 522.692871 
119 	 41.678688 	 283.323761 	 283.381073 	 3.693454 	 98901.101562 	 618.511963 
120 	 41.678688 	 283.323761 	 283.304321 	 0.986950 	 98823.789062 	 592.919739 
121 	 41.678688 	 283.323761 	 286.048615 	 3.387964 	 98180.203125 	 590.693359 
122 	 41.678688 	 283.323761 	 281.672302 	 2.637189 	 98903.000000 	 587.101135 
123 	 41.678688 	 283.323761 	 284.083557 	 0.934528 	 98790.523438 	 599.730835 
124 	 41.678688 	 283.323761 	 290.197021 	 2.016122 	 98149.617188 	 626.665405 
125 	 41.678688 	 283.323761 	 291.435333 	 3.129985 	 97941.179688 	 482.567474 
126 	 41.678688 	 283.323761 	 284.264496 	 1.578455 	 98676.937500 	 584.867126 
127 	 41.678688 	 283.323761 	 285.332153 	 1.194504 	 98985.437500 	 613.536621 
128 	 41.678688 	 283.323761 	 290.287628 	 2.908314 	 98862.132812 	 620.851929 
129 	 41.678688 	 283.323761 	 295.091187 	 2.980382 	 98445.281250 	 660.528687 
130 	 41.678688 	 283.323761 	 297.014160 	 3.627370 	 98200.671875 	 667.175537 
131 	 41.678688 	 283.323761 	 284.984192 	 3.920267 	 97944.062500 	 552.693787 
132 	 41.678688 	 283.323761 	 283.369476 	 2.970213 	 98521.148438 	 627.747559 
133 	 41.678688 	 283.323761 	 285.776581 	 1.440359 	 99042.281250 	 619.482849 
134 	 41.678688 	 283.323761 	 289.764587 	 1.806787 	 99584.789062 	 653.130371 
135 	 41.678688 	 283.323761 	 292.390472 	 3.282741 	 99417.640625 	 657.734863 
136 	 41.678688 	 283.323761 	 292.470734 	 2.829078 	 98822.343750 	 645.799927 
137 	 41.678688 	 283.323761 	 287.612457 	 2.470440 	 98484.757812 	 501.243713 
138 	 41.678688 	 283.323761 	 284.020111 	 2.837879 	 98829.328125 	 622.190552 
139 	 41.678688 	 283.323761 	 286.023346 	 0.668886 	 98858.992188 	 637.509033 
140 	 41.678688 	 283.323761 	 292.541382 	 3.174052 	 98918.421875 	 579.201965 
141 	 41.678688 	 283.323761 	 297.264587 	 4.021574 	 98842.742188 	 663.424194 
142 	 41.678688 	 283.323761 	 298.165497 	 3.241166 	 98686.562500 	 677.977173 
143 	 41.678688 	 283.323761 	 296.434418 	 1.530325 	 98928.656250 	 681.442810 
144 	 41.678688 	 283.323761 	 297.147369 	 1.342669 	 99370.593750 	 711.276245 
145 	 41.678688 	 283.323761 	 297.606812 	 3.326147 	 99319.023438 	 704.584595 
146 	 41.678688 	 283.323761 	 295.632904 	 2.528392 	 98913.046875 	 664.460876 
147 	 41.678688 	 283.323761 	 292.469879 	 1.817347 	 99192.492188 	 620.333618 
148 	 41.678688 	 283.323761 	 297.673126 	 2.431900 	 98879.312500 	 712.575989 
149 	 41.678688 	 283.323761 	 299.181915 	 2.806553 	 98580.789062 	 698.799316 
150 	 41.678688 	 283.323761 	 298.148010 	 2.181910 	 98535.921875 	 664.502502 
151 	 41.678688 	 283.323761 	 297.737457 	 2.473611 	 98466.476562 	 709.287354 
152 	 41.678688 	 283.323761 	 293.681976 	 1.495921 	 98691.578125 	 590.201233 
153 	 41.678688 	 283.323761 	 292.305786 	 3.686830 	 99319.210938 	 692.967285 
154 	 41.678688 	 283.323761 	 293.122284 	 2.953597 	 99808.109375 	 686.790161 
155 	 41.678688 	 283.323761 	 293.354309 	 4.916825 	 99481.960938 	 657.667847 
156 	 41.678688 	 283.323761 	 296.286987 	 4.859377 	 98411.007812 	 677.359619 
157 	 41.678688 	 283.323761 	 292.957397 	 2.811427 	 98506.828125 	 574.580994 
158 	 41.678688 	 283.323761 	 290.397858 	 2.465852 	 99013.656250 	 611.874573 
159 	 41.678688 	 283.323761 	 290.093750 	 3.501321 	 98559.968750 	 458.584351 
160 	 41.678688 	 283.323761 	 290.447235 	 2.970996 	 98417.093750 	 677.215942 
161 	 41.678688 	 283.323761 	 288.559113 	 1.391683 	 98814.570312 	 589.509644 
162 	 41.678688 	 283.323761 	 292.369385 	 2.012362 	 98680.453125 	 567.388123 
163 	 41.678688 	 283.323761 	 294.472595 	 1.788351 	 98616.953125 	 680.076538 
164 	 41.678688 	 283.323761 	 297.895813 	 2.435423 	 98552.742188 	 719.072388 
165 	 41.678688 	 283.323761 	 299.083557 	 4.450633 	 97565.796875 	 704.745361 
166 	 41.678688 	 283.323761 	 295.286530 	 2.534997 	 98111.382812 	 680.457397 
167 	 41.678688 	 283.323761 	 294.788330 	 4.802140 	 97729.257812 	 679.960876 
168 	 41.678688 	 283.323761 	 293.332336 	 1.574300 	 98772.171875 	 682.752319 
169 	 41.678688 	 283.323761 	 294.848633 	 5.001398 	 98950.148438 	 606.171631 
170 	 41.678688 	 283.323761 	 300.111633 	 4.704392 	 98487.507812 	 741.201660 
171 	 41.678688 	 283.323761 	 298.631775 	 2.631478 	 98275.718750 	 693.066040 
172 	 41.678688 	 283.323761 	 293.486450 	 3.232510 	 98507.687500 	 671.523315 
173 	 41.678688 	 283.323761 	 291.199158 	 1.727140 	 99153.093750 	 677.211914 
174 	 41.678688 	 283.323761 	 294.127106 	 2.432980 	 99376.078125 	 683.068359 
175 	 41.678688 	 283.323761 	 296.378265 	 4.019936 	 99566.453125 	 713.027588 
176 	 41.678688 	 283.323761 	 293.797638 	 3.448451 	 98828.570312 	 517.680908 
177 	 41.678688 	 283.323761 	 293.398529 	 3.015992 	 97934.320312 	 685.687561 
178 	 41.678688 	 283.323761 	 289.676666 	 3.762216 	 98204.367188 	 655.123657 
179 	 41.678688 	 283.323761 	 284.561615 	 1.936553 	 98099.031250 	 540.619019 
180 	 41.678688 	 283.323761 	 285.474335 	 1.996730 	 98073.492188 	 589.626221 
181 	 41.678688 	 283.323761 	 288.255676 	 1.643734 	 97950.617188 	 572.984497 
182 	 41.678688 	 283.323761 	 286.368530 	 3.207906 	 97819.570312 	 559.367676 
183 	 41.678688 	 283.323761 	 289.020294 	 2.545124 	 98597.640625 	 617.297119 
184 	 41.678688 	 283.323761 	 292.818359 	 3.297913 	 98836.031250 	 655.142578 
185 	 41.678688 	 283.323761 	 294.812988 	 3.340949 	 98730.570312 	 707.671265 
186 	 41.678688 	 283.323761 	 293.051544 	 1.993386 	 98554.429688 	 681.616333 
187 	 41.678688 	 283.323761 	 293.290741 	 1.703813 	 98258.359375 	 682.332275 
188 	 41.678688 	 283.323761 	 292.283478 	 1.855337 	 97870.406250 	 668.605347 
189 	 41.678688 	 283.323761 	 293.180176 	 2.076611 	 97991.757812 	 592.005676 
190 	 41.678688 	 283.323761 	 297.342651 	 3.161675 	 97748.867188 	 602.758850 
191 	 41.678688 	 283.323761 	 290.950500 	 2.328360 	 98202.289062 	 633.872864 
192 	 41.678688 	 283.323761 	 294.582550 	 2.609572 	 98127.859375 	 697.951782 
193 	 41.678688 	 283.323761 	 290.081177 	 2.634430 	 98214.007812 	 601.620911 
194 	 41.678688 	 283.323761 	 289.736450 	 1.058682 	 98875.429688 	 669.134766 
195 	 41.678688 	 283.323761 	 291.853027 	 1.820958 	 98888.820312 	 511.537170 
196 	 41.678688 	 283.323761 	 292.886017 	 1.544024 	 98731.546875 	 700.637695 
197 	 41.678688 	 283.323761 	 293.880646 	 1.091577 	 98688.101562 	 605.427124 
198 	 41.678688 	 283.323761 	 294.974121 	 1.663811 	 98523.476562 	 690.770996 
199 	 41.678688 	 283.323761 	 295.331299 	 1.942886 	 98350.476562 	 654.552368 
200 	 41.678688 	 283.323761 	 296.814941 	 3.547932 	 98278.000000 	 628.720703 
201 	 41.678688 	 283.323761 	 297.529388 	 4.952010 	 98200.257812 	 582.618774 
202 	 41.678688 	 283.323761 	 296.631531 	 3.885089 	 98323.070312 	 655.452454 
203 	 41.678688 	 283.323761 	 297.090027 	 3.323168 	 98671.359375 	 603.493042 
204 	 41.678688 	 283.323761 	 296.803619 	 2.587808 	 99106.921875 	 611.400269 
205 	 41.678688 	 283.323761 	 297.317413 	 3.266202 	 98856.593750 	 636.653748 
206 	 41.678688 	 283.323761 	 295.539490 	 2.130955 	 98734.796875 	 686.970947 
207 	 41.678688 	 283.323761 	 295.967560 	 2.010813 	 98384.812500 	 689.184387 
208 	 41.678688 	 283.323761 	 297.106232 	 1.154107 	 98442.210938 	 702.089600 
209 	 41.678688 	 283.323761 	 296.077454 	 0.668978 	 98776.640625 	 676.941956 
210 	 41.678688 	 283.323761 	 296.583099 	 1.372298 	 99056.671875 	 662.059265 
211 	 41.678688 	 283.323761 	 295.691925 	 1.770857 	 99079.929688 	 592.657166 
212 	 41.678688 	 283.323761 	 296.519073 	 2.331932 	 98761.148438 	 653.515991 
213 	 41.678688 	 283.323761 	 297.688751 	 4.388408 	 98099.476562 	 672.087646 
214 	 41.678688 	 283.323761 	 292.576202 	 2.113440 	 98275.148438 	 636.110107 
215 	 41.678688 	 283.323761 	 292.863892 	 1.205507 	 98769.156250 	 654.588135 
216 	 41.678688 	 283.323761 	 294.525818 	 1.416218 	 98783.109375 	 674.418884 
217 	 41.678688 	 283.323761 	 297.951996 	 2.474060 	 98825.070312 	 692.259705 
218 	 41.678688 	 283.323761 	 296.880524 	 2.354394 	 98938.523438 	 674.142700 
219 	 41.678688 	 283.323761 	 297.255920 	 2.986589 	 98880.976562 	 641.175415 
220 	 41.678688 	 283.323761 	 298.255981 	 2.897248 	 98755.023438 	 693.490845 
221 	 41.678688 	 283.323761 	 301.555786 	 3.343000 	 98309.593750 	 707.973633 
222 	 41.678688 	 283.323761 	 300.600800 	 2.434526 	 98641.031250 	 696.282043 
223 	 41.678688 	 283.323761 	 298.276062 	 1.392997 	 99131.476562 	 653.320435 
224 	 41.678688 	 283.323761 	 298.133636 	 1.082358 	 99149.882812 	 674.916870 
225 	 41.678688 	 283.323761 	 298.700684 	 3.191924 	 99142.250000 	 669.445435 
226 	 41.678688 	 283.323761 	 298.214813 	 3.811519 	 98553.031250 	 643.379395 
227 	 41.678688 	 283.323761 	 294.797577 	 2.651053 	 98744.296875 	 603.839966 
228 	 41.678688 	 283.323761 	 293.470795 	 1.063559 	 99064.828125 	 647.847168 
229 	 41.678688 	 283.323761 	 296.551361 	 3.312923 	 98790.437500 	 664.687317 
230 	 41.678688 	 283.323761 	 299.913452 	 3.768842 	 98289.789062 	 670.860840 
231 	 41.678688 	 283.323761 	 300.237457 	 2.167943 	 98307.382812 	 681.056396 
232 	 41.678688 	 283.323761 	 296.798859 	 1.604714 	 98603.117188 	 648.948364 
233 	 41.678688 	 283.323761 	 300.722839 	 3.746803 	 98336.062500 	 579.365295 
234 	 41.678688 	 283.323761 	 301.319214 	 2.751925 	 98357.679688 	 605.578186 
235 	 41.678688 	 283.323761 	 301.477509 	 3.235978 	 98405.078125 	 655.571167 
236 	 41.678688 	 283.323761 	 300.671967 	 2.034985 	 98636.281250 	 620.043457 
237 	 41.678688 	 283.323761 	 296.621185 	 1.251628 	 98958.953125 	 566.141663 
238 	 41.678688 	 283.323761 	 294.605804 	 1.880367 	 99610.570312 	 642.131714 
239 	 41.678688 	 283.323761 	 293.993927 	 3.048377 	 99631.460938 	 622.046875 
240 	 41.678688 	 283.323761 	 297.368195 	 3.607965 	 99032.843750 	 647.967285 
241 	 41.678688 	 283.323761 	 297.706421 	 3.400178 	 98440.117188 	 494.649109 
242 	 41.678688 	 283.323761 	 290.408356 	 2.638558 	 99420.570312 	 550.940613 
243 	 41.678688 	 283.323761 	 289.482361 	 2.863010 	 99374.921875 	 448.603912 
244 	 41.678688 	 283.323761 	 298.210510 	 4.343554 	 98591.226562 	 627.409241 
245 	 41.678688 	 283.323761 	 299.948883 	 2.618188 	 98405.523438 	 607.538086 
246 	 41.678688 	 283.323761 	 297.325867 	 2.586717 	 98548.226562 	 625.380798 
247 	 41.678688 	 283.323761 	 292.272675 	 1.352664 	 99224.906250 	 565.565552 
248 	 41.678688 	 283.323761 	 297.945435 	 2.656547 	 98642.523438 	 621.560059 
249 	 41.678688 	 283.323761 	 299.716705 	 1.626608 	 98602.382812 	 608.334473 
250 	 41.678688 	 283.323761 	 295.547058 	 1.165439 	 99009.437500 	 531.187744 
251 	 41.678688 	 283.323761 	 294.017426 	 2.429252 	 98957.843750 	 533.090881 
252 	 41.678688 	 283.323761 	 292.825378 	 1.570470 	 99638.117188 	 600.730957 
253 	 41.678688 	 283.323761 	 290.654022 	 1.339085 	 99562.953125 	 569.264404 
254 	 41.678688 	 283.323761 	 292.223450 	 3.237960 	 98893.539062 	 531.072876 
255 	 41.678688 	 283.323761 	 287.923553 	 2.490417 	 99088.757812 	 550.597900 
256 	 41.678688 	 283.323761 	 285.056000 	 2.202765 	 99853.781250 	 543.199524 
257 	 41.678688 	 283.323761 	 284.512573 	 2.012507 	 100076.296875 	 538.727783 
258 	 41.678688 	 283.323761 	 289.684021 	 4.444715 	 99053.906250 	 529.569885 
259 	 41.678688 	 283.323761 	 291.890167 	 2.608804 	 98253.140625 	 544.032593 
260 	 41.678688 	 283.323761 	 291.390228 	 4.264836 	 98009.578125 	 559.570679 
261 	 41.678688 	 283.323761 	 288.004639 	 4.705528 	 97686.031250 	 524.173950 
262 	 41.678688 	 283.323761 	 284.517853 	 2.289132 	 98802.968750 	 546.564880 
263 	 41.678688 	 283.323761 	 287.333679 	 2.634393 	 98943.101562 	 519.708374 
264 	 41.678688 	 283.323761 	 291.760254 	 2.115467 	 99417.171875 	 533.748413 
265 	 41.678688 	 283.323761 	 294.754211 	 3.151030 	 99199.757812 	 565.409668 
266 	 41.678688 	 283.323761 	 296.961090 	 2.726710 	 99235.531250 	 537.670349 
267 	 41.678688 	 283.323761 	 291.169128 	 2.797155 	 99675.750000 	 519.500000 
268 	 41.678688 	 283.323761 	 288.316620 	 2.536783 	 99785.570312 	 505.006348 
269 	 41.678688 	 283.323761 	 294.691223 	 2.337573 	 98958.960938 	 571.095520 
270 	 41.678688 	 283.323761 	 295.887024 	 2.172914 	 98544.796875 	 540.543579 
271 	 41.678688 	 283.323761 	 295.472046 	 2.673165 	 98901.406250 	 551.435242 
272 	 41.678688 	 283.323761 	 291.052399 	 1.720898 	 99514.539062 	 531.772644 
273 	 41.678688 	 283.323761 	 298.417938 	 2.889193 	 98864.546875 	 543.557251 
274 	 41.678688 	 283.323761 	 298.172577 	 2.696387 	 98790.171875 	 545.615295 
275 	 41.678688 	 283.323761 	 291.523010 	 2.819723 	 99465.906250 	 506.948334 
276 	 41.678688 	 283.323761 	 288.128815 	 3.515721 	 98892.093750 	 426.194489 
277 	 41.678688 	 283.323761 	 280.593933 	 3.057315 	 99351.250000 	 470.442871 
278 	 41.678688 	 283.323761 	 282.362854 	 2.199043 	 99146.312500 	 474.153870 
279 	 41.678688 	 283.323761 	 285.985931 	 2.440073 	 99016.726562 	 494.882568 
280 	 41.678688 	 283.323761 	 283.527557 	 1.246710 	 99647.093750 	 438.995605 
281 	 41.678688 	 283.323761 	 286.184387 	 3.795493 	 100010.796875 	 404.319916 
282 	 41.678688 	 283.323761 	 287.545074 	 1.822384 	 99769.257812 	 484.117981 
283 	 41.678688 	 283.323761 	 286.469147 	 1.699205 	 99839.117188 	 468.748718 
284 	 41.678688 	 283.323761 	 288.506348 	 2.777706 	 99506.000000 	 494.948242 
285 	 41.678688 	 283.323761 	 291.681976 	 4.104802 	 98445.968750 	 473.018494 
286 	 41.678688 	 283.323761 	 287.727753 	 2.168395 	 98542.671875 	 474.504150 
287 	 41.678688 	 283.323761 	 293.487183 	 3.806957 	 98151.898438 	 475.630798 
288 	 41.678688 	 283.323761 	 286.072357 	 2.229789 	 98951.046875 	 471.563385 
289 	 41.678688 	 283.323761 	 288.612091 	 3.943620 	 99132.523438 	 481.632782 
290 	 41.678688 	 283.323761 	 291.962769 	 3.959059 	 98863.031250 	 456.163879 
291 	 41.678688 	 283.323761 	 291.356964 	 3.169281 	 98120.750000 	 526.730530 
292 	 41.678688 	 283.323761 	 284.629333 	 1.612451 	 98574.976562 	 481.083740 
293 	 41.678688 	 283.323761 	 284.486755 	 1.509035 	 98985.617188 	 454.594055 
294 	 41.678688 	 283.323761 	 286.149933 	 2.108203 	 99653.421875 	 467.730927 
295 	 41.678688 	 283.323761 	 289.483215 	 4.150768 	 99731.656250 	 471.680298 
296 	 41.678688 	 283.323761 	 288.656952 	 5.195111 	 98444.289062 	 446.170349 
297 	 41.678688 	 283.323761 	 283.620026 	 2.983104 	 98680.968750 	 427.872528 
298 	 41.678688 	 283.323761 	 281.339905 	 1.740965 	 98728.890625 	 389.172974 
299 	 41.678688 	 283.323761 	 279.878754 	 2.401111 	 99046.250000 	 421.064331 
300 	 41.678688 	 283.323761 	 278.576172 	 1.707661 	 99430.828125 	 387.557709 
301 	 41.678688 	 283.323761 	 280.088226 	 2.789320 	 99291.187500 	 421.871307 
302 	 41.678688 	 283.323761 	 285.302124 	 3.683636 	 98959.031250 	 423.381836 
303 	 41.678688 	 283.323761 	 287.715454 	 1.835795 	 99152.859375 	 446.179291 
304 	 41.678688 	 283.323761 	 290.650665 	 4.002318 	 98494.632812 	 415.182617 
305 	 41.678688 	 283.323761 	 289.471130 	 2.894913 	 97388.578125 	 455.930389 
306 	 41.678688 	 283.323761 	 277.647003 	 5.419727 	 97946.007812 	 399.621185 
307 	 41.678688 	 283.323761 	 272.760742 	 4.230560 	 98803.078125 	 380.073090 
308 	 41.678688 	 283.323761 	 271.937592 	 1.833461 	 99782.921875 	 365.644653 
309 	 41.678688 	 283.323761 	 272.291595 	 1.944002 	 99943.789062 	 343.545044 
310 	 41.678688 	 283.323761 	 279.758179 	 2.928506 	 99741.117188 	 373.474731 
311 	 41.678688 	 283.323761 	 283.813965 	 1.604506 	 99500.343750 	 398.991821 
312 	 41.678688 	 283.323761 	 287.101746 	 3.209351 	 98734.226562 	 414.553925 
313 	 41.678688 	 283.323761 	 281.247955 	 2.657478 	 98583.953125 	 404.428650 
314 	 41.678688 	 283.323761 	 284.837891 	 4.513194 	 97378.148438 	 430.528198 
315 	 41.678688 	 283.323761 	 277.830353 	 5.689540 	 96940.500000 	 412.044006 
316 	 41.678688 	 283.323761 	 273.236023 	 3.930167 	 98656.851562 	 370.048157 
317 	 41.678688 	 283.323761 	 274.250885 	 4.186900 	 99713.226562 	 329.595032 
318 	 41.678688 	 283.323761 	 285.322845 	 6.287423 	 98118.906250 	 371.425903 
319 	 41.678688 	 283.323761 	 281.069550 	 2.630424 	 97348.210938 	 365.898315 
320 	 41.678688 	 283.323761 	 274.019165 	 3.378761 	 99148.773438 	 363.888733 
321 	 41.678688 	 283.323761 	 275.267303 	 3.294887 	 99973.171875 	 356.413452 
322 	 41.678688 	 283.323761 	 279.219666 	 4.028470 	 98844.117188 	 352.848236 
323 	 41.678688 	 283.323761 	 280.308655 	 1.936664 	 97940.976562 	 367.107391 
324 	 41.678688 	 283.323761 	 277.697479 	 2.044664 	 97842.867188 	 401.963684 
325 	 41.678688 	 283.323761 	 275.410736 	 2.243337 	 98848.687500 	 375.217285 
326 	 41.678688 	 283.323761 	 277.682526 	 2.608402 	 99595.421875 	 371.416992 
327 	 41.678688 	 283.323761 	 283.975281 	 5.457767 	 98876.437500 	 381.261993 
328 	 41.678688 	 283.323761 	 275.841705 	 5.466381 	 98022.007812 	 369.750183 
329 	 41.678688 	 283.323761 	 269.623657 	 2.449794 	 100200.000000 	 312.260376 
330 	 41.678688 	 283.323761 	 274.716125 	 4.428830 	 100477.101562 	 336.106934 
331 	 41.678688 	 283.323761 	 284.925568 	 4.497995 	 99647.328125 	 383.318817 
332 	 41.678688 	 283.323761 	 275.348480 	 4.605601 	 98275.929688 	 366.868073 
333 	 41.678688 	 283.323761 	 267.983154 	 2.913913 	 99333.242188 	 338.113861 
334 	 41.678688 	 283.323761 	 271.732483 	 2.999864 	 99842.531250 	 324.685120 
335 	 41.678688 	 283.323761 	 274.998108 	 1.476622 	 100070.203125 	 354.645447 
336 	 41.678688 	 283.323761 	 275.357971 	 0.841567 	 100034.203125 	 352.750671 
337 	 41.678688 	 283.323761 	 276.304779 	 1.293267 	 99782.382812 	 355.495728 
338 	 41.678688 	 283.323761 	 278.246338 	 1.047184 	 99532.101562 	 353.669891 
339 	 41.678688 	 283.323761 	 276.282806 	 1.058616 	 99572.390625 	 344.564636 
340 	 41.678688 	 283.323761 	 276.389984 	 2.344742 	 99444.742188 	 378.971436 
341 	 41.678688 	 283.323761 	 275.443695 	 2.407006 	 99356.148438 	 339.441345 
342 	 41.678688 	 283.323761 	 274.335510 	 1.100648 	 99415.148438 	 312.530334 
343 	 41.678688 	 283.323761 	 275.047699 	 0.881601 	 99305.226562 	 325.677551 
344 	 41.678688 	 283.323761 	 278.908478 	 1.564948 	 99219.796875 	 347.101562 
345 	 41.678688 	 283.323761 	 276.721954 	 2.765652 	 99138.750000 	 312.292816 
346 	 41.678688 	 283.323761 	 282.406372 	 3.085491 	 97944.406250 	 391.500793 
347 	 41.678688 	 283.323761 	 277.054474 	 2.426468 	 97929.210938 	 348.114777 
348 	 41.678688 	 283.323761 	 277.246033 	 2.197963 	 98428.250000 	 356.416412 
349 	 41.678688 	 283.323761 	 278.045013 	 0.734423 	 98569.867188 	 388.367584 
350 	 41.678688 	 283.323761 	 276.836243 	 0.879849 	 98260.523438 	 346.901611 
351 	 41.678688 	 283.323761 	 276.196930 	 2.813148 	 97286.148438 	 340.570862 
352 	 41.678688 	 283.323761 	 273.679108 	 5.414475 	 97099.773438 	 363.859741 
353 	 41.678688 	 283.323761 	 270.379181 	 2.928699 	 97603.968750 	 317.109039 
354 	 41.678688 	 283.323761 	 270.430115 	 3.831636 	 96149.203125 	 315.451019 
355 	 41.678688 	 283.323761 	 269.804779 	 6.171870 	 95418.507812 	 338.012909 
356 	 41.678688 	 283.323761 	 265.819702 	 2.424566 	 98176.546875 	 274.264954 
357 	 41.678688 	 283.323761 	 267.325043 	 2.235241 	 98436.539062 	 330.886688 
358 	 41.678688 	 283.323761 	 263.360138 	 1.329202 	 99657.796875 	 274.200195 
359 	 41.678688 	 283.323761 	 267.957764 	 5.049330 	 99113.078125 	 292.943146 
360 	 41.678688 	 283.323761 	 268.129303 	 5.139103 	 98863.632812 	 343.635468 
361 	 41.678688 	 283.323761 	 264.405823 	 1.985911 	 100074.000000 	 317.359985 
362 	 41.678688 	 283.323761 	 264.747803 	 2.365079 	 99700.140625 	 294.231720 
363 	 41.678688 	 283.323761 	 273.915985 	 3.191936 	 97595.093750 	 359.570190 
364 	 41.678688 	 283.323761 	 264.881500 	 1.819139 	 98128.429688 	 275.617340 
