# 0: Day of Year [-] 	 1: lat [deg] 	 2: lon [deg] 	 3: tas [K] 	 4: sfcWind [m s-1] 	 5: ps [Pa] 	 6: Total Downwelling Rad Flux [W m-2] 
0 	 41.678688 	 283.323761 	 274.388489 	 2.535366 	 98853.031250 	 331.905396 
1 	 41.678688 	 283.323761 	 279.299591 	 2.170749 	 98692.468750 	 363.388824 
2 	 41.678688 	 283.323761 	 278.561096 	 2.865712 	 98015.382812 	 338.611359 
3 	 41.678688 	 283.323761 	 272.109344 	 4.707015 	 97259.867188 	 345.084595 
4 	 41.678688 	 283.323761 	 272.057251 	 6.072064 	 97944.250000 	 319.548828 
5 	 41.678688 	 283.323761 	 273.997894 	 2.506027 	 99516.906250 	 333.284027 
6 	 41.678688 	 283.323761 	 276.379822 	 3.814951 	 99603.382812 	 335.641327 
7 	 41.678688 	 283.323761 	 278.416626 	 2.780407 	 99073.953125 	 388.869843 
8 	 41.678688 	 283.323761 	 271.430328 	 1.897331 	 99469.109375 	 317.228638 
9 	 41.678688 	 283.323761 	 269.822296 	 3.277328 	 99136.171875 	 337.848145 
10 	 41.678688 	 283.323761 	 269.433868 	 2.311746 	 99102.820312 	 319.700775 
11 	 41.678688 	 283.323761 	 270.899567 	 2.292076 	 99068.796875 	 358.629181 
12 	 41.678688 	 283.323761 	 275.207001 	 2.895750 	 98369.250000 	 349.661224 
13 	 41.678688 	 283.323761 	 275.927856 	 2.593143 	 98518.687500 	 339.043915 
14 	 41.678688 	 283.323761 	 272.133911 	 0.983808 	 99554.843750 	 345.824799 
15 	 41.678688 	 283.323761 	 276.221497 	 2.345994 	 99091.781250 	 331.758881 
16 	 41.678688 	 283.323761 	 275.464050 	 2.947626 	 97303.070312 	 362.679626 
17 	 41.678688 	 283.323761 	 272.425079 	 3.184783 	 97058.593750 	 345.392944 
18 	 41.678688 	 283.323761 	 269.286957 	 2.516855 	 97898.007812 	 309.127716 
19 	 41.678688 	 283.323761 	 268.007538 	 1.707405 	 98658.953125 	 331.701355 
20 	 41.678688 	 283.323761 	 268.206024 	 2.697780 	 99148.539062 	 291.131714 
21 	 41.678688 	 283.323761 	 271.251617 	 3.116790 	 98490.898438 	 333.487854 
22 	 41.678688 	 283.323761 	 270.303040 	 4.084058 	 96126.023438 	 322.616730 
23 	 41.678688 	 283.323761 	 269.698792 	 5.392682 	 96872.867188 	 348.959442 
24 	 41.678688 	 283.323761 	 267.973450 	 2.426433 	 98583.718750 	 334.461609 
25 	 41.678688 	 283.323761 	 270.934723 	 2.636675 	 97952.156250 	 318.979797 
26 	 41.678688 	 283.323761 	 266.655579 	 2.554681 	 97917.359375 	 339.337891 
27 	 41.678688 	 283.323761 	 269.147095 	 1.961059 	 98378.031250 	 361.669006 
28 	 41.678688 	 283.323761 	 277.677551 	 5.262362 	 98400.843750 	 354.134979 
29 	 41.678688 	 283.323761 	 276.483307 	 2.463932 	 98742.046875 	 386.096863 
30 	 41.678688 	 283.323761 	 282.647705 	 4.934354 	 98562.656250 	 370.854797 
31 	 41.678688 	 283.323761 	 275.473938 	 3.583189 	 98760.187500 	 376.645142 
32 	 41.678688 	 283.323761 	 268.019501 	 3.113032 	 99491.578125 	 340.778748 
33 	 41.678688 	 283.323761 	 268.469330 	 2.065745 	 99778.523438 	 356.718384 
34 	 41.678688 	 283.323761 	 268.677948 	 1.166453 	 99813.937500 	 324.570801 
35 	 41.678688 	 283.323761 	 274.061462 	 1.428159 	 99132.460938 	 385.634888 
36 	 41.678688 	 283.323761 	 273.601349 	 1.448293 	 98859.882812 	 362.544586 
37 	 41.678688 	 283.323761 	 275.124329 	 2.080326 	 97891.773438 	 344.481934 
38 	 41.678688 	 283.323761 	 269.852570 	 4.179099 	 97625.046875 	 387.640472 
39 	 41.678688 	 283.323761 	 271.307434 	 2.455283 	 97906.343750 	 381.395721 
40 	 41.678688 	 283.323761 	 271.593292 	 2.556386 	 97706.148438 	 385.378540 
41 	 41.678688 	 283.323761 	 271.007843 	 2.189252 	 98365.593750 	 376.521271 
42 	 41.678688 	 283.323761 	 275.476410 	 4.027439 	 98333.828125 	 350.625519 
43 	 41.678688 	 283.323761 	 279.662018 	 3.084130 	 97088.476562 	 404.210510 
44 	 41.678688 	 283.323761 	 274.346436 	 2.482309 	 98061.648438 	 415.600952 
45 	 41.678688 	 283.323761 	 278.903595 	 5.398114 	 97864.242188 	 374.630920 
46 	 41.678688 	 283.323761 	 281.155701 	 3.211983 	 97771.890625 	 438.489075 
47 	 41.678688 	 283.323761 	 277.327148 	 2.131012 	 97938.882812 	 380.943909 
48 	 41.678688 	 283.323761 	 278.730774 	 2.937636 	 97008.406250 	 377.210480 
49 	 41.678688 	 283.323761 	 273.484497 	 2.582114 	 98123.976562 	 407.838348 
50 	 41.678688 	 283.323761 	 277.093781 	 1.528271 	 98524.523438 	 368.099548 
51 	 41.678688 	 283.323761 	 278.178345 	 1.574645 	 98820.859375 	 447.728882 
52 	 41.678688 	 283.323761 	 281.152313 	 3.925377 	 98768.273438 	 432.214203 
53 	 41.678688 	 283.323761 	 287.291840 	 3.166034 	 98535.273438 	 417.758362 
54 	 41.678688 	 283.323761 	 286.071259 	 4.264862 	 98898.773438 	 405.279083 
55 	 41.678688 	 283.323761 	 285.574432 	 4.348121 	 96916.218750 	 417.945160 
56 	 41.678688 	 283.323761 	 276.357941 	 4.007938 	 97207.867188 	 442.046509 
57 	 41.678688 	 283.323761 	 273.458160 	 3.403250 	 97726.687500 	 424.063416 
58 	 41.678688 	 283.323761 	 275.857971 	 2.612082 	 98851.500000 	 429.622192 
59 	 41.678688 	 283.323761 	 278.650391 	 2.838552 	 99511.500000 	 429.271179 
60 	 41.678688 	 283.323761 	 280.933899 	 4.269269 	 98598.210938 	 361.201782 
61 	 41.678688 	 283.323761 	 276.025940 	 5.125564 	 97411.976562 	 429.380249 
62 	 41.678688 	 283.323761 	 276.201965 	 5.393978 	 97843.101562 	 437.658264 
63 	 41.678688 	 283.323761 	 279.953827 	 1.627455 	 98393.062500 	 463.466125 
64 	 41.678688 	 283.323761 	 283.271881 	 4.507875 	 98300.398438 	 359.723633 
65 	 41.678688 	 283.323761 	 284.073883 	 3.240113 	 97340.507812 	 432.471619 
66 	 41.678688 	 283.323761 	 279.862213 	 3.002520 	 96880.906250 	 400.964417 
67 	 41.678688 	 283.323761 	 275.808258 	 3.366331 	 97153.828125 	 439.436584 
68 	 41.678688 	 283.323761 	 274.803864 	 2.180475 	 97615.226562 	 429.538788 
69 	 41.678688 	 283.323761 	 274.603882 	 1.715960 	 97648.617188 	 387.092529 
70 	 41.678688 	 283.323761 	 275.242889 	 3.300745 	 97300.171875 	 435.445587 
71 	 41.678688 	 283.323761 	 273.816101 	 2.053765 	 97607.562500 	 460.759338 
72 	 41.678688 	 283.323761 	 273.597748 	 3.616472 	 97769.117188 	 427.423218 
73 	 41.678688 	 283.323761 	 271.829895 	 4.926259 	 97879.328125 	 439.746643 
74 	 41.678688 	 283.323761 	 270.843475 	 3.201032 	 98473.312500 	 446.283142 
75 	 41.678688 	 283.323761 	 271.976807 	 1.024783 	 99290.906250 	 427.936646 
76 	 41.678688 	 283.323761 	 274.053131 	 3.065258 	 100089.296875 	 411.364838 
77 	 41.678688 	 283.323761 	 283.386475 	 6.206478 	 98385.820312 	 385.250763 
78 	 41.678688 	 283.323761 	 278.734741 	 5.167893 	 97171.437500 	 503.885986 
79 	 41.678688 	 283.323761 	 276.563019 	 3.228231 	 99642.242188 	 468.247803 
80 	 41.678688 	 283.323761 	 282.367249 	 4.453689 	 99708.828125 	 399.654968 
81 	 41.678688 	 283.323761 	 286.955475 	 2.927267 	 98920.953125 	 560.949097 
82 	 41.678688 	 283.323761 	 281.095490 	 2.816515 	 99084.726562 	 391.891907 
83 	 41.678688 	 283.323761 	 278.750732 	 3.996054 	 97537.718750 	 415.056183 
84 	 41.678688 	 283.323761 	 275.994171 	 2.592246 	 96049.093750 	 371.234314 
85 	 41.678688 	 283.323761 	 275.215302 	 3.378259 	 95652.656250 	 397.964081 
86 	 41.678688 	 283.323761 	 276.589844 	 3.263476 	 96261.757812 	 484.751099 
87 	 41.678688 	 283.323761 	 276.930908 	 1.634548 	 97014.531250 	 486.867706 
88 	 41.678688 	 283.323761 	 278.152893 	 4.655749 	 95767.789062 	 374.505524 
89 	 41.678688 	 283.323761 	 278.742310 	 5.613297 	 96742.187500 	 447.065826 
90 	 41.678688 	 283.323761 	 280.084442 	 2.043950 	 97849.750000 	 428.472687 
91 	 41.678688 	 283.323761 	 283.455170 	 2.873866 	 97592.929688 	 534.432678 
92 	 41.678688 	 283.323761 	 283.569458 	 3.270821 	 97274.523438 	 488.044189 
93 	 41.678688 	 283.323761 	 281.755646 	 1.906219 	 98354.140625 	 505.013489 
94 	 41.678688 	 283.323761 	 281.508911 	 2.510266 	 98521.117188 	 407.127991 
95 	 41.678688 	 283.323761 	 281.676239 	 2.058326 	 97905.382812 	 385.183807 
96 	 41.678688 	 283.323761 	 279.564178 	 3.956626 	 97924.703125 	 470.826050 
97 	 41.678688 	 283.323761 	 278.896820 	 2.662727 	 99064.812500 	 400.180389 
98 	 41.678688 	 283.323761 	 282.516174 	 5.681417 	 98599.789062 	 386.397614 
99 	 41.678688 	 283.323761 	 285.376953 	 2.462072 	 97248.382812 	 574.964233 
100 	 41.678688 	 283.323761 	 281.105469 	 2.818911 	 97633.617188 	 464.459534 
101 	 41.678688 	 283.323761 	 279.894531 	 2.512172 	 98146.757812 	 528.140198 
102 	 41.678688 	 283.323761 	 281.720764 	 1.152202 	 98804.617188 	 496.498596 
103 	 41.678688 	 283.323761 	 282.197968 	 2.135783 	 98474.453125 	 492.564850 
104 	 41.678688 	 283.323761 	 281.137085 	 5.647068 	 97519.320312 	 510.254150 
105 	 41.678688 	 283.323761 	 284.585663 	 2.415189 	 98212.148438 	 558.039734 
106 	 41.678688 	 283.323761 	 288.890259 	 2.835680 	 98803.500000 	 566.895996 
107 	 41.678688 	 283.323761 	 286.843597 	 4.669494 	 98539.828125 	 419.411774 
108 	 41.678688 	 283.323761 	 281.596649 	 2.958575 	 98693.117188 	 518.943970 
109 	 41.678688 	 283.323761 	 282.205048 	 3.507925 	 99001.906250 	 416.012115 
110 	 41.678688 	 283.323761 	 281.827789 	 2.663392 	 98880.507812 	 462.206421 
111 	 41.678688 	 283.323761 	 277.804840 	 2.261656 	 99664.468750 	 535.399536 
112 	 41.678688 	 283.323761 	 276.913116 	 2.467578 	 99743.046875 	 395.064636 
113 	 41.678688 	 283.323761 	 276.471069 	 5.677081 	 97815.046875 	 451.331482 
114 	 41.678688 	 283.323761 	 279.981964 	 5.100827 	 97696.812500 	 591.322754 
115 	 41.678688 	 283.323761 	 282.194031 	 2.357819 	 98060.906250 	 465.432831 
116 	 41.678688 	 283.323761 	 286.233215 	 0.899340 	 98022.828125 	 512.480957 
117 	 41.678688 	 283.323761 	 284.655731 	 3.621235 	 98189.367188 	 622.514404 
118 	 41.678688 	 283.323761 	 278.745758 	 1.964102 	 99642.937500 	 559.291809 
119 	 41.678688 	 283.323761 	 281.514191 	 2.936693 	 99885.500000 	 581.407227 
120 	 41.678688 	 283.323761 	 285.019104 	 4.284570 	 99619.476562 	 580.982910 
121 	 41.678688 	 283.323761 	 289.291107 	 4.117836 	 99174.906250 	 631.127197 
122 	 41.678688 	 283.323761 	 293.202667 	 2.895525 	 98894.828125 	 649.344360 
123 	 41.678688 	 283.323761 	 293.771362 	 4.095304 	 98441.109375 	 648.585083 
124 	 41.678688 	 283.323761 	 289.697540 	 3.065035 	 98319.007812 	 628.142944 
125 	 41.678688 	 283.323761 	 288.871124 	 2.590997 	 98948.453125 	 634.845825 
126 	 41.678688 	 283.323761 	 296.432831 	 4.235211 	 98585.343750 	 680.186523 
127 	 41.678688 	 283.323761 	 295.304382 	 2.023560 	 98336.453125 	 608.667969 
128 	 41.678688 	 283.323761 	 286.073486 	 4.833474 	 98340.796875 	 553.449829 
129 	 41.678688 	 283.323761 	 285.605865 	 2.635566 	 99386.718750 	 618.540466 
130 	 41.678688 	 283.323761 	 289.291290 	 1.168009 	 98915.382812 	 634.532837 
131 	 41.678688 	 283.323761 	 295.075165 	 1.939570 	 99076.468750 	 659.351013 
132 	 41.678688 	 283.323761 	 296.296387 	 2.171827 	 98926.937500 	 665.826965 
133 	 41.678688 	 283.323761 	 297.762329 	 2.845551 	 98198.429688 	 625.631470 
134 	 41.678688 	 283.323761 	 289.167725 	 4.337715 	 98555.039062 	 640.854858 
135 	 41.678688 	 283.323761 	 286.440918 	 1.621906 	 98901.929688 	 619.199585 
136 	 41.678688 	 283.323761 	 292.907898 	 4.708193 	 98448.710938 	 633.767517 
137 	 41.678688 	 283.323761 	 293.118469 	 4.455198 	 98023.789062 	 559.104980 
138 	 41.678688 	 283.323761 	 284.757324 	 2.587895 	 99057.562500 	 628.579041 
139 	 41.678688 	 283.323761 	 285.201202 	 1.546587 	 99110.546875 	 412.130463 
140 	 41.678688 	 283.323761 	 288.548065 	 2.203818 	 99143.062500 	 585.714478 
141 	 41.678688 	 283.323761 	 291.520721 	 2.498048 	 98785.000000 	 502.577759 
142 	 41.678688 	 283.323761 	 290.970062 	 1.452300 	 98954.273438 	 652.803833 
143 	 41.678688 	 283.323761 	 295.613342 	 2.064203 	 98152.250000 	 552.003723 
144 	 41.678688 	 283.323761 	 295.090668 	 3.540389 	 98095.320312 	 571.233887 
145 	 41.678688 	 283.323761 	 295.392731 	 3.744796 	 97933.820312 	 695.482056 
146 	 41.678688 	 283.323761 	 295.552704 	 6.360970 	 97367.789062 	 711.509888 
147 	 41.678688 	 283.323761 	 296.037476 	 1.933747 	 98374.523438 	 689.880737 
148 	 41.678688 	 283.323761 	 298.835114 	 3.812869 	 98350.296875 	 704.177612 
149 	 41.678688 	 283.323761 	 297.409821 	 4.619757 	 98109.796875 	 586.201782 
150 	 41.678688 	 283.323761 	 293.976532 	 4.418527 	 97476.351562 	 649.504333 
151 	 41.678688 	 283.323761 	 293.279114 	 1.659296 	 98280.367188 	 670.848389 
152 	 41.678688 	 283.323761 	 294.995667 	 5.767906 	 97464.898438 	 570.047119 
153 	 41.678688 	 283.323761 	 287.716888 	 5.792639 	 97571.460938 	 600.459106 
154 	 41.678688 	 283.323761 	 284.418213 	 3.848454 	 98257.562500 	 609.178101 
155 	 41.678688 	 283.323761 	 287.233093 	 3.073979 	 98519.546875 	 610.706177 
156 	 41.678688 	 283.323761 	 291.448761 	 5.328871 	 97899.632812 	 523.336975 
157 	 41.678688 	 283.323761 	 288.083893 	 4.827052 	 97833.093750 	 660.062500 
158 	 41.678688 	 283.323761 	 288.764404 	 2.191389 	 98631.046875 	 652.208069 
159 	 41.678688 	 283.323761 	 292.144440 	 5.057615 	 98147.960938 	 552.888672 
160 	 41.678688 	 283.323761 	 294.163727 	 2.522129 	 97945.296875 	 599.907593 
161 	 41.678688 	 283.323761 	 293.571594 	 1.494531 	 98740.750000 	 684.059021 
162 	 41.678688 	 283.323761 	 293.044647 	 0.879071 	 98944.226562 	 598.101562 
163 	 41.678688 	 283.323761 	 295.808716 	 1.629958 	 98590.156250 	 642.965698 
164 	 41.678688 	 283.323761 	 297.753815 	 2.011041 	 98206.382812 	 671.915833 
165 	 41.678688 	 283.323761 	 296.781403 	 1.902210 	 97850.398438 	 503.809509 
166 	 41.678688 	 283.323761 	 299.279968 	 3.964409 	 97349.437500 	 714.826538 
167 	 41.678688 	 283.323761 	 293.689697 	 3.407369 	 98106.617188 	 691.040894 
168 	 41.678688 	 283.323761 	 290.496613 	 1.453996 	 98301.500000 	 528.979370 
169 	 41.678688 	 283.323761 	 296.493225 	 4.109019 	 97261.203125 	 713.400757 
170 	 41.678688 	 283.323761 	 290.931610 	 3.088694 	 98199.429688 	 675.961182 
171 	 41.678688 	 283.323761 	 289.131042 	 1.850039 	 98892.101562 	 443.390625 
172 	 41.678688 	 283.323761 	 288.688202 	 2.488443 	 98884.640625 	 456.319794 
173 	 41.678688 	 283.323761 	 291.199005 	 2.359267 	 98979.781250 	 687.126465 
174 	 41.678688 	 283.323761 	 290.725403 	 1.941373 	 99185.976562 	 681.392761 
175 	 41.678688 	 283.323761 	 293.384247 	 0.851019 	 99543.718750 	 697.900757 
176 	 41.678688 	 283.323761 	 296.586823 	 1.695160 	 99505.796875 	 702.958801 
177 	 41.678688 	 283.323761 	 298.189056 	 2.865304 	 98814.382812 	 720.917908 
178 	 41.678688 	 283.323761 	 301.937225 	 3.872361 	 97944.390625 	 733.606750 
179 	 41.678688 	 283.323761 	 304.792053 	 4.348544 	 97822.171875 	 715.048035 
180 	 41.678688 	 283.323761 	 297.962982 	 1.936463 	 98330.976562 	 578.501282 
181 	 41.678688 	 283.323761 	 296.090820 	 1.770644 	 98601.398438 	 627.024475 
182 	 41.678688 	 283.323761 	 300.745239 	 3.887897 	 98244.617188 	 636.445801 
183 	 41.678688 	 283.323761 	 307.479767 	 4.902636 	 97468.656250 	 764.252075 
184 	 41.678688 	 283.323761 	 299.375458 	 2.057309 	 98056.492188 	 713.750732 
185 	 41.678688 	 283.323761 	 298.960724 	 2.286711 	 98433.132812 	 641.271729 
186 	 41.678688 	 283.323761 	 296.502808 	 2.510576 	 98414.546875 	 596.715759 
187 	 41.678688 	 283.323761 	 292.382721 	 3.322976 	 98819.273438 	 660.986267 
188 	 41.678688 	 283.323761 	 291.983490 	 2.031485 	 99101.929688 	 676.523376 
189 	 41.678688 	 283.323761 	 293.311615 	 1.430178 	 98961.507812 	 693.794678 
190 	 41.678688 	 283.323761 	 294.946625 	 1.547806 	 98798.351562 	 707.639404 
191 	 41.678688 	 283.323761 	 294.159821 	 2.505566 	 98720.546875 	 592.726257 
192 	 41.678688 	 283.323761 	 296.696075 	 2.000566 	 98149.890625 	 543.852051 
193 	 41.678688 	 283.323761 	 297.786133 	 2.737042 	 97658.031250 	 651.617004 
194 	 41.678688 	 283.323761 	 294.916992 	 3.554388 	 97563.156250 	 632.052734 
195 	 41.678688 	 283.323761 	 292.272797 	 1.869659 	 97937.320312 	 573.573364 
196 	 41.678688 	 283.323761 	 291.371063 	 3.097172 	 98516.179688 	 658.792114 
197 	 41.678688 	 283.323761 	 291.195801 	 0.912723 	 99214.078125 	 674.692627 
198 	 41.678688 	 283.323761 	 295.108154 	 2.607776 	 99189.296875 	 693.057251 
199 	 41.678688 	 283.323761 	 297.488434 	 4.553462 	 98819.976562 	 704.366943 
200 	 41.678688 	 283.323761 	 296.200287 	 4.856364 	 98366.382812 	 508.770721 
201 	 41.678688 	 283.323761 	 296.558441 	 1.592884 	 98555.226562 	 670.857178 
202 	 41.678688 	 283.323761 	 299.358765 	 4.723451 	 98569.867188 	 704.847534 
203 	 41.678688 	 283.323761 	 298.063263 	 2.727893 	 98752.312500 	 636.582336 
204 	 41.678688 	 283.323761 	 297.084503 	 2.359593 	 99183.882812 	 680.081177 
205 	 41.678688 	 283.323761 	 297.900208 	 2.717206 	 99038.843750 	 710.071167 
206 	 41.678688 	 283.323761 	 298.821899 	 4.486575 	 98670.078125 	 707.040161 
207 	 41.678688 	 283.323761 	 296.023163 	 1.433210 	 98860.679688 	 579.232544 
208 	 41.678688 	 283.323761 	 296.405396 	 1.643865 	 98979.382812 	 667.580933 
209 	 41.678688 	 283.323761 	 299.156830 	 1.144426 	 98797.156250 	 673.243652 
210 	 41.678688 	 283.323761 	 301.015747 	 2.620483 	 98340.242188 	 713.972900 
211 	 41.678688 	 283.323761 	 301.019043 	 3.302913 	 98007.921875 	 674.300537 
212 	 41.678688 	 283.323761 	 298.053833 	 2.161290 	 98261.343750 	 701.186401 
213 	 41.678688 	 283.323761 	 295.039795 	 2.686412 	 98550.187500 	 678.836243 
214 	 41.678688 	 283.323761 	 293.118683 	 2.141838 	 98669.789062 	 645.043030 
215 	 41.678688 	 283.323761 	 293.845978 	 1.564032 	 98750.156250 	 649.958008 
216 	 41.678688 	 283.323761 	 295.742035 	 1.176192 	 98743.960938 	 684.957764 
217 	 41.678688 	 283.323761 	 301.085144 	 3.486043 	 98326.078125 	 708.009094 
218 	 41.678688 	 283.323761 	 304.339050 	 2.659893 	 98064.359375 	 715.124390 
219 	 41.678688 	 283.323761 	 299.673340 	 2.197594 	 97940.382812 	 609.544800 
220 	 41.678688 	 283.323761 	 297.465210 	 2.037903 	 98374.703125 	 683.912231 
221 	 41.678688 	 283.323761 	 295.350861 	 2.168619 	 98938.140625 	 667.696777 
222 	 41.678688 	 283.323761 	 300.284393 	 3.281775 	 98830.703125 	 685.240967 
223 	 41.678688 	 283.323761 	 303.319672 	 2.700881 	 98610.296875 	 680.991272 
224 	 41.678688 	 283.323761 	 303.544189 	 3.551947 	 98612.476562 	 682.704224 
225 	 41.678688 	 283.323761 	 303.152130 	 3.684024 	 98655.398438 	 691.200317 
226 	 41.678688 	 283.323761 	 304.307526 	 4.490152 	 98293.039062 	 658.243347 
227 	 41.678688 	 283.323761 	 301.053253 	 3.934855 	 97913.867188 	 622.843201 
228 	 41.678688 	 283.323761 	 295.498016 	 2.534727 	 98196.773438 	 658.011536 
229 	 41.678688 	 283.323761 	 294.002747 	 1.289986 	 98904.476562 	 624.785278 
230 	 41.678688 	 283.323761 	 295.847839 	 3.368653 	 98962.570312 	 569.592285 
231 	 41.678688 	 283.323761 	 295.320679 	 1.827502 	 98515.609375 	 666.457397 
232 	 41.678688 	 283.323761 	 296.827881 	 3.478672 	 98076.601562 	 538.815979 
233 	 41.678688 	 283.323761 	 288.563965 	 3.336435 	 98844.828125 	 617.228760 
234 	 41.678688 	 283.323761 	 288.389069 	 2.018523 	 99218.820312 	 507.635468 
235 	 41.678688 	 283.323761 	 292.791809 	 2.972485 	 98881.109375 	 569.343018 
236 	 41.678688 	 283.323761 	 294.551025 	 3.196850 	 98766.109375 	 574.704529 
237 	 41.678688 	 283.323761 	 293.923920 	 1.859600 	 98958.132812 	 634.231750 
238 	 41.678688 	 283.323761 	 296.665924 	 3.780970 	 98367.117188 	 646.558105 
239 	 41.678688 	 283.323761 	 292.552399 	 4.401566 	 98515.500000 	 579.995117 
240 	 41.678688 	 283.323761 	 291.572876 	 2.468601 	 98838.281250 	 604.164673 
241 	 41.678688 	 283.323761 	 292.472290 	 1.456406 	 98878.703125 	 624.418823 
242 	 41.678688 	 283.323761 	 294.731964 	 3.613766 	 98714.398438 	 611.194397 
243 	 41.678688 	 283.323761 	 297.890900 	 2.604657 	 98647.281250 	 619.305359 
244 	 41.678688 	 283.323761 	 295.423920 	 2.300159 	 98531.406250 	 539.202576 
245 	 41.678688 	 283.323761 	 296.660706 	 1.556044 	 98463.523438 	 640.664368 
246 	 41.678688 	 283.323761 	 296.258026 	 2.938569 	 98137.070312 	 587.647888 
247 	 41.678688 	 283.323761 	 292.331696 	 1.273452 	 98684.289062 	 601.078186 
248 	 41.678688 	 283.323761 	 295.636871 	 2.550291 	 98372.640625 	 575.635010 
249 	 41.678688 	 283.323761 	 292.861877 	 1.899094 	 98890.593750 	 598.859863 
250 	 41.678688 	 283.323761 	 292.460693 	 1.752721 	 99455.210938 	 597.647644 
251 	 41.678688 	 283.323761 	 295.670288 	 2.735573 	 99511.617188 	 575.001221 
252 	 41.678688 	 283.323761 	 297.250366 	 2.998402 	 99437.437500 	 596.549072 
253 	 41.678688 	 283.323761 	 298.772552 	 2.400497 	 99206.617188 	 625.605286 
254 	 41.678688 	 283.323761 	 298.135986 	 0.984802 	 99226.437500 	 599.346069 
255 	 41.678688 	 283.323761 	 299.042603 	 2.201197 	 98905.203125 	 618.879883 
256 	 41.678688 	 283.323761 	 295.993866 	 1.583354 	 99224.343750 	 599.852966 
257 	 41.678688 	 283.323761 	 296.488831 	 2.331423 	 98917.343750 	 582.014038 
258 	 41.678688 	 283.323761 	 299.539978 	 3.077339 	 98284.617188 	 581.518982 
259 	 41.678688 	 283.323761 	 295.908905 	 2.075878 	 99078.382812 	 596.427979 
260 	 41.678688 	 283.323761 	 297.543579 	 4.016200 	 98914.437500 	 609.334412 
261 	 41.678688 	 283.323761 	 298.740234 	 3.857024 	 98272.671875 	 610.301514 
262 	 41.678688 	 283.323761 	 291.921509 	 3.528064 	 98439.453125 	 565.717651 
263 	 41.678688 	 283.323761 	 286.554810 	 1.737751 	 99157.773438 	 542.767578 
264 	 41.678688 	 283.323761 	 292.504944 	 3.535221 	 98974.796875 	 566.864624 
265 	 41.678688 	 283.323761 	 288.348907 	 4.645579 	 98962.546875 	 502.691711 
266 	 41.678688 	 283.323761 	 281.115601 	 1.221569 	 100129.500000 	 508.359192 
267 	 41.678688 	 283.323761 	 284.715027 	 2.214213 	 99706.578125 	 516.937988 
268 	 41.678688 	 283.323761 	 289.656586 	 2.764136 	 99247.742188 	 539.244019 
269 	 41.678688 	 283.323761 	 293.379852 	 3.216773 	 98471.601562 	 519.439941 
270 	 41.678688 	 283.323761 	 291.596405 	 1.270516 	 98107.578125 	 462.897217 
271 	 41.678688 	 283.323761 	 289.639099 	 2.493434 	 98353.476562 	 508.246643 
272 	 41.678688 	 283.323761 	 285.596130 	 2.090427 	 99228.546875 	 526.236389 
273 	 41.678688 	 283.323761 	 287.086761 	 2.716736 	 99233.273438 	 523.274536 
274 	 41.678688 	 283.323761 	 288.278442 	 3.594816 	 98874.679688 	 478.995575 
275 	 41.678688 	 283.323761 	 280.873413 	 3.205015 	 99874.218750 	 497.272339 
276 	 41.678688 	 283.323761 	 280.718811 	 1.474577 	 99934.468750 	 485.859680 
277 	 41.678688 	 283.323761 	 286.542694 	 3.484890 	 99196.468750 	 491.095947 
278 	 41.678688 	 283.323761 	 284.732971 	 3.895368 	 99203.398438 	 492.375244 
279 	 41.678688 	 283.323761 	 278.122284 	 3.083366 	 100117.601562 	 471.520813 
280 	 41.678688 	 283.323761 	 277.532654 	 0.789894 	 100279.703125 	 463.907654 
281 	 41.678688 	 283.323761 	 281.868195 	 1.612610 	 99819.132812 	 473.468689 
282 	 41.678688 	 283.323761 	 284.374542 	 0.909084 	 99731.968750 	 484.612823 
283 	 41.678688 	 283.323761 	 285.756012 	 1.018866 	 99607.109375 	 490.804626 
284 	 41.678688 	 283.323761 	 286.013184 	 1.601786 	 99117.406250 	 482.438904 
285 	 41.678688 	 283.323761 	 284.577728 	 1.014530 	 99387.929688 	 479.763489 
286 	 41.678688 	 283.323761 	 285.894714 	 2.572864 	 98301.890625 	 480.175568 
287 	 41.678688 	 283.323761 	 282.454590 	 3.312887 	 98634.328125 	 458.701111 
288 	 41.678688 	 283.323761 	 279.474915 	 0.858602 	 98829.953125 	 453.331177 
289 	 41.678688 	 283.323761 	 284.718292 	 3.370365 	 98016.226562 	 459.136688 
290 	 41.678688 	 283.323761 	 282.544067 	 2.531726 	 97818.476562 	 438.456207 
291 	 41.678688 	 283.323761 	 281.841431 	 2.649810 	 98055.093750 	 423.118530 
292 	 41.678688 	 283.323761 	 285.197418 	 2.284102 	 98486.257812 	 437.431335 
293 	 41.678688 	 283.323761 	 282.432343 	 1.052289 	 98970.968750 	 357.774261 
294 	 41.678688 	 283.323761 	 281.004761 	 3.122408 	 97982.312500 	 427.703064 
295 	 41.678688 	 283.323761 	 276.915497 	 3.458786 	 98006.382812 	 437.206116 
296 	 41.678688 	 283.323761 	 275.388763 	 1.587441 	 98407.320312 	 385.052612 
297 	 41.678688 	 283.323761 	 276.446594 	 1.574404 	 98395.109375 	 421.542603 
298 	 41.678688 	 283.323761 	 277.951508 	 2.813798 	 98977.023438 	 427.193848 
299 	 41.678688 	 283.323761 	 279.304504 	 2.717612 	 99761.929688 	 400.566986 
300 	 41.678688 	 283.323761 	 278.955048 	 1.808383 	 100147.203125 	 427.214294 
301 	 41.678688 	 283.323761 	 278.097473 	 1.840460 	 99626.601562 	 414.151215 
302 	 41.678688 	 283.323761 	 281.053528 	 1.541375 	 99313.140625 	 416.623291 
303 	 41.678688 	 283.323761 	 282.417816 	 1.870294 	 99452.210938 	 423.665802 
304 	 41.678688 	 283.323761 	 285.816467 	 2.120248 	 99119.046875 	 427.328827 
305 	 41.678688 	 283.323761 	 284.027405 	 1.853420 	 99055.007812 	 412.252319 
306 	 41.678688 	 283.323761 	 288.555267 	 2.722118 	 97969.546875 	 415.476959 
307 	 41.678688 	 283.323761 	 285.777740 	 5.154073 	 98096.203125 	 382.167847 
308 	 41.678688 	 283.323761 	 281.645233 	 3.800621 	 96563.179688 	 361.524200 
309 	 41.678688 	 283.323761 	 281.093414 	 4.262769 	 97425.210938 	 392.478241 
310 	 41.678688 	 283.323761 	 279.668091 	 2.378764 	 98096.398438 	 369.934021 
311 	 41.678688 	 283.323761 	 275.199188 	 2.420993 	 98689.007812 	 389.997406 
312 	 41.678688 	 283.323761 	 271.808746 	 0.857210 	 99316.960938 	 348.787537 
313 	 41.678688 	 283.323761 	 274.299957 	 2.201097 	 99610.406250 	 382.190918 
314 	 41.678688 	 283.323761 	 279.573975 	 2.768180 	 99270.203125 	 362.446777 
315 	 41.678688 	 283.323761 	 286.458832 	 4.881081 	 98159.703125 	 401.087708 
316 	 41.678688 	 283.323761 	 279.972595 	 3.985959 	 96844.671875 	 392.206207 
317 	 41.678688 	 283.323761 	 279.201599 	 2.406798 	 97914.968750 	 412.476074 
318 	 41.678688 	 283.323761 	 278.110901 	 1.831910 	 98814.703125 	 357.524414 
319 	 41.678688 	 283.323761 	 279.021240 	 2.487525 	 99349.289062 	 396.235596 
320 	 41.678688 	 283.323761 	 281.411865 	 4.350980 	 98476.796875 	 363.359253 
321 	 41.678688 	 283.323761 	 280.770203 	 3.490973 	 98216.132812 	 400.329041 
322 	 41.678688 	 283.323761 	 277.558807 	 2.755213 	 99328.101562 	 403.472656 
323 	 41.678688 	 283.323761 	 277.337128 	 3.564118 	 99733.046875 	 361.461853 
324 	 41.678688 	 283.323761 	 283.895081 	 5.812902 	 98351.000000 	 394.935181 
325 	 41.678688 	 283.323761 	 277.698120 	 1.991725 	 99360.937500 	 385.255859 
326 	 41.678688 	 283.323761 	 276.126373 	 0.940488 	 99895.226562 	 365.562500 
327 	 41.678688 	 283.323761 	 277.560181 	 3.392591 	 100205.796875 	 359.451111 
328 	 41.678688 	 283.323761 	 284.451294 	 4.972752 	 98949.859375 	 424.140808 
329 	 41.678688 	 283.323761 	 276.798462 	 1.292039 	 99587.406250 	 353.838470 
330 	 41.678688 	 283.323761 	 283.394409 	 4.659966 	 99318.007812 	 352.020599 
331 	 41.678688 	 283.323761 	 282.456604 	 2.398568 	 98489.500000 	 386.652283 
332 	 41.678688 	 283.323761 	 280.016632 	 2.766138 	 98798.570312 	 365.930634 
333 	 41.678688 	 283.323761 	 282.172852 	 3.175660 	 99094.296875 	 379.285767 
334 	 41.678688 	 283.323761 	 284.059967 	 2.716415 	 98927.976562 	 396.869904 
335 	 41.678688 	 283.323761 	 283.951691 	 4.049723 	 98685.906250 	 406.986023 
336 	 41.678688 	 283.323761 	 278.741119 	 2.160219 	 99566.007812 	 343.826660 
337 	 41.678688 	 283.323761 	 275.379852 	 0.922615 	 100140.203125 	 299.822144 
338 	 41.678688 	 283.323761 	 279.539612 	 1.981427 	 99983.687500 	 371.489594 
339 	 41.678688 	 283.323761 	 282.808594 	 2.493855 	 99680.398438 	 381.257935 
340 	 41.678688 	 283.323761 	 287.219116 	 3.880558 	 98728.843750 	 401.312622 
341 	 41.678688 	 283.323761 	 279.685974 	 3.214308 	 97739.101562 	 373.401367 
342 	 41.678688 	 283.323761 	 273.561096 	 1.316591 	 98744.179688 	 328.623749 
343 	 41.678688 	 283.323761 	 275.450348 	 2.873937 	 98695.140625 	 311.762054 
344 	 41.678688 	 283.323761 	 276.811584 	 2.086738 	 98376.828125 	 311.426910 
345 	 41.678688 	 283.323761 	 271.618561 	 2.111920 	 99047.046875 	 328.814941 
346 	 41.678688 	 283.323761 	 268.206909 	 1.309492 	 99211.710938 	 283.265625 
347 	 41.678688 	 283.323761 	 269.498016 	 2.179695 	 99197.492188 	 304.914093 
348 	 41.678688 	 283.323761 	 269.262238 	 2.258944 	 99772.132812 	 310.535278 
349 	 41.678688 	 283.323761 	 277.056366 	 4.798673 	 98396.023438 	 362.830811 
350 	 41.678688 	 283.323761 	 276.824524 	 2.612471 	 98474.726562 	 347.533569 
351 	 41.678688 	 283.323761 	 276.753174 	 2.155694 	 97846.609375 	 331.140381 
352 	 41.678688 	 283.323761 	 275.554993 	 3.550042 	 96640.273438 	 338.275970 
353 	 41.678688 	 283.323761 	 272.249542 	 2.303824 	 97264.343750 	 313.001160 
354 	 41.678688 	 283.323761 	 272.058746 	 2.872374 	 97984.250000 	 332.687286 
355 	 41.678688 	 283.323761 	 271.318726 	 2.715768 	 98610.703125 	 316.687286 
356 	 41.678688 	 283.323761 	 278.211395 	 3.972784 	 98441.921875 	 380.797974 
357 	 41.678688 	 283.323761 	 274.308411 	 1.846521 	 99455.242188 	 343.090881 
358 	 41.678688 	 283.323761 	 279.319885 	 4.394997 	 99449.507812 	 369.525452 
359 	 41.678688 	 283.323761 	 285.940338 	 4.287403 	 99207.218750 	 404.154266 
360 	 41.678688 	 283.323761 	 288.508606 	 4.465263 	 98163.906250 	 392.150696 
361 	 41.678688 	 283.323761 	 280.594147 	 3.801143 	 97616.523438 	 393.081482 
362 	 41.678688 	 283.323761 	 275.378143 	 2.331615 	 99017.882812 	 375.518158 
363 	 41.678688 	 283.323761 	 277.597046 	 4.482747 	 99310.562500 	 354.760345 
364 	 41.678688 	 283.323761 	 280.650421 	 5.765416 	 97208.671875 	 387.812805 
