# 0: Day of Year [-] 	 1: lat [deg] 	 2: lon [deg] 	 3: tas [K] 	 4: sfcWind [m s-1] 	 5: ps [Pa] 	 6: Total Downwelling Rad Flux [W m-2] 
0 	 41.678688 	 283.323761 	 282.614105 	 4.099082 	 97776.968750 	 362.232788 
1 	 41.678688 	 283.323761 	 278.943604 	 3.688607 	 96580.351562 	 375.606262 
2 	 41.678688 	 283.323761 	 276.157440 	 3.095464 	 98255.296875 	 369.605591 
3 	 41.678688 	 283.323761 	 272.271454 	 2.902137 	 99588.476562 	 301.838074 
4 	 41.678688 	 283.323761 	 284.374237 	 5.919592 	 97374.382812 	 409.364471 
5 	 41.678688 	 283.323761 	 275.549805 	 5.057270 	 97137.117188 	 356.436371 
6 	 41.678688 	 283.323761 	 269.943024 	 3.980916 	 98246.968750 	 320.764587 
7 	 41.678688 	 283.323761 	 269.645020 	 1.471786 	 99451.007812 	 314.990479 
8 	 41.678688 	 283.323761 	 279.720917 	 5.866125 	 98360.617188 	 348.918243 
9 	 41.678688 	 283.323761 	 274.909180 	 4.455983 	 96514.742188 	 356.646362 
10 	 41.678688 	 283.323761 	 267.763153 	 3.474549 	 97936.960938 	 287.339478 
11 	 41.678688 	 283.323761 	 270.949524 	 3.468831 	 98348.078125 	 315.325470 
12 	 41.678688 	 283.323761 	 272.193939 	 3.506576 	 98610.812500 	 333.653595 
13 	 41.678688 	 283.323761 	 267.666779 	 1.866091 	 100147.703125 	 290.332184 
14 	 41.678688 	 283.323761 	 273.111420 	 3.471846 	 99905.273438 	 328.612762 
15 	 41.678688 	 283.323761 	 278.380310 	 1.760945 	 98851.492188 	 354.861969 
16 	 41.678688 	 283.323761 	 275.739868 	 2.155400 	 98940.312500 	 353.152679 
17 	 41.678688 	 283.323761 	 273.978363 	 0.946703 	 99142.242188 	 383.100189 
18 	 41.678688 	 283.323761 	 277.288605 	 2.502644 	 99231.117188 	 355.794495 
19 	 41.678688 	 283.323761 	 281.881531 	 4.592272 	 99144.656250 	 370.546967 
20 	 41.678688 	 283.323761 	 283.944366 	 3.441004 	 97844.750000 	 371.790710 
21 	 41.678688 	 283.323761 	 272.250305 	 3.030340 	 96627.937500 	 369.917908 
22 	 41.678688 	 283.323761 	 271.636749 	 3.644492 	 96771.703125 	 305.029602 
23 	 41.678688 	 283.323761 	 269.266815 	 3.913597 	 97465.820312 	 343.612885 
24 	 41.678688 	 283.323761 	 267.129242 	 2.439983 	 98364.796875 	 321.667206 
25 	 41.678688 	 283.323761 	 267.723541 	 2.947794 	 98564.687500 	 297.430389 
26 	 41.678688 	 283.323761 	 271.833435 	 5.113981 	 95291.218750 	 326.364838 
27 	 41.678688 	 283.323761 	 269.286102 	 5.048942 	 95672.343750 	 317.028809 
28 	 41.678688 	 283.323761 	 269.855164 	 3.936621 	 97189.273438 	 364.918274 
29 	 41.678688 	 283.323761 	 270.065369 	 1.984867 	 97986.492188 	 355.737793 
30 	 41.678688 	 283.323761 	 270.814545 	 1.249636 	 98263.687500 	 360.803406 
31 	 41.678688 	 283.323761 	 269.682495 	 1.322958 	 98791.453125 	 364.211395 
32 	 41.678688 	 283.323761 	 268.230804 	 1.633682 	 99096.492188 	 354.811432 
33 	 41.678688 	 283.323761 	 270.652863 	 1.519834 	 99241.296875 	 379.887726 
34 	 41.678688 	 283.323761 	 271.718811 	 2.520727 	 98979.070312 	 318.653076 
35 	 41.678688 	 283.323761 	 266.402283 	 4.868963 	 98112.710938 	 352.871826 
36 	 41.678688 	 283.323761 	 263.875671 	 4.290041 	 97771.273438 	 336.632996 
37 	 41.678688 	 283.323761 	 266.782806 	 3.102017 	 97526.953125 	 352.480438 
38 	 41.678688 	 283.323761 	 269.089844 	 1.598128 	 97503.406250 	 381.342102 
39 	 41.678688 	 283.323761 	 266.209625 	 1.926335 	 98165.820312 	 354.262268 
40 	 41.678688 	 283.323761 	 265.787292 	 1.784077 	 98996.640625 	 355.524078 
41 	 41.678688 	 283.323761 	 264.979279 	 2.198864 	 99461.960938 	 358.984131 
42 	 41.678688 	 283.323761 	 266.956726 	 2.886833 	 99334.953125 	 361.133820 
43 	 41.678688 	 283.323761 	 272.439209 	 2.708625 	 98865.937500 	 393.720123 
44 	 41.678688 	 283.323761 	 269.537231 	 1.552180 	 98969.273438 	 385.323120 
45 	 41.678688 	 283.323761 	 273.467255 	 2.972230 	 98906.812500 	 394.349976 
46 	 41.678688 	 283.323761 	 274.984039 	 1.642742 	 99072.828125 	 396.090942 
47 	 41.678688 	 283.323761 	 277.555725 	 3.910575 	 98808.882812 	 327.833130 
48 	 41.678688 	 283.323761 	 282.059753 	 3.398660 	 97808.523438 	 422.309052 
49 	 41.678688 	 283.323761 	 271.770966 	 3.621720 	 98226.468750 	 396.218628 
50 	 41.678688 	 283.323761 	 269.658142 	 1.718026 	 99322.289062 	 395.270477 
51 	 41.678688 	 283.323761 	 274.583588 	 2.960522 	 99261.523438 	 420.681641 
52 	 41.678688 	 283.323761 	 276.003326 	 1.717152 	 98972.046875 	 362.041748 
53 	 41.678688 	 283.323761 	 275.995605 	 4.431035 	 96737.429688 	 356.416992 
54 	 41.678688 	 283.323761 	 272.197174 	 4.604104 	 95360.507812 	 335.962067 
55 	 41.678688 	 283.323761 	 273.789429 	 3.531915 	 97267.312500 	 399.503540 
56 	 41.678688 	 283.323761 	 274.275208 	 2.704730 	 98233.953125 	 383.091797 
57 	 41.678688 	 283.323761 	 269.102264 	 1.103906 	 98865.476562 	 391.925842 
58 	 41.678688 	 283.323761 	 267.109985 	 2.768378 	 99074.250000 	 402.870239 
59 	 41.678688 	 283.323761 	 266.066071 	 0.823485 	 99602.171875 	 403.963531 
60 	 41.678688 	 283.323761 	 273.979401 	 4.214008 	 99299.570312 	 407.337585 
61 	 41.678688 	 283.323761 	 280.278992 	 3.403037 	 98930.171875 	 435.889160 
62 	 41.678688 	 283.323761 	 274.325745 	 1.522146 	 99721.093750 	 426.849335 
63 	 41.678688 	 283.323761 	 280.412506 	 2.163936 	 99430.210938 	 472.399597 
64 	 41.678688 	 283.323761 	 283.328369 	 4.550521 	 98829.093750 	 375.834534 
65 	 41.678688 	 283.323761 	 285.118469 	 3.183992 	 97428.421875 	 483.855286 
66 	 41.678688 	 283.323761 	 282.082367 	 3.327657 	 97557.656250 	 395.232056 
67 	 41.678688 	 283.323761 	 277.208038 	 3.501403 	 97319.968750 	 462.069305 
68 	 41.678688 	 283.323761 	 270.909973 	 4.200615 	 98011.382812 	 454.924164 
69 	 41.678688 	 283.323761 	 270.335999 	 2.392840 	 99462.953125 	 420.166077 
70 	 41.678688 	 283.323761 	 271.814240 	 3.232865 	 100357.500000 	 341.961914 
71 	 41.678688 	 283.323761 	 277.068451 	 4.959119 	 98624.460938 	 350.413391 
72 	 41.678688 	 283.323761 	 275.798859 	 2.945388 	 97382.796875 	 398.159119 
73 	 41.678688 	 283.323761 	 277.668610 	 2.583979 	 98787.859375 	 489.779846 
74 	 41.678688 	 283.323761 	 282.455200 	 3.121288 	 98864.593750 	 470.505615 
75 	 41.678688 	 283.323761 	 282.778564 	 1.712434 	 99043.359375 	 501.428375 
76 	 41.678688 	 283.323761 	 282.968628 	 3.500006 	 98365.656250 	 397.076752 
77 	 41.678688 	 283.323761 	 285.610779 	 2.664971 	 98152.070312 	 407.882324 
78 	 41.678688 	 283.323761 	 290.279877 	 3.879099 	 97728.500000 	 515.128418 
79 	 41.678688 	 283.323761 	 284.367096 	 3.472155 	 98229.382812 	 513.242065 
80 	 41.678688 	 283.323761 	 275.765686 	 1.976736 	 99269.023438 	 347.565369 
81 	 41.678688 	 283.323761 	 278.831543 	 1.958091 	 99241.257812 	 403.100525 
82 	 41.678688 	 283.323761 	 283.816681 	 4.266255 	 99074.179688 	 444.380066 
83 	 41.678688 	 283.323761 	 288.978729 	 2.763000 	 98334.156250 	 574.858398 
84 	 41.678688 	 283.323761 	 289.728760 	 3.967060 	 98169.226562 	 504.437958 
85 	 41.678688 	 283.323761 	 283.587738 	 2.245823 	 98710.562500 	 515.758789 
86 	 41.678688 	 283.323761 	 287.445190 	 4.704783 	 97928.546875 	 413.544617 
87 	 41.678688 	 283.323761 	 281.360687 	 5.741241 	 97563.226562 	 511.519196 
88 	 41.678688 	 283.323761 	 279.272614 	 2.239734 	 99100.687500 	 516.179321 
89 	 41.678688 	 283.323761 	 283.762634 	 4.928092 	 99065.632812 	 517.323059 
90 	 41.678688 	 283.323761 	 288.107452 	 6.443312 	 98434.968750 	 439.654572 
91 	 41.678688 	 283.323761 	 287.352173 	 2.635463 	 98049.281250 	 457.369843 
92 	 41.678688 	 283.323761 	 287.683990 	 4.133929 	 96675.617188 	 543.402771 
93 	 41.678688 	 283.323761 	 280.462067 	 1.873155 	 96124.960938 	 465.292542 
94 	 41.678688 	 283.323761 	 276.337982 	 4.534551 	 96695.750000 	 514.538208 
95 	 41.678688 	 283.323761 	 278.228577 	 3.920066 	 97934.046875 	 518.330444 
96 	 41.678688 	 283.323761 	 283.681030 	 2.056680 	 98611.210938 	 456.848175 
97 	 41.678688 	 283.323761 	 286.815582 	 1.981695 	 99318.593750 	 517.783569 
98 	 41.678688 	 283.323761 	 285.839142 	 4.710003 	 99659.921875 	 451.778442 
99 	 41.678688 	 283.323761 	 289.133972 	 3.836220 	 98357.617188 	 481.031921 
100 	 41.678688 	 283.323761 	 286.095032 	 2.756769 	 97739.632812 	 472.173828 
101 	 41.678688 	 283.323761 	 283.146057 	 3.318446 	 97984.703125 	 496.025604 
102 	 41.678688 	 283.323761 	 282.721558 	 3.680693 	 98848.453125 	 495.539429 
103 	 41.678688 	 283.323761 	 282.878265 	 3.648734 	 99553.953125 	 596.717712 
104 	 41.678688 	 283.323761 	 283.957001 	 3.852039 	 98858.523438 	 505.473877 
105 	 41.678688 	 283.323761 	 285.466339 	 2.168385 	 98367.281250 	 542.769287 
106 	 41.678688 	 283.323761 	 286.571899 	 1.197725 	 98693.062500 	 585.674622 
107 	 41.678688 	 283.323761 	 286.666016 	 1.130913 	 98946.929688 	 498.115021 
108 	 41.678688 	 283.323761 	 286.456024 	 2.439609 	 98657.992188 	 491.872437 
109 	 41.678688 	 283.323761 	 286.700226 	 4.513548 	 97724.953125 	 423.358887 
110 	 41.678688 	 283.323761 	 286.309601 	 2.163952 	 97248.976562 	 400.891144 
111 	 41.678688 	 283.323761 	 285.043854 	 3.642523 	 97950.031250 	 466.642883 
112 	 41.678688 	 283.323761 	 285.840729 	 3.016778 	 99039.046875 	 604.476868 
113 	 41.678688 	 283.323761 	 287.437744 	 1.787550 	 99673.523438 	 591.048584 
114 	 41.678688 	 283.323761 	 288.692566 	 3.954239 	 99763.179688 	 568.508240 
115 	 41.678688 	 283.323761 	 292.031311 	 1.476892 	 99246.187500 	 588.962708 
116 	 41.678688 	 283.323761 	 293.631226 	 3.484297 	 98631.906250 	 664.120728 
117 	 41.678688 	 283.323761 	 293.150269 	 2.837618 	 98547.562500 	 553.614014 
118 	 41.678688 	 283.323761 	 292.630737 	 2.469515 	 99171.187500 	 552.175476 
119 	 41.678688 	 283.323761 	 293.171783 	 3.066639 	 98782.351562 	 579.823853 
120 	 41.678688 	 283.323761 	 293.315765 	 2.208888 	 98384.500000 	 574.892029 
121 	 41.678688 	 283.323761 	 293.873810 	 1.908648 	 98306.093750 	 635.087219 
122 	 41.678688 	 283.323761 	 293.212799 	 2.170229 	 98609.187500 	 583.311035 
123 	 41.678688 	 283.323761 	 291.249268 	 4.053177 	 98302.023438 	 565.130981 
124 	 41.678688 	 283.323761 	 284.975647 	 3.120219 	 98325.539062 	 595.229858 
125 	 41.678688 	 283.323761 	 284.237000 	 1.519392 	 98839.171875 	 538.879395 
126 	 41.678688 	 283.323761 	 283.583923 	 3.538545 	 99355.109375 	 625.458069 
127 	 41.678688 	 283.323761 	 286.107910 	 1.730538 	 99386.289062 	 621.839661 
128 	 41.678688 	 283.323761 	 291.430939 	 2.697936 	 98590.890625 	 590.763794 
129 	 41.678688 	 283.323761 	 291.251801 	 1.967050 	 98137.218750 	 467.341461 
130 	 41.678688 	 283.323761 	 289.781525 	 2.917847 	 98577.156250 	 572.970642 
131 	 41.678688 	 283.323761 	 290.184662 	 2.923007 	 98191.500000 	 484.220886 
132 	 41.678688 	 283.323761 	 293.352020 	 2.222609 	 97779.960938 	 528.505737 
133 	 41.678688 	 283.323761 	 295.571716 	 1.887352 	 98104.117188 	 654.825012 
134 	 41.678688 	 283.323761 	 296.675049 	 3.461773 	 98002.187500 	 619.819031 
135 	 41.678688 	 283.323761 	 294.242828 	 4.384451 	 97501.992188 	 684.925476 
136 	 41.678688 	 283.323761 	 294.719360 	 2.879000 	 98030.750000 	 652.656433 
137 	 41.678688 	 283.323761 	 293.627014 	 1.296224 	 98499.046875 	 671.871460 
138 	 41.678688 	 283.323761 	 294.508270 	 2.119447 	 98298.687500 	 657.645630 
139 	 41.678688 	 283.323761 	 296.700653 	 2.525574 	 97992.812500 	 641.938721 
140 	 41.678688 	 283.323761 	 289.306854 	 4.098204 	 98256.882812 	 648.100586 
141 	 41.678688 	 283.323761 	 287.613770 	 2.763838 	 98661.976562 	 406.790405 
142 	 41.678688 	 283.323761 	 286.030762 	 4.548265 	 98741.226562 	 622.545837 
143 	 41.678688 	 283.323761 	 286.547974 	 2.108238 	 99429.281250 	 629.996460 
144 	 41.678688 	 283.323761 	 289.656677 	 5.301336 	 99338.039062 	 578.153564 
145 	 41.678688 	 283.323761 	 294.870728 	 4.824517 	 98326.976562 	 600.455139 
146 	 41.678688 	 283.323761 	 290.341339 	 1.835102 	 98805.679688 	 530.130127 
147 	 41.678688 	 283.323761 	 296.962128 	 4.107423 	 97949.140625 	 726.153015 
148 	 41.678688 	 283.323761 	 293.007721 	 2.422841 	 97916.023438 	 560.518311 
149 	 41.678688 	 283.323761 	 289.393097 	 5.038067 	 97529.726562 	 489.989136 
150 	 41.678688 	 283.323761 	 287.031250 	 2.591614 	 98361.382812 	 651.857300 
151 	 41.678688 	 283.323761 	 289.382355 	 1.344594 	 98523.789062 	 665.723511 
152 	 41.678688 	 283.323761 	 291.759460 	 2.534368 	 98700.859375 	 662.198364 
153 	 41.678688 	 283.323761 	 292.538330 	 3.570694 	 98568.929688 	 488.880310 
154 	 41.678688 	 283.323761 	 292.568848 	 3.908639 	 97755.718750 	 511.483429 
155 	 41.678688 	 283.323761 	 291.669373 	 3.711751 	 97573.656250 	 469.341339 
156 	 41.678688 	 283.323761 	 292.201782 	 4.648825 	 97873.257812 	 536.195740 
157 	 41.678688 	 283.323761 	 293.150269 	 3.970198 	 98378.140625 	 616.241638 
158 	 41.678688 	 283.323761 	 293.470734 	 2.194000 	 98437.156250 	 605.962158 
159 	 41.678688 	 283.323761 	 294.121490 	 1.532527 	 98382.742188 	 674.423645 
160 	 41.678688 	 283.323761 	 295.014618 	 1.230603 	 98700.343750 	 621.981018 
161 	 41.678688 	 283.323761 	 295.175781 	 1.842016 	 99011.289062 	 606.179138 
162 	 41.678688 	 283.323761 	 296.192932 	 3.225910 	 98994.953125 	 641.320251 
163 	 41.678688 	 283.323761 	 295.722839 	 2.602022 	 98533.046875 	 638.752869 
164 	 41.678688 	 283.323761 	 294.549744 	 1.426601 	 98484.250000 	 666.125854 
165 	 41.678688 	 283.323761 	 295.606567 	 3.102960 	 98042.570312 	 583.614075 
166 	 41.678688 	 283.323761 	 294.816162 	 3.054696 	 98257.671875 	 687.899658 
167 	 41.678688 	 283.323761 	 296.216217 	 1.800061 	 98607.046875 	 698.380066 
168 	 41.678688 	 283.323761 	 300.203766 	 3.389399 	 98206.070312 	 721.547424 
169 	 41.678688 	 283.323761 	 298.060181 	 2.035285 	 98593.156250 	 631.442749 
170 	 41.678688 	 283.323761 	 298.217560 	 2.823558 	 98463.289062 	 655.593079 
171 	 41.678688 	 283.323761 	 297.384460 	 5.167072 	 98029.257812 	 673.319458 
172 	 41.678688 	 283.323761 	 290.199677 	 2.837461 	 98919.367188 	 662.928467 
173 	 41.678688 	 283.323761 	 289.743378 	 1.761701 	 99221.242188 	 678.273438 
174 	 41.678688 	 283.323761 	 291.522766 	 0.623126 	 99225.242188 	 691.463135 
175 	 41.678688 	 283.323761 	 294.882568 	 2.977529 	 99099.960938 	 665.247620 
176 	 41.678688 	 283.323761 	 297.744568 	 3.750314 	 98767.953125 	 682.049072 
177 	 41.678688 	 283.323761 	 301.377899 	 4.876488 	 98161.562500 	 736.546631 
178 	 41.678688 	 283.323761 	 297.916321 	 3.169967 	 97728.476562 	 633.843140 
179 	 41.678688 	 283.323761 	 294.505615 	 3.596261 	 97875.367188 	 702.439697 
180 	 41.678688 	 283.323761 	 291.572327 	 2.560115 	 98554.757812 	 641.938721 
181 	 41.678688 	 283.323761 	 291.641144 	 1.210146 	 99046.648438 	 686.112061 
182 	 41.678688 	 283.323761 	 295.391510 	 1.535853 	 99031.390625 	 702.609009 
183 	 41.678688 	 283.323761 	 297.960541 	 3.654819 	 98713.546875 	 685.020081 
184 	 41.678688 	 283.323761 	 298.648926 	 4.469190 	 98124.468750 	 733.667725 
185 	 41.678688 	 283.323761 	 294.036224 	 5.335673 	 97722.796875 	 667.988525 
186 	 41.678688 	 283.323761 	 290.538818 	 2.999570 	 98814.101562 	 666.683472 
187 	 41.678688 	 283.323761 	 291.318420 	 1.174532 	 99007.382812 	 654.163818 
188 	 41.678688 	 283.323761 	 294.628693 	 0.538257 	 98976.992188 	 705.684631 
189 	 41.678688 	 283.323761 	 294.552643 	 0.696252 	 98813.828125 	 677.227295 
190 	 41.678688 	 283.323761 	 298.327332 	 1.251587 	 98727.523438 	 705.814209 
191 	 41.678688 	 283.323761 	 297.972961 	 1.348241 	 98671.296875 	 705.349731 
192 	 41.678688 	 283.323761 	 296.746979 	 1.374317 	 98352.632812 	 624.868286 
193 	 41.678688 	 283.323761 	 295.892548 	 3.976172 	 98135.476562 	 673.329834 
194 	 41.678688 	 283.323761 	 294.925995 	 2.477461 	 98865.406250 	 656.487793 
195 	 41.678688 	 283.323761 	 294.511871 	 2.721120 	 99217.421875 	 523.170654 
196 	 41.678688 	 283.323761 	 295.545593 	 2.990525 	 99283.976562 	 503.943817 
197 	 41.678688 	 283.323761 	 297.749542 	 2.554429 	 99278.179688 	 666.537109 
198 	 41.678688 	 283.323761 	 299.093994 	 2.793585 	 98969.781250 	 688.173950 
199 	 41.678688 	 283.323761 	 298.954590 	 1.045142 	 98791.570312 	 683.744385 
200 	 41.678688 	 283.323761 	 297.095703 	 0.920861 	 99180.273438 	 705.931274 
201 	 41.678688 	 283.323761 	 298.746399 	 2.617886 	 99400.609375 	 709.210266 
202 	 41.678688 	 283.323761 	 299.252167 	 3.124685 	 99108.492188 	 713.857178 
203 	 41.678688 	 283.323761 	 299.882904 	 4.230400 	 98180.023438 	 706.937317 
204 	 41.678688 	 283.323761 	 297.154205 	 3.450283 	 97640.507812 	 688.159668 
205 	 41.678688 	 283.323761 	 293.655823 	 2.643410 	 98509.851562 	 681.011414 
206 	 41.678688 	 283.323761 	 292.637817 	 1.227515 	 99042.226562 	 671.665039 
207 	 41.678688 	 283.323761 	 296.891052 	 2.309379 	 98998.640625 	 681.182495 
208 	 41.678688 	 283.323761 	 301.662537 	 3.462936 	 98457.593750 	 688.331970 
209 	 41.678688 	 283.323761 	 302.856354 	 2.881000 	 98199.906250 	 707.839233 
210 	 41.678688 	 283.323761 	 301.200806 	 2.027142 	 98097.726562 	 673.584229 
211 	 41.678688 	 283.323761 	 298.734497 	 1.842497 	 97832.406250 	 684.499268 
212 	 41.678688 	 283.323761 	 299.347900 	 1.149028 	 98203.351562 	 705.487305 
213 	 41.678688 	 283.323761 	 299.165192 	 1.426739 	 98521.039062 	 665.512817 
214 	 41.678688 	 283.323761 	 298.544250 	 2.216401 	 98371.781250 	 659.309448 
215 	 41.678688 	 283.323761 	 299.267242 	 2.014321 	 97880.453125 	 656.822998 
216 	 41.678688 	 283.323761 	 297.161621 	 2.481667 	 97879.156250 	 693.884888 
217 	 41.678688 	 283.323761 	 299.488831 	 3.765877 	 97691.226562 	 693.552429 
218 	 41.678688 	 283.323761 	 298.055450 	 1.771688 	 97763.093750 	 668.001831 
219 	 41.678688 	 283.323761 	 295.737579 	 4.428349 	 97546.289062 	 646.560303 
220 	 41.678688 	 283.323761 	 291.806427 	 3.054124 	 98355.343750 	 635.766724 
221 	 41.678688 	 283.323761 	 291.432861 	 1.932020 	 98940.140625 	 645.130127 
222 	 41.678688 	 283.323761 	 291.207062 	 0.772664 	 99194.953125 	 641.547607 
223 	 41.678688 	 283.323761 	 297.068817 	 3.728122 	 98774.187500 	 674.759033 
224 	 41.678688 	 283.323761 	 300.991211 	 3.466514 	 98494.960938 	 700.968567 
225 	 41.678688 	 283.323761 	 297.320801 	 2.020271 	 98899.203125 	 612.245605 
226 	 41.678688 	 283.323761 	 294.384003 	 3.270335 	 98464.062500 	 588.468872 
227 	 41.678688 	 283.323761 	 293.482849 	 3.654956 	 98476.242188 	 642.915894 
228 	 41.678688 	 283.323761 	 290.854523 	 1.157127 	 99307.617188 	 629.120605 
229 	 41.678688 	 283.323761 	 293.523132 	 2.606678 	 99523.718750 	 647.793945 
230 	 41.678688 	 283.323761 	 297.234833 	 4.696023 	 99232.039062 	 666.430176 
231 	 41.678688 	 283.323761 	 296.361969 	 3.869020 	 98862.320312 	 438.441925 
232 	 41.678688 	 283.323761 	 298.014557 	 2.239511 	 98746.156250 	 695.494324 
233 	 41.678688 	 283.323761 	 295.568268 	 1.955259 	 99051.710938 	 590.565308 
234 	 41.678688 	 283.323761 	 296.035492 	 3.742211 	 99042.273438 	 584.338623 
235 	 41.678688 	 283.323761 	 295.502533 	 2.568516 	 99022.203125 	 623.217285 
236 	 41.678688 	 283.323761 	 296.791077 	 3.213515 	 98861.398438 	 654.925842 
237 	 41.678688 	 283.323761 	 298.003876 	 2.926483 	 98556.156250 	 664.813904 
238 	 41.678688 	 283.323761 	 296.320801 	 3.294204 	 98291.953125 	 605.921631 
239 	 41.678688 	 283.323761 	 294.444763 	 1.449137 	 98327.156250 	 609.284912 
240 	 41.678688 	 283.323761 	 295.846619 	 1.552180 	 98791.367188 	 627.471252 
241 	 41.678688 	 283.323761 	 297.421265 	 1.655278 	 98869.796875 	 651.659546 
242 	 41.678688 	 283.323761 	 298.871429 	 1.790329 	 98748.523438 	 649.444580 
243 	 41.678688 	 283.323761 	 299.993927 	 2.992621 	 98618.320312 	 641.469238 
244 	 41.678688 	 283.323761 	 291.339111 	 2.435294 	 99393.421875 	 599.498901 
245 	 41.678688 	 283.323761 	 291.251587 	 0.993350 	 99319.906250 	 596.689148 
246 	 41.678688 	 283.323761 	 295.738831 	 2.721721 	 99056.281250 	 626.954102 
247 	 41.678688 	 283.323761 	 296.793365 	 2.661524 	 99232.257812 	 630.038269 
248 	 41.678688 	 283.323761 	 299.265076 	 2.156102 	 98981.492188 	 637.524048 
249 	 41.678688 	 283.323761 	 299.257019 	 0.832687 	 99132.156250 	 638.330688 
250 	 41.678688 	 283.323761 	 299.161102 	 0.971815 	 99325.476562 	 637.380981 
251 	 41.678688 	 283.323761 	 299.495758 	 0.980639 	 99226.429688 	 638.270630 
252 	 41.678688 	 283.323761 	 298.743896 	 0.713639 	 98952.843750 	 634.222778 
253 	 41.678688 	 283.323761 	 298.769379 	 0.913770 	 98887.929688 	 627.852783 
254 	 41.678688 	 283.323761 	 297.216431 	 2.351513 	 99124.718750 	 543.132141 
255 	 41.678688 	 283.323761 	 295.804047 	 2.851949 	 99077.078125 	 492.407837 
256 	 41.678688 	 283.323761 	 295.506378 	 2.314337 	 98868.453125 	 543.099792 
257 	 41.678688 	 283.323761 	 296.485291 	 1.590336 	 98664.328125 	 558.662598 
258 	 41.678688 	 283.323761 	 297.143280 	 0.893157 	 98963.656250 	 556.081055 
259 	 41.678688 	 283.323761 	 297.544067 	 1.725607 	 99066.453125 	 585.484070 
260 	 41.678688 	 283.323761 	 295.914948 	 1.972701 	 98850.156250 	 534.302002 
261 	 41.678688 	 283.323761 	 287.674652 	 3.840819 	 99816.757812 	 586.214355 
262 	 41.678688 	 283.323761 	 284.494537 	 1.514114 	 100432.500000 	 523.896240 
263 	 41.678688 	 283.323761 	 287.275146 	 2.583138 	 100099.898438 	 487.298523 
264 	 41.678688 	 283.323761 	 292.919006 	 2.868778 	 99598.281250 	 580.810425 
265 	 41.678688 	 283.323761 	 293.821106 	 2.560138 	 99301.976562 	 572.175293 
266 	 41.678688 	 283.323761 	 296.135101 	 2.265517 	 98987.906250 	 580.815186 
267 	 41.678688 	 283.323761 	 296.155212 	 0.477107 	 99213.453125 	 593.647888 
268 	 41.678688 	 283.323761 	 296.863281 	 1.789565 	 99357.882812 	 545.964478 
269 	 41.678688 	 283.323761 	 295.359711 	 1.942718 	 99235.882812 	 512.099304 
270 	 41.678688 	 283.323761 	 295.725464 	 2.789832 	 98795.242188 	 528.833496 
271 	 41.678688 	 283.323761 	 292.329620 	 3.134590 	 98524.203125 	 510.222992 
272 	 41.678688 	 283.323761 	 286.697449 	 1.661156 	 99357.070312 	 526.439392 
273 	 41.678688 	 283.323761 	 289.414337 	 2.201746 	 98958.609375 	 418.804138 
274 	 41.678688 	 283.323761 	 285.345276 	 3.282441 	 98489.906250 	 494.611816 
275 	 41.678688 	 283.323761 	 281.505798 	 2.749202 	 99260.921875 	 489.270233 
276 	 41.678688 	 283.323761 	 283.551941 	 1.768807 	 99431.757812 	 498.109375 
277 	 41.678688 	 283.323761 	 289.975616 	 2.781600 	 98863.742188 	 522.246033 
278 	 41.678688 	 283.323761 	 292.484894 	 1.567506 	 98990.523438 	 534.972046 
279 	 41.678688 	 283.323761 	 293.532959 	 2.281365 	 99000.273438 	 509.303894 
280 	 41.678688 	 283.323761 	 293.963318 	 4.050106 	 98706.781250 	 498.248901 
281 	 41.678688 	 283.323761 	 289.049652 	 4.067363 	 98554.257812 	 437.699951 
282 	 41.678688 	 283.323761 	 283.841400 	 2.084674 	 99269.601562 	 492.476044 
283 	 41.678688 	 283.323761 	 281.977325 	 1.805339 	 98563.570312 	 477.214478 
284 	 41.678688 	 283.323761 	 280.737488 	 2.390507 	 98198.093750 	 427.524628 
285 	 41.678688 	 283.323761 	 283.229523 	 3.788881 	 98513.703125 	 405.038330 
286 	 41.678688 	 283.323761 	 285.830292 	 2.411213 	 98650.476562 	 484.821045 
287 	 41.678688 	 283.323761 	 282.018127 	 1.205062 	 99008.546875 	 359.428162 
288 	 41.678688 	 283.323761 	 282.222626 	 2.886575 	 98601.648438 	 395.303101 
289 	 41.678688 	 283.323761 	 279.935394 	 3.405005 	 97932.171875 	 452.571686 
290 	 41.678688 	 283.323761 	 277.783264 	 4.469989 	 98329.703125 	 452.279938 
291 	 41.678688 	 283.323761 	 276.762390 	 2.788955 	 99493.718750 	 451.466919 
292 	 41.678688 	 283.323761 	 279.204956 	 4.232112 	 98717.640625 	 368.427643 
293 	 41.678688 	 283.323761 	 281.810852 	 2.632387 	 98459.078125 	 396.614380 
294 	 41.678688 	 283.323761 	 279.888275 	 2.903781 	 98860.617188 	 372.694031 
295 	 41.678688 	 283.323761 	 284.112366 	 1.300437 	 98719.367188 	 458.580933 
296 	 41.678688 	 283.323761 	 287.689117 	 1.492139 	 99302.523438 	 500.567261 
297 	 41.678688 	 283.323761 	 289.530518 	 2.530330 	 99216.210938 	 490.711060 
298 	 41.678688 	 283.323761 	 286.953278 	 3.292323 	 100129.703125 	 439.431213 
299 	 41.678688 	 283.323761 	 291.903870 	 5.739347 	 98838.843750 	 427.124634 
300 	 41.678688 	 283.323761 	 279.804962 	 5.485964 	 98034.296875 	 426.656830 
301 	 41.678688 	 283.323761 	 276.223145 	 2.614914 	 99822.890625 	 419.739990 
302 	 41.678688 	 283.323761 	 279.172791 	 2.282697 	 99762.578125 	 438.149567 
303 	 41.678688 	 283.323761 	 279.942169 	 1.578705 	 99505.679688 	 392.784515 
304 	 41.678688 	 283.323761 	 281.542053 	 1.384126 	 99371.312500 	 418.182159 
305 	 41.678688 	 283.323761 	 282.662903 	 1.227556 	 99307.367188 	 429.878296 
306 	 41.678688 	 283.323761 	 284.804382 	 2.382404 	 98665.773438 	 434.690735 
307 	 41.678688 	 283.323761 	 281.928864 	 1.571495 	 98331.937500 	 399.797729 
308 	 41.678688 	 283.323761 	 282.630249 	 2.229526 	 98751.976562 	 419.376923 
309 	 41.678688 	 283.323761 	 283.470856 	 2.269020 	 98788.187500 	 373.516724 
310 	 41.678688 	 283.323761 	 279.483765 	 4.246594 	 98672.781250 	 392.319153 
311 	 41.678688 	 283.323761 	 275.406677 	 2.076317 	 99333.062500 	 386.279175 
312 	 41.678688 	 283.323761 	 277.104675 	 2.415174 	 99293.960938 	 331.457367 
313 	 41.678688 	 283.323761 	 285.266571 	 4.000795 	 97909.718750 	 389.483978 
314 	 41.678688 	 283.323761 	 279.113098 	 4.038550 	 97571.023438 	 425.455841 
315 	 41.678688 	 283.323761 	 277.335205 	 2.393310 	 98829.250000 	 339.023743 
316 	 41.678688 	 283.323761 	 277.700867 	 1.586142 	 99213.726562 	 371.145233 
317 	 41.678688 	 283.323761 	 275.905396 	 1.419058 	 99707.882812 	 372.573181 
318 	 41.678688 	 283.323761 	 281.486877 	 3.793930 	 99643.187500 	 416.812469 
319 	 41.678688 	 283.323761 	 284.307068 	 2.829806 	 99304.960938 	 419.466248 
320 	 41.678688 	 283.323761 	 287.435394 	 2.542650 	 99089.093750 	 412.438141 
321 	 41.678688 	 283.323761 	 290.380371 	 5.213612 	 98464.882812 	 420.685181 
322 	 41.678688 	 283.323761 	 278.147186 	 4.827370 	 97605.679688 	 356.092865 
323 	 41.678688 	 283.323761 	 278.209686 	 4.795806 	 97455.796875 	 376.279572 
324 	 41.678688 	 283.323761 	 273.454346 	 3.702070 	 98490.453125 	 336.866913 
325 	 41.678688 	 283.323761 	 273.744690 	 2.592444 	 99423.476562 	 351.793976 
326 	 41.678688 	 283.323761 	 277.523773 	 4.235456 	 99292.726562 	 381.954956 
327 	 41.678688 	 283.323761 	 282.419952 	 3.129225 	 98965.679688 	 390.739349 
328 	 41.678688 	 283.323761 	 278.247345 	 1.827421 	 99507.351562 	 351.126038 
329 	 41.678688 	 283.323761 	 284.312073 	 3.786549 	 99164.367188 	 381.050964 
330 	 41.678688 	 283.323761 	 283.390015 	 3.822443 	 97762.132812 	 425.429657 
331 	 41.678688 	 283.323761 	 273.661713 	 3.997668 	 98164.273438 	 336.986969 
332 	 41.678688 	 283.323761 	 272.220306 	 2.316355 	 99897.226562 	 337.476532 
333 	 41.678688 	 283.323761 	 273.477631 	 3.224337 	 101205.000000 	 325.086121 
334 	 41.678688 	 283.323761 	 281.703766 	 4.646864 	 100179.500000 	 364.017822 
335 	 41.678688 	 283.323761 	 283.321075 	 2.001695 	 99295.546875 	 392.302338 
336 	 41.678688 	 283.323761 	 277.425751 	 1.731704 	 99799.093750 	 378.742432 
337 	 41.678688 	 283.323761 	 277.199677 	 3.332985 	 99922.250000 	 342.488403 
338 	 41.678688 	 283.323761 	 283.766693 	 3.717663 	 99158.273438 	 378.169678 
339 	 41.678688 	 283.323761 	 285.351410 	 4.135958 	 98181.476562 	 380.750977 
340 	 41.678688 	 283.323761 	 275.863037 	 5.212801 	 98925.742188 	 366.709839 
341 	 41.678688 	 283.323761 	 273.286316 	 2.802118 	 99400.312500 	 336.730469 
342 	 41.678688 	 283.323761 	 275.329834 	 2.362664 	 99579.210938 	 324.962769 
343 	 41.678688 	 283.323761 	 279.215820 	 2.288899 	 98899.343750 	 363.433167 
344 	 41.678688 	 283.323761 	 279.463898 	 2.305013 	 97785.171875 	 370.542572 
345 	 41.678688 	 283.323761 	 279.046631 	 2.670990 	 98066.062500 	 384.437866 
346 	 41.678688 	 283.323761 	 278.081116 	 3.709164 	 98255.226562 	 368.972046 
347 	 41.678688 	 283.323761 	 272.740570 	 1.241277 	 98494.046875 	 291.782715 
348 	 41.678688 	 283.323761 	 273.078247 	 6.647841 	 95945.468750 	 329.902557 
349 	 41.678688 	 283.323761 	 272.116760 	 3.767728 	 97635.101562 	 295.661713 
350 	 41.678688 	 283.323761 	 273.208649 	 1.280383 	 98636.296875 	 339.061890 
351 	 41.678688 	 283.323761 	 271.663940 	 3.367201 	 98138.906250 	 341.868500 
352 	 41.678688 	 283.323761 	 269.727936 	 2.003118 	 98379.648438 	 319.448792 
353 	 41.678688 	 283.323761 	 269.901093 	 1.124244 	 99231.851562 	 344.797119 
354 	 41.678688 	 283.323761 	 268.642914 	 2.081055 	 98739.781250 	 297.908386 
355 	 41.678688 	 283.323761 	 272.593140 	 2.367268 	 97458.773438 	 363.524170 
356 	 41.678688 	 283.323761 	 272.159149 	 2.473868 	 97165.257812 	 366.252716 
357 	 41.678688 	 283.323761 	 274.729706 	 4.292252 	 96890.671875 	 362.703735 
358 	 41.678688 	 283.323761 	 274.098083 	 3.478376 	 97721.281250 	 351.663879 
359 	 41.678688 	 283.323761 	 270.611633 	 1.430227 	 98599.390625 	 303.170105 
360 	 41.678688 	 283.323761 	 269.756927 	 3.734779 	 98474.843750 	 336.635986 
361 	 41.678688 	 283.323761 	 269.017853 	 4.541743 	 97957.359375 	 344.739868 
362 	 41.678688 	 283.323761 	 270.376160 	 1.836381 	 98047.273438 	 313.708618 
363 	 41.678688 	 283.323761 	 270.060242 	 2.119113 	 98829.750000 	 313.514801 
364 	 41.678688 	 283.323761 	 270.958710 	 2.143881 	 99988.132812 	 318.449585 
