# 0: Day of Year [-] 	 1: lat [deg] 	 2: lon [deg] 	 3: tas [K] 	 4: sfcWind [m s-1] 	 5: ps [Pa] 	 6: Total Downwelling Rad Flux [W m-2] 
0 	 41.678688 	 283.323761 	 277.065582 	 2.450688 	 99088.578125 	 337.415527 
1 	 41.678688 	 283.323761 	 271.624420 	 4.279356 	 98936.187500 	 319.864685 
2 	 41.678688 	 283.323761 	 271.733612 	 4.575657 	 98215.968750 	 324.276794 
3 	 41.678688 	 283.323761 	 273.769135 	 3.893030 	 98212.046875 	 337.105927 
4 	 41.678688 	 283.323761 	 269.931061 	 1.747478 	 98145.843750 	 316.930298 
5 	 41.678688 	 283.323761 	 269.077850 	 1.937654 	 97790.257812 	 353.507019 
6 	 41.678688 	 283.323761 	 265.921112 	 3.109977 	 98198.203125 	 305.915710 
7 	 41.678688 	 283.323761 	 265.037292 	 2.306586 	 98824.976562 	 310.578766 
8 	 41.678688 	 283.323761 	 264.779266 	 1.372510 	 99285.476562 	 306.121521 
9 	 41.678688 	 283.323761 	 264.908234 	 2.369075 	 99324.039062 	 293.762268 
10 	 41.678688 	 283.323761 	 275.759186 	 3.496605 	 98298.992188 	 333.205170 
11 	 41.678688 	 283.323761 	 273.605347 	 3.260986 	 98517.093750 	 371.443207 
12 	 41.678688 	 283.323761 	 269.319366 	 2.710379 	 99447.859375 	 321.699707 
13 	 41.678688 	 283.323761 	 279.410095 	 4.136724 	 97610.507812 	 355.462311 
14 	 41.678688 	 283.323761 	 268.809601 	 3.590489 	 97892.148438 	 330.264801 
15 	 41.678688 	 283.323761 	 266.167999 	 0.658561 	 98857.546875 	 309.465668 
16 	 41.678688 	 283.323761 	 272.526581 	 1.309536 	 98725.257812 	 369.464111 
17 	 41.678688 	 283.323761 	 271.762207 	 2.134649 	 98670.726562 	 355.763153 
18 	 41.678688 	 283.323761 	 276.335571 	 2.931592 	 98491.976562 	 359.366943 
19 	 41.678688 	 283.323761 	 276.328094 	 1.725397 	 98637.187500 	 349.240112 
20 	 41.678688 	 283.323761 	 277.082092 	 1.958203 	 98784.406250 	 375.235657 
21 	 41.678688 	 283.323761 	 275.088806 	 0.899914 	 98732.343750 	 378.308075 
22 	 41.678688 	 283.323761 	 274.248352 	 1.627297 	 98128.656250 	 362.638580 
23 	 41.678688 	 283.323761 	 272.599640 	 3.487154 	 98168.796875 	 362.167786 
24 	 41.678688 	 283.323761 	 274.147369 	 3.318634 	 98639.078125 	 356.323761 
25 	 41.678688 	 283.323761 	 276.428986 	 2.566477 	 98956.796875 	 358.851440 
26 	 41.678688 	 283.323761 	 274.806915 	 2.755779 	 99336.781250 	 358.197418 
27 	 41.678688 	 283.323761 	 285.239746 	 5.520590 	 97187.976562 	 371.455566 
28 	 41.678688 	 283.323761 	 273.636169 	 4.469977 	 96827.593750 	 361.472290 
29 	 41.678688 	 283.323761 	 268.755005 	 2.978446 	 98771.671875 	 325.445312 
30 	 41.678688 	 283.323761 	 267.434814 	 2.273902 	 99889.367188 	 335.914429 
31 	 41.678688 	 283.323761 	 268.031128 	 1.749631 	 100585.101562 	 322.418579 
32 	 41.678688 	 283.323761 	 271.493073 	 1.940041 	 99694.507812 	 341.942688 
33 	 41.678688 	 283.323761 	 274.048859 	 1.583152 	 97946.578125 	 347.898010 
34 	 41.678688 	 283.323761 	 272.726257 	 4.131440 	 96801.609375 	 414.472870 
35 	 41.678688 	 283.323761 	 270.130524 	 1.717623 	 96742.710938 	 305.190643 
36 	 41.678688 	 283.323761 	 272.068207 	 1.270447 	 96806.960938 	 372.686584 
37 	 41.678688 	 283.323761 	 270.181976 	 2.034688 	 97764.382812 	 365.778931 
38 	 41.678688 	 283.323761 	 270.324249 	 1.675960 	 98020.648438 	 366.032715 
39 	 41.678688 	 283.323761 	 268.398987 	 3.138919 	 98316.382812 	 392.526062 
40 	 41.678688 	 283.323761 	 272.277161 	 3.320206 	 98935.093750 	 378.764587 
41 	 41.678688 	 283.323761 	 276.301361 	 3.405265 	 98719.070312 	 344.237976 
42 	 41.678688 	 283.323761 	 281.468323 	 4.744566 	 96811.726562 	 387.826569 
43 	 41.678688 	 283.323761 	 267.525421 	 4.787672 	 97832.093750 	 380.488251 
44 	 41.678688 	 283.323761 	 267.792633 	 1.844975 	 99907.203125 	 327.702911 
45 	 41.678688 	 283.323761 	 271.491913 	 2.774937 	 99899.843750 	 358.525665 
46 	 41.678688 	 283.323761 	 274.354767 	 1.187841 	 99535.570312 	 405.537292 
47 	 41.678688 	 283.323761 	 273.922668 	 0.770849 	 99841.203125 	 414.272430 
48 	 41.678688 	 283.323761 	 276.150177 	 2.759817 	 99579.250000 	 393.363068 
49 	 41.678688 	 283.323761 	 278.589783 	 2.403144 	 99515.453125 	 440.547607 
50 	 41.678688 	 283.323761 	 282.879059 	 4.197361 	 98826.156250 	 362.475159 
51 	 41.678688 	 283.323761 	 278.136841 	 4.082153 	 96539.476562 	 409.017090 
52 	 41.678688 	 283.323761 	 275.197021 	 3.202244 	 95881.656250 	 404.462646 
53 	 41.678688 	 283.323761 	 274.961884 	 3.621007 	 96119.828125 	 371.655945 
54 	 41.678688 	 283.323761 	 273.957031 	 1.875783 	 97130.617188 	 361.416779 
55 	 41.678688 	 283.323761 	 271.744202 	 3.337711 	 97577.632812 	 412.263855 
56 	 41.678688 	 283.323761 	 268.476868 	 3.176132 	 98515.406250 	 391.736420 
57 	 41.678688 	 283.323761 	 270.026306 	 2.633408 	 99518.781250 	 404.786926 
58 	 41.678688 	 283.323761 	 272.272217 	 1.340866 	 99489.523438 	 413.365204 
59 	 41.678688 	 283.323761 	 273.640808 	 2.168722 	 99408.250000 	 346.439880 
60 	 41.678688 	 283.323761 	 277.851379 	 2.787149 	 98531.039062 	 465.087738 
61 	 41.678688 	 283.323761 	 277.171631 	 3.708673 	 98487.960938 	 384.300842 
62 	 41.678688 	 283.323761 	 271.365173 	 3.561005 	 97543.093750 	 378.707336 
63 	 41.678688 	 283.323761 	 269.988708 	 1.746030 	 97692.148438 	 444.307251 
64 	 41.678688 	 283.323761 	 273.298157 	 2.480762 	 97646.257812 	 408.861511 
65 	 41.678688 	 283.323761 	 274.337555 	 3.990673 	 97318.117188 	 459.849304 
66 	 41.678688 	 283.323761 	 268.958099 	 4.226239 	 97926.757812 	 447.421936 
67 	 41.678688 	 283.323761 	 270.140472 	 2.332282 	 99191.562500 	 430.774506 
68 	 41.678688 	 283.323761 	 272.033478 	 1.321651 	 99435.140625 	 402.218628 
69 	 41.678688 	 283.323761 	 273.830322 	 1.996746 	 99328.773438 	 463.222534 
70 	 41.678688 	 283.323761 	 271.682159 	 1.989826 	 99586.828125 	 439.873077 
71 	 41.678688 	 283.323761 	 275.710419 	 2.207749 	 99009.859375 	 464.161163 
72 	 41.678688 	 283.323761 	 276.842285 	 0.961987 	 98958.078125 	 470.295349 
73 	 41.678688 	 283.323761 	 277.382172 	 1.181192 	 98814.859375 	 479.659668 
74 	 41.678688 	 283.323761 	 279.115479 	 1.210126 	 99424.453125 	 479.085327 
75 	 41.678688 	 283.323761 	 280.937866 	 1.333147 	 99279.203125 	 400.857300 
76 	 41.678688 	 283.323761 	 278.392517 	 1.091605 	 99290.703125 	 348.389954 
77 	 41.678688 	 283.323761 	 277.054565 	 3.804640 	 99443.742188 	 397.276764 
78 	 41.678688 	 283.323761 	 276.126465 	 2.776300 	 98257.203125 	 371.731873 
79 	 41.678688 	 283.323761 	 277.912018 	 2.354173 	 98140.468750 	 500.867188 
80 	 41.678688 	 283.323761 	 277.683228 	 1.845042 	 98562.828125 	 491.199341 
81 	 41.678688 	 283.323761 	 280.018768 	 2.466327 	 98299.343750 	 496.241425 
82 	 41.678688 	 283.323761 	 281.763672 	 2.293796 	 98261.367188 	 511.711487 
83 	 41.678688 	 283.323761 	 279.359253 	 2.660147 	 98087.210938 	 520.176208 
84 	 41.678688 	 283.323761 	 277.465454 	 1.243594 	 98081.906250 	 468.336945 
85 	 41.678688 	 283.323761 	 277.850464 	 3.232704 	 97699.289062 	 493.797607 
86 	 41.678688 	 283.323761 	 277.328094 	 2.910582 	 97705.359375 	 490.760895 
87 	 41.678688 	 283.323761 	 281.892700 	 3.898206 	 97300.851562 	 441.355469 
88 	 41.678688 	 283.323761 	 279.445740 	 2.292109 	 97594.093750 	 473.753662 
89 	 41.678688 	 283.323761 	 278.111786 	 4.465485 	 97399.828125 	 418.085907 
90 	 41.678688 	 283.323761 	 276.906769 	 6.130756 	 96456.023438 	 527.838257 
91 	 41.678688 	 283.323761 	 275.350861 	 2.454646 	 97951.523438 	 500.885437 
92 	 41.678688 	 283.323761 	 275.739502 	 1.609167 	 98285.421875 	 437.142212 
93 	 41.678688 	 283.323761 	 278.027161 	 5.938137 	 96593.656250 	 393.874969 
94 	 41.678688 	 283.323761 	 274.709656 	 6.442300 	 97404.023438 	 512.786987 
95 	 41.678688 	 283.323761 	 273.064697 	 2.302395 	 99280.476562 	 371.060883 
96 	 41.678688 	 283.323761 	 275.912933 	 1.731577 	 100278.898438 	 498.221741 
97 	 41.678688 	 283.323761 	 280.112854 	 2.805474 	 100538.703125 	 522.344177 
98 	 41.678688 	 283.323761 	 284.846558 	 3.664245 	 100084.898438 	 514.098938 
99 	 41.678688 	 283.323761 	 287.817108 	 4.249426 	 99158.046875 	 549.719055 
100 	 41.678688 	 283.323761 	 287.372742 	 2.679195 	 98579.492188 	 542.636414 
101 	 41.678688 	 283.323761 	 282.946320 	 1.925299 	 99358.476562 	 557.051575 
102 	 41.678688 	 283.323761 	 283.676025 	 2.450969 	 99437.953125 	 504.500061 
103 	 41.678688 	 283.323761 	 288.058563 	 4.504883 	 98941.726562 	 545.033875 
104 	 41.678688 	 283.323761 	 288.787354 	 3.017635 	 98791.656250 	 446.702332 
105 	 41.678688 	 283.323761 	 290.847229 	 4.195214 	 98363.203125 	 467.273438 
106 	 41.678688 	 283.323761 	 290.605408 	 4.710183 	 97221.132812 	 527.889038 
107 	 41.678688 	 283.323761 	 279.205627 	 4.245872 	 98270.640625 	 549.519775 
108 	 41.678688 	 283.323761 	 279.441681 	 2.633015 	 99555.289062 	 509.346619 
109 	 41.678688 	 283.323761 	 283.010712 	 4.794016 	 98989.882812 	 405.330139 
110 	 41.678688 	 283.323761 	 282.947113 	 4.533367 	 97128.218750 	 513.366821 
111 	 41.678688 	 283.323761 	 281.533203 	 3.657231 	 97861.726562 	 483.144226 
112 	 41.678688 	 283.323761 	 281.002655 	 1.381697 	 98787.609375 	 524.555542 
113 	 41.678688 	 283.323761 	 283.603363 	 4.274997 	 98087.210938 	 423.031067 
114 	 41.678688 	 283.323761 	 281.325714 	 4.281115 	 97320.609375 	 423.098755 
115 	 41.678688 	 283.323761 	 281.464844 	 3.693675 	 98444.203125 	 595.348450 
116 	 41.678688 	 283.323761 	 282.137817 	 2.772932 	 98864.906250 	 580.845581 
117 	 41.678688 	 283.323761 	 282.355499 	 2.851020 	 98971.242188 	 479.530273 
118 	 41.678688 	 283.323761 	 284.797150 	 4.701138 	 97869.562500 	 503.920776 
119 	 41.678688 	 283.323761 	 280.884796 	 3.162327 	 98536.203125 	 592.763123 
120 	 41.678688 	 283.323761 	 281.738922 	 2.604283 	 99215.773438 	 422.835449 
121 	 41.678688 	 283.323761 	 291.287994 	 4.767570 	 98451.593750 	 561.007751 
122 	 41.678688 	 283.323761 	 288.876190 	 3.070621 	 98052.250000 	 589.406311 
123 	 41.678688 	 283.323761 	 282.275452 	 3.235225 	 98481.429688 	 485.457092 
124 	 41.678688 	 283.323761 	 280.614288 	 3.885105 	 99103.000000 	 574.165405 
125 	 41.678688 	 283.323761 	 280.684906 	 2.451358 	 99757.828125 	 593.098999 
126 	 41.678688 	 283.323761 	 282.558014 	 1.313110 	 99929.531250 	 556.287476 
127 	 41.678688 	 283.323761 	 285.390564 	 2.153507 	 99220.429688 	 602.936890 
128 	 41.678688 	 283.323761 	 287.000397 	 2.139007 	 98963.156250 	 509.284454 
129 	 41.678688 	 283.323761 	 294.308380 	 3.794686 	 97979.226562 	 658.830933 
130 	 41.678688 	 283.323761 	 291.423279 	 2.690583 	 97769.906250 	 579.892761 
131 	 41.678688 	 283.323761 	 285.940826 	 2.573829 	 98060.226562 	 534.749023 
132 	 41.678688 	 283.323761 	 283.191986 	 2.048441 	 98554.406250 	 605.181030 
133 	 41.678688 	 283.323761 	 284.130066 	 2.024992 	 98694.539062 	 597.040100 
134 	 41.678688 	 283.323761 	 282.788239 	 2.092805 	 99432.718750 	 612.165161 
135 	 41.678688 	 283.323761 	 283.547821 	 1.405588 	 99855.039062 	 622.767456 
136 	 41.678688 	 283.323761 	 285.398315 	 1.162565 	 99264.632812 	 637.056396 
137 	 41.678688 	 283.323761 	 290.373230 	 2.992835 	 98844.523438 	 593.011841 
138 	 41.678688 	 283.323761 	 293.112244 	 3.487129 	 98274.539062 	 580.763489 
139 	 41.678688 	 283.323761 	 291.610046 	 1.931579 	 98302.851562 	 579.939697 
140 	 41.678688 	 283.323761 	 293.094452 	 1.298955 	 98616.671875 	 657.139954 
141 	 41.678688 	 283.323761 	 294.380676 	 3.717264 	 98136.609375 	 677.973999 
142 	 41.678688 	 283.323761 	 296.057556 	 3.115875 	 97849.000000 	 674.687622 
143 	 41.678688 	 283.323761 	 293.802368 	 1.609648 	 98974.523438 	 686.839783 
144 	 41.678688 	 283.323761 	 296.572021 	 3.793160 	 98855.726562 	 672.382935 
145 	 41.678688 	 283.323761 	 297.646851 	 2.731714 	 98426.546875 	 710.844360 
146 	 41.678688 	 283.323761 	 297.716736 	 2.986683 	 98227.968750 	 679.898315 
147 	 41.678688 	 283.323761 	 295.497253 	 2.364123 	 98405.453125 	 667.813843 
148 	 41.678688 	 283.323761 	 295.792084 	 1.772204 	 98716.906250 	 682.928589 
149 	 41.678688 	 283.323761 	 293.353790 	 3.322100 	 99264.476562 	 688.927490 
150 	 41.678688 	 283.323761 	 294.225464 	 2.114512 	 98708.117188 	 666.384216 
151 	 41.678688 	 283.323761 	 295.226166 	 1.906543 	 98286.007812 	 666.829102 
152 	 41.678688 	 283.323761 	 294.907990 	 1.398958 	 98285.718750 	 648.012939 
153 	 41.678688 	 283.323761 	 293.759369 	 3.585016 	 97787.742188 	 716.758850 
154 	 41.678688 	 283.323761 	 289.366760 	 4.808794 	 97940.523438 	 663.111084 
155 	 41.678688 	 283.323761 	 291.864990 	 3.398623 	 97783.539062 	 676.012146 
156 	 41.678688 	 283.323761 	 291.987213 	 0.965666 	 98070.523438 	 638.997070 
157 	 41.678688 	 283.323761 	 296.189392 	 1.701483 	 98089.656250 	 666.041077 
158 	 41.678688 	 283.323761 	 297.634186 	 2.873708 	 98223.898438 	 699.586182 
159 	 41.678688 	 283.323761 	 295.235504 	 1.427069 	 98450.070312 	 707.735352 
160 	 41.678688 	 283.323761 	 295.677155 	 2.703143 	 97926.617188 	 685.882080 
161 	 41.678688 	 283.323761 	 292.719727 	 3.253741 	 98041.976562 	 678.706055 
162 	 41.678688 	 283.323761 	 292.990540 	 3.451720 	 97704.953125 	 506.547821 
163 	 41.678688 	 283.323761 	 289.505341 	 2.936220 	 97585.203125 	 664.376831 
164 	 41.678688 	 283.323761 	 286.438477 	 1.899492 	 97523.851562 	 632.699219 
165 	 41.678688 	 283.323761 	 283.983429 	 2.220361 	 97804.273438 	 577.655518 
166 	 41.678688 	 283.323761 	 284.687897 	 2.220070 	 98531.859375 	 600.322815 
167 	 41.678688 	 283.323761 	 286.830048 	 0.606110 	 99010.421875 	 638.871582 
168 	 41.678688 	 283.323761 	 291.611053 	 3.109679 	 98750.789062 	 622.906799 
169 	 41.678688 	 283.323761 	 292.136810 	 1.724929 	 98241.031250 	 439.419647 
170 	 41.678688 	 283.323761 	 290.338226 	 4.241177 	 98144.429688 	 548.025452 
171 	 41.678688 	 283.323761 	 290.866821 	 0.980241 	 98700.242188 	 675.146606 
172 	 41.678688 	 283.323761 	 293.001526 	 2.732690 	 98882.601562 	 695.358521 
173 	 41.678688 	 283.323761 	 293.054138 	 2.343305 	 98541.968750 	 682.474609 
174 	 41.678688 	 283.323761 	 295.706024 	 4.095931 	 97602.257812 	 598.393860 
175 	 41.678688 	 283.323761 	 295.809204 	 2.688406 	 97673.023438 	 716.063293 
176 	 41.678688 	 283.323761 	 298.443481 	 3.365055 	 98237.710938 	 711.533081 
177 	 41.678688 	 283.323761 	 304.712830 	 4.402429 	 98188.710938 	 754.220703 
178 	 41.678688 	 283.323761 	 293.220490 	 3.721374 	 99228.187500 	 587.062439 
179 	 41.678688 	 283.323761 	 290.660126 	 1.616056 	 99471.023438 	 597.886780 
180 	 41.678688 	 283.323761 	 297.598511 	 3.865500 	 98781.851562 	 680.562866 
181 	 41.678688 	 283.323761 	 293.179016 	 2.687836 	 98866.531250 	 566.989929 
182 	 41.678688 	 283.323761 	 292.814850 	 4.887896 	 99425.718750 	 630.488586 
183 	 41.678688 	 283.323761 	 297.852448 	 4.932321 	 98549.531250 	 673.525513 
184 	 41.678688 	 283.323761 	 296.091492 	 1.984306 	 98390.523438 	 668.759521 
185 	 41.678688 	 283.323761 	 296.340424 	 2.270788 	 98456.273438 	 611.555054 
186 	 41.678688 	 283.323761 	 296.851318 	 2.671331 	 98635.531250 	 669.543213 
187 	 41.678688 	 283.323761 	 299.859680 	 4.275451 	 98224.179688 	 676.438965 
188 	 41.678688 	 283.323761 	 294.188385 	 2.065439 	 98524.882812 	 711.345215 
189 	 41.678688 	 283.323761 	 297.586548 	 3.188146 	 98558.953125 	 694.014343 
190 	 41.678688 	 283.323761 	 303.094818 	 3.887147 	 98208.351562 	 702.950562 
191 	 41.678688 	 283.323761 	 296.302155 	 1.612226 	 98761.109375 	 628.356445 
192 	 41.678688 	 283.323761 	 297.820312 	 2.595632 	 98606.210938 	 715.352539 
193 	 41.678688 	 283.323761 	 299.385590 	 4.118735 	 98307.492188 	 633.718445 
194 	 41.678688 	 283.323761 	 299.334991 	 3.952437 	 98228.593750 	 634.749146 
195 	 41.678688 	 283.323761 	 294.942627 	 3.079223 	 98660.953125 	 639.680359 
196 	 41.678688 	 283.323761 	 293.224976 	 2.983583 	 98932.460938 	 686.127930 
197 	 41.678688 	 283.323761 	 293.505646 	 1.163398 	 98847.226562 	 636.629761 
198 	 41.678688 	 283.323761 	 295.554688 	 1.544953 	 98782.953125 	 707.951172 
199 	 41.678688 	 283.323761 	 297.975769 	 4.324960 	 98652.320312 	 682.777466 
200 	 41.678688 	 283.323761 	 299.528290 	 3.867321 	 98331.492188 	 698.903442 
201 	 41.678688 	 283.323761 	 297.533447 	 2.444315 	 98591.156250 	 715.064087 
202 	 41.678688 	 283.323761 	 297.374756 	 1.674625 	 98859.953125 	 694.417358 
203 	 41.678688 	 283.323761 	 298.476776 	 2.185875 	 98455.289062 	 618.551514 
204 	 41.678688 	 283.323761 	 299.320404 	 1.349688 	 98089.476562 	 707.757202 
205 	 41.678688 	 283.323761 	 303.571472 	 1.816825 	 98052.312500 	 745.902832 
206 	 41.678688 	 283.323761 	 302.465881 	 1.999329 	 98245.750000 	 714.724976 
207 	 41.678688 	 283.323761 	 302.972748 	 2.379864 	 98237.351562 	 697.412354 
208 	 41.678688 	 283.323761 	 300.504150 	 2.079808 	 98201.843750 	 694.923096 
209 	 41.678688 	 283.323761 	 295.937714 	 2.358776 	 98505.593750 	 706.105286 
210 	 41.678688 	 283.323761 	 292.900055 	 0.962545 	 99081.929688 	 666.235779 
211 	 41.678688 	 283.323761 	 296.629272 	 2.252013 	 98922.687500 	 650.920776 
212 	 41.678688 	 283.323761 	 299.011444 	 2.638454 	 98802.796875 	 621.213318 
213 	 41.678688 	 283.323761 	 298.617096 	 2.690871 	 98489.382812 	 619.345520 
214 	 41.678688 	 283.323761 	 297.202789 	 1.486322 	 98437.781250 	 653.472900 
215 	 41.678688 	 283.323761 	 295.523895 	 2.788377 	 98572.281250 	 662.383301 
216 	 41.678688 	 283.323761 	 294.396667 	 2.738768 	 98459.640625 	 661.957092 
217 	 41.678688 	 283.323761 	 293.670746 	 2.610735 	 98387.710938 	 666.504517 
218 	 41.678688 	 283.323761 	 289.773285 	 1.595836 	 98374.250000 	 427.723022 
219 	 41.678688 	 283.323761 	 292.980621 	 2.310598 	 98607.210938 	 668.721924 
220 	 41.678688 	 283.323761 	 297.997314 	 5.411773 	 97914.156250 	 610.226318 
221 	 41.678688 	 283.323761 	 295.284302 	 4.508055 	 97398.953125 	 659.898438 
222 	 41.678688 	 283.323761 	 289.811768 	 2.872169 	 98397.257812 	 611.398987 
223 	 41.678688 	 283.323761 	 290.913177 	 2.049626 	 98772.656250 	 588.936768 
224 	 41.678688 	 283.323761 	 293.343842 	 2.432930 	 99025.796875 	 639.964600 
225 	 41.678688 	 283.323761 	 297.771820 	 5.233805 	 98381.007812 	 672.406372 
226 	 41.678688 	 283.323761 	 297.929443 	 4.157482 	 97830.343750 	 460.162201 
227 	 41.678688 	 283.323761 	 294.184326 	 1.314753 	 98119.203125 	 614.045532 
228 	 41.678688 	 283.323761 	 292.996857 	 1.512224 	 98619.296875 	 634.404663 
229 	 41.678688 	 283.323761 	 293.433746 	 1.317140 	 98566.000000 	 642.353394 
230 	 41.678688 	 283.323761 	 291.239838 	 2.264476 	 98669.070312 	 451.582428 
231 	 41.678688 	 283.323761 	 288.866821 	 3.489862 	 98877.523438 	 619.808716 
232 	 41.678688 	 283.323761 	 288.299591 	 1.097203 	 98935.703125 	 594.969910 
233 	 41.678688 	 283.323761 	 289.565308 	 2.186831 	 98926.289062 	 618.920959 
234 	 41.678688 	 283.323761 	 291.568268 	 2.242363 	 98953.453125 	 621.147705 
235 	 41.678688 	 283.323761 	 297.798340 	 4.222888 	 98327.078125 	 560.269287 
236 	 41.678688 	 283.323761 	 296.179840 	 1.622059 	 98350.546875 	 630.923462 
237 	 41.678688 	 283.323761 	 295.495239 	 2.143394 	 98173.882812 	 636.832764 
238 	 41.678688 	 283.323761 	 291.744965 	 3.006902 	 98237.523438 	 579.617310 
239 	 41.678688 	 283.323761 	 288.662750 	 1.588771 	 98641.882812 	 432.178375 
240 	 41.678688 	 283.323761 	 288.959473 	 2.071139 	 98380.257812 	 526.810913 
241 	 41.678688 	 283.323761 	 288.412598 	 1.942033 	 98662.046875 	 595.163208 
242 	 41.678688 	 283.323761 	 290.081757 	 2.924238 	 98833.703125 	 594.737305 
243 	 41.678688 	 283.323761 	 289.689575 	 1.155844 	 98405.437500 	 520.700012 
244 	 41.678688 	 283.323761 	 290.031281 	 2.403713 	 98440.156250 	 616.584167 
245 	 41.678688 	 283.323761 	 289.880188 	 1.385948 	 98799.062500 	 537.286438 
246 	 41.678688 	 283.323761 	 286.713684 	 3.783589 	 99014.953125 	 506.501038 
247 	 41.678688 	 283.323761 	 286.616302 	 2.721193 	 99022.820312 	 582.659302 
248 	 41.678688 	 283.323761 	 288.169128 	 1.800604 	 98953.156250 	 574.570679 
249 	 41.678688 	 283.323761 	 288.272095 	 2.659323 	 98849.937500 	 433.218506 
250 	 41.678688 	 283.323761 	 286.472748 	 3.176148 	 99582.828125 	 538.034729 
251 	 41.678688 	 283.323761 	 290.158020 	 1.904080 	 99871.523438 	 528.986145 
252 	 41.678688 	 283.323761 	 291.581879 	 2.081694 	 99662.843750 	 575.258179 
253 	 41.678688 	 283.323761 	 291.391083 	 1.240901 	 99569.953125 	 527.514282 
254 	 41.678688 	 283.323761 	 289.791595 	 0.644395 	 99720.859375 	 577.900146 
255 	 41.678688 	 283.323761 	 292.351715 	 1.193533 	 99207.320312 	 598.060303 
256 	 41.678688 	 283.323761 	 292.322632 	 1.530200 	 98692.593750 	 550.315186 
257 	 41.678688 	 283.323761 	 293.600647 	 1.768266 	 98407.421875 	 591.448242 
258 	 41.678688 	 283.323761 	 294.559326 	 2.154967 	 98203.812500 	 595.877930 
259 	 41.678688 	 283.323761 	 294.714935 	 3.122217 	 98008.726562 	 607.116028 
260 	 41.678688 	 283.323761 	 291.854858 	 3.739941 	 97848.718750 	 516.186279 
261 	 41.678688 	 283.323761 	 284.847443 	 1.869265 	 99471.953125 	 528.209045 
262 	 41.678688 	 283.323761 	 288.956421 	 3.789355 	 99957.632812 	 553.915649 
263 	 41.678688 	 283.323761 	 292.296906 	 4.055015 	 99667.882812 	 519.571289 
264 	 41.678688 	 283.323761 	 294.185699 	 3.270502 	 99325.796875 	 559.726807 
265 	 41.678688 	 283.323761 	 295.786224 	 3.278251 	 99036.398438 	 580.271790 
266 	 41.678688 	 283.323761 	 287.404083 	 3.616075 	 99243.382812 	 516.627930 
267 	 41.678688 	 283.323761 	 282.194977 	 2.963807 	 99626.687500 	 516.528503 
268 	 41.678688 	 283.323761 	 279.589935 	 1.141923 	 99563.593750 	 489.054565 
269 	 41.678688 	 283.323761 	 282.451050 	 0.942076 	 99995.906250 	 505.974091 
270 	 41.678688 	 283.323761 	 285.623901 	 1.931995 	 100134.898438 	 511.955872 
271 	 41.678688 	 283.323761 	 288.808197 	 3.591705 	 99129.000000 	 418.405457 
272 	 41.678688 	 283.323761 	 287.323822 	 2.020646 	 98131.117188 	 551.626038 
273 	 41.678688 	 283.323761 	 282.581909 	 3.207657 	 98192.117188 	 465.037872 
274 	 41.678688 	 283.323761 	 279.951233 	 3.357874 	 99351.406250 	 434.135193 
275 	 41.678688 	 283.323761 	 279.529388 	 2.194961 	 99871.703125 	 485.239502 
276 	 41.678688 	 283.323761 	 286.849030 	 2.401108 	 99301.531250 	 472.923370 
277 	 41.678688 	 283.323761 	 285.330170 	 1.978577 	 100285.398438 	 408.565979 
278 	 41.678688 	 283.323761 	 287.197205 	 3.834795 	 100093.000000 	 476.920746 
279 	 41.678688 	 283.323761 	 292.004211 	 3.257529 	 99408.750000 	 548.729675 
280 	 41.678688 	 283.323761 	 292.843262 	 2.055025 	 99154.546875 	 530.775696 
281 	 41.678688 	 283.323761 	 293.056854 	 2.065213 	 98862.796875 	 527.877930 
282 	 41.678688 	 283.323761 	 292.725555 	 3.663784 	 98131.960938 	 461.354340 
283 	 41.678688 	 283.323761 	 284.751099 	 2.945270 	 98527.601562 	 472.901215 
284 	 41.678688 	 283.323761 	 282.999390 	 1.508647 	 99342.687500 	 476.841888 
285 	 41.678688 	 283.323761 	 285.541901 	 2.270491 	 99456.093750 	 383.967468 
286 	 41.678688 	 283.323761 	 287.927612 	 1.899832 	 99577.710938 	 457.309357 
287 	 41.678688 	 283.323761 	 290.087982 	 2.544408 	 99547.843750 	 445.426788 
288 	 41.678688 	 283.323761 	 292.001129 	 3.825474 	 99106.093750 	 469.429443 
289 	 41.678688 	 283.323761 	 292.820770 	 3.595792 	 98455.343750 	 436.758789 
290 	 41.678688 	 283.323761 	 285.153534 	 3.396195 	 98237.687500 	 442.364685 
291 	 41.678688 	 283.323761 	 280.836639 	 2.460861 	 98642.648438 	 406.831482 
292 	 41.678688 	 283.323761 	 280.255585 	 2.844095 	 99450.906250 	 453.480713 
293 	 41.678688 	 283.323761 	 279.503387 	 1.919455 	 100658.601562 	 432.775818 
294 	 41.678688 	 283.323761 	 280.877991 	 3.591873 	 100468.398438 	 363.748260 
295 	 41.678688 	 283.323761 	 286.040344 	 2.530804 	 99517.257812 	 452.810333 
296 	 41.678688 	 283.323761 	 283.938995 	 1.397128 	 99660.476562 	 473.854431 
297 	 41.678688 	 283.323761 	 285.272552 	 2.058986 	 99333.382812 	 447.640594 
298 	 41.678688 	 283.323761 	 286.469482 	 2.391800 	 99507.351562 	 386.063751 
299 	 41.678688 	 283.323761 	 284.702850 	 2.504275 	 99230.546875 	 414.561066 
300 	 41.678688 	 283.323761 	 280.231689 	 2.834675 	 99302.093750 	 444.858887 
301 	 41.678688 	 283.323761 	 278.693298 	 1.443047 	 99709.203125 	 424.938782 
302 	 41.678688 	 283.323761 	 284.020813 	 3.873472 	 98679.937500 	 386.784546 
303 	 41.678688 	 283.323761 	 282.492523 	 2.496987 	 98292.117188 	 425.284393 
304 	 41.678688 	 283.323761 	 283.249573 	 2.191261 	 98428.726562 	 432.567139 
305 	 41.678688 	 283.323761 	 288.624023 	 4.140929 	 98119.539062 	 414.708984 
306 	 41.678688 	 283.323761 	 284.175171 	 3.660395 	 98547.421875 	 434.124634 
307 	 41.678688 	 283.323761 	 281.757660 	 1.479021 	 99512.617188 	 431.543945 
308 	 41.678688 	 283.323761 	 289.356354 	 1.911685 	 99172.539062 	 470.180634 
309 	 41.678688 	 283.323761 	 290.294373 	 2.902698 	 98555.242188 	 479.042175 
310 	 41.678688 	 283.323761 	 284.534058 	 2.325336 	 97775.562500 	 420.141113 
311 	 41.678688 	 283.323761 	 279.073151 	 3.587919 	 97814.632812 	 357.473480 
312 	 41.678688 	 283.323761 	 281.198578 	 4.597631 	 97666.406250 	 403.270142 
313 	 41.678688 	 283.323761 	 274.079285 	 3.607439 	 98974.851562 	 349.775726 
314 	 41.678688 	 283.323761 	 272.764343 	 2.652054 	 99737.437500 	 358.079865 
315 	 41.678688 	 283.323761 	 280.441315 	 5.168500 	 99021.000000 	 371.125763 
316 	 41.678688 	 283.323761 	 280.405609 	 2.392722 	 98460.703125 	 395.172455 
317 	 41.678688 	 283.323761 	 273.930908 	 1.397669 	 98015.390625 	 325.116089 
318 	 41.678688 	 283.323761 	 274.152924 	 2.677314 	 97353.117188 	 320.975952 
319 	 41.678688 	 283.323761 	 274.101898 	 3.607639 	 97834.140625 	 371.057129 
320 	 41.678688 	 283.323761 	 275.806488 	 3.439955 	 98160.171875 	 373.580780 
321 	 41.678688 	 283.323761 	 275.941589 	 3.064502 	 99166.531250 	 332.093384 
322 	 41.678688 	 283.323761 	 280.300964 	 4.661162 	 98267.171875 	 394.165710 
323 	 41.678688 	 283.323761 	 272.686523 	 2.621051 	 99322.062500 	 345.987152 
324 	 41.678688 	 283.323761 	 271.032135 	 1.695650 	 99452.062500 	 365.079590 
325 	 41.678688 	 283.323761 	 271.788635 	 1.007769 	 99060.031250 	 360.899597 
326 	 41.678688 	 283.323761 	 275.159607 	 3.055617 	 98392.296875 	 340.295746 
327 	 41.678688 	 283.323761 	 273.558167 	 2.531701 	 99230.453125 	 357.795044 
328 	 41.678688 	 283.323761 	 273.096802 	 1.807369 	 99814.812500 	 320.550568 
329 	 41.678688 	 283.323761 	 278.167877 	 2.436444 	 98401.492188 	 382.281372 
330 	 41.678688 	 283.323761 	 273.976929 	 4.616566 	 97385.031250 	 362.075928 
331 	 41.678688 	 283.323761 	 272.582520 	 3.369044 	 97508.617188 	 336.889648 
332 	 41.678688 	 283.323761 	 275.131012 	 3.016732 	 97442.976562 	 368.678741 
333 	 41.678688 	 283.323761 	 273.905579 	 2.442204 	 97551.656250 	 355.113007 
334 	 41.678688 	 283.323761 	 271.668884 	 3.100770 	 97426.343750 	 326.699310 
335 	 41.678688 	 283.323761 	 275.393890 	 4.150773 	 96956.007812 	 356.736786 
336 	 41.678688 	 283.323761 	 275.188934 	 3.357686 	 97872.617188 	 346.432648 
337 	 41.678688 	 283.323761 	 280.691986 	 5.354843 	 96871.320312 	 395.050781 
338 	 41.678688 	 283.323761 	 271.626251 	 4.257389 	 97283.156250 	 346.642395 
339 	 41.678688 	 283.323761 	 269.391022 	 4.310302 	 97651.226562 	 315.511017 
340 	 41.678688 	 283.323761 	 269.132294 	 2.754645 	 98277.500000 	 310.560364 
341 	 41.678688 	 283.323761 	 269.321808 	 2.192611 	 98558.593750 	 315.793610 
342 	 41.678688 	 283.323761 	 270.105469 	 3.270755 	 98829.039062 	 321.293488 
343 	 41.678688 	 283.323761 	 276.568085 	 4.533695 	 97979.093750 	 379.597015 
344 	 41.678688 	 283.323761 	 272.945251 	 3.645358 	 98377.976562 	 330.483276 
345 	 41.678688 	 283.323761 	 271.031067 	 1.819804 	 99257.773438 	 317.281738 
346 	 41.678688 	 283.323761 	 270.338989 	 2.009836 	 99905.203125 	 313.344238 
347 	 41.678688 	 283.323761 	 269.124847 	 1.514342 	 100497.203125 	 305.466309 
348 	 41.678688 	 283.323761 	 273.655762 	 1.844391 	 99835.023438 	 340.741547 
349 	 41.678688 	 283.323761 	 274.123749 	 2.037645 	 99853.226562 	 338.574524 
350 	 41.678688 	 283.323761 	 283.614532 	 3.571344 	 99128.406250 	 371.675690 
351 	 41.678688 	 283.323761 	 280.702728 	 1.651652 	 98764.226562 	 366.764404 
352 	 41.678688 	 283.323761 	 277.444794 	 1.654756 	 98647.046875 	 359.914124 
353 	 41.678688 	 283.323761 	 274.718811 	 3.915138 	 97606.406250 	 341.495575 
354 	 41.678688 	 283.323761 	 272.070312 	 3.763705 	 98139.593750 	 290.480743 
355 	 41.678688 	 283.323761 	 274.960785 	 2.773109 	 98052.382812 	 338.314087 
356 	 41.678688 	 283.323761 	 276.047638 	 3.068845 	 98526.726562 	 340.793091 
357 	 41.678688 	 283.323761 	 279.838165 	 4.207721 	 98549.093750 	 353.660706 
358 	 41.678688 	 283.323761 	 271.022278 	 2.260891 	 100120.203125 	 315.264038 
359 	 41.678688 	 283.323761 	 278.590698 	 2.781678 	 99276.132812 	 348.641357 
360 	 41.678688 	 283.323761 	 283.172363 	 3.877589 	 97740.906250 	 379.413208 
361 	 41.678688 	 283.323761 	 275.563507 	 4.802906 	 98072.289062 	 349.209229 
362 	 41.678688 	 283.323761 	 274.744293 	 4.082791 	 99142.531250 	 295.415070 
363 	 41.678688 	 283.323761 	 274.838715 	 4.702636 	 97570.648438 	 361.148987 
364 	 41.678688 	 283.323761 	 271.014130 	 1.994151 	 98508.437500 	 320.503235 
