# 0: Day of Year [-] 	 1: lat [deg] 	 2: lon [deg] 	 3: tas [K] 	 4: sfcWind [m s-1] 	 5: ps [Pa] 	 6: Total Downwelling Rad Flux [W m-2] 
0 	 41.678688 	 283.323761 	 269.674622 	 2.990493 	 98415.890625 	 286.075348 
1 	 41.678688 	 283.323761 	 277.292389 	 3.382417 	 97606.382812 	 363.347870 
2 	 41.678688 	 283.323761 	 271.776825 	 1.908476 	 98907.601562 	 322.533447 
3 	 41.678688 	 283.323761 	 278.983673 	 4.849043 	 97881.359375 	 335.364990 
4 	 41.678688 	 283.323761 	 271.846558 	 4.851166 	 97083.343750 	 315.986816 
5 	 41.678688 	 283.323761 	 269.884949 	 4.797285 	 98946.046875 	 309.298340 
6 	 41.678688 	 283.323761 	 272.053101 	 2.034906 	 99735.023438 	 330.779816 
7 	 41.678688 	 283.323761 	 276.872925 	 3.542207 	 98654.617188 	 364.244934 
8 	 41.678688 	 283.323761 	 275.358856 	 2.249736 	 98497.781250 	 339.222351 
9 	 41.678688 	 283.323761 	 279.304077 	 2.565952 	 98276.148438 	 373.706299 
10 	 41.678688 	 283.323761 	 286.020294 	 5.768305 	 97613.601562 	 383.081360 
11 	 41.678688 	 283.323761 	 272.544159 	 3.832407 	 97088.132812 	 361.426819 
12 	 41.678688 	 283.323761 	 266.937714 	 2.330520 	 98799.570312 	 302.763611 
13 	 41.678688 	 283.323761 	 269.767609 	 2.661170 	 99424.046875 	 319.869415 
14 	 41.678688 	 283.323761 	 272.903229 	 4.009913 	 99013.343750 	 309.277344 
15 	 41.678688 	 283.323761 	 270.737854 	 2.838202 	 99630.523438 	 332.800964 
16 	 41.678688 	 283.323761 	 267.556458 	 1.297969 	 99875.210938 	 310.478516 
17 	 41.678688 	 283.323761 	 266.424744 	 3.037119 	 99175.539062 	 348.282166 
18 	 41.678688 	 283.323761 	 263.514587 	 1.937410 	 99535.218750 	 304.456390 
19 	 41.678688 	 283.323761 	 267.038391 	 2.425080 	 98938.648438 	 306.202637 
20 	 41.678688 	 283.323761 	 261.998932 	 6.069536 	 98244.273438 	 332.302185 
21 	 41.678688 	 283.323761 	 266.878967 	 3.292349 	 99016.187500 	 318.403503 
22 	 41.678688 	 283.323761 	 270.503052 	 2.762002 	 99016.117188 	 341.614624 
23 	 41.678688 	 283.323761 	 271.931732 	 2.763219 	 98363.453125 	 325.569031 
24 	 41.678688 	 283.323761 	 268.143341 	 4.176024 	 96568.476562 	 361.170654 
25 	 41.678688 	 283.323761 	 259.609924 	 3.017085 	 98743.929688 	 296.534943 
26 	 41.678688 	 283.323761 	 265.608978 	 3.437049 	 99254.328125 	 262.750153 
27 	 41.678688 	 283.323761 	 273.203949 	 2.458488 	 99295.109375 	 352.603455 
28 	 41.678688 	 283.323761 	 275.509155 	 2.426335 	 99476.070312 	 339.037476 
29 	 41.678688 	 283.323761 	 279.860443 	 3.169561 	 99164.851562 	 352.671021 
30 	 41.678688 	 283.323761 	 280.534912 	 1.136665 	 99187.070312 	 384.053650 
31 	 41.678688 	 283.323761 	 283.056580 	 4.526537 	 99209.750000 	 401.155914 
32 	 41.678688 	 283.323761 	 284.571350 	 3.777575 	 98276.156250 	 373.691650 
33 	 41.678688 	 283.323761 	 273.606415 	 2.121129 	 98104.507812 	 373.690247 
34 	 41.678688 	 283.323761 	 270.365967 	 3.683863 	 97582.968750 	 350.880066 
35 	 41.678688 	 283.323761 	 263.263824 	 3.335891 	 98573.882812 	 358.641296 
36 	 41.678688 	 283.323761 	 263.775970 	 2.447708 	 99361.812500 	 327.090485 
37 	 41.678688 	 283.323761 	 268.476532 	 2.053868 	 99997.226562 	 357.670593 
38 	 41.678688 	 283.323761 	 272.954193 	 4.586417 	 99800.578125 	 366.231476 
39 	 41.678688 	 283.323761 	 276.697113 	 3.490954 	 98998.476562 	 417.410034 
40 	 41.678688 	 283.323761 	 274.528839 	 2.021708 	 98757.312500 	 384.513245 
41 	 41.678688 	 283.323761 	 273.221069 	 3.448226 	 98438.796875 	 316.776184 
42 	 41.678688 	 283.323761 	 267.987122 	 4.182617 	 99042.476562 	 338.231079 
43 	 41.678688 	 283.323761 	 266.887299 	 2.976506 	 100186.101562 	 354.474854 
44 	 41.678688 	 283.323761 	 271.174988 	 1.987422 	 99548.531250 	 415.884216 
45 	 41.678688 	 283.323761 	 272.787140 	 1.954345 	 99341.476562 	 390.597809 
46 	 41.678688 	 283.323761 	 276.276917 	 2.439554 	 98468.500000 	 346.353363 
47 	 41.678688 	 283.323761 	 279.156464 	 2.164504 	 96736.882812 	 376.448639 
48 	 41.678688 	 283.323761 	 274.859161 	 2.523671 	 98179.117188 	 449.067810 
49 	 41.678688 	 283.323761 	 275.331146 	 2.591531 	 99203.976562 	 336.531677 
50 	 41.678688 	 283.323761 	 282.699585 	 3.497974 	 98136.976562 	 425.878784 
51 	 41.678688 	 283.323761 	 279.552124 	 3.878891 	 97525.023438 	 443.900085 
52 	 41.678688 	 283.323761 	 272.843414 	 2.348100 	 98705.843750 	 353.451538 
53 	 41.678688 	 283.323761 	 277.810272 	 2.789239 	 98222.726562 	 357.934906 
54 	 41.678688 	 283.323761 	 273.623871 	 3.339973 	 97148.507812 	 434.422485 
55 	 41.678688 	 283.323761 	 270.526398 	 3.851261 	 97758.710938 	 396.945496 
56 	 41.678688 	 283.323761 	 271.092804 	 3.216039 	 98272.953125 	 299.696167 
57 	 41.678688 	 283.323761 	 273.218506 	 1.863344 	 97580.617188 	 457.793945 
58 	 41.678688 	 283.323761 	 272.404144 	 3.056288 	 97452.007812 	 407.542175 
59 	 41.678688 	 283.323761 	 274.193115 	 4.183700 	 97355.593750 	 435.816345 
60 	 41.678688 	 283.323761 	 272.247345 	 2.764666 	 98556.382812 	 405.126282 
61 	 41.678688 	 283.323761 	 276.425018 	 1.583210 	 98924.343750 	 380.558167 
62 	 41.678688 	 283.323761 	 279.291718 	 2.087200 	 98858.828125 	 368.008881 
63 	 41.678688 	 283.323761 	 284.229462 	 4.441805 	 96690.156250 	 396.996887 
64 	 41.678688 	 283.323761 	 275.319214 	 2.119075 	 96818.046875 	 432.680237 
65 	 41.678688 	 283.323761 	 275.693451 	 3.921070 	 96856.992188 	 470.022156 
66 	 41.678688 	 283.323761 	 269.778961 	 2.486897 	 97852.359375 	 443.357361 
67 	 41.678688 	 283.323761 	 268.165497 	 3.672672 	 98296.906250 	 418.563660 
68 	 41.678688 	 283.323761 	 271.431213 	 3.824108 	 98719.718750 	 378.718353 
69 	 41.678688 	 283.323761 	 277.180145 	 3.105876 	 97362.039062 	 367.959900 
70 	 41.678688 	 283.323761 	 274.574005 	 5.106227 	 96935.640625 	 447.099274 
71 	 41.678688 	 283.323761 	 276.872772 	 3.782650 	 97510.148438 	 449.181030 
72 	 41.678688 	 283.323761 	 276.298004 	 5.024265 	 97119.203125 	 474.198547 
73 	 41.678688 	 283.323761 	 273.764221 	 2.874264 	 98732.187500 	 459.381409 
74 	 41.678688 	 283.323761 	 278.261780 	 5.199111 	 99054.843750 	 382.949341 
75 	 41.678688 	 283.323761 	 282.241974 	 4.258897 	 97446.117188 	 443.198486 
76 	 41.678688 	 283.323761 	 270.974548 	 3.506008 	 97179.093750 	 349.300354 
77 	 41.678688 	 283.323761 	 267.852203 	 4.199645 	 97237.140625 	 475.525024 
78 	 41.678688 	 283.323761 	 269.542999 	 4.669531 	 97862.796875 	 446.607391 
79 	 41.678688 	 283.323761 	 273.076172 	 3.133534 	 98408.593750 	 389.011047 
80 	 41.678688 	 283.323761 	 277.848785 	 3.073287 	 98015.953125 	 412.106110 
81 	 41.678688 	 283.323761 	 276.220795 	 2.342946 	 98904.546875 	 520.428101 
82 	 41.678688 	 283.323761 	 275.290619 	 1.342578 	 99648.023438 	 486.436890 
83 	 41.678688 	 283.323761 	 279.698914 	 3.316370 	 99311.421875 	 503.192749 
84 	 41.678688 	 283.323761 	 283.758270 	 2.543619 	 98635.796875 	 415.914276 
85 	 41.678688 	 283.323761 	 284.249023 	 2.682455 	 98990.421875 	 421.137299 
86 	 41.678688 	 283.323761 	 284.637604 	 4.656024 	 98535.843750 	 428.278564 
87 	 41.678688 	 283.323761 	 284.339294 	 1.581486 	 98015.937500 	 492.031494 
88 	 41.678688 	 283.323761 	 284.411621 	 1.730021 	 98432.023438 	 551.170105 
89 	 41.678688 	 283.323761 	 285.402344 	 2.195159 	 99269.359375 	 446.778351 
90 	 41.678688 	 283.323761 	 286.765289 	 3.386265 	 99411.578125 	 524.617432 
91 	 41.678688 	 283.323761 	 286.358368 	 4.149232 	 98009.609375 	 508.133636 
92 	 41.678688 	 283.323761 	 276.553101 	 3.783499 	 97167.687500 	 476.109741 
93 	 41.678688 	 283.323761 	 276.830750 	 4.947740 	 97069.546875 	 538.871094 
94 	 41.678688 	 283.323761 	 285.687439 	 4.277127 	 97600.203125 	 563.019714 
95 	 41.678688 	 283.323761 	 291.503326 	 5.515438 	 97362.656250 	 582.788757 
96 	 41.678688 	 283.323761 	 277.262451 	 3.837894 	 98533.218750 	 555.740601 
97 	 41.678688 	 283.323761 	 273.657990 	 2.499711 	 99556.882812 	 509.395172 
98 	 41.678688 	 283.323761 	 275.197906 	 1.933884 	 100111.703125 	 515.237610 
99 	 41.678688 	 283.323761 	 278.547485 	 0.835490 	 100071.898438 	 532.680115 
100 	 41.678688 	 283.323761 	 283.053131 	 2.065217 	 99837.851562 	 550.961060 
101 	 41.678688 	 283.323761 	 289.057159 	 2.572984 	 99400.750000 	 546.479675 
102 	 41.678688 	 283.323761 	 291.235870 	 1.858590 	 98913.242188 	 578.022644 
103 	 41.678688 	 283.323761 	 292.299927 	 3.104848 	 98592.726562 	 548.598511 
104 	 41.678688 	 283.323761 	 290.153351 	 3.358245 	 97921.953125 	 592.412598 
105 	 41.678688 	 283.323761 	 284.678314 	 3.320312 	 97450.773438 	 488.445526 
106 	 41.678688 	 283.323761 	 284.285522 	 2.208911 	 98029.507812 	 570.060242 
107 	 41.678688 	 283.323761 	 289.020081 	 1.379960 	 98725.312500 	 589.245117 
108 	 41.678688 	 283.323761 	 293.842255 	 3.266047 	 98025.023438 	 593.471436 
109 	 41.678688 	 283.323761 	 287.447968 	 3.335979 	 96966.078125 	 490.403259 
110 	 41.678688 	 283.323761 	 276.916656 	 4.523323 	 98194.976562 	 578.281189 
111 	 41.678688 	 283.323761 	 278.073120 	 2.237204 	 99373.960938 	 556.107361 
112 	 41.678688 	 283.323761 	 281.844635 	 1.398545 	 99319.117188 	 513.339966 
113 	 41.678688 	 283.323761 	 285.983154 	 1.195676 	 98563.343750 	 501.326843 
114 	 41.678688 	 283.323761 	 288.784821 	 3.119755 	 97392.039062 	 434.825439 
115 	 41.678688 	 283.323761 	 281.562347 	 5.255653 	 97474.617188 	 598.416504 
116 	 41.678688 	 283.323761 	 281.525787 	 2.556857 	 98940.390625 	 595.645142 
117 	 41.678688 	 283.323761 	 280.059784 	 1.921716 	 98815.500000 	 483.458069 
118 	 41.678688 	 283.323761 	 280.172668 	 3.010604 	 98880.906250 	 578.637817 
119 	 41.678688 	 283.323761 	 282.285492 	 2.185606 	 99119.070312 	 576.183411 
120 	 41.678688 	 283.323761 	 290.892700 	 3.762947 	 98579.453125 	 528.774414 
121 	 41.678688 	 283.323761 	 295.132202 	 3.350651 	 98593.070312 	 644.979187 
122 	 41.678688 	 283.323761 	 294.825226 	 3.441943 	 98317.570312 	 613.629822 
123 	 41.678688 	 283.323761 	 293.751617 	 1.687501 	 98815.617188 	 581.434204 
124 	 41.678688 	 283.323761 	 295.788696 	 2.676632 	 99109.382812 	 666.130676 
125 	 41.678688 	 283.323761 	 296.107361 	 3.678714 	 98690.718750 	 607.182190 
126 	 41.678688 	 283.323761 	 287.595154 	 2.435079 	 98624.718750 	 461.380310 
127 	 41.678688 	 283.323761 	 284.261902 	 3.871364 	 98658.179688 	 613.389038 
128 	 41.678688 	 283.323761 	 282.847382 	 1.783019 	 99129.539062 	 569.302246 
129 	 41.678688 	 283.323761 	 287.013062 	 2.285798 	 98740.773438 	 554.238098 
130 	 41.678688 	 283.323761 	 287.574493 	 2.107857 	 98442.976562 	 649.187866 
131 	 41.678688 	 283.323761 	 284.873871 	 1.237865 	 98894.070312 	 456.883514 
132 	 41.678688 	 283.323761 	 284.619080 	 1.237311 	 99049.882812 	 614.049072 
133 	 41.678688 	 283.323761 	 292.310028 	 3.133297 	 98279.773438 	 643.579285 
134 	 41.678688 	 283.323761 	 289.241150 	 2.091624 	 98388.343750 	 628.599487 
135 	 41.678688 	 283.323761 	 291.135406 	 1.963602 	 98479.226562 	 635.241394 
136 	 41.678688 	 283.323761 	 287.906006 	 3.051806 	 98196.023438 	 528.869934 
137 	 41.678688 	 283.323761 	 280.074127 	 3.744863 	 99234.023438 	 605.991699 
138 	 41.678688 	 283.323761 	 279.725220 	 2.711847 	 99854.250000 	 582.594543 
139 	 41.678688 	 283.323761 	 288.612122 	 5.077753 	 98969.617188 	 547.069214 
140 	 41.678688 	 283.323761 	 295.887360 	 3.736351 	 98289.273438 	 678.197327 
141 	 41.678688 	 283.323761 	 296.962006 	 2.765045 	 98611.390625 	 650.546875 
142 	 41.678688 	 283.323761 	 292.451233 	 2.946670 	 99069.039062 	 674.005737 
143 	 41.678688 	 283.323761 	 288.579346 	 2.395854 	 99761.882812 	 645.815063 
144 	 41.678688 	 283.323761 	 290.140869 	 4.188596 	 99651.617188 	 659.643616 
145 	 41.678688 	 283.323761 	 296.756348 	 3.797235 	 98906.257812 	 694.968018 
146 	 41.678688 	 283.323761 	 297.109192 	 2.279726 	 98547.273438 	 610.054199 
147 	 41.678688 	 283.323761 	 291.430206 	 2.702480 	 98794.523438 	 658.033875 
148 	 41.678688 	 283.323761 	 292.286835 	 2.025748 	 99190.796875 	 668.412231 
149 	 41.678688 	 283.323761 	 299.171448 	 3.584934 	 98631.679688 	 721.876892 
150 	 41.678688 	 283.323761 	 297.876434 	 2.408468 	 98437.976562 	 684.285095 
151 	 41.678688 	 283.323761 	 299.273407 	 2.303937 	 98698.609375 	 700.170410 
152 	 41.678688 	 283.323761 	 297.457184 	 2.012292 	 98840.843750 	 684.708496 
153 	 41.678688 	 283.323761 	 297.506927 	 3.019572 	 98414.742188 	 683.109924 
154 	 41.678688 	 283.323761 	 299.151215 	 3.287747 	 98026.343750 	 639.938599 
155 	 41.678688 	 283.323761 	 293.351471 	 1.523527 	 98466.726562 	 633.326782 
156 	 41.678688 	 283.323761 	 288.814575 	 2.094444 	 98735.031250 	 426.531464 
157 	 41.678688 	 283.323761 	 288.996429 	 2.672720 	 98810.296875 	 671.037476 
158 	 41.678688 	 283.323761 	 289.047638 	 0.920787 	 99129.523438 	 664.139771 
159 	 41.678688 	 283.323761 	 292.268158 	 2.340932 	 99089.039062 	 678.584167 
160 	 41.678688 	 283.323761 	 296.584015 	 4.328983 	 98452.859375 	 686.817139 
161 	 41.678688 	 283.323761 	 297.065948 	 3.537401 	 98266.593750 	 607.115234 
162 	 41.678688 	 283.323761 	 294.757751 	 2.132062 	 98404.140625 	 598.927734 
163 	 41.678688 	 283.323761 	 295.962921 	 3.723947 	 98227.523438 	 541.899292 
164 	 41.678688 	 283.323761 	 297.861786 	 2.879437 	 98208.632812 	 722.059326 
165 	 41.678688 	 283.323761 	 295.899475 	 1.587994 	 98782.546875 	 680.891968 
166 	 41.678688 	 283.323761 	 296.530487 	 2.636670 	 98686.687500 	 675.237549 
167 	 41.678688 	 283.323761 	 296.928558 	 4.225189 	 98239.406250 	 655.311401 
168 	 41.678688 	 283.323761 	 295.097717 	 1.798088 	 98624.171875 	 701.030273 
169 	 41.678688 	 283.323761 	 298.039093 	 5.260957 	 97851.242188 	 647.381592 
170 	 41.678688 	 283.323761 	 289.913177 	 5.086897 	 97999.250000 	 702.294067 
171 	 41.678688 	 283.323761 	 290.256866 	 2.354849 	 98716.250000 	 617.618164 
172 	 41.678688 	 283.323761 	 288.752228 	 2.446095 	 98774.820312 	 628.905945 
173 	 41.678688 	 283.323761 	 291.425995 	 2.448906 	 98898.703125 	 671.073364 
174 	 41.678688 	 283.323761 	 294.223663 	 2.400274 	 98840.593750 	 674.986328 
175 	 41.678688 	 283.323761 	 296.261902 	 2.439660 	 98819.007812 	 705.605713 
176 	 41.678688 	 283.323761 	 299.411072 	 3.893865 	 98307.882812 	 673.332397 
177 	 41.678688 	 283.323761 	 295.766663 	 2.398747 	 98784.859375 	 668.686035 
178 	 41.678688 	 283.323761 	 295.222656 	 1.948930 	 99225.593750 	 673.679932 
179 	 41.678688 	 283.323761 	 298.345154 	 4.334506 	 99146.500000 	 725.369690 
180 	 41.678688 	 283.323761 	 299.206238 	 3.513471 	 98569.570312 	 707.634216 
181 	 41.678688 	 283.323761 	 297.086578 	 1.400877 	 98431.773438 	 712.372131 
182 	 41.678688 	 283.323761 	 300.290985 	 3.693616 	 98245.578125 	 715.625000 
183 	 41.678688 	 283.323761 	 302.285370 	 3.937721 	 98004.781250 	 738.422729 
184 	 41.678688 	 283.323761 	 301.652954 	 2.124116 	 98230.906250 	 678.606750 
185 	 41.678688 	 283.323761 	 298.875824 	 3.079214 	 98220.257812 	 677.435425 
186 	 41.678688 	 283.323761 	 292.682037 	 2.187643 	 98920.906250 	 677.335815 
187 	 41.678688 	 283.323761 	 293.293701 	 1.707876 	 99042.648438 	 645.944214 
188 	 41.678688 	 283.323761 	 295.246796 	 1.805724 	 98405.843750 	 626.603027 
189 	 41.678688 	 283.323761 	 295.551086 	 2.807360 	 98443.460938 	 699.971802 
190 	 41.678688 	 283.323761 	 297.007324 	 1.880580 	 98747.492188 	 699.391968 
191 	 41.678688 	 283.323761 	 299.142456 	 3.492021 	 98214.382812 	 715.612305 
192 	 41.678688 	 283.323761 	 301.505646 	 3.517045 	 97862.492188 	 719.710815 
193 	 41.678688 	 283.323761 	 300.305939 	 2.750172 	 97931.976562 	 684.578857 
194 	 41.678688 	 283.323761 	 293.296295 	 4.416434 	 98444.859375 	 698.607788 
195 	 41.678688 	 283.323761 	 290.434509 	 3.065338 	 99321.882812 	 670.183716 
196 	 41.678688 	 283.323761 	 291.164490 	 1.498697 	 99524.929688 	 673.453735 
197 	 41.678688 	 283.323761 	 293.275696 	 2.511346 	 99292.953125 	 682.792542 
198 	 41.678688 	 283.323761 	 295.247894 	 4.198153 	 98727.046875 	 619.350464 
199 	 41.678688 	 283.323761 	 298.299133 	 2.422748 	 98311.507812 	 722.767090 
200 	 41.678688 	 283.323761 	 300.012634 	 3.021181 	 98132.023438 	 712.051636 
201 	 41.678688 	 283.323761 	 297.036438 	 2.222472 	 98239.960938 	 595.406372 
202 	 41.678688 	 283.323761 	 292.509491 	 4.161476 	 98388.406250 	 679.038574 
203 	 41.678688 	 283.323761 	 292.779358 	 0.848488 	 99045.460938 	 675.492432 
204 	 41.678688 	 283.323761 	 296.163177 	 3.102726 	 99083.828125 	 694.892517 
205 	 41.678688 	 283.323761 	 299.999146 	 4.872893 	 98753.281250 	 715.046387 
206 	 41.678688 	 283.323761 	 300.544434 	 4.941305 	 98435.140625 	 677.232727 
207 	 41.678688 	 283.323761 	 299.508301 	 3.355671 	 98438.601562 	 637.727844 
208 	 41.678688 	 283.323761 	 297.197571 	 1.618779 	 98591.617188 	 655.151001 
209 	 41.678688 	 283.323761 	 298.144318 	 1.062496 	 98591.109375 	 686.653809 
210 	 41.678688 	 283.323761 	 294.848572 	 2.295374 	 98083.859375 	 547.390991 
211 	 41.678688 	 283.323761 	 294.588959 	 3.715862 	 98223.531250 	 693.244934 
212 	 41.678688 	 283.323761 	 295.907379 	 2.571100 	 98262.093750 	 671.487549 
213 	 41.678688 	 283.323761 	 299.894928 	 3.896690 	 97825.398438 	 711.232300 
214 	 41.678688 	 283.323761 	 295.707428 	 1.522022 	 98288.312500 	 674.343750 
215 	 41.678688 	 283.323761 	 296.381958 	 2.550623 	 98139.320312 	 653.647217 
216 	 41.678688 	 283.323761 	 291.698059 	 4.266498 	 98711.476562 	 677.083130 
217 	 41.678688 	 283.323761 	 290.968536 	 1.219232 	 99110.968750 	 643.530212 
218 	 41.678688 	 283.323761 	 294.134979 	 2.132496 	 99334.062500 	 664.470703 
219 	 41.678688 	 283.323761 	 295.582642 	 3.915876 	 99219.062500 	 541.670166 
220 	 41.678688 	 283.323761 	 300.061127 	 4.424406 	 98590.531250 	 650.360535 
221 	 41.678688 	 283.323761 	 298.301666 	 2.553747 	 98149.789062 	 697.760864 
222 	 41.678688 	 283.323761 	 294.013489 	 1.898522 	 98251.007812 	 607.559387 
223 	 41.678688 	 283.323761 	 296.959045 	 3.795866 	 98057.992188 	 558.882690 
224 	 41.678688 	 283.323761 	 290.330933 	 3.558173 	 98888.929688 	 634.053101 
225 	 41.678688 	 283.323761 	 289.563751 	 1.201589 	 99446.570312 	 628.359985 
226 	 41.678688 	 283.323761 	 296.628143 	 3.093020 	 99225.039062 	 651.500122 
227 	 41.678688 	 283.323761 	 299.325775 	 1.998893 	 98997.226562 	 635.516418 
228 	 41.678688 	 283.323761 	 299.691986 	 2.536265 	 99278.898438 	 665.148804 
229 	 41.678688 	 283.323761 	 303.313141 	 2.882606 	 99031.953125 	 687.883057 
230 	 41.678688 	 283.323761 	 303.038055 	 1.958765 	 98902.656250 	 685.450073 
231 	 41.678688 	 283.323761 	 300.857056 	 2.942640 	 99052.000000 	 674.064209 
232 	 41.678688 	 283.323761 	 294.692810 	 1.128791 	 99519.828125 	 626.923828 
233 	 41.678688 	 283.323761 	 298.260803 	 2.315886 	 99075.593750 	 612.303345 
234 	 41.678688 	 283.323761 	 300.851227 	 2.229926 	 98752.867188 	 630.386353 
235 	 41.678688 	 283.323761 	 299.064484 	 1.533184 	 98683.273438 	 640.484863 
236 	 41.678688 	 283.323761 	 297.463654 	 1.803398 	 98873.460938 	 633.142090 
237 	 41.678688 	 283.323761 	 297.546692 	 1.386952 	 99081.703125 	 628.937256 
238 	 41.678688 	 283.323761 	 299.243896 	 2.707810 	 98833.351562 	 656.720947 
239 	 41.678688 	 283.323761 	 299.072754 	 2.695598 	 98715.039062 	 656.638000 
240 	 41.678688 	 283.323761 	 295.099945 	 2.101022 	 99379.828125 	 627.980103 
241 	 41.678688 	 283.323761 	 295.119019 	 2.723033 	 99348.976562 	 629.173035 
242 	 41.678688 	 283.323761 	 299.919403 	 1.789602 	 99045.539062 	 659.226440 
243 	 41.678688 	 283.323761 	 296.140381 	 2.331645 	 99388.023438 	 624.601379 
244 	 41.678688 	 283.323761 	 296.499969 	 2.875189 	 98708.531250 	 606.355835 
245 	 41.678688 	 283.323761 	 293.606812 	 3.568965 	 98197.906250 	 632.335693 
246 	 41.678688 	 283.323761 	 287.788788 	 2.542763 	 98751.640625 	 543.933960 
247 	 41.678688 	 283.323761 	 287.436829 	 3.078680 	 98741.093750 	 390.789642 
248 	 41.678688 	 283.323761 	 285.020233 	 3.414061 	 98236.406250 	 464.746033 
249 	 41.678688 	 283.323761 	 287.547089 	 3.565657 	 97788.296875 	 520.917664 
250 	 41.678688 	 283.323761 	 290.133606 	 1.473219 	 98445.281250 	 585.901855 
251 	 41.678688 	 283.323761 	 291.723694 	 1.437199 	 98907.578125 	 592.086853 
252 	 41.678688 	 283.323761 	 293.354431 	 2.056466 	 98802.750000 	 567.171326 
253 	 41.678688 	 283.323761 	 294.177826 	 2.025633 	 98616.710938 	 572.782532 
254 	 41.678688 	 283.323761 	 291.166107 	 2.858320 	 99532.210938 	 593.591309 
255 	 41.678688 	 283.323761 	 289.338959 	 1.852541 	 100062.703125 	 566.441528 
256 	 41.678688 	 283.323761 	 294.966614 	 3.395458 	 99412.968750 	 593.471863 
257 	 41.678688 	 283.323761 	 297.810852 	 2.173561 	 98957.742188 	 565.443542 
258 	 41.678688 	 283.323761 	 298.235291 	 2.451830 	 98748.093750 	 608.693420 
259 	 41.678688 	 283.323761 	 297.491333 	 2.185724 	 98838.117188 	 569.065063 
260 	 41.678688 	 283.323761 	 296.598663 	 2.695805 	 98979.562500 	 550.182617 
261 	 41.678688 	 283.323761 	 295.751984 	 3.908633 	 98320.390625 	 519.363098 
262 	 41.678688 	 283.323761 	 290.026031 	 1.962187 	 98352.906250 	 500.895386 
263 	 41.678688 	 283.323761 	 285.960785 	 2.923683 	 98932.210938 	 506.654907 
264 	 41.678688 	 283.323761 	 286.545990 	 1.555706 	 99530.171875 	 531.657043 
265 	 41.678688 	 283.323761 	 295.486145 	 2.393047 	 99265.296875 	 565.195374 
266 	 41.678688 	 283.323761 	 296.206696 	 0.994850 	 99562.726562 	 573.061340 
267 	 41.678688 	 283.323761 	 296.215851 	 1.770495 	 99793.882812 	 571.832520 
268 	 41.678688 	 283.323761 	 295.447205 	 2.206570 	 99562.289062 	 555.873535 
269 	 41.678688 	 283.323761 	 294.577911 	 2.882187 	 99078.960938 	 537.861572 
270 	 41.678688 	 283.323761 	 293.276062 	 1.254491 	 98789.132812 	 558.192139 
271 	 41.678688 	 283.323761 	 290.359009 	 2.421955 	 98184.242188 	 509.934601 
272 	 41.678688 	 283.323761 	 287.487366 	 2.853877 	 98589.023438 	 516.071045 
273 	 41.678688 	 283.323761 	 293.078430 	 2.677428 	 98738.906250 	 530.396240 
274 	 41.678688 	 283.323761 	 294.497406 	 1.855799 	 99431.179688 	 515.787903 
275 	 41.678688 	 283.323761 	 297.889771 	 2.098436 	 99303.242188 	 550.519043 
276 	 41.678688 	 283.323761 	 293.635345 	 1.756062 	 99380.476562 	 539.189453 
277 	 41.678688 	 283.323761 	 290.719971 	 1.126791 	 99560.031250 	 521.045349 
278 	 41.678688 	 283.323761 	 294.821991 	 2.543866 	 99430.312500 	 531.384827 
279 	 41.678688 	 283.323761 	 294.401947 	 2.293239 	 99292.609375 	 476.727417 
280 	 41.678688 	 283.323761 	 292.855438 	 2.453075 	 98982.851562 	 459.050110 
281 	 41.678688 	 283.323761 	 293.847961 	 2.687495 	 98255.726562 	 542.672668 
282 	 41.678688 	 283.323761 	 287.854004 	 3.580433 	 98303.546875 	 489.187927 
283 	 41.678688 	 283.323761 	 282.131378 	 2.929801 	 99258.953125 	 460.805969 
284 	 41.678688 	 283.323761 	 281.908325 	 2.427887 	 99770.382812 	 461.729370 
285 	 41.678688 	 283.323761 	 287.070923 	 2.672920 	 99411.953125 	 476.545349 
286 	 41.678688 	 283.323761 	 282.446899 	 1.980664 	 99606.226562 	 344.655029 
287 	 41.678688 	 283.323761 	 282.944214 	 1.265054 	 99221.390625 	 403.289948 
288 	 41.678688 	 283.323761 	 283.869843 	 1.334940 	 98684.812500 	 493.663727 
289 	 41.678688 	 283.323761 	 280.220123 	 2.701937 	 99181.773438 	 442.425293 
290 	 41.678688 	 283.323761 	 277.591248 	 1.465889 	 100002.000000 	 427.415222 
291 	 41.678688 	 283.323761 	 279.173676 	 1.744055 	 100191.203125 	 426.506470 
292 	 41.678688 	 283.323761 	 286.347504 	 3.065571 	 99167.296875 	 453.272278 
293 	 41.678688 	 283.323761 	 285.022064 	 1.299952 	 99444.906250 	 461.672974 
294 	 41.678688 	 283.323761 	 288.038452 	 2.736809 	 98940.328125 	 467.552063 
295 	 41.678688 	 283.323761 	 285.078094 	 3.491645 	 98166.750000 	 412.809143 
296 	 41.678688 	 283.323761 	 274.767761 	 5.053174 	 98509.210938 	 326.726746 
297 	 41.678688 	 283.323761 	 276.806885 	 5.627396 	 98254.703125 	 418.656677 
298 	 41.678688 	 283.323761 	 278.627899 	 4.874242 	 98515.453125 	 439.730225 
299 	 41.678688 	 283.323761 	 280.113953 	 2.671231 	 98901.929688 	 403.025391 
300 	 41.678688 	 283.323761 	 283.686401 	 2.567631 	 98702.718750 	 417.570862 
301 	 41.678688 	 283.323761 	 285.760010 	 2.591243 	 98555.687500 	 436.598877 
302 	 41.678688 	 283.323761 	 280.873138 	 2.783560 	 99235.570312 	 420.723358 
303 	 41.678688 	 283.323761 	 274.211456 	 1.615311 	 100292.398438 	 381.732056 
304 	 41.678688 	 283.323761 	 275.197632 	 1.876965 	 100172.898438 	 396.954071 
305 	 41.678688 	 283.323761 	 278.030457 	 3.519949 	 99541.531250 	 408.935425 
306 	 41.678688 	 283.323761 	 284.551575 	 4.206697 	 98951.210938 	 421.178741 
307 	 41.678688 	 283.323761 	 286.622742 	 3.469486 	 98648.476562 	 383.691589 
308 	 41.678688 	 283.323761 	 279.420135 	 1.754196 	 99051.062500 	 412.944611 
309 	 41.678688 	 283.323761 	 275.532654 	 2.022291 	 99613.468750 	 393.204041 
310 	 41.678688 	 283.323761 	 274.782379 	 2.341181 	 99899.429688 	 324.176666 
311 	 41.678688 	 283.323761 	 279.274719 	 3.197992 	 98961.093750 	 352.655365 
312 	 41.678688 	 283.323761 	 273.427094 	 2.268713 	 100163.296875 	 405.494446 
313 	 41.678688 	 283.323761 	 276.472229 	 3.588178 	 100137.500000 	 337.573914 
314 	 41.678688 	 283.323761 	 286.922791 	 3.265162 	 98682.976562 	 418.738647 
315 	 41.678688 	 283.323761 	 288.101868 	 1.780088 	 98529.703125 	 430.853241 
316 	 41.678688 	 283.323761 	 282.626831 	 2.617669 	 98332.632812 	 368.972412 
317 	 41.678688 	 283.323761 	 279.593384 	 1.156974 	 99082.671875 	 373.769684 
318 	 41.678688 	 283.323761 	 281.193939 	 3.018254 	 99628.656250 	 427.150146 
319 	 41.678688 	 283.323761 	 284.940613 	 4.624678 	 99663.257812 	 399.927490 
320 	 41.678688 	 283.323761 	 286.729034 	 3.267965 	 99183.312500 	 449.113861 
321 	 41.678688 	 283.323761 	 279.982025 	 1.241833 	 99241.468750 	 385.119507 
322 	 41.678688 	 283.323761 	 280.287750 	 1.965481 	 99198.226562 	 358.932281 
323 	 41.678688 	 283.323761 	 285.227997 	 3.809535 	 97901.132812 	 381.299500 
324 	 41.678688 	 283.323761 	 277.409576 	 4.679282 	 97338.812500 	 365.000031 
325 	 41.678688 	 283.323761 	 278.274231 	 2.736663 	 98448.687500 	 370.534332 
326 	 41.678688 	 283.323761 	 279.976013 	 4.277341 	 98530.679688 	 347.275726 
327 	 41.678688 	 283.323761 	 273.882477 	 2.276095 	 99578.046875 	 361.904114 
328 	 41.678688 	 283.323761 	 277.036285 	 3.419320 	 98987.406250 	 376.769775 
329 	 41.678688 	 283.323761 	 280.289734 	 1.908843 	 98914.468750 	 378.956757 
330 	 41.678688 	 283.323761 	 280.622559 	 1.681498 	 98831.789062 	 373.818085 
331 	 41.678688 	 283.323761 	 277.507782 	 0.981740 	 99428.031250 	 382.051819 
332 	 41.678688 	 283.323761 	 275.944214 	 2.421418 	 100068.000000 	 351.039734 
333 	 41.678688 	 283.323761 	 281.365906 	 3.700486 	 99801.242188 	 401.074829 
334 	 41.678688 	 283.323761 	 285.877258 	 5.133716 	 99421.476562 	 398.641388 
335 	 41.678688 	 283.323761 	 284.421417 	 4.534674 	 98630.257812 	 393.739502 
336 	 41.678688 	 283.323761 	 279.248871 	 2.590429 	 99048.429688 	 350.101257 
337 	 41.678688 	 283.323761 	 276.217438 	 3.058289 	 99324.492188 	 312.453949 
338 	 41.678688 	 283.323761 	 275.041626 	 5.634264 	 97653.156250 	 356.731476 
339 	 41.678688 	 283.323761 	 268.140472 	 3.135240 	 98481.796875 	 335.199554 
340 	 41.678688 	 283.323761 	 270.539032 	 2.550530 	 99158.007812 	 328.063934 
341 	 41.678688 	 283.323761 	 274.037781 	 3.112944 	 98146.671875 	 331.918213 
342 	 41.678688 	 283.323761 	 271.159149 	 2.843996 	 98833.968750 	 330.671143 
343 	 41.678688 	 283.323761 	 275.514648 	 2.663034 	 98421.750000 	 371.001099 
344 	 41.678688 	 283.323761 	 273.545593 	 2.189031 	 98468.148438 	 335.693329 
345 	 41.678688 	 283.323761 	 275.781952 	 2.541448 	 98144.679688 	 344.374939 
346 	 41.678688 	 283.323761 	 274.038239 	 2.864504 	 97956.523438 	 299.376343 
347 	 41.678688 	 283.323761 	 270.186859 	 1.734833 	 99126.726562 	 305.652008 
348 	 41.678688 	 283.323761 	 273.668793 	 2.478960 	 98691.648438 	 320.316925 
349 	 41.678688 	 283.323761 	 273.980530 	 4.801855 	 96553.179688 	 371.763733 
350 	 41.678688 	 283.323761 	 270.202423 	 5.153571 	 97026.796875 	 299.712006 
351 	 41.678688 	 283.323761 	 271.862000 	 4.362028 	 97252.898438 	 348.330261 
352 	 41.678688 	 283.323761 	 270.061859 	 2.315177 	 98616.140625 	 283.247345 
353 	 41.678688 	 283.323761 	 271.461517 	 2.792921 	 98373.296875 	 318.641907 
354 	 41.678688 	 283.323761 	 274.232269 	 4.785686 	 97135.570312 	 353.311310 
355 	 41.678688 	 283.323761 	 269.031525 	 2.807094 	 97426.312500 	 301.275574 
356 	 41.678688 	 283.323761 	 268.357635 	 3.220660 	 97854.390625 	 316.881805 
357 	 41.678688 	 283.323761 	 268.122131 	 2.887082 	 98644.320312 	 313.141846 
358 	 41.678688 	 283.323761 	 271.144257 	 3.641279 	 98474.078125 	 307.413635 
359 	 41.678688 	 283.323761 	 271.317047 	 3.079257 	 99194.703125 	 277.353516 
360 	 41.678688 	 283.323761 	 276.088226 	 2.991562 	 99660.718750 	 336.680939 
361 	 41.678688 	 283.323761 	 283.946442 	 4.369180 	 99047.109375 	 370.686340 
362 	 41.678688 	 283.323761 	 286.265472 	 4.534792 	 97912.117188 	 384.827576 
363 	 41.678688 	 283.323761 	 270.762054 	 3.809082 	 96690.273438 	 338.527100 
364 	 41.678688 	 283.323761 	 270.797943 	 4.754899 	 96753.281250 	 311.520386 
