# 0: Day of Year [-] 	 1: lat [deg] 	 2: lon [deg] 	 3: tas [K] 	 4: sfcWind [m s-1] 	 5: ps [Pa] 	 6: Total Downwelling Rad Flux [W m-2] 
0 	 41.678688 	 283.323761 	 275.508270 	 2.478507 	 97988.968750 	 345.552795 
1 	 41.678688 	 283.323761 	 276.690643 	 4.804934 	 97617.679688 	 343.100464 
2 	 41.678688 	 283.323761 	 274.502350 	 3.420954 	 98675.062500 	 342.748932 
3 	 41.678688 	 283.323761 	 271.750916 	 1.422192 	 99670.226562 	 318.168457 
4 	 41.678688 	 283.323761 	 276.668945 	 3.219272 	 99320.289062 	 358.669189 
5 	 41.678688 	 283.323761 	 277.911865 	 2.047834 	 99031.953125 	 350.700317 
6 	 41.678688 	 283.323761 	 281.234406 	 2.077697 	 99142.343750 	 367.393188 
7 	 41.678688 	 283.323761 	 285.084778 	 3.124108 	 98753.218750 	 393.131622 
8 	 41.678688 	 283.323761 	 283.251312 	 3.385866 	 97671.843750 	 424.521393 
9 	 41.678688 	 283.323761 	 275.637421 	 3.267442 	 97798.171875 	 349.948120 
10 	 41.678688 	 283.323761 	 272.896393 	 2.785752 	 98204.953125 	 327.367981 
11 	 41.678688 	 283.323761 	 270.604309 	 2.351577 	 99113.718750 	 320.283508 
12 	 41.678688 	 283.323761 	 273.581421 	 3.221978 	 99101.648438 	 341.167389 
13 	 41.678688 	 283.323761 	 281.236237 	 4.630202 	 97879.757812 	 360.334991 
14 	 41.678688 	 283.323761 	 276.050873 	 3.961215 	 97740.703125 	 366.781586 
15 	 41.678688 	 283.323761 	 271.317413 	 3.209820 	 98287.906250 	 341.815186 
16 	 41.678688 	 283.323761 	 268.970306 	 2.145884 	 98469.851562 	 315.656586 
17 	 41.678688 	 283.323761 	 267.658722 	 2.057236 	 97969.156250 	 327.492645 
18 	 41.678688 	 283.323761 	 265.465820 	 4.810859 	 97174.820312 	 303.207306 
19 	 41.678688 	 283.323761 	 266.939941 	 3.366482 	 98414.312500 	 314.518280 
20 	 41.678688 	 283.323761 	 270.836823 	 2.974553 	 98773.976562 	 311.155212 
21 	 41.678688 	 283.323761 	 278.405975 	 3.335748 	 98034.593750 	 372.534668 
22 	 41.678688 	 283.323761 	 281.713593 	 2.680017 	 98026.062500 	 369.541931 
23 	 41.678688 	 283.323761 	 286.517700 	 5.688436 	 97999.343750 	 382.641357 
24 	 41.678688 	 283.323761 	 282.219879 	 2.194839 	 96869.843750 	 390.252960 
25 	 41.678688 	 283.323761 	 278.690063 	 2.470603 	 96913.523438 	 379.241760 
26 	 41.678688 	 283.323761 	 277.391571 	 1.797049 	 97310.976562 	 366.218842 
27 	 41.678688 	 283.323761 	 276.819550 	 1.914621 	 97793.906250 	 376.418488 
28 	 41.678688 	 283.323761 	 277.134064 	 2.783889 	 98334.046875 	 359.818420 
29 	 41.678688 	 283.323761 	 272.845428 	 2.521556 	 98050.351562 	 331.429993 
30 	 41.678688 	 283.323761 	 271.682617 	 2.345846 	 97200.156250 	 378.495300 
31 	 41.678688 	 283.323761 	 273.145966 	 3.528776 	 97238.648438 	 335.603668 
32 	 41.678688 	 283.323761 	 271.543793 	 4.885181 	 96701.156250 	 388.832764 
33 	 41.678688 	 283.323761 	 266.489471 	 3.164735 	 98317.453125 	 330.168427 
34 	 41.678688 	 283.323761 	 274.428528 	 3.687037 	 98083.632812 	 385.523285 
35 	 41.678688 	 283.323761 	 269.976746 	 4.830335 	 97066.343750 	 353.167145 
36 	 41.678688 	 283.323761 	 266.430328 	 5.233771 	 97380.429688 	 336.161682 
37 	 41.678688 	 283.323761 	 264.107239 	 4.427483 	 98333.867188 	 332.836151 
38 	 41.678688 	 283.323761 	 266.035370 	 3.147408 	 99032.882812 	 337.066803 
39 	 41.678688 	 283.323761 	 268.412537 	 2.461155 	 98975.000000 	 370.874512 
40 	 41.678688 	 283.323761 	 266.394226 	 4.195207 	 99411.593750 	 352.260712 
41 	 41.678688 	 283.323761 	 269.073090 	 2.894690 	 100022.601562 	 362.034058 
42 	 41.678688 	 283.323761 	 271.268646 	 1.329683 	 99943.367188 	 367.240845 
43 	 41.678688 	 283.323761 	 275.694244 	 3.408898 	 99091.953125 	 320.823181 
44 	 41.678688 	 283.323761 	 280.188416 	 3.624160 	 96986.351562 	 407.697449 
45 	 41.678688 	 283.323761 	 274.534576 	 2.502437 	 98212.203125 	 418.570770 
46 	 41.678688 	 283.323761 	 272.241425 	 1.182426 	 98872.781250 	 416.390015 
47 	 41.678688 	 283.323761 	 272.499084 	 2.215080 	 98527.250000 	 391.525696 
48 	 41.678688 	 283.323761 	 276.250122 	 4.893897 	 97341.093750 	 411.479004 
49 	 41.678688 	 283.323761 	 276.709229 	 1.983446 	 98508.273438 	 414.883484 
50 	 41.678688 	 283.323761 	 276.365906 	 2.828159 	 98954.117188 	 391.767334 
51 	 41.678688 	 283.323761 	 282.792542 	 3.887022 	 96732.359375 	 477.811646 
52 	 41.678688 	 283.323761 	 277.143433 	 3.953528 	 96742.078125 	 407.963379 
53 	 41.678688 	 283.323761 	 273.057404 	 2.188931 	 98342.367188 	 414.509094 
54 	 41.678688 	 283.323761 	 276.919617 	 3.456845 	 98177.726562 	 352.920013 
55 	 41.678688 	 283.323761 	 274.548737 	 3.810619 	 98139.976562 	 439.753479 
56 	 41.678688 	 283.323761 	 271.038422 	 1.337341 	 99389.929688 	 359.733948 
57 	 41.678688 	 283.323761 	 273.886414 	 2.265361 	 99021.468750 	 367.806976 
58 	 41.678688 	 283.323761 	 274.515839 	 4.424601 	 99094.039062 	 446.595703 
59 	 41.678688 	 283.323761 	 271.897430 	 1.376914 	 99048.289062 	 372.825012 
60 	 41.678688 	 283.323761 	 276.032013 	 1.481403 	 99159.703125 	 425.588226 
61 	 41.678688 	 283.323761 	 278.405182 	 3.121807 	 99348.320312 	 369.295868 
62 	 41.678688 	 283.323761 	 282.934235 	 4.272175 	 98300.093750 	 418.334473 
63 	 41.678688 	 283.323761 	 275.175781 	 3.420526 	 98721.968750 	 451.418335 
64 	 41.678688 	 283.323761 	 274.275208 	 1.312041 	 99540.117188 	 437.712952 
65 	 41.678688 	 283.323761 	 276.088226 	 2.679334 	 99503.218750 	 343.318970 
66 	 41.678688 	 283.323761 	 285.089691 	 3.265454 	 97727.296875 	 401.768036 
67 	 41.678688 	 283.323761 	 276.568329 	 4.960488 	 97038.101562 	 437.480591 
68 	 41.678688 	 283.323761 	 270.221405 	 3.009099 	 99432.828125 	 445.138977 
69 	 41.678688 	 283.323761 	 271.411774 	 0.994898 	 99982.968750 	 440.411987 
70 	 41.678688 	 283.323761 	 277.183289 	 2.168083 	 99696.000000 	 470.029175 
71 	 41.678688 	 283.323761 	 281.987915 	 2.442833 	 98992.859375 	 427.245697 
72 	 41.678688 	 283.323761 	 283.274750 	 4.780376 	 97440.070312 	 453.056915 
73 	 41.678688 	 283.323761 	 282.021484 	 2.288324 	 98167.890625 	 491.523254 
74 	 41.678688 	 283.323761 	 283.156616 	 4.048203 	 99191.078125 	 437.969513 
75 	 41.678688 	 283.323761 	 284.741425 	 5.758385 	 98484.179688 	 411.039795 
76 	 41.678688 	 283.323761 	 283.929260 	 3.796543 	 97276.226562 	 497.278625 
77 	 41.678688 	 283.323761 	 281.192963 	 3.434808 	 98314.789062 	 445.054565 
78 	 41.678688 	 283.323761 	 282.342468 	 2.639445 	 98714.671875 	 515.348083 
79 	 41.678688 	 283.323761 	 278.860870 	 1.414156 	 99170.156250 	 461.098755 
80 	 41.678688 	 283.323761 	 277.634033 	 1.377392 	 99155.382812 	 389.475586 
81 	 41.678688 	 283.323761 	 276.270813 	 1.942687 	 99200.156250 	 450.381042 
82 	 41.678688 	 283.323761 	 279.448975 	 1.405024 	 99342.203125 	 499.631531 
83 	 41.678688 	 283.323761 	 282.085876 	 2.227080 	 98883.093750 	 382.739868 
84 	 41.678688 	 283.323761 	 283.411102 	 3.505883 	 97623.523438 	 436.816711 
85 	 41.678688 	 283.323761 	 277.278870 	 5.220280 	 97500.250000 	 520.884399 
86 	 41.678688 	 283.323761 	 282.530945 	 3.625196 	 97705.656250 	 521.355286 
87 	 41.678688 	 283.323761 	 286.459808 	 1.729712 	 98575.796875 	 546.731812 
88 	 41.678688 	 283.323761 	 286.849365 	 1.468097 	 98902.968750 	 552.962891 
89 	 41.678688 	 283.323761 	 289.770538 	 2.840724 	 98387.906250 	 565.451294 
90 	 41.678688 	 283.323761 	 288.262329 	 1.441957 	 98172.023438 	 522.325867 
91 	 41.678688 	 283.323761 	 288.867004 	 1.940761 	 98693.070312 	 542.270264 
92 	 41.678688 	 283.323761 	 289.692230 	 4.339801 	 98967.523438 	 491.447021 
93 	 41.678688 	 283.323761 	 288.837891 	 5.645179 	 97691.882812 	 434.833618 
94 	 41.678688 	 283.323761 	 281.564209 	 4.657083 	 97964.523438 	 528.365723 
95 	 41.678688 	 283.323761 	 285.818939 	 3.698475 	 99035.703125 	 519.843994 
96 	 41.678688 	 283.323761 	 285.782867 	 4.337926 	 99016.843750 	 447.165100 
97 	 41.678688 	 283.323761 	 289.050476 	 5.297398 	 97558.609375 	 423.845978 
98 	 41.678688 	 283.323761 	 279.885162 	 4.212567 	 97763.578125 	 494.865173 
99 	 41.678688 	 283.323761 	 278.062500 	 2.086461 	 98362.906250 	 417.163147 
100 	 41.678688 	 283.323761 	 276.728638 	 3.053627 	 97848.156250 	 432.952271 
101 	 41.678688 	 283.323761 	 277.023651 	 4.798691 	 97679.406250 	 493.730408 
102 	 41.678688 	 283.323761 	 277.959869 	 2.833441 	 98791.023438 	 543.087036 
103 	 41.678688 	 283.323761 	 287.098969 	 4.550549 	 98284.890625 	 556.916504 
104 	 41.678688 	 283.323761 	 288.225037 	 2.909342 	 98210.640625 	 396.364624 
105 	 41.678688 	 283.323761 	 285.833466 	 1.948670 	 99020.218750 	 430.161804 
106 	 41.678688 	 283.323761 	 289.940277 	 2.997183 	 99215.007812 	 465.725708 
107 	 41.678688 	 283.323761 	 290.942047 	 3.056348 	 98883.726562 	 556.155334 
108 	 41.678688 	 283.323761 	 290.438385 	 2.261699 	 99414.578125 	 556.073608 
109 	 41.678688 	 283.323761 	 289.523773 	 4.301669 	 99093.046875 	 602.545227 
110 	 41.678688 	 283.323761 	 290.411804 	 3.945395 	 97948.070312 	 559.789307 
111 	 41.678688 	 283.323761 	 287.852936 	 5.079379 	 97107.406250 	 641.399780 
112 	 41.678688 	 283.323761 	 288.573181 	 3.337701 	 97656.453125 	 476.566833 
113 	 41.678688 	 283.323761 	 284.651520 	 2.441463 	 98361.039062 	 597.615601 
114 	 41.678688 	 283.323761 	 285.473511 	 3.263963 	 99046.968750 	 548.889038 
115 	 41.678688 	 283.323761 	 289.559296 	 5.198633 	 98210.703125 	 468.299225 
116 	 41.678688 	 283.323761 	 282.240631 	 2.703732 	 97826.601562 	 509.282227 
117 	 41.678688 	 283.323761 	 277.723022 	 4.313850 	 98337.523438 	 568.766541 
118 	 41.678688 	 283.323761 	 280.372070 	 2.741935 	 98927.953125 	 446.306641 
119 	 41.678688 	 283.323761 	 284.872711 	 1.993583 	 98660.796875 	 422.816376 
120 	 41.678688 	 283.323761 	 291.726715 	 3.259956 	 98159.593750 	 657.610840 
121 	 41.678688 	 283.323761 	 296.411194 	 3.580374 	 98085.812500 	 610.332642 
122 	 41.678688 	 283.323761 	 289.136688 	 2.323031 	 99351.437500 	 623.065063 
123 	 41.678688 	 283.323761 	 292.305664 	 4.436142 	 98736.281250 	 536.165222 
124 	 41.678688 	 283.323761 	 286.023499 	 2.561691 	 97995.296875 	 549.663818 
125 	 41.678688 	 283.323761 	 284.038422 	 3.541020 	 97314.671875 	 542.104065 
126 	 41.678688 	 283.323761 	 284.538818 	 3.002460 	 96850.093750 	 591.809082 
127 	 41.678688 	 283.323761 	 281.417664 	 3.941641 	 97040.203125 	 472.937683 
128 	 41.678688 	 283.323761 	 278.720581 	 3.649068 	 97529.273438 	 460.204163 
129 	 41.678688 	 283.323761 	 280.026703 	 3.596273 	 97785.007812 	 616.236572 
130 	 41.678688 	 283.323761 	 282.024139 	 1.961253 	 98395.882812 	 455.050781 
131 	 41.678688 	 283.323761 	 290.304169 	 2.968411 	 98377.093750 	 629.450806 
132 	 41.678688 	 283.323761 	 296.438904 	 4.769687 	 97525.992188 	 670.693848 
133 	 41.678688 	 283.323761 	 285.891296 	 3.511125 	 98446.328125 	 608.244141 
134 	 41.678688 	 283.323761 	 283.743042 	 2.349188 	 98445.101562 	 549.290100 
135 	 41.678688 	 283.323761 	 280.417664 	 2.821320 	 99002.578125 	 605.706909 
136 	 41.678688 	 283.323761 	 281.819672 	 2.050797 	 100001.398438 	 605.634888 
137 	 41.678688 	 283.323761 	 284.949615 	 1.609253 	 100299.898438 	 629.205994 
138 	 41.678688 	 283.323761 	 291.382507 	 2.721793 	 99243.968750 	 648.074585 
139 	 41.678688 	 283.323761 	 295.687378 	 3.640452 	 98596.382812 	 654.343689 
140 	 41.678688 	 283.323761 	 294.844025 	 3.596313 	 98510.757812 	 642.024536 
141 	 41.678688 	 283.323761 	 293.378571 	 2.197363 	 98901.273438 	 524.766357 
142 	 41.678688 	 283.323761 	 295.127960 	 2.589917 	 98679.671875 	 594.476624 
143 	 41.678688 	 283.323761 	 294.023163 	 1.631254 	 98836.132812 	 615.464111 
144 	 41.678688 	 283.323761 	 298.413422 	 2.800092 	 98882.312500 	 674.314148 
145 	 41.678688 	 283.323761 	 297.040894 	 3.215912 	 98792.203125 	 656.876953 
146 	 41.678688 	 283.323761 	 291.110901 	 2.177211 	 99298.976562 	 686.840088 
147 	 41.678688 	 283.323761 	 291.476593 	 1.255335 	 99394.960938 	 667.673218 
148 	 41.678688 	 283.323761 	 296.012543 	 2.037727 	 99275.117188 	 683.142212 
149 	 41.678688 	 283.323761 	 299.262421 	 2.590760 	 98931.523438 	 686.178711 
150 	 41.678688 	 283.323761 	 297.816742 	 2.375574 	 99030.226562 	 670.136780 
151 	 41.678688 	 283.323761 	 297.567352 	 2.656949 	 99050.257812 	 677.774963 
152 	 41.678688 	 283.323761 	 299.750977 	 5.385764 	 98027.562500 	 657.514282 
153 	 41.678688 	 283.323761 	 293.264893 	 2.625300 	 97834.992188 	 649.139771 
154 	 41.678688 	 283.323761 	 290.901428 	 1.073183 	 98474.273438 	 579.556641 
155 	 41.678688 	 283.323761 	 291.679260 	 1.981784 	 98707.039062 	 654.215942 
156 	 41.678688 	 283.323761 	 292.976837 	 2.709949 	 98778.843750 	 640.221924 
157 	 41.678688 	 283.323761 	 291.676910 	 2.035393 	 99149.140625 	 647.536621 
158 	 41.678688 	 283.323761 	 292.060638 	 2.550429 	 99031.546875 	 569.419800 
159 	 41.678688 	 283.323761 	 296.676270 	 3.799274 	 98287.578125 	 706.729919 
160 	 41.678688 	 283.323761 	 290.984253 	 3.334448 	 98489.843750 	 586.650696 
161 	 41.678688 	 283.323761 	 284.822479 	 2.840348 	 99049.539062 	 441.731812 
162 	 41.678688 	 283.323761 	 287.395691 	 2.633444 	 98924.187500 	 648.642700 
163 	 41.678688 	 283.323761 	 287.297241 	 3.534351 	 99265.359375 	 626.743164 
164 	 41.678688 	 283.323761 	 286.972046 	 2.792539 	 99778.992188 	 650.085693 
165 	 41.678688 	 283.323761 	 289.115295 	 1.415982 	 99955.078125 	 666.160034 
166 	 41.678688 	 283.323761 	 291.896088 	 0.910752 	 99488.710938 	 685.853149 
167 	 41.678688 	 283.323761 	 294.820587 	 1.466261 	 98991.453125 	 697.317139 
168 	 41.678688 	 283.323761 	 296.542175 	 1.293063 	 98751.296875 	 708.425720 
169 	 41.678688 	 283.323761 	 297.565186 	 1.254819 	 98811.289062 	 702.545166 
170 	 41.678688 	 283.323761 	 296.367737 	 2.232406 	 99392.257812 	 702.167480 
171 	 41.678688 	 283.323761 	 296.148102 	 2.985799 	 99125.570312 	 698.708557 
172 	 41.678688 	 283.323761 	 298.465332 	 1.385433 	 98593.687500 	 666.140625 
173 	 41.678688 	 283.323761 	 297.010925 	 1.498723 	 98593.570312 	 681.925781 
174 	 41.678688 	 283.323761 	 298.148529 	 2.841953 	 98341.093750 	 729.282349 
175 	 41.678688 	 283.323761 	 300.471893 	 4.052362 	 97846.156250 	 754.690186 
176 	 41.678688 	 283.323761 	 297.367798 	 4.966968 	 97227.976562 	 584.372070 
177 	 41.678688 	 283.323761 	 288.837830 	 3.219395 	 98309.656250 	 684.200195 
178 	 41.678688 	 283.323761 	 291.157562 	 1.364608 	 98812.531250 	 682.933472 
179 	 41.678688 	 283.323761 	 295.347351 	 1.039094 	 98868.953125 	 663.187744 
180 	 41.678688 	 283.323761 	 296.901093 	 1.140394 	 98990.023438 	 711.459717 
181 	 41.678688 	 283.323761 	 297.800446 	 2.424053 	 98964.312500 	 671.451965 
182 	 41.678688 	 283.323761 	 297.897491 	 1.510260 	 98695.593750 	 652.046326 
183 	 41.678688 	 283.323761 	 298.738007 	 2.214428 	 98616.273438 	 708.504395 
184 	 41.678688 	 283.323761 	 296.722076 	 2.766066 	 98819.656250 	 683.895386 
185 	 41.678688 	 283.323761 	 295.025696 	 1.797043 	 98807.343750 	 649.970764 
186 	 41.678688 	 283.323761 	 291.795654 	 4.445023 	 98709.476562 	 701.236816 
187 	 41.678688 	 283.323761 	 291.664246 	 1.655501 	 99082.828125 	 682.455811 
188 	 41.678688 	 283.323761 	 292.871307 	 2.675304 	 99041.062500 	 615.076538 
189 	 41.678688 	 283.323761 	 294.638214 	 1.947143 	 98918.796875 	 613.463928 
190 	 41.678688 	 283.323761 	 296.898865 	 3.238099 	 98836.476562 	 543.748413 
191 	 41.678688 	 283.323761 	 298.413544 	 3.808313 	 99061.421875 	 615.080627 
192 	 41.678688 	 283.323761 	 297.047089 	 2.309591 	 98762.828125 	 705.786011 
193 	 41.678688 	 283.323761 	 294.567017 	 1.369512 	 98706.937500 	 685.577759 
194 	 41.678688 	 283.323761 	 296.598114 	 0.881102 	 98830.203125 	 635.800171 
195 	 41.678688 	 283.323761 	 299.002106 	 2.022758 	 98953.843750 	 699.590820 
196 	 41.678688 	 283.323761 	 298.931030 	 3.532674 	 98610.351562 	 622.504883 
197 	 41.678688 	 283.323761 	 297.515747 	 3.472770 	 98054.281250 	 563.821167 
198 	 41.678688 	 283.323761 	 293.889191 	 2.346020 	 98209.929688 	 653.020508 
199 	 41.678688 	 283.323761 	 294.731903 	 1.065268 	 98355.593750 	 695.488525 
200 	 41.678688 	 283.323761 	 296.097321 	 1.126444 	 98599.656250 	 700.126038 
201 	 41.678688 	 283.323761 	 297.649719 	 2.345153 	 98939.687500 	 649.829834 
202 	 41.678688 	 283.323761 	 298.282532 	 4.045634 	 98892.320312 	 587.756714 
203 	 41.678688 	 283.323761 	 300.057373 	 2.444650 	 98682.546875 	 731.366211 
204 	 41.678688 	 283.323761 	 297.721893 	 1.841751 	 98572.546875 	 692.319763 
205 	 41.678688 	 283.323761 	 300.065216 	 1.581186 	 98503.976562 	 738.863281 
206 	 41.678688 	 283.323761 	 299.207184 	 1.976792 	 98487.671875 	 689.565369 
207 	 41.678688 	 283.323761 	 300.298828 	 1.242692 	 98747.421875 	 716.133301 
208 	 41.678688 	 283.323761 	 299.874725 	 2.688849 	 98307.531250 	 709.291504 
209 	 41.678688 	 283.323761 	 300.831299 	 2.643303 	 98419.492188 	 689.115173 
210 	 41.678688 	 283.323761 	 299.851471 	 2.548028 	 98647.859375 	 605.533325 
211 	 41.678688 	 283.323761 	 298.935883 	 1.670928 	 98724.273438 	 692.814575 
212 	 41.678688 	 283.323761 	 302.066986 	 3.451266 	 97937.343750 	 663.364868 
213 	 41.678688 	 283.323761 	 296.631226 	 1.968673 	 98226.507812 	 687.707092 
214 	 41.678688 	 283.323761 	 293.699524 	 1.773959 	 98474.460938 	 566.345337 
215 	 41.678688 	 283.323761 	 294.197449 	 1.358562 	 98727.429688 	 638.688599 
216 	 41.678688 	 283.323761 	 295.451324 	 1.112211 	 99060.640625 	 679.587769 
217 	 41.678688 	 283.323761 	 295.752167 	 1.274737 	 99121.468750 	 651.508057 
218 	 41.678688 	 283.323761 	 297.155243 	 1.654190 	 98860.507812 	 683.882324 
219 	 41.678688 	 283.323761 	 302.077606 	 3.549062 	 98132.179688 	 708.107788 
220 	 41.678688 	 283.323761 	 303.138916 	 3.211958 	 98076.593750 	 715.864441 
221 	 41.678688 	 283.323761 	 298.592285 	 1.970387 	 98676.578125 	 693.367249 
222 	 41.678688 	 283.323761 	 299.245117 	 3.372065 	 98529.320312 	 698.520630 
223 	 41.678688 	 283.323761 	 300.623871 	 4.804154 	 97993.406250 	 696.153625 
224 	 41.678688 	 283.323761 	 292.779724 	 2.186038 	 99105.226562 	 646.221558 
225 	 41.678688 	 283.323761 	 293.932861 	 1.461353 	 99455.742188 	 637.932190 
226 	 41.678688 	 283.323761 	 300.199219 	 4.160344 	 98818.882812 	 637.846863 
227 	 41.678688 	 283.323761 	 302.038696 	 2.081643 	 98370.437500 	 679.146118 
228 	 41.678688 	 283.323761 	 301.016998 	 1.114764 	 98223.671875 	 699.047180 
229 	 41.678688 	 283.323761 	 298.734711 	 4.029465 	 98254.882812 	 677.621216 
230 	 41.678688 	 283.323761 	 293.527130 	 3.225413 	 99431.937500 	 633.384888 
231 	 41.678688 	 283.323761 	 294.243439 	 2.089261 	 99572.390625 	 629.316895 
232 	 41.678688 	 283.323761 	 298.639740 	 4.125187 	 98882.742188 	 654.745605 
233 	 41.678688 	 283.323761 	 301.062195 	 3.681229 	 98181.656250 	 685.760986 
234 	 41.678688 	 283.323761 	 298.403320 	 2.061482 	 98310.710938 	 668.326050 
235 	 41.678688 	 283.323761 	 298.976440 	 2.830005 	 98593.992188 	 666.527100 
236 	 41.678688 	 283.323761 	 295.335724 	 2.485614 	 99037.906250 	 636.481689 
237 	 41.678688 	 283.323761 	 293.985931 	 1.734325 	 99172.140625 	 587.820251 
238 	 41.678688 	 283.323761 	 301.464020 	 2.948172 	 98804.117188 	 665.148438 
239 	 41.678688 	 283.323761 	 302.368744 	 2.372336 	 98685.226562 	 654.128540 
240 	 41.678688 	 283.323761 	 297.107330 	 1.681750 	 98828.273438 	 647.546143 
241 	 41.678688 	 283.323761 	 297.985474 	 2.433964 	 98792.757812 	 641.214233 
242 	 41.678688 	 283.323761 	 296.700714 	 3.293679 	 98406.343750 	 657.515259 
243 	 41.678688 	 283.323761 	 292.427673 	 2.989527 	 98956.429688 	 607.998291 
244 	 41.678688 	 283.323761 	 293.207611 	 0.820295 	 98927.632812 	 597.683960 
245 	 41.678688 	 283.323761 	 298.604462 	 1.693290 	 98615.523438 	 631.632568 
246 	 41.678688 	 283.323761 	 301.662170 	 2.887285 	 98396.656250 	 608.148193 
247 	 41.678688 	 283.323761 	 302.067627 	 2.949549 	 98208.531250 	 635.630737 
248 	 41.678688 	 283.323761 	 294.800873 	 3.910391 	 98986.171875 	 630.514404 
249 	 41.678688 	 283.323761 	 289.077667 	 1.452137 	 100042.898438 	 572.221008 
250 	 41.678688 	 283.323761 	 292.945038 	 3.421191 	 100130.601562 	 581.635376 
251 	 41.678688 	 283.323761 	 297.552490 	 2.886524 	 99494.093750 	 607.038696 
252 	 41.678688 	 283.323761 	 297.078217 	 1.529335 	 98970.242188 	 600.638367 
253 	 41.678688 	 283.323761 	 295.199738 	 2.032746 	 98695.226562 	 512.082275 
254 	 41.678688 	 283.323761 	 289.914246 	 2.353329 	 99277.382812 	 571.387329 
255 	 41.678688 	 283.323761 	 291.153290 	 3.041046 	 99014.601562 	 553.292358 
256 	 41.678688 	 283.323761 	 300.650024 	 3.802170 	 98175.656250 	 569.023865 
257 	 41.678688 	 283.323761 	 293.131805 	 2.757882 	 98708.289062 	 585.286133 
258 	 41.678688 	 283.323761 	 289.709595 	 1.379433 	 99382.570312 	 558.504517 
259 	 41.678688 	 283.323761 	 293.489227 	 2.763134 	 99704.710938 	 563.460205 
260 	 41.678688 	 283.323761 	 294.304657 	 4.100115 	 99510.023438 	 507.891815 
261 	 41.678688 	 283.323761 	 298.514893 	 2.816777 	 99024.593750 	 609.905640 
262 	 41.678688 	 283.323761 	 300.505463 	 3.073657 	 98881.843750 	 621.239624 
263 	 41.678688 	 283.323761 	 298.552155 	 3.687249 	 98763.500000 	 563.145569 
264 	 41.678688 	 283.323761 	 291.042786 	 1.890693 	 99376.257812 	 539.572998 
265 	 41.678688 	 283.323761 	 295.388611 	 2.891686 	 98797.289062 	 547.223022 
266 	 41.678688 	 283.323761 	 289.979126 	 2.527259 	 99038.953125 	 558.602173 
267 	 41.678688 	 283.323761 	 288.427856 	 1.674950 	 99629.273438 	 452.952362 
268 	 41.678688 	 283.323761 	 291.717468 	 3.403572 	 99285.742188 	 538.981201 
269 	 41.678688 	 283.323761 	 294.288147 	 2.905160 	 98810.523438 	 502.008972 
270 	 41.678688 	 283.323761 	 294.396301 	 2.377512 	 98932.953125 	 545.421509 
271 	 41.678688 	 283.323761 	 294.387817 	 3.924072 	 98499.117188 	 502.951477 
272 	 41.678688 	 283.323761 	 291.668915 	 4.376811 	 97625.882812 	 558.493652 
273 	 41.678688 	 283.323761 	 286.425629 	 2.158866 	 98520.257812 	 510.852661 
274 	 41.678688 	 283.323761 	 289.676941 	 3.445560 	 99225.601562 	 523.979187 
275 	 41.678688 	 283.323761 	 292.963379 	 4.538687 	 99258.546875 	 537.173218 
276 	 41.678688 	 283.323761 	 295.511780 	 3.982726 	 99236.296875 	 539.733704 
277 	 41.678688 	 283.323761 	 294.247772 	 3.874311 	 98967.273438 	 523.294434 
278 	 41.678688 	 283.323761 	 286.410553 	 3.770856 	 98788.296875 	 471.279053 
279 	 41.678688 	 283.323761 	 282.437927 	 2.714729 	 99873.679688 	 482.187012 
280 	 41.678688 	 283.323761 	 283.535950 	 2.901174 	 100040.398438 	 450.387787 
281 	 41.678688 	 283.323761 	 288.781860 	 2.760716 	 99350.093750 	 512.605408 
282 	 41.678688 	 283.323761 	 286.709747 	 2.302208 	 99803.750000 	 494.237701 
283 	 41.678688 	 283.323761 	 286.971405 	 2.892308 	 100077.500000 	 485.103516 
284 	 41.678688 	 283.323761 	 291.562286 	 3.354331 	 99813.492188 	 505.780609 
285 	 41.678688 	 283.323761 	 292.143036 	 3.324797 	 99349.453125 	 469.851501 
286 	 41.678688 	 283.323761 	 292.583710 	 2.937364 	 98747.562500 	 522.403259 
287 	 41.678688 	 283.323761 	 289.136261 	 3.812620 	 98162.367188 	 509.692200 
288 	 41.678688 	 283.323761 	 288.331268 	 2.866551 	 98397.570312 	 488.737793 
289 	 41.678688 	 283.323761 	 287.036469 	 3.978848 	 97819.367188 	 484.227661 
290 	 41.678688 	 283.323761 	 280.572266 	 4.854377 	 98253.242188 	 421.634094 
291 	 41.678688 	 283.323761 	 281.294403 	 2.276227 	 99085.421875 	 458.586029 
292 	 41.678688 	 283.323761 	 286.848694 	 2.713850 	 99036.906250 	 462.820312 
293 	 41.678688 	 283.323761 	 286.614594 	 2.236867 	 99959.312500 	 481.400146 
294 	 41.678688 	 283.323761 	 289.204041 	 3.513441 	 99725.843750 	 431.219452 
295 	 41.678688 	 283.323761 	 291.011810 	 2.975047 	 98908.437500 	 495.745850 
296 	 41.678688 	 283.323761 	 285.958008 	 2.799407 	 98598.843750 	 460.305725 
297 	 41.678688 	 283.323761 	 280.118256 	 1.631062 	 99554.203125 	 430.062134 
298 	 41.678688 	 283.323761 	 281.614258 	 2.929091 	 100177.601562 	 429.313599 
299 	 41.678688 	 283.323761 	 286.856476 	 4.044214 	 99807.093750 	 444.091064 
300 	 41.678688 	 283.323761 	 288.897247 	 3.161311 	 98837.750000 	 397.974548 
301 	 41.678688 	 283.323761 	 282.724304 	 2.797195 	 99040.640625 	 410.445129 
302 	 41.678688 	 283.323761 	 281.096741 	 1.364249 	 99372.343750 	 427.020660 
303 	 41.678688 	 283.323761 	 282.457184 	 2.054005 	 99479.671875 	 426.806946 
304 	 41.678688 	 283.323761 	 281.329346 	 4.162198 	 98990.726562 	 377.038177 
305 	 41.678688 	 283.323761 	 280.608765 	 3.459470 	 97873.562500 	 412.485901 
306 	 41.678688 	 283.323761 	 278.252289 	 4.077720 	 97415.843750 	 375.791901 
307 	 41.678688 	 283.323761 	 275.724396 	 3.548833 	 98125.937500 	 391.334778 
308 	 41.678688 	 283.323761 	 276.706116 	 2.361145 	 99344.679688 	 367.708038 
309 	 41.678688 	 283.323761 	 277.962402 	 1.709042 	 99579.203125 	 391.174561 
310 	 41.678688 	 283.323761 	 278.535187 	 1.381365 	 99871.859375 	 399.114624 
311 	 41.678688 	 283.323761 	 278.619507 	 0.729417 	 99793.976562 	 412.850037 
312 	 41.678688 	 283.323761 	 281.647156 	 0.537647 	 99798.007812 	 422.079407 
313 	 41.678688 	 283.323761 	 284.353973 	 2.119316 	 99666.500000 	 422.630676 
314 	 41.678688 	 283.323761 	 280.600403 	 1.632176 	 99532.882812 	 398.093994 
315 	 41.678688 	 283.323761 	 277.801941 	 1.083130 	 99680.789062 	 389.549805 
316 	 41.678688 	 283.323761 	 280.380890 	 3.382058 	 99229.390625 	 351.760834 
317 	 41.678688 	 283.323761 	 274.620331 	 4.060808 	 99699.117188 	 353.395782 
318 	 41.678688 	 283.323761 	 272.219940 	 2.332966 	 100329.703125 	 343.238220 
319 	 41.678688 	 283.323761 	 280.005920 	 4.378625 	 99125.179688 	 384.796570 
320 	 41.678688 	 283.323761 	 284.685944 	 3.288803 	 98392.226562 	 399.852966 
321 	 41.678688 	 283.323761 	 278.813385 	 0.934014 	 99175.296875 	 378.083344 
322 	 41.678688 	 283.323761 	 279.644989 	 1.408666 	 99032.492188 	 353.113892 
323 	 41.678688 	 283.323761 	 277.076691 	 1.469354 	 99287.226562 	 371.318481 
324 	 41.678688 	 283.323761 	 274.773865 	 1.898193 	 99970.812500 	 373.611664 
325 	 41.678688 	 283.323761 	 283.957733 	 3.714300 	 99573.359375 	 381.629395 
326 	 41.678688 	 283.323761 	 289.459351 	 3.934530 	 98787.093750 	 411.049164 
327 	 41.678688 	 283.323761 	 287.066772 	 3.325144 	 97932.226562 	 384.792389 
328 	 41.678688 	 283.323761 	 278.969360 	 2.279932 	 98561.093750 	 378.039032 
329 	 41.678688 	 283.323761 	 277.728607 	 3.018523 	 99343.156250 	 385.448151 
330 	 41.678688 	 283.323761 	 278.205200 	 2.893269 	 99029.570312 	 397.231628 
331 	 41.678688 	 283.323761 	 274.563080 	 2.365131 	 99457.898438 	 348.066956 
332 	 41.678688 	 283.323761 	 275.723572 	 3.214646 	 99658.296875 	 326.566254 
333 	 41.678688 	 283.323761 	 276.652496 	 1.053487 	 99432.773438 	 375.845001 
334 	 41.678688 	 283.323761 	 279.655365 	 1.358763 	 99332.453125 	 393.616333 
335 	 41.678688 	 283.323761 	 282.857269 	 1.649527 	 98905.859375 	 391.685547 
336 	 41.678688 	 283.323761 	 283.023346 	 2.783797 	 98499.468750 	 414.616577 
337 	 41.678688 	 283.323761 	 276.294189 	 2.804923 	 99020.320312 	 356.330566 
338 	 41.678688 	 283.323761 	 283.985229 	 2.802906 	 99197.640625 	 416.724915 
339 	 41.678688 	 283.323761 	 285.856598 	 3.033320 	 99407.093750 	 424.299133 
340 	 41.678688 	 283.323761 	 284.706207 	 4.579173 	 99243.078125 	 417.392151 
341 	 41.678688 	 283.323761 	 285.011353 	 3.838217 	 98326.218750 	 420.400970 
342 	 41.678688 	 283.323761 	 272.891693 	 2.716485 	 98301.203125 	 337.113892 
343 	 41.678688 	 283.323761 	 271.382660 	 2.611038 	 99122.960938 	 325.239624 
344 	 41.678688 	 283.323761 	 275.357391 	 2.656086 	 99480.789062 	 347.824402 
345 	 41.678688 	 283.323761 	 276.975220 	 2.366823 	 99479.890625 	 351.249878 
346 	 41.678688 	 283.323761 	 275.988617 	 2.019730 	 99881.046875 	 325.263336 
347 	 41.678688 	 283.323761 	 277.463593 	 2.815953 	 99929.570312 	 336.434784 
348 	 41.678688 	 283.323761 	 276.944519 	 4.402189 	 98916.078125 	 363.921265 
349 	 41.678688 	 283.323761 	 271.613373 	 3.845835 	 99288.257812 	 347.816162 
350 	 41.678688 	 283.323761 	 268.572357 	 2.696633 	 100321.601562 	 301.151276 
351 	 41.678688 	 283.323761 	 277.499237 	 5.330193 	 100116.500000 	 334.747070 
352 	 41.678688 	 283.323761 	 285.906219 	 5.763961 	 98711.843750 	 379.196716 
353 	 41.678688 	 283.323761 	 277.582825 	 1.425959 	 98689.593750 	 326.513977 
354 	 41.678688 	 283.323761 	 278.348511 	 4.519006 	 97565.718750 	 369.624512 
355 	 41.678688 	 283.323761 	 275.815521 	 4.496487 	 97354.312500 	 354.689423 
356 	 41.678688 	 283.323761 	 279.018494 	 5.322619 	 97438.796875 	 336.997559 
357 	 41.678688 	 283.323761 	 271.181976 	 2.446811 	 99119.367188 	 314.810425 
358 	 41.678688 	 283.323761 	 273.603180 	 3.446615 	 99930.070312 	 288.314209 
359 	 41.678688 	 283.323761 	 279.280853 	 2.355535 	 98913.593750 	 347.776245 
360 	 41.678688 	 283.323761 	 275.416992 	 2.382807 	 98365.273438 	 360.047943 
361 	 41.678688 	 283.323761 	 271.618744 	 3.381606 	 98556.273438 	 302.908478 
362 	 41.678688 	 283.323761 	 270.964478 	 3.646678 	 99144.093750 	 312.127136 
363 	 41.678688 	 283.323761 	 271.955872 	 1.932160 	 99843.078125 	 329.703369 
364 	 41.678688 	 283.323761 	 272.539795 	 3.661053 	 100338.296875 	 318.074829 
