# 0: Day of Year [-] 	 1: lat [deg] 	 2: lon [deg] 	 3: tas [K] 	 4: sfcWind [m s-1] 	 5: ps [Pa] 	 6: Total Downwelling Rad Flux [W m-2] 
0 	 41.678688 	 283.323761 	 280.655670 	 3.145578 	 96314.179688 	 381.473389 
1 	 41.678688 	 283.323761 	 275.333282 	 3.844054 	 97602.398438 	 331.164917 
2 	 41.678688 	 283.323761 	 274.589386 	 2.078067 	 98672.093750 	 332.293213 
3 	 41.678688 	 283.323761 	 273.913330 	 1.987515 	 99525.976562 	 339.847900 
4 	 41.678688 	 283.323761 	 279.534851 	 3.991753 	 99384.617188 	 322.956207 
5 	 41.678688 	 283.323761 	 286.076630 	 2.748026 	 98444.101562 	 411.632568 
6 	 41.678688 	 283.323761 	 287.991211 	 4.853805 	 98099.539062 	 392.150421 
7 	 41.678688 	 283.323761 	 282.013550 	 3.416658 	 96828.312500 	 366.557861 
8 	 41.678688 	 283.323761 	 275.560547 	 2.827642 	 98232.476562 	 368.350800 
9 	 41.678688 	 283.323761 	 270.400879 	 1.794177 	 99418.429688 	 345.610138 
10 	 41.678688 	 283.323761 	 273.337402 	 3.380946 	 98358.382812 	 329.815735 
11 	 41.678688 	 283.323761 	 270.491028 	 5.868878 	 96766.796875 	 350.695740 
12 	 41.678688 	 283.323761 	 269.873260 	 3.877524 	 97171.109375 	 319.903961 
13 	 41.678688 	 283.323761 	 269.286804 	 2.999602 	 98253.062500 	 327.923340 
14 	 41.678688 	 283.323761 	 270.038940 	 1.341918 	 98713.296875 	 341.764435 
15 	 41.678688 	 283.323761 	 276.550842 	 1.762578 	 98357.546875 	 384.001617 
16 	 41.678688 	 283.323761 	 274.238892 	 1.703006 	 98088.281250 	 304.892822 
17 	 41.678688 	 283.323761 	 273.477051 	 1.931625 	 98297.210938 	 358.238831 
18 	 41.678688 	 283.323761 	 273.562164 	 1.684012 	 98314.242188 	 364.851013 
19 	 41.678688 	 283.323761 	 272.334747 	 1.768682 	 97979.117188 	 333.168671 
20 	 41.678688 	 283.323761 	 271.393280 	 3.560181 	 97876.882812 	 360.309906 
21 	 41.678688 	 283.323761 	 268.739349 	 3.217714 	 98312.132812 	 362.097443 
22 	 41.678688 	 283.323761 	 267.775909 	 1.500819 	 98808.687500 	 329.914001 
23 	 41.678688 	 283.323761 	 269.319397 	 2.259075 	 98131.773438 	 335.313019 
24 	 41.678688 	 283.323761 	 269.324829 	 3.325483 	 96834.507812 	 292.829803 
25 	 41.678688 	 283.323761 	 267.678619 	 4.542104 	 96893.398438 	 329.475342 
26 	 41.678688 	 283.323761 	 265.736938 	 1.831125 	 97900.640625 	 285.606384 
27 	 41.678688 	 283.323761 	 265.247437 	 2.892231 	 98563.476562 	 326.097961 
28 	 41.678688 	 283.323761 	 268.437134 	 3.049292 	 98952.843750 	 347.700928 
29 	 41.678688 	 283.323761 	 273.555511 	 4.264938 	 98371.023438 	 358.133789 
30 	 41.678688 	 283.323761 	 266.758118 	 2.658202 	 99611.476562 	 343.559326 
31 	 41.678688 	 283.323761 	 273.796143 	 4.260229 	 97816.460938 	 342.259094 
32 	 41.678688 	 283.323761 	 263.098328 	 3.906005 	 98368.960938 	 346.273499 
33 	 41.678688 	 283.323761 	 263.970947 	 1.504676 	 99749.343750 	 332.582092 
34 	 41.678688 	 283.323761 	 274.715973 	 5.618675 	 99371.390625 	 350.720245 
35 	 41.678688 	 283.323761 	 281.538086 	 3.585047 	 96501.992188 	 422.874847 
36 	 41.678688 	 283.323761 	 269.225922 	 4.677430 	 97850.656250 	 396.683075 
37 	 41.678688 	 283.323761 	 268.310486 	 1.871809 	 100108.601562 	 328.533813 
38 	 41.678688 	 283.323761 	 272.210083 	 1.447519 	 100022.898438 	 387.513794 
39 	 41.678688 	 283.323761 	 273.977844 	 1.199416 	 99292.351562 	 385.921204 
40 	 41.678688 	 283.323761 	 272.794586 	 1.804918 	 98604.992188 	 381.039734 
41 	 41.678688 	 283.323761 	 271.703217 	 1.111942 	 97946.781250 	 378.918854 
42 	 41.678688 	 283.323761 	 273.704681 	 3.060448 	 96849.351562 	 349.385254 
43 	 41.678688 	 283.323761 	 272.759308 	 3.117374 	 97133.687500 	 376.323120 
44 	 41.678688 	 283.323761 	 272.378937 	 2.858070 	 98153.453125 	 390.050049 
45 	 41.678688 	 283.323761 	 272.406525 	 1.686013 	 99006.726562 	 387.079407 
46 	 41.678688 	 283.323761 	 276.357574 	 2.074411 	 99058.796875 	 356.355896 
47 	 41.678688 	 283.323761 	 274.803131 	 3.994147 	 97953.632812 	 335.141876 
48 	 41.678688 	 283.323761 	 263.529694 	 5.076696 	 98202.523438 	 378.708740 
49 	 41.678688 	 283.323761 	 266.812347 	 3.131583 	 98654.523438 	 351.571289 
50 	 41.678688 	 283.323761 	 275.419434 	 3.049923 	 98309.992188 	 396.412720 
51 	 41.678688 	 283.323761 	 278.488159 	 1.886551 	 98324.156250 	 419.375671 
52 	 41.678688 	 283.323761 	 276.715271 	 2.503749 	 99167.976562 	 403.027893 
53 	 41.678688 	 283.323761 	 276.701172 	 3.827436 	 99654.578125 	 388.315796 
54 	 41.678688 	 283.323761 	 277.475922 	 2.433287 	 99565.703125 	 432.522858 
55 	 41.678688 	 283.323761 	 279.482544 	 2.924440 	 99128.906250 	 379.763214 
56 	 41.678688 	 283.323761 	 275.275421 	 2.529102 	 98843.656250 	 399.588928 
57 	 41.678688 	 283.323761 	 272.804169 	 2.827355 	 98965.257812 	 453.241821 
58 	 41.678688 	 283.323761 	 271.538086 	 3.194627 	 99290.218750 	 415.697083 
59 	 41.678688 	 283.323761 	 273.728180 	 2.387803 	 99562.382812 	 418.740723 
60 	 41.678688 	 283.323761 	 276.344269 	 0.968000 	 99617.367188 	 438.181824 
61 	 41.678688 	 283.323761 	 279.905365 	 2.914864 	 99271.242188 	 449.181885 
62 	 41.678688 	 283.323761 	 283.716339 	 3.871083 	 98695.570312 	 370.041412 
63 	 41.678688 	 283.323761 	 281.334961 	 1.375647 	 99048.398438 	 448.911987 
64 	 41.678688 	 283.323761 	 282.185364 	 1.919796 	 99031.773438 	 436.250977 
65 	 41.678688 	 283.323761 	 283.875061 	 5.245515 	 97647.500000 	 415.644714 
66 	 41.678688 	 283.323761 	 274.242767 	 2.631851 	 98773.343750 	 464.194763 
67 	 41.678688 	 283.323761 	 275.753601 	 2.709966 	 99192.679688 	 408.299866 
68 	 41.678688 	 283.323761 	 273.869049 	 1.827950 	 98927.976562 	 375.634521 
69 	 41.678688 	 283.323761 	 271.972473 	 1.826654 	 97988.882812 	 349.536835 
70 	 41.678688 	 283.323761 	 271.129761 	 3.650960 	 97290.609375 	 453.534912 
71 	 41.678688 	 283.323761 	 270.201813 	 1.991648 	 97636.039062 	 455.160095 
72 	 41.678688 	 283.323761 	 276.546173 	 3.055717 	 97939.742188 	 474.457031 
73 	 41.678688 	 283.323761 	 279.079102 	 3.288792 	 98051.937500 	 395.224792 
74 	 41.678688 	 283.323761 	 275.531189 	 5.084194 	 96837.929688 	 362.632324 
75 	 41.678688 	 283.323761 	 273.166290 	 5.890345 	 96157.718750 	 497.899200 
76 	 41.678688 	 283.323761 	 274.847290 	 1.492333 	 97652.062500 	 415.233459 
77 	 41.678688 	 283.323761 	 274.825623 	 2.512756 	 97697.062500 	 434.462646 
78 	 41.678688 	 283.323761 	 272.128876 	 2.621456 	 97879.007812 	 462.882080 
79 	 41.678688 	 283.323761 	 278.905457 	 3.892112 	 97101.593750 	 422.613586 
80 	 41.678688 	 283.323761 	 278.547882 	 2.406010 	 96862.460938 	 437.250366 
81 	 41.678688 	 283.323761 	 274.048737 	 4.731345 	 96426.390625 	 456.845154 
82 	 41.678688 	 283.323761 	 275.033966 	 4.028625 	 97344.960938 	 477.820312 
83 	 41.678688 	 283.323761 	 280.888580 	 2.974122 	 97947.148438 	 461.504822 
84 	 41.678688 	 283.323761 	 277.270508 	 1.444227 	 98785.953125 	 491.685303 
85 	 41.678688 	 283.323761 	 275.147491 	 2.096965 	 99313.078125 	 460.992676 
86 	 41.678688 	 283.323761 	 278.687164 	 2.341798 	 98852.742188 	 390.167786 
87 	 41.678688 	 283.323761 	 283.734955 	 2.096364 	 97721.968750 	 546.744385 
88 	 41.678688 	 283.323761 	 279.810394 	 1.965943 	 98575.593750 	 504.120789 
89 	 41.678688 	 283.323761 	 281.425262 	 3.598714 	 98977.320312 	 455.860504 
90 	 41.678688 	 283.323761 	 282.382477 	 5.619495 	 98757.187500 	 453.396942 
91 	 41.678688 	 283.323761 	 282.634460 	 6.945440 	 98500.117188 	 435.342590 
92 	 41.678688 	 283.323761 	 282.182678 	 4.875525 	 99172.921875 	 541.500183 
93 	 41.678688 	 283.323761 	 281.227997 	 3.169189 	 99847.632812 	 486.274414 
94 	 41.678688 	 283.323761 	 281.189056 	 2.133024 	 99735.726562 	 531.629150 
95 	 41.678688 	 283.323761 	 280.540527 	 1.040578 	 99466.523438 	 524.932617 
96 	 41.678688 	 283.323761 	 282.831482 	 1.893382 	 98827.726562 	 567.907104 
97 	 41.678688 	 283.323761 	 278.907776 	 3.808188 	 98941.687500 	 533.726929 
98 	 41.678688 	 283.323761 	 276.996765 	 2.215659 	 99213.882812 	 525.357117 
99 	 41.678688 	 283.323761 	 284.387817 	 3.024502 	 98657.882812 	 558.473511 
100 	 41.678688 	 283.323761 	 287.068085 	 2.781475 	 98328.203125 	 532.736572 
101 	 41.678688 	 283.323761 	 289.056671 	 4.362560 	 97357.750000 	 577.427979 
102 	 41.678688 	 283.323761 	 282.519196 	 3.850132 	 98509.453125 	 594.742432 
103 	 41.678688 	 283.323761 	 280.366180 	 2.554553 	 99507.921875 	 531.642456 
104 	 41.678688 	 283.323761 	 289.976807 	 5.944744 	 98275.476562 	 591.149292 
105 	 41.678688 	 283.323761 	 296.367554 	 5.623538 	 97339.492188 	 515.045349 
106 	 41.678688 	 283.323761 	 287.029297 	 2.418271 	 97352.367188 	 391.439362 
107 	 41.678688 	 283.323761 	 282.027832 	 3.217921 	 97281.398438 	 535.977173 
108 	 41.678688 	 283.323761 	 279.700989 	 2.256672 	 98117.968750 	 517.620789 
109 	 41.678688 	 283.323761 	 279.713409 	 2.542146 	 97950.453125 	 367.045807 
110 	 41.678688 	 283.323761 	 276.398804 	 6.125159 	 97460.937500 	 379.881165 
111 	 41.678688 	 283.323761 	 281.449768 	 6.020508 	 98716.390625 	 597.777100 
112 	 41.678688 	 283.323761 	 285.553223 	 3.093286 	 98877.140625 	 584.959229 
113 	 41.678688 	 283.323761 	 285.775818 	 2.330104 	 98139.390625 	 444.907654 
114 	 41.678688 	 283.323761 	 280.978333 	 2.743703 	 98383.546875 	 583.795593 
115 	 41.678688 	 283.323761 	 279.686920 	 2.703297 	 98937.960938 	 573.167908 
116 	 41.678688 	 283.323761 	 283.790741 	 1.259706 	 99307.703125 	 594.106689 
117 	 41.678688 	 283.323761 	 288.232300 	 2.140542 	 99321.187500 	 610.262939 
118 	 41.678688 	 283.323761 	 293.398315 	 3.774631 	 98423.703125 	 648.146545 
119 	 41.678688 	 283.323761 	 291.727509 	 1.986104 	 98612.367188 	 545.240845 
120 	 41.678688 	 283.323761 	 292.108093 	 3.537481 	 97930.000000 	 520.317993 
121 	 41.678688 	 283.323761 	 288.060150 	 2.678095 	 98449.546875 	 601.116699 
122 	 41.678688 	 283.323761 	 285.052734 	 3.473288 	 98814.609375 	 615.594238 
123 	 41.678688 	 283.323761 	 284.461792 	 1.964108 	 99493.476562 	 565.639404 
124 	 41.678688 	 283.323761 	 295.609558 	 4.582839 	 98285.789062 	 670.104126 
125 	 41.678688 	 283.323761 	 294.016998 	 5.078425 	 97221.046875 	 558.286682 
126 	 41.678688 	 283.323761 	 286.550659 	 3.551730 	 98459.453125 	 593.098267 
127 	 41.678688 	 283.323761 	 283.871796 	 1.837930 	 99346.828125 	 412.609314 
128 	 41.678688 	 283.323761 	 293.946136 	 3.627449 	 98581.843750 	 668.093994 
129 	 41.678688 	 283.323761 	 297.430573 	 4.470173 	 97916.632812 	 674.899414 
130 	 41.678688 	 283.323761 	 289.283630 	 3.177176 	 98437.617188 	 527.607666 
131 	 41.678688 	 283.323761 	 282.286438 	 3.769581 	 99223.312500 	 421.770691 
132 	 41.678688 	 283.323761 	 282.496796 	 2.805502 	 99419.117188 	 607.585205 
133 	 41.678688 	 283.323761 	 284.565857 	 1.022454 	 98995.023438 	 627.589966 
134 	 41.678688 	 283.323761 	 286.938873 	 2.870025 	 98041.132812 	 576.303223 
135 	 41.678688 	 283.323761 	 285.567017 	 1.647606 	 98383.257812 	 626.999268 
136 	 41.678688 	 283.323761 	 288.691010 	 1.222922 	 98354.906250 	 649.779663 
137 	 41.678688 	 283.323761 	 295.321411 	 2.256271 	 98512.648438 	 691.825684 
138 	 41.678688 	 283.323761 	 293.983154 	 1.272692 	 99203.000000 	 679.100098 
139 	 41.678688 	 283.323761 	 296.204376 	 1.563397 	 99047.570312 	 653.452942 
140 	 41.678688 	 283.323761 	 296.420929 	 1.986933 	 98828.687500 	 678.663696 
141 	 41.678688 	 283.323761 	 294.921906 	 2.552945 	 98742.773438 	 651.906616 
142 	 41.678688 	 283.323761 	 296.275238 	 2.830148 	 98727.578125 	 666.973877 
143 	 41.678688 	 283.323761 	 295.957764 	 2.836779 	 98603.882812 	 660.532471 
144 	 41.678688 	 283.323761 	 295.457458 	 2.577230 	 98441.523438 	 629.379456 
145 	 41.678688 	 283.323761 	 292.053680 	 2.352051 	 99224.078125 	 677.569885 
146 	 41.678688 	 283.323761 	 292.635559 	 3.430396 	 99536.703125 	 674.534546 
147 	 41.678688 	 283.323761 	 294.785553 	 4.035300 	 99183.351562 	 635.823730 
148 	 41.678688 	 283.323761 	 296.933441 	 2.721986 	 98568.500000 	 707.118042 
149 	 41.678688 	 283.323761 	 297.948456 	 3.228913 	 98177.476562 	 670.936584 
150 	 41.678688 	 283.323761 	 293.867126 	 4.444780 	 98503.382812 	 696.779419 
151 	 41.678688 	 283.323761 	 291.221558 	 1.816886 	 99498.226562 	 667.217346 
152 	 41.678688 	 283.323761 	 293.502991 	 4.116306 	 99296.976562 	 669.823486 
153 	 41.678688 	 283.323761 	 297.011383 	 4.704035 	 98292.656250 	 661.128235 
154 	 41.678688 	 283.323761 	 295.622620 	 3.853031 	 98306.390625 	 639.677795 
155 	 41.678688 	 283.323761 	 292.225281 	 2.390351 	 99124.281250 	 682.782593 
156 	 41.678688 	 283.323761 	 292.054443 	 3.618025 	 99030.382812 	 681.327454 
157 	 41.678688 	 283.323761 	 294.270966 	 5.819486 	 98289.406250 	 569.979004 
158 	 41.678688 	 283.323761 	 294.091248 	 3.142535 	 97647.453125 	 663.155640 
159 	 41.678688 	 283.323761 	 292.855377 	 3.705789 	 97674.320312 	 684.425171 
160 	 41.678688 	 283.323761 	 294.913818 	 1.796270 	 97613.242188 	 710.340210 
161 	 41.678688 	 283.323761 	 296.086670 	 3.819856 	 96779.640625 	 631.160645 
162 	 41.678688 	 283.323761 	 294.611877 	 3.974990 	 96758.882812 	 667.552673 
163 	 41.678688 	 283.323761 	 290.325165 	 5.010983 	 97099.328125 	 557.031677 
164 	 41.678688 	 283.323761 	 286.219147 	 5.710187 	 98114.101562 	 657.523682 
165 	 41.678688 	 283.323761 	 289.403778 	 3.987488 	 98469.546875 	 672.270142 
166 	 41.678688 	 283.323761 	 295.230713 	 3.565161 	 98390.156250 	 674.378784 
167 	 41.678688 	 283.323761 	 299.675720 	 3.329057 	 98075.039062 	 733.768555 
168 	 41.678688 	 283.323761 	 297.224640 	 2.212423 	 98505.812500 	 704.016235 
169 	 41.678688 	 283.323761 	 302.532227 	 3.804022 	 98140.093750 	 753.019592 
170 	 41.678688 	 283.323761 	 297.489899 	 2.091343 	 98366.921875 	 713.267334 
171 	 41.678688 	 283.323761 	 297.053192 	 1.737907 	 98650.453125 	 720.409424 
172 	 41.678688 	 283.323761 	 297.227600 	 2.298652 	 98742.976562 	 657.439880 
173 	 41.678688 	 283.323761 	 295.499054 	 4.562943 	 98832.117188 	 611.244873 
174 	 41.678688 	 283.323761 	 301.427216 	 3.124540 	 98481.679688 	 748.971680 
175 	 41.678688 	 283.323761 	 299.740265 	 2.898753 	 98279.453125 	 666.424927 
176 	 41.678688 	 283.323761 	 298.761688 	 1.792244 	 98419.890625 	 687.056458 
177 	 41.678688 	 283.323761 	 299.030334 	 2.422338 	 98561.148438 	 742.765137 
178 	 41.678688 	 283.323761 	 298.950958 	 1.271990 	 98524.492188 	 722.111938 
179 	 41.678688 	 283.323761 	 302.364868 	 1.216192 	 98280.281250 	 743.358276 
180 	 41.678688 	 283.323761 	 301.032959 	 1.964851 	 98438.070312 	 738.008484 
181 	 41.678688 	 283.323761 	 303.925446 	 3.540963 	 98266.476562 	 742.614685 
182 	 41.678688 	 283.323761 	 303.407959 	 2.698849 	 98511.046875 	 763.548401 
183 	 41.678688 	 283.323761 	 299.607819 	 2.657989 	 99167.250000 	 733.149048 
184 	 41.678688 	 283.323761 	 298.364868 	 1.206900 	 99306.648438 	 722.864136 
185 	 41.678688 	 283.323761 	 302.422302 	 2.760258 	 98685.867188 	 733.101318 
186 	 41.678688 	 283.323761 	 302.154144 	 3.855124 	 98298.640625 	 715.083740 
187 	 41.678688 	 283.323761 	 300.809814 	 1.182510 	 98558.796875 	 741.510559 
188 	 41.678688 	 283.323761 	 303.006958 	 2.868562 	 98342.578125 	 741.132812 
189 	 41.678688 	 283.323761 	 303.001953 	 2.349367 	 98451.351562 	 729.627441 
190 	 41.678688 	 283.323761 	 299.960815 	 2.538969 	 98565.570312 	 648.092224 
191 	 41.678688 	 283.323761 	 298.511139 	 3.650760 	 98338.382812 	 627.550354 
192 	 41.678688 	 283.323761 	 293.355713 	 3.072185 	 99147.859375 	 700.150757 
193 	 41.678688 	 283.323761 	 294.820801 	 1.673975 	 99361.140625 	 693.487305 
194 	 41.678688 	 283.323761 	 299.264435 	 2.286496 	 98817.117188 	 725.182312 
195 	 41.678688 	 283.323761 	 299.304504 	 1.498386 	 98682.468750 	 717.319824 
196 	 41.678688 	 283.323761 	 302.789886 	 3.624053 	 98579.093750 	 737.019043 
197 	 41.678688 	 283.323761 	 303.383362 	 2.447527 	 98550.953125 	 749.689819 
198 	 41.678688 	 283.323761 	 301.213593 	 1.231128 	 99036.476562 	 741.552368 
199 	 41.678688 	 283.323761 	 301.683319 	 2.989245 	 98771.687500 	 702.401672 
200 	 41.678688 	 283.323761 	 302.962860 	 2.342623 	 98538.406250 	 746.895691 
201 	 41.678688 	 283.323761 	 300.228363 	 1.134225 	 98758.679688 	 702.194763 
202 	 41.678688 	 283.323761 	 298.981110 	 1.193149 	 98474.976562 	 654.125854 
203 	 41.678688 	 283.323761 	 298.405304 	 2.868779 	 98146.468750 	 715.456482 
204 	 41.678688 	 283.323761 	 297.774445 	 2.057630 	 98510.250000 	 700.255615 
205 	 41.678688 	 283.323761 	 296.710785 	 1.073318 	 98787.546875 	 696.097534 
206 	 41.678688 	 283.323761 	 298.763763 	 2.272643 	 98840.468750 	 671.661621 
207 	 41.678688 	 283.323761 	 299.036163 	 1.908721 	 98800.953125 	 635.433044 
208 	 41.678688 	 283.323761 	 299.989685 	 1.045277 	 98733.539062 	 649.415039 
209 	 41.678688 	 283.323761 	 299.315643 	 1.186526 	 98689.992188 	 712.533447 
210 	 41.678688 	 283.323761 	 300.262604 	 1.998165 	 98335.929688 	 709.572754 
211 	 41.678688 	 283.323761 	 302.226440 	 3.322398 	 97774.296875 	 695.771729 
212 	 41.678688 	 283.323761 	 300.479248 	 3.711789 	 97696.656250 	 719.005432 
213 	 41.678688 	 283.323761 	 296.718750 	 2.835189 	 97833.453125 	 621.295959 
214 	 41.678688 	 283.323761 	 298.053314 	 2.087527 	 97663.460938 	 687.678467 
215 	 41.678688 	 283.323761 	 298.708984 	 1.524272 	 98185.789062 	 674.940735 
216 	 41.678688 	 283.323761 	 299.225403 	 2.749472 	 98041.367188 	 561.496643 
217 	 41.678688 	 283.323761 	 296.771881 	 3.160372 	 97613.828125 	 651.302490 
218 	 41.678688 	 283.323761 	 293.934570 	 1.119334 	 98541.312500 	 660.261536 
219 	 41.678688 	 283.323761 	 296.405945 	 0.979862 	 98916.382812 	 679.759827 
220 	 41.678688 	 283.323761 	 298.827545 	 1.847545 	 99060.132812 	 613.955933 
221 	 41.678688 	 283.323761 	 296.854370 	 1.671383 	 99092.757812 	 693.740234 
222 	 41.678688 	 283.323761 	 298.890930 	 0.869496 	 98895.476562 	 693.117126 
223 	 41.678688 	 283.323761 	 301.426758 	 1.853133 	 98496.953125 	 694.720398 
224 	 41.678688 	 283.323761 	 303.513000 	 2.402854 	 98052.437500 	 707.077637 
225 	 41.678688 	 283.323761 	 303.507965 	 3.068224 	 97748.820312 	 690.038879 
226 	 41.678688 	 283.323761 	 296.867004 	 3.999396 	 98082.593750 	 662.638184 
227 	 41.678688 	 283.323761 	 298.022705 	 2.077561 	 98419.882812 	 681.294006 
228 	 41.678688 	 283.323761 	 298.113892 	 1.770621 	 98717.070312 	 667.861633 
229 	 41.678688 	 283.323761 	 297.191956 	 2.510745 	 99194.023438 	 656.713013 
230 	 41.678688 	 283.323761 	 296.360321 	 0.808738 	 99435.648438 	 655.440918 
231 	 41.678688 	 283.323761 	 299.095459 	 1.770513 	 99286.093750 	 668.925659 
232 	 41.678688 	 283.323761 	 299.214172 	 1.744279 	 99070.406250 	 667.201965 
233 	 41.678688 	 283.323761 	 300.095917 	 1.270673 	 98829.359375 	 682.562683 
234 	 41.678688 	 283.323761 	 299.671753 	 1.491188 	 98620.617188 	 679.296265 
235 	 41.678688 	 283.323761 	 301.413574 	 3.029257 	 98437.609375 	 669.168823 
236 	 41.678688 	 283.323761 	 300.008179 	 2.012265 	 98291.671875 	 618.917847 
237 	 41.678688 	 283.323761 	 296.000610 	 1.815035 	 98872.367188 	 647.003296 
238 	 41.678688 	 283.323761 	 299.185394 	 2.677276 	 98974.679688 	 650.607666 
239 	 41.678688 	 283.323761 	 300.846436 	 1.835949 	 98834.257812 	 658.206299 
240 	 41.678688 	 283.323761 	 297.251923 	 1.455606 	 98828.328125 	 651.888184 
241 	 41.678688 	 283.323761 	 300.180359 	 1.497220 	 98802.843750 	 668.676147 
242 	 41.678688 	 283.323761 	 301.350555 	 0.997100 	 99067.390625 	 674.104065 
243 	 41.678688 	 283.323761 	 300.550446 	 1.234546 	 99136.476562 	 659.854492 
244 	 41.678688 	 283.323761 	 298.760468 	 1.035250 	 99207.796875 	 631.602051 
245 	 41.678688 	 283.323761 	 300.174103 	 2.244813 	 99003.679688 	 604.849121 
246 	 41.678688 	 283.323761 	 298.775482 	 2.524995 	 98427.828125 	 531.010864 
247 	 41.678688 	 283.323761 	 291.546722 	 2.015842 	 98386.453125 	 573.828857 
248 	 41.678688 	 283.323761 	 288.986603 	 2.316237 	 98877.171875 	 571.003174 
249 	 41.678688 	 283.323761 	 287.465942 	 0.968718 	 99522.546875 	 557.863892 
250 	 41.678688 	 283.323761 	 290.043304 	 2.749279 	 99908.609375 	 551.499451 
251 	 41.678688 	 283.323761 	 294.677368 	 3.788283 	 99616.843750 	 605.261475 
252 	 41.678688 	 283.323761 	 299.413361 	 2.479460 	 98778.882812 	 618.835144 
253 	 41.678688 	 283.323761 	 297.394073 	 1.844770 	 98922.203125 	 626.706421 
254 	 41.678688 	 283.323761 	 294.252655 	 1.479116 	 98921.070312 	 575.339905 
255 	 41.678688 	 283.323761 	 288.970825 	 1.933078 	 98838.898438 	 445.783691 
256 	 41.678688 	 283.323761 	 289.530304 	 1.607507 	 99031.539062 	 561.642456 
257 	 41.678688 	 283.323761 	 295.812958 	 3.241197 	 98342.890625 	 602.163696 
258 	 41.678688 	 283.323761 	 299.349396 	 3.408307 	 97328.328125 	 559.268982 
259 	 41.678688 	 283.323761 	 287.832794 	 3.175672 	 97875.289062 	 518.195801 
260 	 41.678688 	 283.323761 	 284.140076 	 1.724211 	 98518.718750 	 444.637329 
261 	 41.678688 	 283.323761 	 283.722107 	 2.559484 	 98687.476562 	 475.404358 
262 	 41.678688 	 283.323761 	 284.325287 	 3.028852 	 98878.960938 	 460.200165 
263 	 41.678688 	 283.323761 	 283.975525 	 1.721100 	 99348.273438 	 512.783936 
264 	 41.678688 	 283.323761 	 282.283630 	 1.147032 	 99349.929688 	 519.379639 
265 	 41.678688 	 283.323761 	 283.022369 	 0.991525 	 99030.117188 	 496.176025 
266 	 41.678688 	 283.323761 	 285.497681 	 2.399470 	 98908.843750 	 416.788940 
267 	 41.678688 	 283.323761 	 287.116364 	 2.239071 	 98498.671875 	 492.504211 
268 	 41.678688 	 283.323761 	 286.227997 	 1.350757 	 98648.656250 	 421.171021 
269 	 41.678688 	 283.323761 	 285.266327 	 2.603815 	 98187.218750 	 479.722900 
270 	 41.678688 	 283.323761 	 286.177429 	 4.178844 	 97225.023438 	 419.134399 
271 	 41.678688 	 283.323761 	 286.825989 	 2.975061 	 97297.007812 	 408.412903 
272 	 41.678688 	 283.323761 	 286.252777 	 2.067943 	 97936.953125 	 528.532288 
273 	 41.678688 	 283.323761 	 285.509186 	 2.113194 	 98542.976562 	 520.198486 
274 	 41.678688 	 283.323761 	 279.842499 	 1.562722 	 99550.398438 	 470.408447 
275 	 41.678688 	 283.323761 	 279.689392 	 1.109074 	 100086.000000 	 477.360840 
276 	 41.678688 	 283.323761 	 285.856384 	 2.951317 	 99786.992188 	 501.983521 
277 	 41.678688 	 283.323761 	 290.600311 	 3.454376 	 99037.476562 	 511.402893 
278 	 41.678688 	 283.323761 	 283.099365 	 3.579910 	 99045.406250 	 487.006287 
279 	 41.678688 	 283.323761 	 280.818054 	 1.915320 	 99631.476562 	 508.906921 
280 	 41.678688 	 283.323761 	 283.422821 	 3.330443 	 99465.203125 	 444.166229 
281 	 41.678688 	 283.323761 	 287.558136 	 5.276271 	 98268.906250 	 472.044220 
282 	 41.678688 	 283.323761 	 283.509338 	 3.216478 	 98295.132812 	 507.983124 
283 	 41.678688 	 283.323761 	 285.151398 	 3.483913 	 98053.687500 	 438.807312 
284 	 41.678688 	 283.323761 	 283.987488 	 2.592254 	 98718.093750 	 480.585449 
285 	 41.678688 	 283.323761 	 283.505798 	 3.276050 	 98711.906250 	 483.753235 
286 	 41.678688 	 283.323761 	 286.570862 	 1.817748 	 98224.398438 	 470.665344 
287 	 41.678688 	 283.323761 	 285.796997 	 2.610396 	 98116.382812 	 424.697083 
288 	 41.678688 	 283.323761 	 286.352203 	 3.561414 	 97824.070312 	 478.167664 
289 	 41.678688 	 283.323761 	 282.857697 	 3.493357 	 98518.843750 	 421.718109 
290 	 41.678688 	 283.323761 	 281.885864 	 2.590767 	 99136.687500 	 380.360474 
291 	 41.678688 	 283.323761 	 281.765503 	 2.963588 	 98932.039062 	 436.420929 
292 	 41.678688 	 283.323761 	 277.979187 	 1.794718 	 100043.703125 	 437.615295 
293 	 41.678688 	 283.323761 	 282.217468 	 3.891854 	 100149.601562 	 419.321533 
294 	 41.678688 	 283.323761 	 288.812653 	 4.315041 	 99544.132812 	 458.229401 
295 	 41.678688 	 283.323761 	 290.454712 	 3.755505 	 98814.656250 	 411.855652 
296 	 41.678688 	 283.323761 	 282.802643 	 3.622542 	 99341.007812 	 421.828094 
297 	 41.678688 	 283.323761 	 280.427338 	 1.578133 	 99665.726562 	 454.173462 
298 	 41.678688 	 283.323761 	 284.369263 	 2.815263 	 99002.640625 	 437.645660 
299 	 41.678688 	 283.323761 	 285.600220 	 3.843633 	 98102.593750 	 476.542725 
300 	 41.678688 	 283.323761 	 280.622253 	 2.387715 	 98641.453125 	 423.271545 
301 	 41.678688 	 283.323761 	 280.616608 	 0.911529 	 98969.632812 	 449.878723 
302 	 41.678688 	 283.323761 	 279.164001 	 1.055555 	 99661.539062 	 380.692688 
303 	 41.678688 	 283.323761 	 279.069336 	 2.329570 	 100268.000000 	 409.602478 
304 	 41.678688 	 283.323761 	 284.132660 	 4.352447 	 100217.296875 	 406.397064 
305 	 41.678688 	 283.323761 	 286.842041 	 2.892141 	 99787.148438 	 433.481506 
306 	 41.678688 	 283.323761 	 287.964417 	 4.438426 	 98963.023438 	 392.952271 
307 	 41.678688 	 283.323761 	 281.499146 	 1.762557 	 99352.312500 	 410.520081 
308 	 41.678688 	 283.323761 	 284.032562 	 2.210391 	 99041.968750 	 429.243896 
309 	 41.678688 	 283.323761 	 284.837616 	 1.995445 	 99391.179688 	 440.884216 
310 	 41.678688 	 283.323761 	 289.230347 	 3.605994 	 98891.382812 	 474.862305 
311 	 41.678688 	 283.323761 	 280.082184 	 4.480248 	 98702.218750 	 421.166565 
312 	 41.678688 	 283.323761 	 276.422394 	 2.632175 	 98871.273438 	 379.684570 
313 	 41.678688 	 283.323761 	 280.755829 	 3.206264 	 98266.312500 	 407.012360 
314 	 41.678688 	 283.323761 	 282.247070 	 3.011369 	 98235.421875 	 396.783356 
315 	 41.678688 	 283.323761 	 277.178864 	 2.220672 	 99484.976562 	 345.982544 
316 	 41.678688 	 283.323761 	 276.360382 	 2.499752 	 100038.601562 	 349.440277 
317 	 41.678688 	 283.323761 	 274.789459 	 1.917636 	 100083.796875 	 383.571594 
318 	 41.678688 	 283.323761 	 273.674774 	 0.752680 	 100023.898438 	 367.944336 
319 	 41.678688 	 283.323761 	 277.208893 	 2.398434 	 99715.500000 	 376.312286 
320 	 41.678688 	 283.323761 	 278.780914 	 3.630650 	 99372.390625 	 351.636169 
321 	 41.678688 	 283.323761 	 284.672272 	 3.893128 	 99220.710938 	 408.153442 
322 	 41.678688 	 283.323761 	 287.597168 	 3.606530 	 98145.937500 	 394.218384 
323 	 41.678688 	 283.323761 	 277.853790 	 5.509139 	 96187.500000 	 356.453888 
324 	 41.678688 	 283.323761 	 275.397003 	 3.582243 	 98196.500000 	 359.768494 
325 	 41.678688 	 283.323761 	 276.677185 	 4.105503 	 98098.312500 	 315.411041 
326 	 41.678688 	 283.323761 	 273.432159 	 2.764556 	 98171.289062 	 340.014008 
327 	 41.678688 	 283.323761 	 274.080902 	 3.706901 	 98341.640625 	 353.511292 
328 	 41.678688 	 283.323761 	 274.290253 	 1.992115 	 99294.718750 	 330.134857 
329 	 41.678688 	 283.323761 	 276.645996 	 3.811865 	 99866.250000 	 372.057373 
330 	 41.678688 	 283.323761 	 285.223022 	 6.086704 	 98702.148438 	 395.663269 
331 	 41.678688 	 283.323761 	 282.014954 	 5.602807 	 97348.156250 	 399.124512 
332 	 41.678688 	 283.323761 	 271.901764 	 2.516070 	 99179.203125 	 331.341064 
333 	 41.678688 	 283.323761 	 272.574493 	 2.342600 	 100425.398438 	 315.395508 
334 	 41.678688 	 283.323761 	 283.164734 	 4.969527 	 99276.367188 	 371.026581 
335 	 41.678688 	 283.323761 	 275.621643 	 4.710370 	 98331.453125 	 326.344177 
336 	 41.678688 	 283.323761 	 271.010162 	 2.790402 	 99584.343750 	 326.736359 
337 	 41.678688 	 283.323761 	 268.785095 	 1.615128 	 99922.929688 	 306.870605 
338 	 41.678688 	 283.323761 	 268.174957 	 0.636259 	 99931.148438 	 315.533203 
339 	 41.678688 	 283.323761 	 275.058777 	 3.719719 	 99193.789062 	 305.035797 
340 	 41.678688 	 283.323761 	 277.599365 	 4.379115 	 96904.546875 	 371.428101 
341 	 41.678688 	 283.323761 	 272.600220 	 4.616385 	 97049.359375 	 294.105469 
342 	 41.678688 	 283.323761 	 272.005707 	 4.174472 	 98524.218750 	 328.310760 
343 	 41.678688 	 283.323761 	 273.045135 	 2.725478 	 99341.937500 	 335.031006 
344 	 41.678688 	 283.323761 	 273.365723 	 2.283474 	 99698.703125 	 321.091064 
345 	 41.678688 	 283.323761 	 271.593933 	 1.972896 	 100162.703125 	 334.199402 
346 	 41.678688 	 283.323761 	 274.993286 	 0.951752 	 98950.960938 	 351.581879 
347 	 41.678688 	 283.323761 	 272.637726 	 4.594074 	 97068.890625 	 321.422760 
348 	 41.678688 	 283.323761 	 266.095734 	 4.416110 	 98518.343750 	 276.315308 
349 	 41.678688 	 283.323761 	 266.558655 	 1.927864 	 100541.203125 	 289.406158 
350 	 41.678688 	 283.323761 	 270.953461 	 3.737687 	 100623.101562 	 312.057861 
351 	 41.678688 	 283.323761 	 279.263397 	 3.656796 	 99663.773438 	 368.164581 
352 	 41.678688 	 283.323761 	 283.024811 	 3.389731 	 96575.546875 	 367.201111 
353 	 41.678688 	 283.323761 	 275.469879 	 4.117382 	 95644.882812 	 343.901459 
354 	 41.678688 	 283.323761 	 276.488373 	 3.448894 	 97037.656250 	 368.348694 
355 	 41.678688 	 283.323761 	 272.647583 	 3.881743 	 97227.070312 	 359.359253 
356 	 41.678688 	 283.323761 	 270.502411 	 4.151114 	 97698.812500 	 332.379822 
357 	 41.678688 	 283.323761 	 269.778625 	 3.173663 	 98948.437500 	 317.080353 
358 	 41.678688 	 283.323761 	 269.067688 	 2.546905 	 99365.156250 	 318.316803 
359 	 41.678688 	 283.323761 	 269.497101 	 2.526134 	 99524.539062 	 319.928009 
360 	 41.678688 	 283.323761 	 276.976868 	 4.432544 	 98360.140625 	 338.505371 
361 	 41.678688 	 283.323761 	 272.323151 	 2.875043 	 98673.117188 	 316.748901 
362 	 41.678688 	 283.323761 	 269.295624 	 2.386012 	 99409.976562 	 306.337921 
363 	 41.678688 	 283.323761 	 267.880615 	 1.749617 	 99790.039062 	 277.925903 
364 	 41.678688 	 283.323761 	 270.424225 	 1.788818 	 99032.406250 	 341.251221 
