# 0: Day of Year [-] 	 1: lat [deg] 	 2: lon [deg] 	 3: tas [K] 	 4: sfcWind [m s-1] 	 5: ps [Pa] 	 6: Total Downwelling Rad Flux [W m-2] 
0 	 41.678688 	 283.323761 	 271.861267 	 1.684426 	 98957.632812 	 343.840485 
1 	 41.678688 	 283.323761 	 268.219360 	 3.441572 	 99711.476562 	 314.547577 
2 	 41.678688 	 283.323761 	 268.642334 	 0.752246 	 99563.453125 	 314.163879 
3 	 41.678688 	 283.323761 	 272.718994 	 2.747497 	 98918.929688 	 293.873474 
4 	 41.678688 	 283.323761 	 270.319916 	 2.918137 	 98454.296875 	 300.653351 
5 	 41.678688 	 283.323761 	 273.078644 	 2.589194 	 98568.906250 	 376.789764 
6 	 41.678688 	 283.323761 	 272.495117 	 2.106123 	 98974.890625 	 316.581696 
7 	 41.678688 	 283.323761 	 273.634979 	 1.815843 	 99125.648438 	 349.578644 
8 	 41.678688 	 283.323761 	 270.831390 	 2.531735 	 99357.593750 	 334.152222 
9 	 41.678688 	 283.323761 	 268.801758 	 4.103967 	 98198.281250 	 332.342834 
10 	 41.678688 	 283.323761 	 263.980072 	 3.115304 	 98952.289062 	 299.552551 
11 	 41.678688 	 283.323761 	 263.531036 	 1.147379 	 99633.976562 	 307.269592 
12 	 41.678688 	 283.323761 	 269.129333 	 1.259991 	 99207.203125 	 347.501129 
13 	 41.678688 	 283.323761 	 266.996918 	 1.308718 	 98344.343750 	 302.139069 
14 	 41.678688 	 283.323761 	 267.498810 	 1.521870 	 97310.726562 	 310.987000 
15 	 41.678688 	 283.323761 	 270.058136 	 2.304852 	 97202.953125 	 314.329742 
16 	 41.678688 	 283.323761 	 266.221313 	 2.758319 	 98579.898438 	 321.750305 
17 	 41.678688 	 283.323761 	 267.520447 	 2.695364 	 98607.789062 	 307.889496 
18 	 41.678688 	 283.323761 	 274.804016 	 3.643064 	 97814.406250 	 349.304474 
19 	 41.678688 	 283.323761 	 271.892242 	 2.313034 	 97834.203125 	 346.942780 
20 	 41.678688 	 283.323761 	 270.363678 	 2.280867 	 99021.281250 	 360.795929 
21 	 41.678688 	 283.323761 	 276.892517 	 3.022392 	 98910.976562 	 368.097870 
22 	 41.678688 	 283.323761 	 281.036499 	 2.476320 	 98732.007812 	 390.409851 
23 	 41.678688 	 283.323761 	 279.219360 	 2.401039 	 98733.531250 	 354.192474 
24 	 41.678688 	 283.323761 	 285.691528 	 3.755219 	 98185.640625 	 382.234039 
25 	 41.678688 	 283.323761 	 281.603210 	 3.056272 	 96799.398438 	 405.902130 
26 	 41.678688 	 283.323761 	 274.383728 	 4.523366 	 97092.367188 	 337.959259 
27 	 41.678688 	 283.323761 	 273.421539 	 5.123584 	 97753.273438 	 388.120178 
28 	 41.678688 	 283.323761 	 272.134857 	 2.927313 	 98579.296875 	 354.417816 
29 	 41.678688 	 283.323761 	 273.833221 	 3.165350 	 97812.406250 	 326.766541 
30 	 41.678688 	 283.323761 	 276.326965 	 3.010023 	 95645.906250 	 357.838074 
31 	 41.678688 	 283.323761 	 271.497864 	 3.761972 	 96704.000000 	 353.745361 
32 	 41.678688 	 283.323761 	 271.511383 	 2.870279 	 97754.117188 	 381.099182 
33 	 41.678688 	 283.323761 	 271.537537 	 3.791207 	 97914.031250 	 341.257141 
34 	 41.678688 	 283.323761 	 268.138123 	 3.346535 	 98370.078125 	 357.115601 
35 	 41.678688 	 283.323761 	 268.348877 	 1.543364 	 98859.023438 	 350.445190 
36 	 41.678688 	 283.323761 	 269.411835 	 1.100046 	 98714.531250 	 359.755859 
37 	 41.678688 	 283.323761 	 269.914581 	 1.218489 	 98884.351562 	 363.803894 
38 	 41.678688 	 283.323761 	 269.955353 	 2.197169 	 99019.781250 	 324.156128 
39 	 41.678688 	 283.323761 	 275.687958 	 2.657266 	 97201.351562 	 392.691620 
40 	 41.678688 	 283.323761 	 274.950836 	 3.090193 	 97317.156250 	 411.181213 
41 	 41.678688 	 283.323761 	 273.074158 	 3.891813 	 98373.593750 	 354.101562 
42 	 41.678688 	 283.323761 	 275.559448 	 3.243808 	 97601.132812 	 343.515442 
43 	 41.678688 	 283.323761 	 274.120605 	 2.023802 	 99031.789062 	 425.044983 
44 	 41.678688 	 283.323761 	 272.972290 	 1.477666 	 99925.953125 	 388.937439 
45 	 41.678688 	 283.323761 	 273.836090 	 0.668847 	 100305.000000 	 405.639038 
46 	 41.678688 	 283.323761 	 274.597473 	 1.465821 	 100172.703125 	 397.584656 
47 	 41.678688 	 283.323761 	 277.811005 	 2.191246 	 99948.648438 	 425.831177 
48 	 41.678688 	 283.323761 	 278.850006 	 1.730977 	 100009.601562 	 397.635986 
49 	 41.678688 	 283.323761 	 280.841003 	 4.204582 	 99749.382812 	 382.696716 
50 	 41.678688 	 283.323761 	 281.367340 	 2.593662 	 98362.960938 	 378.742706 
51 	 41.678688 	 283.323761 	 278.384125 	 3.891696 	 97769.062500 	 433.476257 
52 	 41.678688 	 283.323761 	 274.753357 	 4.396109 	 97512.382812 	 393.348511 
53 	 41.678688 	 283.323761 	 265.926361 	 5.410787 	 98184.210938 	 396.233887 
54 	 41.678688 	 283.323761 	 263.114288 	 6.195222 	 98470.546875 	 374.912109 
55 	 41.678688 	 283.323761 	 268.232605 	 5.243472 	 98436.523438 	 391.497131 
56 	 41.678688 	 283.323761 	 270.862793 	 3.062895 	 98495.648438 	 395.996948 
57 	 41.678688 	 283.323761 	 271.490112 	 1.060832 	 98554.867188 	 405.381104 
58 	 41.678688 	 283.323761 	 272.439148 	 2.411346 	 98266.546875 	 331.529541 
59 	 41.678688 	 283.323761 	 274.680847 	 1.834558 	 98367.093750 	 471.317993 
60 	 41.678688 	 283.323761 	 275.488342 	 3.659893 	 98919.023438 	 352.260468 
61 	 41.678688 	 283.323761 	 282.849976 	 3.147055 	 98776.820312 	 386.741394 
62 	 41.678688 	 283.323761 	 286.075012 	 6.145899 	 98209.476562 	 426.757324 
63 	 41.678688 	 283.323761 	 275.350433 	 3.100618 	 98392.796875 	 334.141205 
64 	 41.678688 	 283.323761 	 273.426971 	 2.780653 	 97269.171875 	 381.295471 
65 	 41.678688 	 283.323761 	 271.688019 	 3.513641 	 98449.679688 	 390.618530 
66 	 41.678688 	 283.323761 	 277.185394 	 3.476502 	 98656.710938 	 379.362579 
67 	 41.678688 	 283.323761 	 276.122803 	 2.234105 	 99640.156250 	 428.805176 
68 	 41.678688 	 283.323761 	 274.416382 	 1.460474 	 99945.242188 	 437.364624 
69 	 41.678688 	 283.323761 	 281.956543 	 1.750282 	 99197.828125 	 497.051880 
70 	 41.678688 	 283.323761 	 285.464264 	 2.269851 	 98602.312500 	 489.896729 
71 	 41.678688 	 283.323761 	 281.683289 	 3.641333 	 97839.203125 	 414.176880 
72 	 41.678688 	 283.323761 	 273.222290 	 3.291984 	 98713.382812 	 459.573334 
73 	 41.678688 	 283.323761 	 275.686554 	 2.126154 	 98458.156250 	 417.341553 
74 	 41.678688 	 283.323761 	 273.984314 	 1.230189 	 98359.570312 	 440.402588 
75 	 41.678688 	 283.323761 	 277.478912 	 2.358073 	 97264.453125 	 447.546143 
76 	 41.678688 	 283.323761 	 275.716980 	 3.211218 	 96964.703125 	 445.868591 
77 	 41.678688 	 283.323761 	 271.850708 	 4.412181 	 97539.992188 	 430.297119 
78 	 41.678688 	 283.323761 	 271.979279 	 3.108124 	 98951.843750 	 363.673767 
79 	 41.678688 	 283.323761 	 278.431549 	 2.940902 	 98897.593750 	 493.998505 
80 	 41.678688 	 283.323761 	 274.618195 	 2.448164 	 100311.703125 	 420.600769 
81 	 41.678688 	 283.323761 	 280.286285 	 3.725628 	 99653.789062 	 386.190460 
82 	 41.678688 	 283.323761 	 284.229340 	 1.879920 	 99342.679688 	 396.311829 
83 	 41.678688 	 283.323761 	 285.947418 	 4.645642 	 99027.203125 	 455.602905 
84 	 41.678688 	 283.323761 	 279.692596 	 3.851354 	 98120.468750 	 474.271606 
85 	 41.678688 	 283.323761 	 276.805695 	 3.255224 	 99090.789062 	 510.148987 
86 	 41.678688 	 283.323761 	 276.128815 	 3.459488 	 99835.328125 	 374.454346 
87 	 41.678688 	 283.323761 	 277.459320 	 4.284631 	 99390.328125 	 445.560181 
88 	 41.678688 	 283.323761 	 278.214020 	 2.140911 	 98530.156250 	 373.113220 
89 	 41.678688 	 283.323761 	 282.995544 	 1.261497 	 98029.546875 	 497.981934 
90 	 41.678688 	 283.323761 	 284.381134 	 1.941570 	 97110.976562 	 557.799622 
91 	 41.678688 	 283.323761 	 285.712097 	 2.307392 	 97341.367188 	 528.404053 
92 	 41.678688 	 283.323761 	 284.183014 	 3.373801 	 97567.312500 	 501.694153 
93 	 41.678688 	 283.323761 	 283.568542 	 2.278970 	 97847.703125 	 472.000488 
94 	 41.678688 	 283.323761 	 280.609955 	 3.582822 	 97928.398438 	 491.141663 
95 	 41.678688 	 283.323761 	 279.496460 	 4.593128 	 98117.648438 	 544.115967 
96 	 41.678688 	 283.323761 	 282.235077 	 2.650387 	 98715.453125 	 548.662415 
97 	 41.678688 	 283.323761 	 284.467255 	 1.177583 	 98907.156250 	 572.308472 
98 	 41.678688 	 283.323761 	 287.306641 	 3.125319 	 98583.570312 	 541.384705 
99 	 41.678688 	 283.323761 	 278.108307 	 3.828708 	 99463.726562 	 533.397339 
100 	 41.678688 	 283.323761 	 276.968018 	 1.023563 	 99780.203125 	 524.271423 
101 	 41.678688 	 283.323761 	 282.780334 	 1.876979 	 99094.523438 	 530.846008 
102 	 41.678688 	 283.323761 	 286.231934 	 1.413696 	 98264.023438 	 526.527466 
103 	 41.678688 	 283.323761 	 287.394012 	 1.292403 	 98026.828125 	 568.701904 
104 	 41.678688 	 283.323761 	 288.269958 	 2.947289 	 98226.203125 	 483.218567 
105 	 41.678688 	 283.323761 	 288.964539 	 2.380083 	 98173.203125 	 576.917725 
106 	 41.678688 	 283.323761 	 292.183258 	 2.007269 	 98772.468750 	 604.386353 
107 	 41.678688 	 283.323761 	 296.128754 	 2.189984 	 98736.679688 	 612.778809 
108 	 41.678688 	 283.323761 	 295.966187 	 3.911810 	 98602.312500 	 612.084961 
109 	 41.678688 	 283.323761 	 292.733673 	 4.940663 	 97721.867188 	 625.204590 
110 	 41.678688 	 283.323761 	 285.448639 	 3.079940 	 98381.710938 	 607.688843 
111 	 41.678688 	 283.323761 	 286.805542 	 2.825044 	 99499.890625 	 597.155762 
112 	 41.678688 	 283.323761 	 290.316223 	 5.424703 	 99273.421875 	 592.266968 
113 	 41.678688 	 283.323761 	 287.664703 	 2.339519 	 98970.882812 	 597.862305 
114 	 41.678688 	 283.323761 	 287.201324 	 1.431044 	 99404.476562 	 609.646729 
115 	 41.678688 	 283.323761 	 291.840393 	 4.155086 	 99080.796875 	 631.331787 
116 	 41.678688 	 283.323761 	 288.936462 	 3.513081 	 98120.632812 	 634.347046 
117 	 41.678688 	 283.323761 	 280.866913 	 3.103073 	 98884.523438 	 572.790527 
118 	 41.678688 	 283.323761 	 280.058228 	 2.405522 	 99705.312500 	 584.943115 
119 	 41.678688 	 283.323761 	 282.636932 	 1.368591 	 100157.000000 	 591.888794 
120 	 41.678688 	 283.323761 	 285.274078 	 1.805726 	 99908.992188 	 611.915894 
121 	 41.678688 	 283.323761 	 289.191040 	 2.324160 	 99174.367188 	 536.384583 
122 	 41.678688 	 283.323761 	 289.927643 	 1.296154 	 99112.273438 	 538.109375 
123 	 41.678688 	 283.323761 	 290.651337 	 1.221285 	 99115.367188 	 645.729553 
124 	 41.678688 	 283.323761 	 291.192749 	 1.748988 	 98705.703125 	 647.192139 
125 	 41.678688 	 283.323761 	 292.288879 	 0.923040 	 98253.148438 	 654.276978 
126 	 41.678688 	 283.323761 	 293.843414 	 0.729422 	 97678.578125 	 639.865356 
127 	 41.678688 	 283.323761 	 294.547913 	 2.387688 	 97651.351562 	 665.416870 
128 	 41.678688 	 283.323761 	 292.916229 	 3.039094 	 97544.156250 	 646.972473 
129 	 41.678688 	 283.323761 	 286.403320 	 3.519055 	 97829.882812 	 573.790710 
130 	 41.678688 	 283.323761 	 282.798248 	 3.200929 	 98488.351562 	 590.299438 
131 	 41.678688 	 283.323761 	 283.167358 	 3.203952 	 98424.218750 	 387.940033 
132 	 41.678688 	 283.323761 	 286.398590 	 1.948743 	 97796.218750 	 456.838867 
133 	 41.678688 	 283.323761 	 284.090210 	 2.580498 	 98272.992188 	 610.495850 
134 	 41.678688 	 283.323761 	 281.314362 	 0.898118 	 98422.476562 	 564.002319 
135 	 41.678688 	 283.323761 	 281.954315 	 2.716330 	 97657.773438 	 533.643921 
136 	 41.678688 	 283.323761 	 279.570618 	 2.217368 	 97648.773438 	 544.273193 
137 	 41.678688 	 283.323761 	 280.151978 	 3.314230 	 97913.210938 	 545.716431 
138 	 41.678688 	 283.323761 	 282.994781 	 2.343562 	 98381.531250 	 629.039490 
139 	 41.678688 	 283.323761 	 285.036682 	 2.561828 	 98425.406250 	 535.416016 
140 	 41.678688 	 283.323761 	 285.151550 	 3.048329 	 98111.382812 	 464.208557 
141 	 41.678688 	 283.323761 	 285.867828 	 3.087880 	 98854.351562 	 619.867676 
142 	 41.678688 	 283.323761 	 287.037262 	 1.308146 	 99205.593750 	 639.102112 
143 	 41.678688 	 283.323761 	 291.463745 	 3.202023 	 98407.640625 	 523.648132 
144 	 41.678688 	 283.323761 	 293.530457 	 3.271964 	 97849.476562 	 676.487793 
145 	 41.678688 	 283.323761 	 288.663605 	 3.478193 	 98064.609375 	 642.297974 
146 	 41.678688 	 283.323761 	 288.225891 	 3.539231 	 98545.937500 	 652.100830 
147 	 41.678688 	 283.323761 	 291.629181 	 2.500660 	 98477.796875 	 677.641602 
148 	 41.678688 	 283.323761 	 295.179291 	 2.939493 	 98139.148438 	 687.656616 
149 	 41.678688 	 283.323761 	 297.202271 	 2.944983 	 98132.171875 	 658.135620 
150 	 41.678688 	 283.323761 	 296.545624 	 1.052062 	 98579.750000 	 712.263184 
151 	 41.678688 	 283.323761 	 297.238983 	 1.869615 	 98352.218750 	 710.002258 
152 	 41.678688 	 283.323761 	 299.405548 	 1.450438 	 98278.703125 	 722.787964 
153 	 41.678688 	 283.323761 	 300.446686 	 3.461858 	 98061.937500 	 727.000854 
154 	 41.678688 	 283.323761 	 297.260651 	 4.077996 	 97732.406250 	 662.596924 
155 	 41.678688 	 283.323761 	 289.333313 	 5.130301 	 98102.382812 	 652.385681 
156 	 41.678688 	 283.323761 	 288.283173 	 5.223425 	 98289.656250 	 664.485474 
157 	 41.678688 	 283.323761 	 290.480469 	 4.760079 	 98104.406250 	 596.147217 
158 	 41.678688 	 283.323761 	 292.714020 	 0.983570 	 98696.609375 	 695.896423 
159 	 41.678688 	 283.323761 	 295.406830 	 3.447007 	 98575.523438 	 662.876648 
160 	 41.678688 	 283.323761 	 291.402588 	 4.934028 	 98075.773438 	 636.552368 
161 	 41.678688 	 283.323761 	 290.859650 	 2.246448 	 98779.476562 	 670.919006 
162 	 41.678688 	 283.323761 	 294.448883 	 3.573895 	 98467.500000 	 631.869873 
163 	 41.678688 	 283.323761 	 296.436462 	 2.439618 	 98144.742188 	 719.147217 
164 	 41.678688 	 283.323761 	 292.026276 	 3.813861 	 98199.109375 	 716.906494 
165 	 41.678688 	 283.323761 	 290.924591 	 1.541490 	 98659.773438 	 670.747070 
166 	 41.678688 	 283.323761 	 293.241119 	 1.853041 	 98613.343750 	 701.982178 
167 	 41.678688 	 283.323761 	 294.254150 	 1.220546 	 98811.953125 	 700.702148 
168 	 41.678688 	 283.323761 	 298.867706 	 3.379138 	 99093.273438 	 722.374695 
169 	 41.678688 	 283.323761 	 297.608826 	 4.301764 	 98910.367188 	 625.790161 
170 	 41.678688 	 283.323761 	 299.378662 	 3.706620 	 97955.851562 	 747.238892 
171 	 41.678688 	 283.323761 	 299.112946 	 3.262433 	 97854.078125 	 641.385742 
172 	 41.678688 	 283.323761 	 297.554962 	 1.922654 	 98261.679688 	 704.786621 
173 	 41.678688 	 283.323761 	 297.836304 	 2.826066 	 97969.656250 	 593.942993 
174 	 41.678688 	 283.323761 	 296.990570 	 1.689175 	 97576.476562 	 665.044373 
175 	 41.678688 	 283.323761 	 296.830811 	 2.584754 	 97663.171875 	 717.799072 
176 	 41.678688 	 283.323761 	 296.538361 	 1.256159 	 97849.570312 	 646.282837 
177 	 41.678688 	 283.323761 	 295.580688 	 4.001548 	 97304.476562 	 715.416138 
178 	 41.678688 	 283.323761 	 292.943359 	 4.610792 	 97605.843750 	 662.268799 
179 	 41.678688 	 283.323761 	 290.333099 	 3.405948 	 98100.476562 	 586.915527 
180 	 41.678688 	 283.323761 	 289.709137 	 2.711341 	 98435.890625 	 680.124756 
181 	 41.678688 	 283.323761 	 289.286621 	 1.612195 	 98836.656250 	 625.680664 
182 	 41.678688 	 283.323761 	 291.080139 	 1.196287 	 99168.289062 	 685.952637 
183 	 41.678688 	 283.323761 	 293.895782 	 3.509945 	 99002.742188 	 643.440308 
184 	 41.678688 	 283.323761 	 296.379181 	 4.682969 	 98627.023438 	 674.142090 
185 	 41.678688 	 283.323761 	 300.822845 	 4.789139 	 98077.359375 	 716.164673 
186 	 41.678688 	 283.323761 	 294.759033 	 4.330614 	 98556.789062 	 721.122864 
187 	 41.678688 	 283.323761 	 293.430756 	 1.650110 	 99428.726562 	 687.680054 
188 	 41.678688 	 283.323761 	 295.718689 	 1.942441 	 99694.437500 	 702.780151 
189 	 41.678688 	 283.323761 	 301.273254 	 3.956180 	 99074.718750 	 712.830811 
190 	 41.678688 	 283.323761 	 302.904816 	 1.721650 	 98341.812500 	 722.085693 
191 	 41.678688 	 283.323761 	 301.348511 	 1.704714 	 98083.679688 	 723.772705 
192 	 41.678688 	 283.323761 	 301.048309 	 3.761692 	 98301.437500 	 737.221619 
193 	 41.678688 	 283.323761 	 300.466797 	 2.232957 	 98570.687500 	 721.175293 
194 	 41.678688 	 283.323761 	 298.603607 	 2.512919 	 98257.726562 	 571.054077 
195 	 41.678688 	 283.323761 	 299.056000 	 2.439459 	 98335.953125 	 720.895630 
196 	 41.678688 	 283.323761 	 299.214844 	 1.398776 	 98716.531250 	 717.584961 
197 	 41.678688 	 283.323761 	 301.294495 	 3.183460 	 98299.179688 	 717.603394 
198 	 41.678688 	 283.323761 	 303.448486 	 1.670737 	 97692.101562 	 674.164856 
199 	 41.678688 	 283.323761 	 304.162506 	 3.576064 	 97344.992188 	 732.147461 
200 	 41.678688 	 283.323761 	 298.467407 	 4.055088 	 98158.218750 	 707.181763 
201 	 41.678688 	 283.323761 	 299.109131 	 1.399617 	 98734.117188 	 697.647705 
202 	 41.678688 	 283.323761 	 301.151703 	 2.847472 	 98078.117188 	 637.149658 
203 	 41.678688 	 283.323761 	 295.764282 	 3.474583 	 98008.359375 	 695.758545 
204 	 41.678688 	 283.323761 	 294.461945 	 1.494870 	 98835.640625 	 657.619751 
205 	 41.678688 	 283.323761 	 298.471161 	 2.937896 	 98826.437500 	 614.814453 
206 	 41.678688 	 283.323761 	 301.414612 	 3.637896 	 98438.453125 	 718.229858 
207 	 41.678688 	 283.323761 	 298.959778 	 3.555306 	 98073.398438 	 617.623657 
208 	 41.678688 	 283.323761 	 298.207001 	 3.558988 	 97458.609375 	 673.583252 
209 	 41.678688 	 283.323761 	 296.554962 	 2.857873 	 97754.726562 	 685.767761 
210 	 41.678688 	 283.323761 	 297.180756 	 1.578942 	 98277.523438 	 693.055664 
211 	 41.678688 	 283.323761 	 299.649811 	 2.915514 	 98387.757812 	 662.490479 
212 	 41.678688 	 283.323761 	 299.164978 	 3.698440 	 98093.281250 	 519.619751 
213 	 41.678688 	 283.323761 	 298.417419 	 3.338680 	 97832.500000 	 717.353333 
214 	 41.678688 	 283.323761 	 295.773651 	 2.303164 	 97784.726562 	 675.708130 
215 	 41.678688 	 283.323761 	 295.703278 	 2.099567 	 98395.367188 	 675.866028 
216 	 41.678688 	 283.323761 	 299.139343 	 1.663677 	 98858.109375 	 674.669983 
217 	 41.678688 	 283.323761 	 299.481201 	 3.888652 	 98665.093750 	 651.783936 
218 	 41.678688 	 283.323761 	 298.119965 	 1.700843 	 98401.351562 	 648.159058 
219 	 41.678688 	 283.323761 	 299.810425 	 3.377685 	 98498.640625 	 678.029785 
220 	 41.678688 	 283.323761 	 301.545624 	 3.412797 	 98201.343750 	 597.946411 
221 	 41.678688 	 283.323761 	 298.684235 	 3.273769 	 98821.773438 	 684.549438 
222 	 41.678688 	 283.323761 	 296.728546 	 2.710204 	 99094.921875 	 668.433105 
223 	 41.678688 	 283.323761 	 296.905579 	 1.932432 	 99185.179688 	 652.971558 
224 	 41.678688 	 283.323761 	 300.402496 	 5.045514 	 98685.390625 	 693.719971 
225 	 41.678688 	 283.323761 	 299.449036 	 3.363926 	 98061.703125 	 689.154419 
226 	 41.678688 	 283.323761 	 295.748688 	 2.358138 	 98485.890625 	 618.570129 
227 	 41.678688 	 283.323761 	 295.111816 	 2.039146 	 98671.710938 	 652.333435 
228 	 41.678688 	 283.323761 	 297.440613 	 1.914440 	 99370.289062 	 677.630493 
229 	 41.678688 	 283.323761 	 295.903442 	 1.136801 	 99647.226562 	 604.477600 
230 	 41.678688 	 283.323761 	 298.064362 	 1.087154 	 99403.421875 	 659.898254 
231 	 41.678688 	 283.323761 	 299.764984 	 2.394020 	 98996.273438 	 683.311584 
232 	 41.678688 	 283.323761 	 303.341919 	 3.330731 	 98380.671875 	 693.135620 
233 	 41.678688 	 283.323761 	 304.089355 	 2.960590 	 98349.429688 	 690.342407 
234 	 41.678688 	 283.323761 	 307.847534 	 2.798923 	 98310.820312 	 695.046509 
235 	 41.678688 	 283.323761 	 306.969025 	 2.655166 	 98344.171875 	 679.622742 
236 	 41.678688 	 283.323761 	 303.191040 	 2.743511 	 99148.882812 	 681.079224 
237 	 41.678688 	 283.323761 	 302.453613 	 3.677045 	 99218.429688 	 661.088501 
238 	 41.678688 	 283.323761 	 303.416626 	 3.683904 	 98507.210938 	 678.860107 
239 	 41.678688 	 283.323761 	 302.275604 	 2.816449 	 98541.531250 	 670.126343 
240 	 41.678688 	 283.323761 	 303.533661 	 2.837247 	 98374.453125 	 664.326355 
241 	 41.678688 	 283.323761 	 302.440155 	 3.182736 	 98790.390625 	 659.827637 
242 	 41.678688 	 283.323761 	 300.528809 	 1.862015 	 99419.976562 	 647.736633 
243 	 41.678688 	 283.323761 	 304.182343 	 3.403350 	 98800.343750 	 658.066040 
244 	 41.678688 	 283.323761 	 307.351715 	 2.327084 	 98463.593750 	 651.207397 
245 	 41.678688 	 283.323761 	 303.999420 	 1.053655 	 98943.750000 	 656.965332 
246 	 41.678688 	 283.323761 	 303.383240 	 2.604953 	 98508.992188 	 600.218750 
247 	 41.678688 	 283.323761 	 307.388275 	 2.992270 	 98243.656250 	 605.613708 
248 	 41.678688 	 283.323761 	 303.116455 	 1.768647 	 98901.773438 	 612.765381 
249 	 41.678688 	 283.323761 	 307.972839 	 3.199864 	 98707.796875 	 656.726440 
250 	 41.678688 	 283.323761 	 304.025391 	 2.684211 	 98509.750000 	 531.158875 
251 	 41.678688 	 283.323761 	 291.698853 	 3.824798 	 99321.718750 	 577.488281 
252 	 41.678688 	 283.323761 	 289.832245 	 2.916603 	 99909.140625 	 566.201721 
253 	 41.678688 	 283.323761 	 290.223999 	 3.238523 	 99902.218750 	 562.476318 
254 	 41.678688 	 283.323761 	 291.489136 	 3.491453 	 99437.929688 	 559.720398 
255 	 41.678688 	 283.323761 	 292.083008 	 2.049133 	 99158.687500 	 559.892578 
256 	 41.678688 	 283.323761 	 294.622467 	 0.437682 	 99031.070312 	 569.062927 
257 	 41.678688 	 283.323761 	 296.344086 	 1.328712 	 99211.492188 	 586.078186 
258 	 41.678688 	 283.323761 	 296.706665 	 1.534299 	 100011.203125 	 595.305115 
259 	 41.678688 	 283.323761 	 298.741058 	 3.496302 	 99931.062500 	 601.595337 
260 	 41.678688 	 283.323761 	 300.430817 	 3.335815 	 99138.187500 	 607.422852 
261 	 41.678688 	 283.323761 	 300.386414 	 3.112422 	 98497.242188 	 523.617737 
262 	 41.678688 	 283.323761 	 294.207886 	 1.426234 	 98839.398438 	 577.613525 
263 	 41.678688 	 283.323761 	 297.101196 	 1.281473 	 99288.867188 	 589.108643 
264 	 41.678688 	 283.323761 	 299.632111 	 3.288265 	 99584.593750 	 606.552002 
265 	 41.678688 	 283.323761 	 298.105133 	 2.627515 	 99600.226562 	 574.211792 
266 	 41.678688 	 283.323761 	 295.921967 	 2.901489 	 99748.140625 	 533.755676 
267 	 41.678688 	 283.323761 	 296.460663 	 2.587834 	 99536.171875 	 566.827026 
268 	 41.678688 	 283.323761 	 296.291992 	 1.818600 	 99483.312500 	 573.209167 
269 	 41.678688 	 283.323761 	 297.559357 	 0.909071 	 99736.468750 	 597.845703 
270 	 41.678688 	 283.323761 	 299.628204 	 1.915034 	 99605.710938 	 595.488342 
271 	 41.678688 	 283.323761 	 298.912384 	 2.901360 	 99448.453125 	 566.979187 
272 	 41.678688 	 283.323761 	 296.593933 	 3.468383 	 99457.367188 	 528.707764 
273 	 41.678688 	 283.323761 	 296.470642 	 1.432066 	 99726.757812 	 567.242676 
274 	 41.678688 	 283.323761 	 298.386047 	 3.151642 	 99676.476562 	 548.355530 
275 	 41.678688 	 283.323761 	 298.972595 	 1.804249 	 99421.718750 	 569.028992 
276 	 41.678688 	 283.323761 	 298.493713 	 0.581693 	 99535.351562 	 573.712097 
277 	 41.678688 	 283.323761 	 298.866577 	 2.796119 	 99464.492188 	 572.161377 
278 	 41.678688 	 283.323761 	 298.272614 	 3.698013 	 98857.906250 	 536.663757 
279 	 41.678688 	 283.323761 	 290.879486 	 3.164359 	 98575.218750 	 497.848053 
280 	 41.678688 	 283.323761 	 287.233826 	 1.977633 	 98979.843750 	 490.064697 
281 	 41.678688 	 283.323761 	 289.451752 	 1.313784 	 98742.750000 	 500.542725 
282 	 41.678688 	 283.323761 	 291.246277 	 1.011572 	 99240.539062 	 513.806396 
283 	 41.678688 	 283.323761 	 294.688995 	 2.309822 	 99436.953125 	 494.095703 
284 	 41.678688 	 283.323761 	 295.951447 	 1.791780 	 99383.882812 	 519.086060 
285 	 41.678688 	 283.323761 	 297.718353 	 2.815427 	 98990.000000 	 532.572510 
286 	 41.678688 	 283.323761 	 289.514618 	 3.727094 	 99162.773438 	 497.643402 
287 	 41.678688 	 283.323761 	 282.693817 	 1.729051 	 100246.101562 	 452.461670 
288 	 41.678688 	 283.323761 	 286.696442 	 3.088546 	 100015.601562 	 472.942261 
289 	 41.678688 	 283.323761 	 291.817322 	 2.665415 	 99451.093750 	 482.969055 
290 	 41.678688 	 283.323761 	 293.201904 	 2.880009 	 99216.593750 	 465.195740 
291 	 41.678688 	 283.323761 	 293.763092 	 2.768461 	 98834.500000 	 502.389984 
292 	 41.678688 	 283.323761 	 287.941162 	 2.824389 	 99427.773438 	 487.993225 
293 	 41.678688 	 283.323761 	 284.639069 	 2.563920 	 100154.398438 	 451.165009 
294 	 41.678688 	 283.323761 	 285.811584 	 3.323563 	 99669.539062 	 378.607117 
295 	 41.678688 	 283.323761 	 291.188293 	 2.688461 	 98199.078125 	 436.820312 
296 	 41.678688 	 283.323761 	 283.152802 	 2.572275 	 98355.039062 	 465.421722 
297 	 41.678688 	 283.323761 	 282.204926 	 1.555102 	 99006.296875 	 433.292297 
298 	 41.678688 	 283.323761 	 284.071594 	 2.344296 	 99248.476562 	 398.173920 
299 	 41.678688 	 283.323761 	 284.310028 	 2.461177 	 98809.023438 	 449.202362 
300 	 41.678688 	 283.323761 	 283.202484 	 0.921269 	 99432.359375 	 447.078308 
301 	 41.678688 	 283.323761 	 285.684204 	 2.444059 	 99604.898438 	 429.581512 
302 	 41.678688 	 283.323761 	 288.323090 	 3.672105 	 99145.867188 	 463.849731 
303 	 41.678688 	 283.323761 	 289.878265 	 2.540648 	 98630.117188 	 409.109924 
304 	 41.678688 	 283.323761 	 284.678589 	 2.246062 	 98706.406250 	 439.503448 
305 	 41.678688 	 283.323761 	 281.732056 	 1.776430 	 98995.476562 	 406.675293 
306 	 41.678688 	 283.323761 	 283.949707 	 2.796456 	 98348.023438 	 435.567871 
307 	 41.678688 	 283.323761 	 279.973816 	 1.249504 	 98806.570312 	 413.693604 
308 	 41.678688 	 283.323761 	 281.140503 	 1.854875 	 99540.523438 	 421.191254 
309 	 41.678688 	 283.323761 	 285.877075 	 4.198599 	 99714.078125 	 405.939636 
310 	 41.678688 	 283.323761 	 289.473206 	 5.711605 	 98615.390625 	 412.031952 
311 	 41.678688 	 283.323761 	 281.411835 	 2.059756 	 98841.820312 	 405.716064 
312 	 41.678688 	 283.323761 	 279.552979 	 1.238469 	 99316.617188 	 394.222870 
313 	 41.678688 	 283.323761 	 280.004944 	 3.336415 	 98951.210938 	 423.071655 
314 	 41.678688 	 283.323761 	 273.592773 	 1.853527 	 99827.406250 	 368.572144 
315 	 41.678688 	 283.323761 	 281.395660 	 5.508211 	 98963.226562 	 358.316284 
316 	 41.678688 	 283.323761 	 277.062439 	 4.207901 	 98280.617188 	 349.235443 
317 	 41.678688 	 283.323761 	 275.434082 	 2.383813 	 99811.953125 	 379.870605 
318 	 41.678688 	 283.323761 	 277.086456 	 2.192056 	 99873.039062 	 384.249390 
319 	 41.678688 	 283.323761 	 278.585114 	 0.941320 	 100020.898438 	 389.466461 
320 	 41.678688 	 283.323761 	 279.933563 	 3.294671 	 100251.898438 	 387.930725 
321 	 41.678688 	 283.323761 	 284.790771 	 3.011928 	 100118.203125 	 408.185852 
322 	 41.678688 	 283.323761 	 285.651001 	 1.469158 	 100358.296875 	 414.479370 
323 	 41.678688 	 283.323761 	 283.570099 	 0.423843 	 100361.000000 	 423.353943 
324 	 41.678688 	 283.323761 	 280.977905 	 0.527101 	 99895.078125 	 403.401123 
325 	 41.678688 	 283.323761 	 281.072723 	 1.473326 	 99701.593750 	 399.543610 
326 	 41.678688 	 283.323761 	 282.931244 	 3.440224 	 99126.656250 	 381.284485 
327 	 41.678688 	 283.323761 	 283.618134 	 2.392613 	 98349.726562 	 403.625977 
328 	 41.678688 	 283.323761 	 281.374176 	 1.718976 	 98261.882812 	 387.382233 
329 	 41.678688 	 283.323761 	 279.181122 	 1.468081 	 98723.757812 	 364.645630 
330 	 41.678688 	 283.323761 	 278.738220 	 4.345666 	 98382.046875 	 371.186584 
331 	 41.678688 	 283.323761 	 279.226410 	 3.026815 	 98416.851562 	 393.812653 
332 	 41.678688 	 283.323761 	 279.147705 	 1.592061 	 98680.171875 	 366.599396 
333 	 41.678688 	 283.323761 	 282.363525 	 3.589123 	 97332.250000 	 361.784943 
334 	 41.678688 	 283.323761 	 276.833923 	 4.833217 	 97432.382812 	 367.216583 
335 	 41.678688 	 283.323761 	 274.629608 	 3.622855 	 98756.007812 	 355.709290 
336 	 41.678688 	 283.323761 	 276.777496 	 2.643582 	 98310.750000 	 351.298553 
337 	 41.678688 	 283.323761 	 274.310364 	 1.778560 	 99127.226562 	 340.584473 
338 	 41.678688 	 283.323761 	 274.254303 	 0.701942 	 99915.156250 	 351.910645 
339 	 41.678688 	 283.323761 	 277.854919 	 1.522295 	 99984.609375 	 365.247650 
340 	 41.678688 	 283.323761 	 279.475311 	 2.462050 	 99883.632812 	 342.573608 
341 	 41.678688 	 283.323761 	 283.273346 	 2.457095 	 99333.343750 	 415.718781 
342 	 41.678688 	 283.323761 	 278.118469 	 3.359618 	 99088.007812 	 350.514252 
343 	 41.678688 	 283.323761 	 274.755188 	 2.333326 	 99086.132812 	 329.328979 
344 	 41.678688 	 283.323761 	 274.484802 	 1.141746 	 99279.609375 	 337.266022 
345 	 41.678688 	 283.323761 	 275.169983 	 1.373292 	 99281.578125 	 322.229126 
346 	 41.678688 	 283.323761 	 274.765686 	 1.983992 	 98780.750000 	 335.038177 
347 	 41.678688 	 283.323761 	 275.094330 	 3.528029 	 97889.609375 	 326.952393 
348 	 41.678688 	 283.323761 	 273.986328 	 5.420918 	 97085.281250 	 330.508820 
349 	 41.678688 	 283.323761 	 273.148804 	 4.655374 	 97559.343750 	 339.357605 
350 	 41.678688 	 283.323761 	 272.329895 	 4.738297 	 98242.539062 	 359.999176 
351 	 41.678688 	 283.323761 	 274.085175 	 2.927556 	 98399.929688 	 350.282776 
352 	 41.678688 	 283.323761 	 271.502350 	 1.649786 	 97717.898438 	 306.027802 
353 	 41.678688 	 283.323761 	 271.981201 	 4.328238 	 97809.750000 	 366.452972 
354 	 41.678688 	 283.323761 	 270.846771 	 1.977357 	 99093.710938 	 320.317139 
355 	 41.678688 	 283.323761 	 272.302521 	 1.176356 	 99046.343750 	 332.526093 
356 	 41.678688 	 283.323761 	 272.293365 	 1.089011 	 98437.687500 	 340.264069 
357 	 41.678688 	 283.323761 	 272.595398 	 1.155994 	 98402.359375 	 346.421967 
358 	 41.678688 	 283.323761 	 274.793365 	 3.193976 	 98159.046875 	 351.398865 
359 	 41.678688 	 283.323761 	 275.840424 	 2.452144 	 98097.601562 	 368.487671 
360 	 41.678688 	 283.323761 	 274.680237 	 2.941671 	 97858.617188 	 328.424103 
361 	 41.678688 	 283.323761 	 274.344147 	 4.074419 	 96954.742188 	 368.936005 
362 	 41.678688 	 283.323761 	 271.425873 	 3.906699 	 97643.843750 	 342.062408 
363 	 41.678688 	 283.323761 	 270.351807 	 3.229100 	 98531.523438 	 346.213013 
364 	 41.678688 	 283.323761 	 272.042511 	 2.968924 	 98669.687500 	 336.681122 
