# 0: Day of Year [-] 	 1: lat [deg] 	 2: lon [deg] 	 3: tas [K] 	 4: sfcWind [m s-1] 	 5: ps [Pa] 	 6: Total Downwelling Rad Flux [W m-2] 
0 	 41.678688 	 283.323761 	 274.393341 	 3.118793 	 99520.546875 	 326.702576 
1 	 41.678688 	 283.323761 	 278.273224 	 3.744643 	 99473.343750 	 347.296906 
2 	 41.678688 	 283.323761 	 281.872925 	 7.288176 	 97595.523438 	 359.202148 
3 	 41.678688 	 283.323761 	 272.447968 	 4.202162 	 97953.390625 	 338.267090 
4 	 41.678688 	 283.323761 	 271.106354 	 2.123309 	 98591.171875 	 338.039856 
5 	 41.678688 	 283.323761 	 270.149261 	 4.097577 	 98325.992188 	 338.502197 
6 	 41.678688 	 283.323761 	 273.189667 	 2.601588 	 98367.250000 	 330.812836 
7 	 41.678688 	 283.323761 	 275.039246 	 1.962867 	 98318.148438 	 328.336548 
8 	 41.678688 	 283.323761 	 275.718536 	 1.697483 	 98289.429688 	 365.999573 
9 	 41.678688 	 283.323761 	 272.880249 	 1.581179 	 98708.171875 	 337.101288 
10 	 41.678688 	 283.323761 	 281.787842 	 4.881630 	 96442.906250 	 356.669250 
11 	 41.678688 	 283.323761 	 275.919098 	 5.754115 	 95651.851562 	 368.485992 
12 	 41.678688 	 283.323761 	 273.876495 	 2.616425 	 97053.250000 	 337.008057 
13 	 41.678688 	 283.323761 	 275.481964 	 3.396969 	 96604.429688 	 359.018616 
14 	 41.678688 	 283.323761 	 271.298676 	 2.580128 	 97367.671875 	 335.930023 
15 	 41.678688 	 283.323761 	 269.902679 	 1.598828 	 97737.476562 	 335.869690 
16 	 41.678688 	 283.323761 	 271.610077 	 3.009049 	 98423.382812 	 334.757507 
17 	 41.678688 	 283.323761 	 277.251007 	 3.821297 	 97977.898438 	 375.674957 
18 	 41.678688 	 283.323761 	 268.618103 	 3.074643 	 98763.617188 	 317.546844 
19 	 41.678688 	 283.323761 	 267.658630 	 3.015155 	 99506.382812 	 335.861816 
20 	 41.678688 	 283.323761 	 268.220551 	 2.510733 	 99667.203125 	 297.833466 
21 	 41.678688 	 283.323761 	 270.733978 	 2.385453 	 98875.156250 	 346.210693 
22 	 41.678688 	 283.323761 	 268.874451 	 3.387759 	 98727.937500 	 342.600128 
23 	 41.678688 	 283.323761 	 272.288818 	 3.644986 	 98218.046875 	 320.606354 
24 	 41.678688 	 283.323761 	 268.554199 	 4.876669 	 96745.757812 	 346.966858 
25 	 41.678688 	 283.323761 	 262.196442 	 2.810583 	 98449.750000 	 300.635986 
26 	 41.678688 	 283.323761 	 264.808411 	 1.952606 	 97962.523438 	 289.658386 
27 	 41.678688 	 283.323761 	 262.547272 	 4.440230 	 96990.000000 	 326.784180 
28 	 41.678688 	 283.323761 	 265.885071 	 4.684693 	 97991.109375 	 323.560425 
29 	 41.678688 	 283.323761 	 268.909698 	 2.106655 	 98980.968750 	 340.154419 
30 	 41.678688 	 283.323761 	 271.007202 	 2.712114 	 98020.218750 	 329.853088 
31 	 41.678688 	 283.323761 	 269.713776 	 4.065423 	 95346.609375 	 383.635376 
32 	 41.678688 	 283.323761 	 266.882080 	 4.103121 	 96782.531250 	 372.350037 
33 	 41.678688 	 283.323761 	 264.803711 	 1.677584 	 98378.968750 	 335.222839 
34 	 41.678688 	 283.323761 	 265.119812 	 2.856537 	 98351.968750 	 347.258057 
35 	 41.678688 	 283.323761 	 265.645172 	 3.261466 	 98255.453125 	 341.757843 
36 	 41.678688 	 283.323761 	 267.078186 	 2.377990 	 99104.679688 	 349.538940 
37 	 41.678688 	 283.323761 	 270.925446 	 2.967068 	 99312.062500 	 328.212158 
38 	 41.678688 	 283.323761 	 271.721497 	 3.096434 	 98592.351562 	 318.545074 
39 	 41.678688 	 283.323761 	 265.225616 	 3.251089 	 98398.867188 	 367.375488 
40 	 41.678688 	 283.323761 	 270.682983 	 2.648351 	 98180.843750 	 392.860107 
41 	 41.678688 	 283.323761 	 273.557709 	 3.568419 	 97946.273438 	 345.230164 
42 	 41.678688 	 283.323761 	 275.495056 	 3.263004 	 97184.921875 	 399.216736 
43 	 41.678688 	 283.323761 	 270.721283 	 3.007947 	 97882.867188 	 387.700165 
44 	 41.678688 	 283.323761 	 274.423523 	 4.691507 	 97600.828125 	 375.991730 
45 	 41.678688 	 283.323761 	 266.167664 	 3.263126 	 98556.351562 	 370.598816 
46 	 41.678688 	 283.323761 	 261.729034 	 0.403878 	 99962.101562 	 307.451294 
47 	 41.678688 	 283.323761 	 265.346985 	 1.501105 	 99851.570312 	 360.454895 
48 	 41.678688 	 283.323761 	 268.063110 	 1.333799 	 99058.476562 	 374.775635 
49 	 41.678688 	 283.323761 	 270.024811 	 0.929720 	 98568.906250 	 391.464111 
50 	 41.678688 	 283.323761 	 275.926239 	 2.716406 	 98447.593750 	 363.602112 
51 	 41.678688 	 283.323761 	 276.888428 	 2.118946 	 97181.117188 	 388.242767 
52 	 41.678688 	 283.323761 	 273.238556 	 1.903179 	 97874.382812 	 435.768402 
53 	 41.678688 	 283.323761 	 272.265381 	 1.498761 	 98314.718750 	 415.185486 
54 	 41.678688 	 283.323761 	 272.254425 	 2.058564 	 99075.976562 	 404.348877 
55 	 41.678688 	 283.323761 	 277.912354 	 4.441799 	 98577.507812 	 332.322632 
56 	 41.678688 	 283.323761 	 277.621185 	 2.869195 	 98271.656250 	 441.745117 
57 	 41.678688 	 283.323761 	 276.696289 	 2.945834 	 99169.648438 	 369.767975 
58 	 41.678688 	 283.323761 	 282.541138 	 4.061393 	 98405.617188 	 392.703461 
59 	 41.678688 	 283.323761 	 275.558289 	 2.650329 	 97551.046875 	 370.231201 
60 	 41.678688 	 283.323761 	 272.617462 	 3.531639 	 97148.773438 	 355.180786 
61 	 41.678688 	 283.323761 	 271.512390 	 4.300225 	 97469.796875 	 436.885071 
62 	 41.678688 	 283.323761 	 272.083527 	 4.038334 	 97991.500000 	 430.377686 
63 	 41.678688 	 283.323761 	 270.800262 	 4.696846 	 98559.398438 	 421.110748 
64 	 41.678688 	 283.323761 	 274.058472 	 3.307813 	 98879.593750 	 433.991943 
65 	 41.678688 	 283.323761 	 279.159271 	 3.075076 	 98620.109375 	 371.346069 
66 	 41.678688 	 283.323761 	 280.101257 	 1.158694 	 99020.156250 	 511.366394 
67 	 41.678688 	 283.323761 	 279.213470 	 0.695104 	 99047.250000 	 484.158813 
68 	 41.678688 	 283.323761 	 281.855042 	 1.888228 	 98973.796875 	 479.933197 
69 	 41.678688 	 283.323761 	 283.760590 	 3.046576 	 98066.289062 	 408.977264 
70 	 41.678688 	 283.323761 	 281.962524 	 3.939478 	 97799.320312 	 451.112366 
71 	 41.678688 	 283.323761 	 277.533966 	 3.414761 	 98784.726562 	 397.593903 
72 	 41.678688 	 283.323761 	 274.293121 	 2.658555 	 99474.343750 	 360.758545 
73 	 41.678688 	 283.323761 	 276.414978 	 3.733205 	 99398.718750 	 398.595245 
74 	 41.678688 	 283.323761 	 279.485870 	 2.734583 	 97828.867188 	 445.442963 
75 	 41.678688 	 283.323761 	 277.742767 	 2.881308 	 97989.351562 	 489.634766 
76 	 41.678688 	 283.323761 	 274.056427 	 3.200852 	 97252.507812 	 368.571350 
77 	 41.678688 	 283.323761 	 268.824921 	 4.844236 	 97846.796875 	 454.380981 
78 	 41.678688 	 283.323761 	 273.755798 	 3.250576 	 99729.796875 	 417.033417 
79 	 41.678688 	 283.323761 	 279.269501 	 3.775612 	 99221.992188 	 428.164795 
80 	 41.678688 	 283.323761 	 278.788574 	 2.374153 	 99147.281250 	 447.329163 
81 	 41.678688 	 283.323761 	 280.012360 	 1.053309 	 98786.203125 	 515.578674 
82 	 41.678688 	 283.323761 	 286.025696 	 1.812319 	 98076.117188 	 529.154175 
83 	 41.678688 	 283.323761 	 285.779633 	 1.763455 	 98089.976562 	 488.996338 
84 	 41.678688 	 283.323761 	 288.303375 	 3.597780 	 97329.570312 	 527.962524 
85 	 41.678688 	 283.323761 	 279.693756 	 3.811929 	 96964.296875 	 464.776642 
86 	 41.678688 	 283.323761 	 275.137726 	 3.909189 	 96852.117188 	 372.169739 
87 	 41.678688 	 283.323761 	 276.758881 	 3.971602 	 97565.406250 	 517.360718 
88 	 41.678688 	 283.323761 	 278.946411 	 2.312682 	 97658.382812 	 465.673645 
89 	 41.678688 	 283.323761 	 277.851532 	 2.886587 	 97530.312500 	 441.403931 
90 	 41.678688 	 283.323761 	 276.807465 	 3.956741 	 97837.992188 	 391.547729 
91 	 41.678688 	 283.323761 	 277.767517 	 4.834118 	 97616.000000 	 515.240723 
92 	 41.678688 	 283.323761 	 278.060944 	 4.551910 	 97692.093750 	 517.127869 
93 	 41.678688 	 283.323761 	 279.098480 	 3.634147 	 97819.812500 	 491.612488 
94 	 41.678688 	 283.323761 	 278.572968 	 3.178754 	 98503.531250 	 526.612488 
95 	 41.678688 	 283.323761 	 279.066071 	 1.809448 	 99054.023438 	 530.894714 
96 	 41.678688 	 283.323761 	 286.653992 	 3.447962 	 98793.906250 	 580.607666 
97 	 41.678688 	 283.323761 	 291.097595 	 4.714138 	 98399.398438 	 539.351501 
98 	 41.678688 	 283.323761 	 284.647705 	 4.349188 	 98081.046875 	 392.981567 
99 	 41.678688 	 283.323761 	 280.751648 	 3.725997 	 97757.421875 	 517.825378 
100 	 41.678688 	 283.323761 	 277.329193 	 4.913982 	 98352.171875 	 544.474121 
101 	 41.678688 	 283.323761 	 272.553802 	 2.428219 	 99804.289062 	 498.299988 
102 	 41.678688 	 283.323761 	 277.191315 	 4.467098 	 100209.601562 	 397.005310 
103 	 41.678688 	 283.323761 	 286.619202 	 5.768977 	 98631.023438 	 413.986603 
104 	 41.678688 	 283.323761 	 284.841278 	 3.714828 	 97433.656250 	 446.168457 
105 	 41.678688 	 283.323761 	 280.330322 	 2.706593 	 97998.296875 	 471.650970 
106 	 41.678688 	 283.323761 	 280.384003 	 3.336116 	 98244.179688 	 489.729492 
107 	 41.678688 	 283.323761 	 283.215820 	 2.257607 	 98733.289062 	 593.683228 
108 	 41.678688 	 283.323761 	 284.373108 	 1.985955 	 98936.921875 	 512.719177 
109 	 41.678688 	 283.323761 	 285.568298 	 3.128664 	 98802.812500 	 572.440491 
110 	 41.678688 	 283.323761 	 283.745209 	 1.883546 	 99702.546875 	 546.142151 
111 	 41.678688 	 283.323761 	 287.352142 	 4.202424 	 100257.500000 	 570.088318 
112 	 41.678688 	 283.323761 	 288.791199 	 4.862204 	 99606.476562 	 502.995026 
113 	 41.678688 	 283.323761 	 291.682770 	 3.002892 	 99199.843750 	 532.719849 
114 	 41.678688 	 283.323761 	 288.183197 	 1.903756 	 99335.101562 	 521.664001 
115 	 41.678688 	 283.323761 	 292.132965 	 3.036101 	 99477.593750 	 628.722046 
116 	 41.678688 	 283.323761 	 291.963135 	 3.114337 	 99508.976562 	 535.203247 
117 	 41.678688 	 283.323761 	 291.409210 	 1.822106 	 99011.421875 	 569.080994 
118 	 41.678688 	 283.323761 	 290.672241 	 1.884421 	 98923.750000 	 584.853027 
119 	 41.678688 	 283.323761 	 289.983612 	 1.320816 	 99147.226562 	 617.750671 
120 	 41.678688 	 283.323761 	 290.739014 	 1.843280 	 98894.882812 	 629.237366 
121 	 41.678688 	 283.323761 	 293.118652 	 1.084242 	 98643.367188 	 633.786865 
122 	 41.678688 	 283.323761 	 293.686066 	 0.664885 	 98545.148438 	 663.101562 
123 	 41.678688 	 283.323761 	 294.141296 	 0.596116 	 98440.093750 	 647.871033 
124 	 41.678688 	 283.323761 	 294.996460 	 0.683716 	 98383.500000 	 644.455811 
125 	 41.678688 	 283.323761 	 294.226959 	 2.293506 	 98487.070312 	 669.730774 
126 	 41.678688 	 283.323761 	 291.146484 	 2.053702 	 98732.828125 	 551.365051 
127 	 41.678688 	 283.323761 	 289.217865 	 3.238493 	 98592.312500 	 572.021606 
128 	 41.678688 	 283.323761 	 291.279663 	 2.297353 	 98736.976562 	 629.159912 
129 	 41.678688 	 283.323761 	 290.993805 	 1.863649 	 98746.000000 	 643.075195 
130 	 41.678688 	 283.323761 	 291.269196 	 1.719792 	 98095.437500 	 541.806091 
131 	 41.678688 	 283.323761 	 290.257416 	 1.634510 	 97558.476562 	 553.958984 
132 	 41.678688 	 283.323761 	 284.105469 	 6.384729 	 97513.601562 	 529.698792 
133 	 41.678688 	 283.323761 	 284.683533 	 4.897646 	 98332.351562 	 597.442383 
134 	 41.678688 	 283.323761 	 289.208191 	 2.602743 	 98544.671875 	 619.704468 
135 	 41.678688 	 283.323761 	 292.419617 	 3.249466 	 97797.351562 	 526.350098 
136 	 41.678688 	 283.323761 	 285.593475 	 1.653080 	 98497.046875 	 484.529724 
137 	 41.678688 	 283.323761 	 288.203308 	 0.919084 	 98899.820312 	 646.601929 
138 	 41.678688 	 283.323761 	 287.975616 	 0.878070 	 98793.703125 	 609.735474 
139 	 41.678688 	 283.323761 	 289.499329 	 1.120325 	 98473.007812 	 598.027344 
140 	 41.678688 	 283.323761 	 294.394714 	 1.788307 	 98441.843750 	 652.252319 
141 	 41.678688 	 283.323761 	 296.246429 	 2.886258 	 97825.820312 	 660.606812 
142 	 41.678688 	 283.323761 	 294.490509 	 2.201621 	 98014.789062 	 661.966553 
143 	 41.678688 	 283.323761 	 297.739563 	 4.885961 	 97797.226562 	 672.963928 
144 	 41.678688 	 283.323761 	 292.457703 	 1.629498 	 98439.132812 	 503.263824 
145 	 41.678688 	 283.323761 	 294.859070 	 1.993737 	 98889.382812 	 688.758301 
146 	 41.678688 	 283.323761 	 293.367676 	 4.347320 	 99204.726562 	 680.343262 
147 	 41.678688 	 283.323761 	 297.068329 	 3.999376 	 98727.796875 	 698.270935 
148 	 41.678688 	 283.323761 	 295.132507 	 2.260771 	 98623.421875 	 649.535034 
149 	 41.678688 	 283.323761 	 294.295868 	 3.085057 	 98716.093750 	 653.268188 
150 	 41.678688 	 283.323761 	 294.578522 	 3.004523 	 98536.007812 	 677.722229 
151 	 41.678688 	 283.323761 	 294.877777 	 3.952360 	 98296.703125 	 652.406311 
152 	 41.678688 	 283.323761 	 291.343567 	 1.949470 	 99356.109375 	 675.704407 
153 	 41.678688 	 283.323761 	 294.644012 	 4.993175 	 98910.156250 	 669.420532 
154 	 41.678688 	 283.323761 	 298.426147 	 3.647746 	 98466.882812 	 692.774170 
155 	 41.678688 	 283.323761 	 298.903381 	 3.508453 	 98221.476562 	 729.824951 
156 	 41.678688 	 283.323761 	 297.773193 	 4.127584 	 97764.929688 	 582.741943 
157 	 41.678688 	 283.323761 	 299.110687 	 4.410243 	 97704.742188 	 687.579041 
158 	 41.678688 	 283.323761 	 295.641968 	 4.466483 	 97409.382812 	 497.812805 
159 	 41.678688 	 283.323761 	 287.140503 	 3.850075 	 98147.960938 	 687.379639 
160 	 41.678688 	 283.323761 	 288.051910 	 1.250552 	 98720.757812 	 610.451660 
161 	 41.678688 	 283.323761 	 289.070221 	 1.746976 	 98787.750000 	 488.956757 
162 	 41.678688 	 283.323761 	 293.504822 	 3.805015 	 97881.703125 	 558.732666 
163 	 41.678688 	 283.323761 	 291.099152 	 1.792408 	 98470.093750 	 616.321899 
164 	 41.678688 	 283.323761 	 292.503082 	 3.585648 	 98756.593750 	 605.600342 
165 	 41.678688 	 283.323761 	 294.623810 	 6.423426 	 98309.156250 	 546.696960 
166 	 41.678688 	 283.323761 	 297.023590 	 1.845211 	 98210.171875 	 719.379089 
167 	 41.678688 	 283.323761 	 297.928894 	 3.052040 	 98314.117188 	 692.631836 
168 	 41.678688 	 283.323761 	 297.953949 	 4.545684 	 98065.312500 	 726.369446 
169 	 41.678688 	 283.323761 	 291.972626 	 2.613304 	 99255.937500 	 657.414124 
170 	 41.678688 	 283.323761 	 290.613464 	 1.290457 	 99719.796875 	 674.280518 
171 	 41.678688 	 283.323761 	 296.357697 	 3.021260 	 99376.078125 	 668.475098 
172 	 41.678688 	 283.323761 	 298.782471 	 0.883885 	 98863.796875 	 733.485962 
173 	 41.678688 	 283.323761 	 299.390442 	 2.929410 	 98387.492188 	 668.099060 
174 	 41.678688 	 283.323761 	 299.662018 	 2.361336 	 98448.453125 	 733.453247 
175 	 41.678688 	 283.323761 	 301.292847 	 2.793317 	 98317.148438 	 728.634094 
176 	 41.678688 	 283.323761 	 299.766022 	 2.222440 	 98037.492188 	 703.590576 
177 	 41.678688 	 283.323761 	 298.972595 	 3.243756 	 97944.382812 	 715.506470 
178 	 41.678688 	 283.323761 	 298.372711 	 2.588531 	 98643.382812 	 724.843384 
179 	 41.678688 	 283.323761 	 299.718933 	 2.275574 	 98855.921875 	 721.213074 
180 	 41.678688 	 283.323761 	 302.141479 	 2.805096 	 98627.656250 	 719.588989 
181 	 41.678688 	 283.323761 	 301.684753 	 1.290065 	 98412.460938 	 737.594238 
182 	 41.678688 	 283.323761 	 299.127228 	 3.246953 	 98376.218750 	 730.242126 
183 	 41.678688 	 283.323761 	 297.316772 	 1.436420 	 98767.671875 	 671.472900 
184 	 41.678688 	 283.323761 	 297.460815 	 2.586074 	 99360.171875 	 733.818359 
185 	 41.678688 	 283.323761 	 298.045410 	 2.842386 	 99526.742188 	 674.392700 
186 	 41.678688 	 283.323761 	 299.398132 	 3.200879 	 98838.968750 	 672.041138 
187 	 41.678688 	 283.323761 	 297.644501 	 2.607821 	 98292.671875 	 715.743530 
188 	 41.678688 	 283.323761 	 295.158722 	 2.456937 	 98286.882812 	 706.975098 
189 	 41.678688 	 283.323761 	 294.506012 	 2.590564 	 98679.507812 	 689.515320 
190 	 41.678688 	 283.323761 	 296.375427 	 1.514414 	 98990.500000 	 707.860168 
191 	 41.678688 	 283.323761 	 295.728180 	 1.765086 	 99080.812500 	 652.505127 
192 	 41.678688 	 283.323761 	 298.427582 	 3.258985 	 99139.968750 	 709.828430 
193 	 41.678688 	 283.323761 	 300.592560 	 3.306511 	 98710.398438 	 743.635254 
194 	 41.678688 	 283.323761 	 300.970123 	 2.716632 	 98531.226562 	 734.461548 
195 	 41.678688 	 283.323761 	 299.890259 	 1.847920 	 98648.062500 	 717.751465 
196 	 41.678688 	 283.323761 	 303.578522 	 2.704851 	 98378.453125 	 736.983521 
197 	 41.678688 	 283.323761 	 302.937714 	 2.676483 	 98534.656250 	 728.505310 
198 	 41.678688 	 283.323761 	 301.290588 	 2.015864 	 98744.882812 	 704.461060 
199 	 41.678688 	 283.323761 	 301.706055 	 1.643785 	 98784.039062 	 714.920044 
200 	 41.678688 	 283.323761 	 302.963226 	 2.858092 	 98592.367188 	 671.777100 
201 	 41.678688 	 283.323761 	 301.937561 	 3.123724 	 98456.570312 	 728.532227 
202 	 41.678688 	 283.323761 	 299.017212 	 2.905150 	 98422.476562 	 721.097046 
203 	 41.678688 	 283.323761 	 295.470886 	 2.838002 	 99423.351562 	 692.413940 
204 	 41.678688 	 283.323761 	 295.191437 	 1.470107 	 99582.093750 	 685.126831 
205 	 41.678688 	 283.323761 	 299.689514 	 4.314135 	 98855.710938 	 661.718201 
206 	 41.678688 	 283.323761 	 299.602295 	 1.991805 	 98246.328125 	 707.394287 
207 	 41.678688 	 283.323761 	 298.732391 	 0.742533 	 98258.406250 	 700.406921 
208 	 41.678688 	 283.323761 	 301.145477 	 2.005258 	 98130.117188 	 714.841064 
209 	 41.678688 	 283.323761 	 303.703125 	 2.064233 	 98334.312500 	 709.682007 
210 	 41.678688 	 283.323761 	 302.209503 	 1.400085 	 98866.437500 	 689.735291 
211 	 41.678688 	 283.323761 	 302.838989 	 3.362643 	 98588.992188 	 727.859985 
212 	 41.678688 	 283.323761 	 303.922882 	 2.884862 	 98318.000000 	 678.336304 
213 	 41.678688 	 283.323761 	 301.430145 	 2.099079 	 98299.437500 	 687.432617 
214 	 41.678688 	 283.323761 	 299.917419 	 1.428101 	 98673.726562 	 706.488525 
215 	 41.678688 	 283.323761 	 301.177399 	 3.316077 	 98579.343750 	 688.502808 
216 	 41.678688 	 283.323761 	 300.141144 	 3.128993 	 98146.187500 	 634.027344 
217 	 41.678688 	 283.323761 	 290.162628 	 3.306477 	 98574.093750 	 643.910645 
218 	 41.678688 	 283.323761 	 288.787872 	 1.212839 	 99184.171875 	 634.193970 
219 	 41.678688 	 283.323761 	 290.882477 	 3.038277 	 99226.578125 	 543.799744 
220 	 41.678688 	 283.323761 	 292.993225 	 2.894180 	 99027.718750 	 464.246185 
221 	 41.678688 	 283.323761 	 292.981262 	 2.156359 	 98983.789062 	 623.663940 
222 	 41.678688 	 283.323761 	 292.735016 	 0.972667 	 99361.929688 	 658.413574 
223 	 41.678688 	 283.323761 	 294.592926 	 0.898465 	 99385.117188 	 632.490234 
224 	 41.678688 	 283.323761 	 296.047455 	 1.709101 	 99131.187500 	 604.072632 
225 	 41.678688 	 283.323761 	 297.472565 	 2.380389 	 98879.867188 	 654.643127 
226 	 41.678688 	 283.323761 	 298.493652 	 3.632355 	 98604.570312 	 690.851318 
227 	 41.678688 	 283.323761 	 299.994019 	 2.879664 	 98056.023438 	 625.104675 
228 	 41.678688 	 283.323761 	 299.979919 	 3.432197 	 97819.882812 	 677.507446 
229 	 41.678688 	 283.323761 	 293.146820 	 3.246029 	 98359.921875 	 626.009766 
230 	 41.678688 	 283.323761 	 291.447388 	 1.230396 	 99027.640625 	 628.978760 
231 	 41.678688 	 283.323761 	 293.341309 	 1.212330 	 99482.820312 	 640.793213 
232 	 41.678688 	 283.323761 	 295.710297 	 2.786069 	 99716.351562 	 648.458984 
233 	 41.678688 	 283.323761 	 296.786774 	 2.937684 	 99550.101562 	 629.545410 
234 	 41.678688 	 283.323761 	 295.853424 	 3.918068 	 99022.523438 	 584.226379 
235 	 41.678688 	 283.323761 	 298.627747 	 2.639081 	 98443.031250 	 655.863281 
236 	 41.678688 	 283.323761 	 297.566528 	 3.206651 	 98407.710938 	 642.392944 
237 	 41.678688 	 283.323761 	 298.893036 	 3.038009 	 98136.742188 	 574.659912 
238 	 41.678688 	 283.323761 	 296.063324 	 2.145615 	 97925.796875 	 556.489929 
239 	 41.678688 	 283.323761 	 296.481659 	 2.797048 	 98220.796875 	 616.707947 
240 	 41.678688 	 283.323761 	 296.559692 	 2.663188 	 98378.250000 	 467.716675 
241 	 41.678688 	 283.323761 	 292.588196 	 4.499225 	 98600.960938 	 564.215515 
242 	 41.678688 	 283.323761 	 287.156250 	 3.489135 	 99695.953125 	 579.422241 
243 	 41.678688 	 283.323761 	 288.200348 	 1.701174 	 100054.000000 	 587.388855 
244 	 41.678688 	 283.323761 	 291.136139 	 1.254254 	 99888.523438 	 605.860046 
245 	 41.678688 	 283.323761 	 293.178955 	 1.890945 	 99457.796875 	 581.992859 
246 	 41.678688 	 283.323761 	 295.921478 	 3.563998 	 98665.296875 	 625.043823 
247 	 41.678688 	 283.323761 	 295.952545 	 2.526810 	 98345.406250 	 634.254517 
248 	 41.678688 	 283.323761 	 290.670624 	 1.389775 	 99201.078125 	 509.612549 
249 	 41.678688 	 283.323761 	 293.426849 	 3.361908 	 99349.117188 	 590.954468 
250 	 41.678688 	 283.323761 	 301.432220 	 3.065694 	 98599.117188 	 616.537720 
251 	 41.678688 	 283.323761 	 297.787476 	 2.177682 	 98661.171875 	 586.588196 
252 	 41.678688 	 283.323761 	 298.455353 	 3.458005 	 98202.671875 	 616.363953 
253 	 41.678688 	 283.323761 	 293.109772 	 1.810015 	 99028.101562 	 586.632812 
254 	 41.678688 	 283.323761 	 292.002686 	 2.143555 	 99085.781250 	 503.994904 
255 	 41.678688 	 283.323761 	 297.494385 	 3.238799 	 98202.460938 	 574.546082 
256 	 41.678688 	 283.323761 	 292.550140 	 1.709310 	 98730.187500 	 497.139343 
257 	 41.678688 	 283.323761 	 290.263977 	 2.191388 	 99477.351562 	 471.409119 
258 	 41.678688 	 283.323761 	 287.785828 	 3.838354 	 99976.328125 	 462.510193 
259 	 41.678688 	 283.323761 	 288.427856 	 3.083896 	 99883.906250 	 501.779175 
260 	 41.678688 	 283.323761 	 289.927673 	 3.188884 	 99911.507812 	 529.971802 
261 	 41.678688 	 283.323761 	 290.487366 	 3.440424 	 99608.250000 	 541.226196 
262 	 41.678688 	 283.323761 	 290.854004 	 2.338387 	 99476.539062 	 559.225586 
263 	 41.678688 	 283.323761 	 287.349243 	 1.172324 	 99812.796875 	 537.790405 
264 	 41.678688 	 283.323761 	 288.934021 	 2.778657 	 99719.578125 	 544.304688 
265 	 41.678688 	 283.323761 	 294.238739 	 3.897618 	 99209.382812 	 519.862183 
266 	 41.678688 	 283.323761 	 296.580902 	 3.466490 	 98773.203125 	 605.892822 
267 	 41.678688 	 283.323761 	 294.872192 	 3.107098 	 98596.796875 	 570.830322 
268 	 41.678688 	 283.323761 	 285.312897 	 2.721747 	 99139.632812 	 467.631592 
269 	 41.678688 	 283.323761 	 282.612427 	 2.103329 	 99357.796875 	 506.390503 
270 	 41.678688 	 283.323761 	 284.720154 	 2.406150 	 98755.953125 	 480.724731 
271 	 41.678688 	 283.323761 	 285.883636 	 0.755694 	 98793.796875 	 434.070251 
272 	 41.678688 	 283.323761 	 285.855530 	 1.801048 	 99346.000000 	 443.660583 
273 	 41.678688 	 283.323761 	 289.286133 	 4.469097 	 98794.117188 	 445.814667 
274 	 41.678688 	 283.323761 	 290.370850 	 2.562071 	 98014.406250 	 508.589233 
275 	 41.678688 	 283.323761 	 289.609558 	 3.047358 	 98201.117188 	 494.200195 
276 	 41.678688 	 283.323761 	 284.900085 	 2.269009 	 99255.117188 	 501.311768 
277 	 41.678688 	 283.323761 	 284.050476 	 2.167547 	 100216.101562 	 501.540344 
278 	 41.678688 	 283.323761 	 290.122375 	 3.582885 	 99920.328125 	 469.114349 
279 	 41.678688 	 283.323761 	 291.985718 	 2.657642 	 99646.843750 	 477.070892 
280 	 41.678688 	 283.323761 	 293.116302 	 3.340247 	 99380.828125 	 536.844971 
281 	 41.678688 	 283.323761 	 290.243134 	 4.306439 	 98734.367188 	 420.615204 
282 	 41.678688 	 283.323761 	 282.623474 	 2.034342 	 99652.703125 	 489.858398 
283 	 41.678688 	 283.323761 	 284.071594 	 3.368820 	 99367.031250 	 401.490479 
284 	 41.678688 	 283.323761 	 293.344086 	 4.295270 	 98111.789062 	 444.877899 
285 	 41.678688 	 283.323761 	 284.754761 	 2.317438 	 98512.398438 	 491.224976 
286 	 41.678688 	 283.323761 	 281.473114 	 1.825368 	 99242.859375 	 464.833252 
287 	 41.678688 	 283.323761 	 289.360168 	 4.785324 	 98612.203125 	 439.408936 
288 	 41.678688 	 283.323761 	 281.515900 	 1.531567 	 99229.843750 	 455.202209 
289 	 41.678688 	 283.323761 	 284.363770 	 1.198101 	 99118.078125 	 458.908020 
290 	 41.678688 	 283.323761 	 286.455597 	 2.395999 	 99241.531250 	 480.035339 
291 	 41.678688 	 283.323761 	 292.607819 	 3.112668 	 99062.617188 	 522.493164 
292 	 41.678688 	 283.323761 	 292.652161 	 3.057842 	 98894.023438 	 505.411743 
293 	 41.678688 	 283.323761 	 291.668457 	 3.479883 	 98541.703125 	 439.034210 
294 	 41.678688 	 283.323761 	 287.979645 	 5.109971 	 97567.406250 	 495.299438 
295 	 41.678688 	 283.323761 	 280.259613 	 0.958276 	 98499.156250 	 403.671753 
296 	 41.678688 	 283.323761 	 279.908844 	 1.596048 	 98755.343750 	 366.067719 
297 	 41.678688 	 283.323761 	 279.063904 	 2.126283 	 99281.562500 	 345.294098 
298 	 41.678688 	 283.323761 	 282.707794 	 1.671529 	 99331.523438 	 442.786835 
299 	 41.678688 	 283.323761 	 285.192596 	 1.125393 	 99457.820312 	 417.736755 
300 	 41.678688 	 283.323761 	 287.198120 	 3.758297 	 99587.906250 	 425.586060 
301 	 41.678688 	 283.323761 	 290.015106 	 4.776711 	 99155.539062 	 399.873199 
302 	 41.678688 	 283.323761 	 282.844147 	 3.366057 	 98999.210938 	 430.508911 
303 	 41.678688 	 283.323761 	 278.280457 	 2.425860 	 98836.000000 	 393.527893 
304 	 41.678688 	 283.323761 	 277.752167 	 1.227777 	 99499.296875 	 402.337463 
305 	 41.678688 	 283.323761 	 280.590302 	 2.195804 	 100052.398438 	 419.001343 
306 	 41.678688 	 283.323761 	 283.733704 	 3.474398 	 100229.898438 	 429.886139 
307 	 41.678688 	 283.323761 	 285.964142 	 4.980288 	 99438.906250 	 383.252686 
308 	 41.678688 	 283.323761 	 276.354614 	 2.548951 	 99571.421875 	 392.456482 
309 	 41.678688 	 283.323761 	 276.337219 	 2.262055 	 99920.476562 	 390.702148 
310 	 41.678688 	 283.323761 	 279.675720 	 4.085989 	 99360.070312 	 319.291016 
311 	 41.678688 	 283.323761 	 275.946960 	 3.454580 	 99349.226562 	 387.868622 
312 	 41.678688 	 283.323761 	 274.251038 	 2.648305 	 99660.343750 	 380.309326 
313 	 41.678688 	 283.323761 	 277.801453 	 3.798054 	 98387.796875 	 342.649292 
314 	 41.678688 	 283.323761 	 274.926422 	 3.858904 	 98104.796875 	 399.669434 
315 	 41.678688 	 283.323761 	 277.946289 	 2.734287 	 98584.843750 	 390.156067 
316 	 41.678688 	 283.323761 	 282.235901 	 2.504845 	 98812.710938 	 408.460114 
317 	 41.678688 	 283.323761 	 284.097443 	 1.794125 	 99425.031250 	 444.082214 
318 	 41.678688 	 283.323761 	 283.982880 	 4.540195 	 99458.281250 	 375.796082 
319 	 41.678688 	 283.323761 	 282.994781 	 4.529788 	 98944.812500 	 397.675110 
320 	 41.678688 	 283.323761 	 273.218506 	 1.777542 	 99716.773438 	 317.052948 
321 	 41.678688 	 283.323761 	 275.706879 	 1.386304 	 99839.710938 	 363.469269 
322 	 41.678688 	 283.323761 	 283.031219 	 3.191463 	 99613.648438 	 378.236359 
323 	 41.678688 	 283.323761 	 288.045471 	 3.604801 	 98997.000000 	 444.677399 
324 	 41.678688 	 283.323761 	 286.898010 	 3.648949 	 98887.882812 	 395.386200 
325 	 41.678688 	 283.323761 	 281.324982 	 5.559110 	 97842.929688 	 396.628418 
326 	 41.678688 	 283.323761 	 274.161316 	 2.451627 	 99093.062500 	 350.478394 
327 	 41.678688 	 283.323761 	 276.621124 	 2.589621 	 99274.921875 	 374.692383 
328 	 41.678688 	 283.323761 	 280.649750 	 3.110649 	 99110.882812 	 354.949524 
329 	 41.678688 	 283.323761 	 283.776794 	 5.167261 	 98023.101562 	 389.308289 
330 	 41.678688 	 283.323761 	 274.685181 	 5.187658 	 97814.101562 	 354.972290 
331 	 41.678688 	 283.323761 	 272.825836 	 3.980423 	 98892.507812 	 335.801178 
332 	 41.678688 	 283.323761 	 274.012970 	 2.538285 	 99109.796875 	 327.623871 
333 	 41.678688 	 283.323761 	 276.307068 	 1.889880 	 99509.453125 	 349.335754 
334 	 41.678688 	 283.323761 	 276.461761 	 1.810860 	 99868.593750 	 359.885986 
335 	 41.678688 	 283.323761 	 271.328735 	 1.690289 	 99875.750000 	 339.623230 
336 	 41.678688 	 283.323761 	 275.843811 	 3.652565 	 98744.546875 	 334.580475 
337 	 41.678688 	 283.323761 	 275.041595 	 3.881677 	 98176.156250 	 363.712250 
338 	 41.678688 	 283.323761 	 273.822876 	 2.986295 	 98141.578125 	 349.659149 
339 	 41.678688 	 283.323761 	 275.591766 	 2.868377 	 98074.648438 	 332.361542 
340 	 41.678688 	 283.323761 	 278.646667 	 2.986874 	 97804.023438 	 371.343567 
341 	 41.678688 	 283.323761 	 278.436401 	 3.422238 	 98517.156250 	 344.986145 
342 	 41.678688 	 283.323761 	 279.661469 	 1.768007 	 99584.796875 	 410.744385 
343 	 41.678688 	 283.323761 	 283.075989 	 3.968386 	 99861.429688 	 380.072174 
344 	 41.678688 	 283.323761 	 285.039795 	 3.582772 	 99242.812500 	 397.904144 
345 	 41.678688 	 283.323761 	 272.969116 	 4.105711 	 100088.796875 	 319.090729 
346 	 41.678688 	 283.323761 	 269.775970 	 2.560007 	 100394.898438 	 306.052399 
347 	 41.678688 	 283.323761 	 280.017395 	 5.426050 	 97683.226562 	 356.404053 
348 	 41.678688 	 283.323761 	 269.521179 	 4.196936 	 97558.679688 	 328.055054 
349 	 41.678688 	 283.323761 	 270.805511 	 3.518476 	 98901.640625 	 303.620636 
350 	 41.678688 	 283.323761 	 274.243713 	 2.929825 	 99192.500000 	 340.258667 
351 	 41.678688 	 283.323761 	 276.219269 	 3.893791 	 98803.250000 	 319.068481 
352 	 41.678688 	 283.323761 	 278.370605 	 4.130445 	 97892.726562 	 335.843353 
353 	 41.678688 	 283.323761 	 267.652924 	 3.947029 	 98563.296875 	 291.066589 
354 	 41.678688 	 283.323761 	 269.663391 	 4.686221 	 98740.796875 	 328.104858 
355 	 41.678688 	 283.323761 	 268.995667 	 2.390746 	 100670.898438 	 317.190796 
356 	 41.678688 	 283.323761 	 274.323975 	 4.626668 	 100788.898438 	 331.452698 
357 	 41.678688 	 283.323761 	 278.083221 	 3.236399 	 100969.000000 	 362.357819 
358 	 41.678688 	 283.323761 	 281.375885 	 2.460494 	 101078.101562 	 384.840637 
359 	 41.678688 	 283.323761 	 282.419922 	 2.652293 	 100671.398438 	 394.485748 
360 	 41.678688 	 283.323761 	 281.560730 	 3.274834 	 99781.882812 	 401.586670 
361 	 41.678688 	 283.323761 	 281.911072 	 3.347872 	 99162.218750 	 373.106873 
362 	 41.678688 	 283.323761 	 285.292938 	 4.325329 	 98687.351562 	 389.882935 
363 	 41.678688 	 283.323761 	 275.801453 	 2.777540 	 98930.476562 	 361.130249 
364 	 41.678688 	 283.323761 	 270.158997 	 0.700919 	 100028.000000 	 316.521057 
