# 0: Day of Year [-] 	 1: lat [deg] 	 2: lon [deg] 	 3: tas [K] 	 4: sfcWind [m s-1] 	 5: ps [Pa] 	 6: Total Downwelling Rad Flux [W m-2] 
0 	 41.678688 	 283.323761 	 271.112946 	 2.539876 	 97561.343750 	 325.270081 
1 	 41.678688 	 283.323761 	 271.354706 	 3.034052 	 97668.187500 	 325.415924 
2 	 41.678688 	 283.323761 	 276.744446 	 4.551555 	 97373.437500 	 364.724030 
3 	 41.678688 	 283.323761 	 271.883362 	 4.278372 	 97644.656250 	 325.953949 
4 	 41.678688 	 283.323761 	 270.991455 	 3.620851 	 98146.992188 	 345.519104 
5 	 41.678688 	 283.323761 	 270.682953 	 3.434383 	 98780.382812 	 287.883972 
6 	 41.678688 	 283.323761 	 279.642059 	 2.967160 	 98121.132812 	 377.997375 
7 	 41.678688 	 283.323761 	 278.540161 	 3.462110 	 97950.851562 	 321.052643 
8 	 41.678688 	 283.323761 	 282.190948 	 2.382622 	 97517.929688 	 370.214966 
9 	 41.678688 	 283.323761 	 276.253876 	 2.562268 	 98801.773438 	 319.105774 
10 	 41.678688 	 283.323761 	 282.060913 	 3.884376 	 99340.320312 	 381.265167 
11 	 41.678688 	 283.323761 	 290.158295 	 4.633792 	 98383.437500 	 410.608612 
12 	 41.678688 	 283.323761 	 289.258362 	 1.383540 	 98201.882812 	 412.498810 
13 	 41.678688 	 283.323761 	 287.035400 	 2.212654 	 97793.210938 	 401.122162 
14 	 41.678688 	 283.323761 	 281.185913 	 4.797651 	 96345.468750 	 375.716370 
15 	 41.678688 	 283.323761 	 273.121033 	 3.887164 	 98052.640625 	 331.038605 
16 	 41.678688 	 283.323761 	 270.135132 	 2.168194 	 99440.156250 	 337.326202 
17 	 41.678688 	 283.323761 	 270.966492 	 2.447237 	 100473.296875 	 354.072479 
18 	 41.678688 	 283.323761 	 271.194977 	 0.734285 	 100368.000000 	 329.708252 
19 	 41.678688 	 283.323761 	 274.065887 	 1.899225 	 99816.023438 	 342.307587 
20 	 41.678688 	 283.323761 	 272.817047 	 1.087340 	 99946.210938 	 360.309814 
21 	 41.678688 	 283.323761 	 276.048889 	 0.778903 	 99772.789062 	 365.738068 
22 	 41.678688 	 283.323761 	 277.803131 	 1.554976 	 99503.757812 	 360.449951 
23 	 41.678688 	 283.323761 	 279.917175 	 1.354745 	 99247.992188 	 390.577698 
24 	 41.678688 	 283.323761 	 281.756378 	 3.139477 	 99225.226562 	 396.950104 
25 	 41.678688 	 283.323761 	 285.311340 	 5.319677 	 98601.460938 	 401.094360 
26 	 41.678688 	 283.323761 	 284.455566 	 3.484838 	 97546.156250 	 381.417572 
27 	 41.678688 	 283.323761 	 275.364929 	 3.689165 	 97553.601562 	 358.173950 
28 	 41.678688 	 283.323761 	 268.752716 	 3.910888 	 98481.812500 	 373.607544 
29 	 41.678688 	 283.323761 	 268.345001 	 2.764970 	 99497.617188 	 329.445038 
30 	 41.678688 	 283.323761 	 270.013092 	 1.570302 	 99583.492188 	 335.088806 
31 	 41.678688 	 283.323761 	 275.555328 	 3.271482 	 98629.757812 	 404.412048 
32 	 41.678688 	 283.323761 	 278.258698 	 4.330338 	 97769.710938 	 388.757751 
33 	 41.678688 	 283.323761 	 266.563049 	 4.922451 	 98659.656250 	 341.030090 
34 	 41.678688 	 283.323761 	 265.345581 	 2.999573 	 100149.601562 	 335.237427 
35 	 41.678688 	 283.323761 	 273.835419 	 4.706250 	 99440.921875 	 354.138794 
36 	 41.678688 	 283.323761 	 279.526459 	 2.561435 	 98662.359375 	 399.984741 
37 	 41.678688 	 283.323761 	 274.857727 	 1.781491 	 98301.148438 	 358.299377 
38 	 41.678688 	 283.323761 	 273.035370 	 3.413821 	 97769.492188 	 395.525269 
39 	 41.678688 	 283.323761 	 268.993408 	 2.801832 	 98617.617188 	 397.384888 
40 	 41.678688 	 283.323761 	 272.675507 	 3.572150 	 97951.750000 	 377.041809 
41 	 41.678688 	 283.323761 	 275.586304 	 3.131896 	 97060.117188 	 364.287811 
42 	 41.678688 	 283.323761 	 271.667755 	 2.147739 	 97290.078125 	 333.436005 
43 	 41.678688 	 283.323761 	 271.525665 	 4.061021 	 98230.843750 	 399.679932 
44 	 41.678688 	 283.323761 	 275.386993 	 3.378547 	 98322.726562 	 398.792572 
45 	 41.678688 	 283.323761 	 275.768372 	 2.263992 	 98790.539062 	 432.151672 
46 	 41.678688 	 283.323761 	 273.359558 	 1.602685 	 98957.679688 	 349.990173 
47 	 41.678688 	 283.323761 	 277.150726 	 2.993423 	 98487.679688 	 354.091614 
48 	 41.678688 	 283.323761 	 278.742615 	 2.444400 	 97413.132812 	 393.007568 
49 	 41.678688 	 283.323761 	 276.828766 	 4.340734 	 96821.437500 	 422.638062 
50 	 41.678688 	 283.323761 	 267.600403 	 3.906925 	 98177.992188 	 382.668518 
51 	 41.678688 	 283.323761 	 268.013702 	 1.767909 	 98899.796875 	 305.873596 
52 	 41.678688 	 283.323761 	 270.551422 	 3.103190 	 97854.328125 	 398.455658 
53 	 41.678688 	 283.323761 	 270.669373 	 3.928467 	 97192.492188 	 405.499451 
54 	 41.678688 	 283.323761 	 271.196198 	 3.996708 	 97403.093750 	 387.483398 
55 	 41.678688 	 283.323761 	 270.745483 	 1.839791 	 98353.593750 	 402.886475 
56 	 41.678688 	 283.323761 	 269.975250 	 3.293628 	 98673.367188 	 335.818726 
57 	 41.678688 	 283.323761 	 271.160004 	 6.267775 	 96724.289062 	 358.962769 
58 	 41.678688 	 283.323761 	 272.989349 	 6.345640 	 96051.960938 	 452.396912 
59 	 41.678688 	 283.323761 	 274.085541 	 3.250334 	 97321.789062 	 432.346924 
60 	 41.678688 	 283.323761 	 273.419037 	 1.850046 	 97633.078125 	 403.439728 
61 	 41.678688 	 283.323761 	 271.374115 	 1.727583 	 97888.976562 	 429.251465 
62 	 41.678688 	 283.323761 	 271.477081 	 2.360455 	 98248.406250 	 434.532593 
63 	 41.678688 	 283.323761 	 271.471313 	 1.203553 	 98556.117188 	 433.260315 
64 	 41.678688 	 283.323761 	 272.961212 	 2.475117 	 98322.296875 	 410.194031 
65 	 41.678688 	 283.323761 	 274.308350 	 2.646034 	 98395.296875 	 435.269897 
66 	 41.678688 	 283.323761 	 273.237427 	 2.500825 	 98015.546875 	 434.731873 
67 	 41.678688 	 283.323761 	 272.014923 	 3.598149 	 98600.656250 	 420.355438 
68 	 41.678688 	 283.323761 	 272.334808 	 2.262390 	 99140.296875 	 468.570740 
69 	 41.678688 	 283.323761 	 276.380737 	 2.078599 	 99048.406250 	 463.699158 
70 	 41.678688 	 283.323761 	 278.088013 	 1.343218 	 98996.882812 	 451.976868 
71 	 41.678688 	 283.323761 	 280.744446 	 1.746895 	 98827.093750 	 497.659119 
72 	 41.678688 	 283.323761 	 284.152557 	 4.089637 	 97786.539062 	 373.713623 
73 	 41.678688 	 283.323761 	 282.134338 	 4.212801 	 95810.062500 	 418.965637 
74 	 41.678688 	 283.323761 	 278.582001 	 4.647448 	 96817.046875 	 494.076843 
75 	 41.678688 	 283.323761 	 278.529694 	 2.200544 	 97661.289062 	 365.930328 
76 	 41.678688 	 283.323761 	 285.439636 	 3.327642 	 97491.828125 	 403.230133 
77 	 41.678688 	 283.323761 	 282.896667 	 5.474407 	 95903.062500 	 467.974854 
78 	 41.678688 	 283.323761 	 275.838531 	 3.532348 	 96533.906250 	 422.670532 
79 	 41.678688 	 283.323761 	 272.601105 	 3.446146 	 97503.406250 	 460.516785 
80 	 41.678688 	 283.323761 	 271.588379 	 4.340256 	 97308.382812 	 436.028931 
81 	 41.678688 	 283.323761 	 271.989624 	 5.363015 	 97012.406250 	 483.568665 
82 	 41.678688 	 283.323761 	 274.512329 	 4.294014 	 97467.757812 	 485.870972 
83 	 41.678688 	 283.323761 	 275.633148 	 1.989746 	 97964.906250 	 432.266296 
84 	 41.678688 	 283.323761 	 278.721954 	 2.689293 	 97463.351562 	 398.965759 
85 	 41.678688 	 283.323761 	 279.436737 	 4.075821 	 96609.726562 	 483.292725 
86 	 41.678688 	 283.323761 	 273.935791 	 3.977534 	 97826.710938 	 493.395233 
87 	 41.678688 	 283.323761 	 277.161652 	 2.232848 	 98923.593750 	 507.061340 
88 	 41.678688 	 283.323761 	 279.012268 	 1.440262 	 99052.851562 	 435.412048 
89 	 41.678688 	 283.323761 	 280.655060 	 1.927958 	 98493.640625 	 458.743042 
90 	 41.678688 	 283.323761 	 280.547577 	 1.871836 	 98649.421875 	 515.480469 
91 	 41.678688 	 283.323761 	 281.766327 	 2.316470 	 98356.101562 	 446.164520 
92 	 41.678688 	 283.323761 	 282.124146 	 2.872184 	 97213.632812 	 399.355469 
93 	 41.678688 	 283.323761 	 280.442719 	 5.222148 	 96389.500000 	 535.075195 
94 	 41.678688 	 283.323761 	 278.493347 	 3.284098 	 97415.273438 	 538.053833 
95 	 41.678688 	 283.323761 	 279.805359 	 4.150330 	 97767.460938 	 427.239380 
96 	 41.678688 	 283.323761 	 279.921722 	 2.442399 	 98606.023438 	 517.278198 
97 	 41.678688 	 283.323761 	 278.692780 	 1.693125 	 99149.382812 	 385.151062 
98 	 41.678688 	 283.323761 	 278.105316 	 2.779940 	 99356.882812 	 505.217041 
99 	 41.678688 	 283.323761 	 279.614136 	 2.803315 	 99047.492188 	 546.223511 
100 	 41.678688 	 283.323761 	 280.009003 	 2.007066 	 98449.453125 	 475.191284 
101 	 41.678688 	 283.323761 	 279.502869 	 3.367476 	 99242.843750 	 504.957092 
102 	 41.678688 	 283.323761 	 277.665314 	 1.294212 	 99540.773438 	 543.839172 
103 	 41.678688 	 283.323761 	 280.811249 	 2.436571 	 99199.039062 	 557.550781 
104 	 41.678688 	 283.323761 	 286.879608 	 4.433418 	 98480.593750 	 579.557373 
105 	 41.678688 	 283.323761 	 287.564056 	 4.404256 	 97786.679688 	 419.786865 
106 	 41.678688 	 283.323761 	 281.710876 	 4.174329 	 97464.203125 	 563.867615 
107 	 41.678688 	 283.323761 	 279.739685 	 2.166746 	 98395.132812 	 544.796753 
108 	 41.678688 	 283.323761 	 281.540863 	 1.160092 	 98428.890625 	 525.984131 
109 	 41.678688 	 283.323761 	 287.060822 	 2.418629 	 98340.296875 	 591.658813 
110 	 41.678688 	 283.323761 	 286.783020 	 3.396293 	 97520.437500 	 420.411621 
111 	 41.678688 	 283.323761 	 280.848450 	 3.229134 	 98361.617188 	 546.223145 
112 	 41.678688 	 283.323761 	 281.309143 	 2.357667 	 99174.773438 	 565.971863 
113 	 41.678688 	 283.323761 	 283.681641 	 0.798770 	 99491.593750 	 590.763184 
114 	 41.678688 	 283.323761 	 287.831726 	 0.766258 	 99437.570312 	 610.216675 
115 	 41.678688 	 283.323761 	 291.459442 	 3.565311 	 98629.281250 	 562.923706 
116 	 41.678688 	 283.323761 	 289.229156 	 4.007780 	 97653.781250 	 599.490173 
117 	 41.678688 	 283.323761 	 282.374237 	 2.321540 	 98331.039062 	 520.978027 
118 	 41.678688 	 283.323761 	 286.055176 	 2.550238 	 98177.109375 	 579.242737 
119 	 41.678688 	 283.323761 	 288.413025 	 2.843808 	 98343.890625 	 638.696899 
120 	 41.678688 	 283.323761 	 291.792480 	 2.684663 	 98953.343750 	 572.377686 
121 	 41.678688 	 283.323761 	 297.696960 	 2.180389 	 98934.250000 	 660.605164 
122 	 41.678688 	 283.323761 	 294.936432 	 1.421956 	 99562.406250 	 613.414490 
123 	 41.678688 	 283.323761 	 295.792908 	 1.587770 	 99673.359375 	 640.549805 
124 	 41.678688 	 283.323761 	 293.064087 	 1.179824 	 99569.828125 	 644.312256 
125 	 41.678688 	 283.323761 	 295.953674 	 1.148261 	 99043.593750 	 646.899658 
126 	 41.678688 	 283.323761 	 295.877502 	 2.369517 	 98344.679688 	 634.217529 
127 	 41.678688 	 283.323761 	 293.874420 	 2.860858 	 98226.796875 	 647.207275 
128 	 41.678688 	 283.323761 	 293.766693 	 2.738514 	 98758.046875 	 614.665039 
129 	 41.678688 	 283.323761 	 297.635132 	 1.695774 	 98899.570312 	 678.784668 
130 	 41.678688 	 283.323761 	 298.249390 	 2.273178 	 98854.726562 	 663.405396 
131 	 41.678688 	 283.323761 	 297.208679 	 3.261724 	 98704.679688 	 667.741089 
132 	 41.678688 	 283.323761 	 295.352417 	 1.374899 	 98837.406250 	 628.188416 
133 	 41.678688 	 283.323761 	 296.067291 	 2.350816 	 98614.578125 	 585.823669 
134 	 41.678688 	 283.323761 	 294.617523 	 3.363631 	 97907.101562 	 564.916870 
135 	 41.678688 	 283.323761 	 286.786469 	 4.205466 	 97723.867188 	 578.594910 
136 	 41.678688 	 283.323761 	 283.512909 	 3.042420 	 98600.273438 	 614.200012 
137 	 41.678688 	 283.323761 	 286.132050 	 2.418462 	 98664.703125 	 583.812866 
138 	 41.678688 	 283.323761 	 288.832367 	 0.691172 	 98610.078125 	 576.617981 
139 	 41.678688 	 283.323761 	 291.967407 	 3.233562 	 98352.640625 	 656.852112 
140 	 41.678688 	 283.323761 	 286.578308 	 1.597690 	 98973.273438 	 630.857300 
141 	 41.678688 	 283.323761 	 288.616760 	 2.025098 	 99452.156250 	 659.440613 
142 	 41.678688 	 283.323761 	 292.953247 	 4.697646 	 99535.343750 	 679.476074 
143 	 41.678688 	 283.323761 	 295.190735 	 3.716578 	 99372.546875 	 667.158447 
144 	 41.678688 	 283.323761 	 295.208435 	 2.066225 	 98999.039062 	 650.578369 
145 	 41.678688 	 283.323761 	 296.076263 	 1.362731 	 98815.703125 	 667.868652 
146 	 41.678688 	 283.323761 	 295.913513 	 2.002516 	 98718.820312 	 702.082153 
147 	 41.678688 	 283.323761 	 298.202301 	 3.287514 	 98715.937500 	 708.468872 
148 	 41.678688 	 283.323761 	 297.724976 	 2.962992 	 98856.507812 	 677.774292 
149 	 41.678688 	 283.323761 	 297.738495 	 1.713634 	 98998.500000 	 692.940369 
150 	 41.678688 	 283.323761 	 296.343292 	 2.629181 	 98693.570312 	 674.490234 
151 	 41.678688 	 283.323761 	 292.011658 	 3.362808 	 98704.273438 	 651.120972 
152 	 41.678688 	 283.323761 	 290.431915 	 1.611714 	 99065.640625 	 648.868652 
153 	 41.678688 	 283.323761 	 293.704834 	 2.327181 	 98695.476562 	 692.110657 
154 	 41.678688 	 283.323761 	 293.738068 	 2.650220 	 98585.031250 	 638.708801 
155 	 41.678688 	 283.323761 	 296.574524 	 2.746732 	 98372.476562 	 647.882812 
156 	 41.678688 	 283.323761 	 298.103455 	 3.533270 	 98076.367188 	 706.298462 
157 	 41.678688 	 283.323761 	 296.107361 	 2.010943 	 98461.796875 	 705.364136 
158 	 41.678688 	 283.323761 	 300.021027 	 4.071995 	 97889.851562 	 717.417908 
159 	 41.678688 	 283.323761 	 300.150726 	 4.223104 	 97425.070312 	 732.396362 
160 	 41.678688 	 283.323761 	 297.485870 	 2.380732 	 97660.867188 	 595.370667 
161 	 41.678688 	 283.323761 	 296.098541 	 2.559554 	 97946.179688 	 718.487793 
162 	 41.678688 	 283.323761 	 296.159210 	 1.665547 	 98447.820312 	 709.035278 
163 	 41.678688 	 283.323761 	 296.580017 	 2.314678 	 98323.726562 	 683.911865 
164 	 41.678688 	 283.323761 	 295.093811 	 1.501938 	 98349.343750 	 706.510742 
165 	 41.678688 	 283.323761 	 298.555481 	 1.675707 	 98443.617188 	 707.055969 
166 	 41.678688 	 283.323761 	 298.337006 	 1.257370 	 98406.867188 	 717.785339 
167 	 41.678688 	 283.323761 	 298.710815 	 1.800254 	 98543.687500 	 709.681763 
168 	 41.678688 	 283.323761 	 299.333496 	 4.342716 	 97924.656250 	 711.857666 
169 	 41.678688 	 283.323761 	 298.640991 	 2.342687 	 98258.781250 	 705.445679 
170 	 41.678688 	 283.323761 	 298.196259 	 2.997731 	 98216.093750 	 706.805054 
171 	 41.678688 	 283.323761 	 291.782562 	 4.786555 	 98151.242188 	 616.650757 
172 	 41.678688 	 283.323761 	 289.949921 	 3.671249 	 98621.953125 	 670.827271 
173 	 41.678688 	 283.323761 	 292.630951 	 2.360615 	 98848.351562 	 694.850342 
174 	 41.678688 	 283.323761 	 294.890167 	 2.529889 	 98574.789062 	 645.827332 
175 	 41.678688 	 283.323761 	 296.071503 	 1.910975 	 98434.492188 	 707.866699 
176 	 41.678688 	 283.323761 	 296.640472 	 3.561525 	 98181.726562 	 606.643433 
177 	 41.678688 	 283.323761 	 295.081757 	 3.304507 	 97761.109375 	 574.819946 
178 	 41.678688 	 283.323761 	 292.363831 	 3.511761 	 98021.468750 	 693.363281 
179 	 41.678688 	 283.323761 	 292.225952 	 2.427928 	 98368.023438 	 658.870605 
180 	 41.678688 	 283.323761 	 293.741486 	 5.078310 	 97455.578125 	 619.295532 
181 	 41.678688 	 283.323761 	 288.252625 	 3.690004 	 98579.382812 	 660.780579 
182 	 41.678688 	 283.323761 	 288.054504 	 2.175865 	 99230.140625 	 669.099854 
183 	 41.678688 	 283.323761 	 286.956635 	 2.048702 	 99313.992188 	 499.026855 
184 	 41.678688 	 283.323761 	 293.988953 	 5.195493 	 97869.539062 	 670.723267 
185 	 41.678688 	 283.323761 	 291.524811 	 4.055753 	 97982.632812 	 665.399292 
186 	 41.678688 	 283.323761 	 290.999329 	 1.515643 	 98531.789062 	 682.986755 
187 	 41.678688 	 283.323761 	 294.011597 	 3.027585 	 98465.148438 	 596.639404 
188 	 41.678688 	 283.323761 	 298.664429 	 4.571949 	 97963.882812 	 733.096558 
189 	 41.678688 	 283.323761 	 297.944000 	 3.827086 	 97908.742188 	 703.298584 
190 	 41.678688 	 283.323761 	 295.264618 	 1.770998 	 98702.250000 	 688.491882 
191 	 41.678688 	 283.323761 	 297.047607 	 2.664207 	 98717.429688 	 588.538086 
192 	 41.678688 	 283.323761 	 298.138092 	 2.022170 	 98577.773438 	 672.097168 
193 	 41.678688 	 283.323761 	 297.219360 	 1.787917 	 99048.398438 	 718.669067 
194 	 41.678688 	 283.323761 	 297.768188 	 1.284385 	 99277.312500 	 702.442871 
195 	 41.678688 	 283.323761 	 300.874725 	 4.439354 	 98544.640625 	 696.142212 
196 	 41.678688 	 283.323761 	 304.112457 	 3.624311 	 98219.671875 	 750.046082 
197 	 41.678688 	 283.323761 	 298.977600 	 2.458366 	 98771.726562 	 671.802734 
198 	 41.678688 	 283.323761 	 302.653931 	 5.534303 	 98077.882812 	 666.453979 
199 	 41.678688 	 283.323761 	 294.784149 	 1.736478 	 98836.937500 	 695.444824 
200 	 41.678688 	 283.323761 	 296.684479 	 2.190482 	 98757.437500 	 654.276855 
201 	 41.678688 	 283.323761 	 298.722931 	 3.379178 	 98876.148438 	 696.282349 
202 	 41.678688 	 283.323761 	 301.289764 	 4.453775 	 98289.789062 	 698.025696 
203 	 41.678688 	 283.323761 	 298.816284 	 1.735026 	 98180.703125 	 713.241455 
204 	 41.678688 	 283.323761 	 296.564392 	 2.504497 	 98298.593750 	 665.510193 
205 	 41.678688 	 283.323761 	 293.385132 	 2.548882 	 98477.500000 	 668.952515 
206 	 41.678688 	 283.323761 	 293.696075 	 2.555092 	 98832.531250 	 681.255737 
207 	 41.678688 	 283.323761 	 295.054565 	 1.234407 	 98968.781250 	 639.001648 
208 	 41.678688 	 283.323761 	 295.352570 	 2.762285 	 98673.500000 	 603.917358 
209 	 41.678688 	 283.323761 	 297.092621 	 3.339282 	 98054.156250 	 573.275269 
210 	 41.678688 	 283.323761 	 298.960449 	 4.002514 	 97877.507812 	 605.430237 
211 	 41.678688 	 283.323761 	 297.831024 	 3.781229 	 98098.992188 	 641.487915 
212 	 41.678688 	 283.323761 	 296.153137 	 2.074255 	 98288.117188 	 638.776489 
213 	 41.678688 	 283.323761 	 295.598389 	 2.485697 	 98272.226562 	 613.861084 
214 	 41.678688 	 283.323761 	 298.036346 	 2.107904 	 98475.750000 	 659.188782 
215 	 41.678688 	 283.323761 	 298.889679 	 2.167595 	 98425.570312 	 692.371277 
216 	 41.678688 	 283.323761 	 298.686859 	 1.625945 	 98549.421875 	 657.981384 
217 	 41.678688 	 283.323761 	 297.793335 	 1.624957 	 98761.382812 	 673.229492 
218 	 41.678688 	 283.323761 	 301.343994 	 3.076701 	 98642.671875 	 720.867920 
219 	 41.678688 	 283.323761 	 303.882660 	 3.489849 	 98199.453125 	 725.741089 
220 	 41.678688 	 283.323761 	 302.808563 	 3.001890 	 98038.906250 	 709.134033 
221 	 41.678688 	 283.323761 	 298.963715 	 1.635234 	 98377.789062 	 697.179810 
222 	 41.678688 	 283.323761 	 298.746155 	 1.270448 	 98650.992188 	 625.204468 
223 	 41.678688 	 283.323761 	 297.965668 	 2.282789 	 98689.382812 	 700.250732 
224 	 41.678688 	 283.323761 	 297.978485 	 0.786426 	 98780.867188 	 685.685181 
225 	 41.678688 	 283.323761 	 300.540466 	 2.292352 	 98365.710938 	 693.017334 
226 	 41.678688 	 283.323761 	 299.968628 	 4.141821 	 97745.007812 	 690.942627 
227 	 41.678688 	 283.323761 	 293.174286 	 3.590760 	 98206.156250 	 639.684509 
228 	 41.678688 	 283.323761 	 293.742279 	 1.408485 	 98894.476562 	 645.114868 
229 	 41.678688 	 283.323761 	 298.412262 	 2.632188 	 99022.289062 	 675.286621 
230 	 41.678688 	 283.323761 	 302.151123 	 4.491454 	 98834.976562 	 667.480530 
231 	 41.678688 	 283.323761 	 303.899353 	 4.196462 	 98539.953125 	 660.134155 
232 	 41.678688 	 283.323761 	 299.845123 	 2.118004 	 98910.226562 	 626.743286 
233 	 41.678688 	 283.323761 	 299.555359 	 3.053220 	 98367.382812 	 670.389038 
234 	 41.678688 	 283.323761 	 299.333130 	 2.043907 	 98310.507812 	 680.815735 
235 	 41.678688 	 283.323761 	 297.625183 	 1.807440 	 98571.476562 	 660.775269 
236 	 41.678688 	 283.323761 	 297.418427 	 2.112965 	 98903.820312 	 667.080139 
237 	 41.678688 	 283.323761 	 297.672241 	 0.541152 	 98986.906250 	 656.173706 
238 	 41.678688 	 283.323761 	 300.392303 	 1.831216 	 98919.382812 	 658.255127 
239 	 41.678688 	 283.323761 	 302.558441 	 2.087227 	 98902.359375 	 668.813232 
240 	 41.678688 	 283.323761 	 300.003845 	 1.311790 	 98965.726562 	 658.667847 
241 	 41.678688 	 283.323761 	 300.403625 	 1.949924 	 98609.203125 	 655.263062 
242 	 41.678688 	 283.323761 	 293.789734 	 3.480141 	 98945.289062 	 606.451782 
243 	 41.678688 	 283.323761 	 289.638031 	 1.566285 	 99490.117188 	 592.200562 
244 	 41.678688 	 283.323761 	 290.498474 	 1.236133 	 99954.656250 	 597.850586 
245 	 41.678688 	 283.323761 	 291.784485 	 0.849613 	 100049.398438 	 604.708008 
246 	 41.678688 	 283.323761 	 295.208771 	 1.408434 	 99632.101562 	 614.353027 
247 	 41.678688 	 283.323761 	 296.024872 	 2.084346 	 98766.843750 	 533.327271 
248 	 41.678688 	 283.323761 	 300.889923 	 2.643930 	 98213.726562 	 619.675476 
249 	 41.678688 	 283.323761 	 301.598480 	 2.573364 	 98166.593750 	 628.719666 
250 	 41.678688 	 283.323761 	 298.886139 	 1.514085 	 98634.453125 	 606.887695 
251 	 41.678688 	 283.323761 	 301.788788 	 2.981672 	 98593.273438 	 599.524231 
252 	 41.678688 	 283.323761 	 300.622559 	 2.449021 	 98832.187500 	 640.386353 
253 	 41.678688 	 283.323761 	 299.306824 	 3.285344 	 99048.671875 	 597.823303 
254 	 41.678688 	 283.323761 	 299.200439 	 3.922835 	 99121.406250 	 631.095642 
255 	 41.678688 	 283.323761 	 298.308105 	 4.499117 	 98830.187500 	 582.319275 
256 	 41.678688 	 283.323761 	 292.265045 	 2.469131 	 98413.062500 	 520.374146 
257 	 41.678688 	 283.323761 	 287.695770 	 2.453617 	 98355.773438 	 558.689697 
258 	 41.678688 	 283.323761 	 289.334564 	 3.374800 	 98213.203125 	 458.823212 
259 	 41.678688 	 283.323761 	 289.156586 	 2.530798 	 98284.773438 	 571.708496 
260 	 41.678688 	 283.323761 	 288.607697 	 1.787489 	 99148.171875 	 559.381104 
261 	 41.678688 	 283.323761 	 294.631104 	 2.500792 	 99284.546875 	 573.437988 
262 	 41.678688 	 283.323761 	 293.473846 	 1.209422 	 99476.343750 	 593.020203 
263 	 41.678688 	 283.323761 	 297.563873 	 2.627220 	 99398.367188 	 609.260620 
264 	 41.678688 	 283.323761 	 299.852234 	 2.405226 	 99024.351562 	 594.715942 
265 	 41.678688 	 283.323761 	 297.503571 	 2.046812 	 98776.437500 	 586.836243 
266 	 41.678688 	 283.323761 	 296.356415 	 1.044399 	 98738.828125 	 592.984985 
267 	 41.678688 	 283.323761 	 295.414337 	 2.737526 	 98658.828125 	 516.335754 
268 	 41.678688 	 283.323761 	 289.980072 	 2.221650 	 98051.101562 	 491.395294 
269 	 41.678688 	 283.323761 	 288.231110 	 1.193777 	 98461.109375 	 522.366943 
270 	 41.678688 	 283.323761 	 289.517273 	 1.319889 	 98772.007812 	 542.852905 
271 	 41.678688 	 283.323761 	 289.529968 	 1.011144 	 99240.046875 	 545.332520 
272 	 41.678688 	 283.323761 	 291.111694 	 1.749504 	 99731.812500 	 555.866089 
273 	 41.678688 	 283.323761 	 295.716858 	 2.717446 	 99396.742188 	 589.662598 
274 	 41.678688 	 283.323761 	 296.107971 	 2.364963 	 99170.921875 	 574.153381 
275 	 41.678688 	 283.323761 	 296.055878 	 2.638878 	 99162.992188 	 567.176392 
276 	 41.678688 	 283.323761 	 296.027405 	 2.323334 	 99424.359375 	 568.309387 
277 	 41.678688 	 283.323761 	 295.060516 	 2.211949 	 99696.640625 	 553.401733 
278 	 41.678688 	 283.323761 	 292.786926 	 1.777593 	 99846.492188 	 486.541992 
279 	 41.678688 	 283.323761 	 293.240326 	 1.991793 	 99635.273438 	 481.546295 
280 	 41.678688 	 283.323761 	 294.262939 	 3.139091 	 98725.773438 	 511.595734 
281 	 41.678688 	 283.323761 	 285.066681 	 2.342866 	 98831.117188 	 471.562378 
282 	 41.678688 	 283.323761 	 282.515259 	 2.289974 	 98867.093750 	 472.228210 
283 	 41.678688 	 283.323761 	 289.750580 	 4.777101 	 97894.890625 	 496.741028 
284 	 41.678688 	 283.323761 	 284.711334 	 3.158819 	 98079.562500 	 439.489258 
285 	 41.678688 	 283.323761 	 283.533264 	 2.973996 	 98722.890625 	 467.431091 
286 	 41.678688 	 283.323761 	 280.109680 	 2.760300 	 99113.703125 	 333.940826 
287 	 41.678688 	 283.323761 	 281.741364 	 2.705890 	 98617.046875 	 457.774780 
288 	 41.678688 	 283.323761 	 281.865173 	 1.898126 	 99214.882812 	 479.821228 
289 	 41.678688 	 283.323761 	 284.132141 	 2.565560 	 98867.937500 	 463.435669 
290 	 41.678688 	 283.323761 	 285.414917 	 3.270326 	 98971.273438 	 494.602661 
291 	 41.678688 	 283.323761 	 280.517151 	 1.165327 	 99658.359375 	 451.352692 
292 	 41.678688 	 283.323761 	 284.800903 	 2.910677 	 99689.437500 	 467.095581 
293 	 41.678688 	 283.323761 	 289.883820 	 2.740129 	 99330.976562 	 483.781433 
294 	 41.678688 	 283.323761 	 291.693634 	 2.711416 	 98878.062500 	 502.182373 
295 	 41.678688 	 283.323761 	 292.386597 	 3.053298 	 98371.671875 	 493.726898 
296 	 41.678688 	 283.323761 	 294.020050 	 3.700985 	 98232.828125 	 505.493774 
297 	 41.678688 	 283.323761 	 285.168304 	 1.723230 	 98908.453125 	 454.992035 
298 	 41.678688 	 283.323761 	 288.494843 	 4.566091 	 98212.023438 	 450.980591 
299 	 41.678688 	 283.323761 	 283.284119 	 2.383866 	 99282.976562 	 466.394226 
300 	 41.678688 	 283.323761 	 283.427002 	 2.017824 	 99214.226562 	 440.377991 
301 	 41.678688 	 283.323761 	 287.197327 	 3.326642 	 98938.710938 	 448.885223 
302 	 41.678688 	 283.323761 	 287.443817 	 3.766160 	 98909.703125 	 416.147614 
303 	 41.678688 	 283.323761 	 278.054413 	 1.575332 	 100053.203125 	 406.004395 
304 	 41.678688 	 283.323761 	 277.674683 	 2.058830 	 100117.203125 	 401.917358 
305 	 41.678688 	 283.323761 	 282.537781 	 3.794136 	 99587.398438 	 414.975525 
306 	 41.678688 	 283.323761 	 286.035278 	 3.950149 	 99287.593750 	 429.490723 
307 	 41.678688 	 283.323761 	 290.314484 	 4.361370 	 98821.312500 	 424.295471 
308 	 41.678688 	 283.323761 	 285.898315 	 1.761983 	 99045.656250 	 448.557617 
309 	 41.678688 	 283.323761 	 291.241638 	 3.911720 	 99304.117188 	 463.369019 
310 	 41.678688 	 283.323761 	 291.598297 	 4.028329 	 98660.281250 	 422.315155 
311 	 41.678688 	 283.323761 	 286.434448 	 3.637248 	 97489.156250 	 411.113861 
312 	 41.678688 	 283.323761 	 279.512756 	 5.043140 	 97796.117188 	 392.665466 
313 	 41.678688 	 283.323761 	 276.244507 	 3.738155 	 99325.921875 	 370.166534 
314 	 41.678688 	 283.323761 	 274.636841 	 1.479719 	 100413.601562 	 372.800262 
315 	 41.678688 	 283.323761 	 279.881317 	 2.954631 	 99768.992188 	 379.081116 
316 	 41.678688 	 283.323761 	 281.877380 	 2.522004 	 99094.023438 	 362.343689 
317 	 41.678688 	 283.323761 	 281.408569 	 3.961409 	 98770.578125 	 393.466980 
318 	 41.678688 	 283.323761 	 276.467926 	 3.812235 	 99620.710938 	 408.163696 
319 	 41.678688 	 283.323761 	 277.039703 	 1.485926 	 99737.578125 	 381.831512 
320 	 41.678688 	 283.323761 	 280.716492 	 2.651177 	 99011.179688 	 383.058716 
321 	 41.678688 	 283.323761 	 281.203064 	 2.523737 	 98515.132812 	 356.597900 
322 	 41.678688 	 283.323761 	 282.553558 	 1.454384 	 98290.062500 	 419.224060 
323 	 41.678688 	 283.323761 	 279.517822 	 1.372542 	 98708.773438 	 422.815063 
324 	 41.678688 	 283.323761 	 283.478516 	 3.828292 	 98442.789062 	 395.772278 
325 	 41.678688 	 283.323761 	 279.640717 	 3.488584 	 98420.476562 	 415.550995 
326 	 41.678688 	 283.323761 	 274.710602 	 2.512699 	 99287.031250 	 344.268188 
327 	 41.678688 	 283.323761 	 281.260071 	 5.778297 	 98387.976562 	 354.797668 
328 	 41.678688 	 283.323761 	 277.857971 	 4.424470 	 97387.617188 	 372.674500 
329 	 41.678688 	 283.323761 	 271.701965 	 3.435272 	 98732.578125 	 368.477051 
330 	 41.678688 	 283.323761 	 268.844269 	 2.510263 	 99224.781250 	 359.967590 
331 	 41.678688 	 283.323761 	 271.947845 	 2.572351 	 98584.351562 	 322.941650 
332 	 41.678688 	 283.323761 	 271.479370 	 1.694434 	 98428.203125 	 347.279907 
333 	 41.678688 	 283.323761 	 267.805450 	 1.756109 	 98908.023438 	 319.406158 
334 	 41.678688 	 283.323761 	 268.029938 	 2.205724 	 99205.632812 	 314.945526 
335 	 41.678688 	 283.323761 	 269.137939 	 1.548926 	 99646.039062 	 326.338501 
336 	 41.678688 	 283.323761 	 272.209045 	 3.457205 	 99473.781250 	 321.733337 
337 	 41.678688 	 283.323761 	 274.720734 	 2.905740 	 99056.570312 	 327.119293 
338 	 41.678688 	 283.323761 	 274.524231 	 2.108524 	 99483.093750 	 351.417236 
339 	 41.678688 	 283.323761 	 280.591248 	 1.770167 	 98661.539062 	 380.952545 
340 	 41.678688 	 283.323761 	 288.443604 	 4.594385 	 97525.656250 	 411.490051 
341 	 41.678688 	 283.323761 	 278.848541 	 5.261403 	 95982.968750 	 366.287109 
342 	 41.678688 	 283.323761 	 270.625183 	 4.542944 	 97737.773438 	 315.902039 
343 	 41.678688 	 283.323761 	 270.830719 	 3.455477 	 98507.593750 	 309.164886 
344 	 41.678688 	 283.323761 	 272.079712 	 3.176955 	 98387.960938 	 352.943237 
345 	 41.678688 	 283.323761 	 267.644562 	 0.852811 	 99772.796875 	 335.707550 
346 	 41.678688 	 283.323761 	 274.698273 	 4.148788 	 99791.656250 	 342.764313 
347 	 41.678688 	 283.323761 	 285.293732 	 6.098027 	 98509.609375 	 393.860626 
348 	 41.678688 	 283.323761 	 273.212738 	 2.099725 	 99346.710938 	 306.811584 
349 	 41.678688 	 283.323761 	 273.310059 	 3.651732 	 98442.757812 	 331.341095 
350 	 41.678688 	 283.323761 	 271.083160 	 2.410259 	 99044.601562 	 323.006714 
351 	 41.678688 	 283.323761 	 276.796722 	 2.790834 	 98673.648438 	 333.102295 
352 	 41.678688 	 283.323761 	 272.695862 	 1.385218 	 99852.460938 	 308.616699 
353 	 41.678688 	 283.323761 	 279.729584 	 5.052361 	 99615.906250 	 343.484375 
354 	 41.678688 	 283.323761 	 279.968536 	 2.034703 	 99494.742188 	 347.701263 
355 	 41.678688 	 283.323761 	 276.740875 	 2.180922 	 100070.296875 	 357.320129 
356 	 41.678688 	 283.323761 	 285.656067 	 4.842877 	 99602.828125 	 375.886810 
357 	 41.678688 	 283.323761 	 289.286896 	 4.249434 	 98374.570312 	 398.197784 
358 	 41.678688 	 283.323761 	 280.859283 	 2.554941 	 97324.609375 	 365.080688 
359 	 41.678688 	 283.323761 	 275.463593 	 4.467517 	 97221.750000 	 361.065643 
360 	 41.678688 	 283.323761 	 273.171112 	 3.856990 	 97904.437500 	 320.209534 
361 	 41.678688 	 283.323761 	 272.182587 	 2.715358 	 99081.937500 	 336.779327 
362 	 41.678688 	 283.323761 	 271.099030 	 1.164676 	 99597.617188 	 327.255066 
363 	 41.678688 	 283.323761 	 273.950531 	 1.314418 	 99271.851562 	 339.456635 
364 	 41.678688 	 283.323761 	 273.376190 	 2.177782 	 99329.156250 	 333.611359 
