# 0: Day of Year [-] 	 1: lat [deg] 	 2: lon [deg] 	 3: tas [K] 	 4: sfcWind [m s-1] 	 5: ps [Pa] 	 6: Total Downwelling Rad Flux [W m-2] 
0 	 41.678688 	 283.323761 	 269.287567 	 1.373868 	 98312.203125 	 311.272858 
1 	 41.678688 	 283.323761 	 269.299408 	 1.650013 	 97881.453125 	 320.603546 
2 	 41.678688 	 283.323761 	 268.719971 	 1.852546 	 98656.726562 	 339.956726 
3 	 41.678688 	 283.323761 	 271.621094 	 4.171212 	 98564.882812 	 322.309082 
4 	 41.678688 	 283.323761 	 273.081329 	 1.543099 	 98342.257812 	 367.771362 
5 	 41.678688 	 283.323761 	 274.853058 	 2.219822 	 97315.851562 	 342.170380 
6 	 41.678688 	 283.323761 	 269.905334 	 6.633645 	 94460.968750 	 321.802124 
7 	 41.678688 	 283.323761 	 270.542725 	 5.583344 	 96466.953125 	 343.980286 
8 	 41.678688 	 283.323761 	 269.612305 	 1.875022 	 98399.257812 	 326.408508 
9 	 41.678688 	 283.323761 	 270.388031 	 2.639133 	 98059.953125 	 341.772766 
10 	 41.678688 	 283.323761 	 269.148163 	 4.068323 	 98032.218750 	 334.849152 
11 	 41.678688 	 283.323761 	 268.444916 	 1.986711 	 98367.726562 	 331.801270 
12 	 41.678688 	 283.323761 	 268.394806 	 2.562279 	 98448.843750 	 326.452087 
13 	 41.678688 	 283.323761 	 270.040222 	 1.584009 	 98995.453125 	 336.116272 
14 	 41.678688 	 283.323761 	 273.190979 	 2.747883 	 98776.820312 	 356.835968 
15 	 41.678688 	 283.323761 	 272.277283 	 1.178109 	 98839.882812 	 327.195129 
16 	 41.678688 	 283.323761 	 275.191681 	 2.156210 	 99345.367188 	 343.705170 
17 	 41.678688 	 283.323761 	 283.250519 	 2.839369 	 99080.820312 	 418.940247 
18 	 41.678688 	 283.323761 	 280.035553 	 4.005219 	 98828.703125 	 384.359985 
19 	 41.678688 	 283.323761 	 273.315979 	 1.541021 	 100090.203125 	 359.762207 
20 	 41.678688 	 283.323761 	 274.966949 	 2.708847 	 99545.328125 	 338.655792 
21 	 41.678688 	 283.323761 	 280.696747 	 2.718105 	 98930.500000 	 363.774536 
22 	 41.678688 	 283.323761 	 286.527039 	 3.971578 	 97831.820312 	 403.872101 
23 	 41.678688 	 283.323761 	 278.303131 	 3.984990 	 97859.531250 	 407.165466 
24 	 41.678688 	 283.323761 	 272.726685 	 3.183736 	 98966.218750 	 330.930298 
25 	 41.678688 	 283.323761 	 268.270996 	 2.820432 	 100289.296875 	 351.447876 
26 	 41.678688 	 283.323761 	 269.942932 	 2.139607 	 100819.898438 	 335.443481 
27 	 41.678688 	 283.323761 	 276.769989 	 4.801008 	 99586.242188 	 322.242279 
28 	 41.678688 	 283.323761 	 278.138885 	 3.572656 	 98476.898438 	 376.856995 
29 	 41.678688 	 283.323761 	 275.520416 	 3.031552 	 99468.281250 	 381.304504 
30 	 41.678688 	 283.323761 	 280.501465 	 2.415187 	 99061.718750 	 358.478607 
31 	 41.678688 	 283.323761 	 276.458923 	 2.751961 	 98968.101562 	 394.801025 
32 	 41.678688 	 283.323761 	 275.105164 	 3.412646 	 98892.101562 	 353.679016 
33 	 41.678688 	 283.323761 	 275.497253 	 2.240641 	 99357.296875 	 370.186890 
34 	 41.678688 	 283.323761 	 279.943451 	 4.460654 	 99150.953125 	 343.898590 
35 	 41.678688 	 283.323761 	 280.694641 	 5.762618 	 97653.421875 	 404.804596 
36 	 41.678688 	 283.323761 	 273.126190 	 3.129804 	 98390.890625 	 315.378174 
37 	 41.678688 	 283.323761 	 272.606659 	 2.246509 	 98092.593750 	 375.626465 
38 	 41.678688 	 283.323761 	 271.916412 	 3.820643 	 97887.906250 	 378.174744 
39 	 41.678688 	 283.323761 	 272.662140 	 2.417464 	 98316.882812 	 370.356140 
40 	 41.678688 	 283.323761 	 272.598389 	 1.828260 	 98922.867188 	 365.171997 
41 	 41.678688 	 283.323761 	 271.198883 	 3.659035 	 98173.507812 	 350.511688 
42 	 41.678688 	 283.323761 	 269.299835 	 5.326806 	 96869.296875 	 343.215820 
43 	 41.678688 	 283.323761 	 272.557068 	 2.271854 	 99039.578125 	 417.315857 
44 	 41.678688 	 283.323761 	 277.206146 	 2.807272 	 99279.773438 	 344.146179 
45 	 41.678688 	 283.323761 	 280.001038 	 1.863780 	 97309.992188 	 384.632080 
46 	 41.678688 	 283.323761 	 272.618347 	 6.381903 	 95301.593750 	 406.149963 
47 	 41.678688 	 283.323761 	 270.664917 	 4.806312 	 97065.578125 	 395.376984 
48 	 41.678688 	 283.323761 	 272.082794 	 2.531063 	 98213.593750 	 323.707397 
49 	 41.678688 	 283.323761 	 276.464203 	 3.662322 	 98121.156250 	 438.540161 
50 	 41.678688 	 283.323761 	 274.319946 	 2.149385 	 99507.531250 	 399.010132 
51 	 41.678688 	 283.323761 	 276.676880 	 3.094621 	 99701.132812 	 419.744751 
52 	 41.678688 	 283.323761 	 284.588959 	 3.576887 	 97702.726562 	 480.562683 
53 	 41.678688 	 283.323761 	 279.534393 	 4.214691 	 97125.367188 	 419.587189 
54 	 41.678688 	 283.323761 	 278.697968 	 3.534575 	 97825.296875 	 474.455200 
55 	 41.678688 	 283.323761 	 273.741394 	 3.228518 	 98686.531250 	 428.582275 
56 	 41.678688 	 283.323761 	 273.879150 	 1.982296 	 98808.906250 	 419.237915 
57 	 41.678688 	 283.323761 	 276.285095 	 2.463201 	 97993.148438 	 414.696686 
58 	 41.678688 	 283.323761 	 275.890900 	 2.399120 	 98446.296875 	 426.613953 
59 	 41.678688 	 283.323761 	 276.620392 	 1.761250 	 99194.710938 	 439.944763 
60 	 41.678688 	 283.323761 	 282.107391 	 2.653449 	 99126.617188 	 420.199158 
61 	 41.678688 	 283.323761 	 285.025330 	 3.814257 	 98928.007812 	 377.673401 
62 	 41.678688 	 283.323761 	 285.560089 	 4.789854 	 98211.898438 	 407.989868 
63 	 41.678688 	 283.323761 	 277.697998 	 3.003747 	 98163.171875 	 416.019592 
64 	 41.678688 	 283.323761 	 275.340057 	 3.413553 	 98609.968750 	 414.238647 
65 	 41.678688 	 283.323761 	 276.845367 	 2.356163 	 98807.187500 	 482.717041 
66 	 41.678688 	 283.323761 	 279.735107 	 1.360681 	 98940.218750 	 474.987915 
67 	 41.678688 	 283.323761 	 286.099335 	 1.541354 	 99252.656250 	 482.506958 
68 	 41.678688 	 283.323761 	 289.142395 	 3.252757 	 99513.656250 	 529.651062 
69 	 41.678688 	 283.323761 	 289.663147 	 2.598050 	 99500.656250 	 521.967224 
70 	 41.678688 	 283.323761 	 285.717255 	 3.064476 	 99713.257812 	 490.867249 
71 	 41.678688 	 283.323761 	 286.782928 	 5.058134 	 98216.781250 	 393.742432 
72 	 41.678688 	 283.323761 	 280.281219 	 2.949235 	 97661.117188 	 388.116455 
73 	 41.678688 	 283.323761 	 277.814392 	 3.633909 	 97757.828125 	 491.345428 
74 	 41.678688 	 283.323761 	 280.030792 	 2.924577 	 98145.601562 	 456.395264 
75 	 41.678688 	 283.323761 	 285.449768 	 3.037411 	 98856.898438 	 537.004150 
76 	 41.678688 	 283.323761 	 288.942780 	 5.393791 	 98688.656250 	 453.586090 
77 	 41.678688 	 283.323761 	 278.813599 	 4.053846 	 98326.273438 	 453.336151 
78 	 41.678688 	 283.323761 	 278.357697 	 2.730765 	 99370.117188 	 493.648773 
79 	 41.678688 	 283.323761 	 281.593353 	 3.673432 	 99091.031250 	 443.018097 
80 	 41.678688 	 283.323761 	 278.885254 	 3.350528 	 98826.726562 	 377.190521 
81 	 41.678688 	 283.323761 	 280.470123 	 5.551769 	 97940.671875 	 383.145447 
82 	 41.678688 	 283.323761 	 283.946686 	 4.480746 	 98056.320312 	 494.521729 
83 	 41.678688 	 283.323761 	 282.564728 	 3.180564 	 98284.382812 	 500.980927 
84 	 41.678688 	 283.323761 	 279.961212 	 2.383531 	 98880.351562 	 495.252289 
85 	 41.678688 	 283.323761 	 280.017944 	 1.818897 	 99127.437500 	 518.271362 
86 	 41.678688 	 283.323761 	 283.303528 	 3.675660 	 99402.843750 	 455.325775 
87 	 41.678688 	 283.323761 	 289.338806 	 3.779206 	 98901.632812 	 567.156494 
88 	 41.678688 	 283.323761 	 286.130127 	 3.348137 	 98544.156250 	 465.658203 
89 	 41.678688 	 283.323761 	 278.866455 	 3.741973 	 98374.187500 	 471.258789 
90 	 41.678688 	 283.323761 	 277.755890 	 1.533434 	 99496.468750 	 521.194275 
91 	 41.678688 	 283.323761 	 281.935272 	 4.172507 	 99606.148438 	 407.095703 
92 	 41.678688 	 283.323761 	 289.649689 	 4.662824 	 98206.882812 	 464.463745 
93 	 41.678688 	 283.323761 	 283.145477 	 2.672979 	 99110.562500 	 357.791840 
94 	 41.678688 	 283.323761 	 290.927765 	 4.397235 	 98099.226562 	 502.269409 
95 	 41.678688 	 283.323761 	 281.843719 	 3.977724 	 98778.640625 	 515.518188 
96 	 41.678688 	 283.323761 	 278.335297 	 2.396430 	 99901.820312 	 425.311584 
97 	 41.678688 	 283.323761 	 283.481842 	 3.020471 	 99163.968750 	 471.411255 
98 	 41.678688 	 283.323761 	 286.369934 	 2.072225 	 99565.562500 	 600.632324 
99 	 41.678688 	 283.323761 	 286.643555 	 3.608434 	 99627.242188 	 580.455078 
100 	 41.678688 	 283.323761 	 289.742340 	 5.004866 	 99118.453125 	 453.059692 
101 	 41.678688 	 283.323761 	 287.661560 	 3.387740 	 98934.843750 	 552.287720 
102 	 41.678688 	 283.323761 	 283.540680 	 2.071818 	 99476.046875 	 553.329468 
103 	 41.678688 	 283.323761 	 291.390045 	 4.328362 	 98972.132812 	 617.788940 
104 	 41.678688 	 283.323761 	 293.774811 	 3.931227 	 98703.906250 	 600.613770 
105 	 41.678688 	 283.323761 	 288.750977 	 3.838871 	 98930.617188 	 610.061829 
106 	 41.678688 	 283.323761 	 288.579773 	 3.979939 	 99665.843750 	 574.397949 
107 	 41.678688 	 283.323761 	 290.615204 	 5.544391 	 98622.132812 	 486.995117 
108 	 41.678688 	 283.323761 	 289.468903 	 3.450279 	 97754.828125 	 532.313232 
109 	 41.678688 	 283.323761 	 288.427979 	 2.388774 	 98273.562500 	 522.478271 
110 	 41.678688 	 283.323761 	 288.009644 	 2.770949 	 98629.070312 	 614.621216 
111 	 41.678688 	 283.323761 	 282.144989 	 4.745745 	 98359.796875 	 531.278198 
112 	 41.678688 	 283.323761 	 279.838440 	 4.666990 	 98142.023438 	 565.154053 
113 	 41.678688 	 283.323761 	 280.025330 	 2.353170 	 98168.648438 	 418.520325 
114 	 41.678688 	 283.323761 	 290.264282 	 2.236414 	 98024.406250 	 642.083008 
115 	 41.678688 	 283.323761 	 294.683411 	 3.151485 	 97844.617188 	 551.767029 
116 	 41.678688 	 283.323761 	 291.752106 	 3.255085 	 97862.593750 	 598.528076 
117 	 41.678688 	 283.323761 	 289.653137 	 2.121481 	 98183.796875 	 613.564941 
118 	 41.678688 	 283.323761 	 294.827271 	 3.119197 	 98007.773438 	 614.299316 
119 	 41.678688 	 283.323761 	 295.535522 	 1.539782 	 98482.812500 	 664.444336 
120 	 41.678688 	 283.323761 	 294.264343 	 1.616547 	 98712.203125 	 655.286255 
121 	 41.678688 	 283.323761 	 295.117371 	 3.976824 	 98271.781250 	 564.663879 
122 	 41.678688 	 283.323761 	 290.730865 	 4.158702 	 97507.859375 	 530.998901 
123 	 41.678688 	 283.323761 	 286.917633 	 3.278987 	 98143.382812 	 616.043945 
124 	 41.678688 	 283.323761 	 287.635132 	 1.746950 	 98857.578125 	 612.105713 
125 	 41.678688 	 283.323761 	 293.223755 	 3.909472 	 99031.179688 	 665.358643 
126 	 41.678688 	 283.323761 	 292.905304 	 4.397953 	 98202.406250 	 580.867004 
127 	 41.678688 	 283.323761 	 284.475220 	 3.423504 	 98622.468750 	 613.129028 
128 	 41.678688 	 283.323761 	 286.599213 	 1.529637 	 98952.093750 	 631.536743 
129 	 41.678688 	 283.323761 	 289.824585 	 2.269543 	 98661.031250 	 523.564331 
130 	 41.678688 	 283.323761 	 287.548157 	 2.784594 	 98240.578125 	 528.215454 
131 	 41.678688 	 283.323761 	 283.649261 	 2.322449 	 98294.023438 	 478.665619 
132 	 41.678688 	 283.323761 	 280.920380 	 4.587210 	 97956.039062 	 592.754700 
133 	 41.678688 	 283.323761 	 280.691071 	 3.038557 	 98572.601562 	 599.320190 
134 	 41.678688 	 283.323761 	 280.686340 	 1.716777 	 98652.500000 	 603.045288 
135 	 41.678688 	 283.323761 	 281.438843 	 2.800847 	 98528.367188 	 608.301514 
136 	 41.678688 	 283.323761 	 282.693878 	 1.283643 	 98814.523438 	 596.210754 
137 	 41.678688 	 283.323761 	 290.147064 	 3.827392 	 97997.609375 	 508.789734 
138 	 41.678688 	 283.323761 	 285.983063 	 4.272000 	 97100.187500 	 577.210815 
139 	 41.678688 	 283.323761 	 283.822845 	 2.286307 	 97661.226562 	 585.879211 
140 	 41.678688 	 283.323761 	 286.517548 	 2.848297 	 98136.351562 	 576.411377 
141 	 41.678688 	 283.323761 	 293.976135 	 4.759504 	 97865.000000 	 605.649292 
142 	 41.678688 	 283.323761 	 290.201355 	 3.400695 	 98086.648438 	 615.978699 
143 	 41.678688 	 283.323761 	 286.211182 	 2.036925 	 99078.476562 	 641.067627 
144 	 41.678688 	 283.323761 	 287.693054 	 3.548605 	 99424.343750 	 561.992310 
145 	 41.678688 	 283.323761 	 290.980896 	 4.287739 	 98079.953125 	 609.563110 
146 	 41.678688 	 283.323761 	 291.780945 	 2.223661 	 98401.593750 	 679.949280 
147 	 41.678688 	 283.323761 	 296.304718 	 2.995706 	 98336.242188 	 708.758911 
148 	 41.678688 	 283.323761 	 301.346161 	 3.795577 	 98224.773438 	 720.460632 
149 	 41.678688 	 283.323761 	 294.807098 	 1.693558 	 98989.937500 	 621.115356 
150 	 41.678688 	 283.323761 	 292.938965 	 2.545226 	 99325.250000 	 583.396362 
151 	 41.678688 	 283.323761 	 292.968628 	 4.806318 	 99336.218750 	 584.213013 
152 	 41.678688 	 283.323761 	 296.848816 	 4.495221 	 98735.828125 	 715.926025 
153 	 41.678688 	 283.323761 	 296.163330 	 4.501521 	 97857.023438 	 643.320984 
154 	 41.678688 	 283.323761 	 289.802795 	 3.812804 	 97714.492188 	 604.966797 
155 	 41.678688 	 283.323761 	 290.752930 	 3.458533 	 98319.406250 	 682.534424 
156 	 41.678688 	 283.323761 	 292.212250 	 1.613898 	 99184.843750 	 686.025208 
157 	 41.678688 	 283.323761 	 294.202942 	 1.714297 	 99262.960938 	 691.941223 
158 	 41.678688 	 283.323761 	 296.522858 	 3.994111 	 98909.242188 	 704.089355 
159 	 41.678688 	 283.323761 	 297.403107 	 2.646766 	 98555.312500 	 730.953003 
160 	 41.678688 	 283.323761 	 292.460968 	 2.463767 	 98557.882812 	 663.413330 
161 	 41.678688 	 283.323761 	 292.888580 	 3.342991 	 98896.796875 	 691.312134 
162 	 41.678688 	 283.323761 	 295.988556 	 0.777906 	 98969.562500 	 703.788086 
163 	 41.678688 	 283.323761 	 298.521637 	 1.777561 	 98561.460938 	 725.313171 
164 	 41.678688 	 283.323761 	 300.553619 	 2.858684 	 98054.671875 	 728.217041 
165 	 41.678688 	 283.323761 	 294.970551 	 3.678853 	 97997.117188 	 709.502808 
166 	 41.678688 	 283.323761 	 288.964447 	 2.932092 	 98279.476562 	 667.208313 
167 	 41.678688 	 283.323761 	 289.694092 	 2.604573 	 98252.156250 	 583.551208 
168 	 41.678688 	 283.323761 	 292.401031 	 3.040456 	 97894.937500 	 489.782806 
169 	 41.678688 	 283.323761 	 290.201752 	 5.150341 	 97847.351562 	 540.278320 
170 	 41.678688 	 283.323761 	 288.263336 	 2.647356 	 98608.500000 	 636.698853 
171 	 41.678688 	 283.323761 	 289.474396 	 2.427729 	 98898.757812 	 680.240356 
172 	 41.678688 	 283.323761 	 288.988556 	 2.301454 	 99025.789062 	 522.329102 
173 	 41.678688 	 283.323761 	 290.707062 	 2.120891 	 98947.570312 	 617.969788 
174 	 41.678688 	 283.323761 	 290.057709 	 1.425775 	 98639.609375 	 495.942993 
175 	 41.678688 	 283.323761 	 291.976044 	 2.158499 	 98475.796875 	 658.323120 
176 	 41.678688 	 283.323761 	 292.200623 	 1.420040 	 98812.523438 	 687.428345 
177 	 41.678688 	 283.323761 	 294.329834 	 0.471846 	 98783.593750 	 708.261536 
178 	 41.678688 	 283.323761 	 294.329193 	 0.956717 	 98566.296875 	 647.786743 
179 	 41.678688 	 283.323761 	 295.887634 	 2.267243 	 98716.546875 	 711.540405 
180 	 41.678688 	 283.323761 	 293.958191 	 1.832566 	 98774.523438 	 691.384033 
181 	 41.678688 	 283.323761 	 295.426544 	 0.829934 	 98660.023438 	 708.067383 
182 	 41.678688 	 283.323761 	 297.144318 	 1.048576 	 98605.148438 	 704.429199 
183 	 41.678688 	 283.323761 	 298.054993 	 1.462734 	 98772.859375 	 706.587769 
184 	 41.678688 	 283.323761 	 299.037018 	 1.336575 	 98494.156250 	 691.735840 
185 	 41.678688 	 283.323761 	 297.639435 	 1.604611 	 98146.273438 	 667.666870 
186 	 41.678688 	 283.323761 	 296.368927 	 1.997349 	 98466.062500 	 711.011841 
187 	 41.678688 	 283.323761 	 296.020752 	 1.966183 	 98641.796875 	 697.264282 
188 	 41.678688 	 283.323761 	 298.445496 	 4.144067 	 98602.453125 	 700.487427 
189 	 41.678688 	 283.323761 	 299.087006 	 3.687956 	 98770.632812 	 739.039551 
190 	 41.678688 	 283.323761 	 299.618774 	 3.964857 	 98542.156250 	 729.062805 
191 	 41.678688 	 283.323761 	 298.486389 	 3.648139 	 98047.750000 	 642.270386 
192 	 41.678688 	 283.323761 	 297.898987 	 5.742669 	 98009.343750 	 679.178528 
193 	 41.678688 	 283.323761 	 298.194977 	 5.426565 	 97838.523438 	 606.387085 
194 	 41.678688 	 283.323761 	 299.420349 	 1.814564 	 98395.406250 	 711.836670 
195 	 41.678688 	 283.323761 	 298.859894 	 1.795006 	 98616.078125 	 668.300171 
196 	 41.678688 	 283.323761 	 300.085236 	 3.145397 	 98426.992188 	 719.717285 
197 	 41.678688 	 283.323761 	 300.200500 	 2.041266 	 98184.867188 	 694.964722 
198 	 41.678688 	 283.323761 	 301.368469 	 3.989285 	 97838.742188 	 725.557617 
199 	 41.678688 	 283.323761 	 300.444244 	 3.257569 	 98142.937500 	 711.120972 
200 	 41.678688 	 283.323761 	 301.730530 	 2.675181 	 98396.593750 	 694.299805 
201 	 41.678688 	 283.323761 	 302.861267 	 2.529746 	 98317.453125 	 716.191101 
202 	 41.678688 	 283.323761 	 300.802368 	 2.087186 	 98744.546875 	 726.716797 
203 	 41.678688 	 283.323761 	 297.100555 	 2.866800 	 98976.578125 	 616.034912 
204 	 41.678688 	 283.323761 	 294.816803 	 1.561646 	 99243.312500 	 657.839111 
205 	 41.678688 	 283.323761 	 295.357086 	 1.973892 	 99307.906250 	 690.937378 
206 	 41.678688 	 283.323761 	 295.615509 	 1.163388 	 99307.773438 	 690.505005 
207 	 41.678688 	 283.323761 	 298.017059 	 2.106068 	 98960.953125 	 697.221313 
208 	 41.678688 	 283.323761 	 301.447388 	 2.049779 	 98835.281250 	 711.294189 
209 	 41.678688 	 283.323761 	 300.321472 	 1.751586 	 98776.156250 	 714.118042 
210 	 41.678688 	 283.323761 	 301.486725 	 3.557644 	 98473.640625 	 700.114746 
211 	 41.678688 	 283.323761 	 297.475250 	 2.783811 	 98206.257812 	 571.916992 
212 	 41.678688 	 283.323761 	 292.589417 	 1.953945 	 98373.328125 	 665.156128 
213 	 41.678688 	 283.323761 	 294.958679 	 3.148211 	 98661.148438 	 451.899536 
214 	 41.678688 	 283.323761 	 299.757324 	 3.589592 	 98316.898438 	 648.559082 
215 	 41.678688 	 283.323761 	 299.886627 	 1.462045 	 98336.976562 	 621.287964 
216 	 41.678688 	 283.323761 	 296.727356 	 2.230640 	 98376.226562 	 697.330322 
217 	 41.678688 	 283.323761 	 295.900848 	 1.128995 	 98671.156250 	 676.412598 
218 	 41.678688 	 283.323761 	 297.586792 	 1.105784 	 98817.140625 	 698.731201 
219 	 41.678688 	 283.323761 	 298.862091 	 2.455920 	 99058.656250 	 694.560913 
220 	 41.678688 	 283.323761 	 299.984222 	 2.696437 	 99077.703125 	 698.439697 
221 	 41.678688 	 283.323761 	 298.993103 	 3.817133 	 98827.476562 	 686.867432 
222 	 41.678688 	 283.323761 	 298.578644 	 3.171683 	 98346.257812 	 642.086914 
223 	 41.678688 	 283.323761 	 296.268036 	 2.330839 	 98490.468750 	 595.858154 
224 	 41.678688 	 283.323761 	 298.727081 	 4.243573 	 98006.656250 	 625.191345 
225 	 41.678688 	 283.323761 	 297.226593 	 1.647241 	 98770.460938 	 652.182129 
226 	 41.678688 	 283.323761 	 299.324280 	 2.896298 	 99093.531250 	 686.524292 
227 	 41.678688 	 283.323761 	 300.608337 	 4.230811 	 98628.359375 	 641.765015 
228 	 41.678688 	 283.323761 	 296.048767 	 2.575872 	 98711.226562 	 679.173462 
229 	 41.678688 	 283.323761 	 294.317474 	 1.205083 	 99094.960938 	 650.420288 
230 	 41.678688 	 283.323761 	 293.226593 	 2.134213 	 99032.906250 	 534.721375 
231 	 41.678688 	 283.323761 	 296.872559 	 3.372631 	 98556.609375 	 623.092346 
232 	 41.678688 	 283.323761 	 298.774506 	 1.615653 	 98404.937500 	 702.774963 
233 	 41.678688 	 283.323761 	 299.298370 	 3.862631 	 98186.023438 	 656.216064 
234 	 41.678688 	 283.323761 	 294.153442 	 3.094100 	 97854.382812 	 626.180237 
235 	 41.678688 	 283.323761 	 287.887756 	 3.568816 	 98271.546875 	 487.490417 
236 	 41.678688 	 283.323761 	 289.186798 	 4.124863 	 98777.023438 	 545.254150 
237 	 41.678688 	 283.323761 	 290.253845 	 2.210144 	 99417.257812 	 602.249451 
238 	 41.678688 	 283.323761 	 292.148224 	 0.920486 	 99599.617188 	 620.208252 
239 	 41.678688 	 283.323761 	 294.295898 	 1.450662 	 99424.437500 	 634.361084 
240 	 41.678688 	 283.323761 	 296.667206 	 2.222829 	 99186.210938 	 633.557739 
241 	 41.678688 	 283.323761 	 296.114807 	 1.351067 	 99077.421875 	 623.663574 
242 	 41.678688 	 283.323761 	 296.581818 	 0.585798 	 99166.531250 	 650.192322 
243 	 41.678688 	 283.323761 	 296.685028 	 1.206047 	 99022.117188 	 570.614380 
244 	 41.678688 	 283.323761 	 297.837677 	 3.007280 	 98682.187500 	 629.504333 
245 	 41.678688 	 283.323761 	 295.598328 	 0.830520 	 98789.117188 	 632.237183 
246 	 41.678688 	 283.323761 	 297.464996 	 1.679613 	 98346.406250 	 603.861023 
247 	 41.678688 	 283.323761 	 296.375244 	 0.794409 	 98457.281250 	 590.874634 
248 	 41.678688 	 283.323761 	 296.473480 	 1.469100 	 98692.703125 	 599.791382 
249 	 41.678688 	 283.323761 	 296.778870 	 2.118850 	 98847.593750 	 612.352905 
250 	 41.678688 	 283.323761 	 297.541412 	 2.650209 	 98710.656250 	 622.901123 
251 	 41.678688 	 283.323761 	 298.117584 	 2.111887 	 98738.609375 	 608.556213 
252 	 41.678688 	 283.323761 	 297.970795 	 1.494524 	 98929.507812 	 634.973572 
253 	 41.678688 	 283.323761 	 297.296448 	 2.130280 	 98849.773438 	 584.802124 
254 	 41.678688 	 283.323761 	 294.337494 	 2.133097 	 99170.359375 	 597.371155 
255 	 41.678688 	 283.323761 	 292.792603 	 2.953942 	 99247.273438 	 545.167175 
256 	 41.678688 	 283.323761 	 296.319244 	 2.160181 	 98966.468750 	 609.531738 
257 	 41.678688 	 283.323761 	 297.646912 	 1.461836 	 99316.476562 	 618.407593 
258 	 41.678688 	 283.323761 	 298.554565 	 2.670020 	 99545.929688 	 620.671692 
259 	 41.678688 	 283.323761 	 297.919281 	 2.383520 	 99893.890625 	 595.294067 
260 	 41.678688 	 283.323761 	 298.084167 	 1.634052 	 99921.976562 	 574.112671 
261 	 41.678688 	 283.323761 	 297.934326 	 1.338626 	 99544.093750 	 592.854614 
262 	 41.678688 	 283.323761 	 297.114136 	 1.424402 	 99130.648438 	 528.132446 
263 	 41.678688 	 283.323761 	 296.181061 	 0.669035 	 99179.406250 	 589.857727 
264 	 41.678688 	 283.323761 	 296.187622 	 1.023621 	 99146.539062 	 529.037354 
265 	 41.678688 	 283.323761 	 296.605530 	 0.689818 	 98848.476562 	 572.399658 
266 	 41.678688 	 283.323761 	 296.860718 	 1.896784 	 98772.171875 	 575.797119 
267 	 41.678688 	 283.323761 	 293.966797 	 2.352740 	 99217.023438 	 516.426880 
268 	 41.678688 	 283.323761 	 295.430634 	 1.938677 	 98802.367188 	 573.505127 
269 	 41.678688 	 283.323761 	 290.944824 	 2.427396 	 99103.929688 	 516.771606 
270 	 41.678688 	 283.323761 	 287.277893 	 3.431599 	 99636.523438 	 517.391541 
271 	 41.678688 	 283.323761 	 284.597595 	 1.619179 	 99996.882812 	 505.324280 
272 	 41.678688 	 283.323761 	 286.772522 	 3.367285 	 99774.703125 	 488.543701 
273 	 41.678688 	 283.323761 	 290.966217 	 3.049631 	 99155.539062 	 486.686340 
274 	 41.678688 	 283.323761 	 290.954559 	 1.506833 	 98887.039062 	 507.164429 
275 	 41.678688 	 283.323761 	 291.703400 	 1.685111 	 99370.046875 	 541.012451 
276 	 41.678688 	 283.323761 	 292.608887 	 3.179626 	 99317.320312 	 465.164398 
277 	 41.678688 	 283.323761 	 292.699371 	 3.985165 	 98323.750000 	 476.923981 
278 	 41.678688 	 283.323761 	 284.854980 	 4.084643 	 98383.437500 	 493.260742 
279 	 41.678688 	 283.323761 	 280.482941 	 3.167471 	 99815.281250 	 495.122009 
280 	 41.678688 	 283.323761 	 278.132019 	 1.263064 	 100672.000000 	 461.837738 
281 	 41.678688 	 283.323761 	 282.962311 	 3.522569 	 100487.398438 	 473.066528 
282 	 41.678688 	 283.323761 	 287.546448 	 3.695797 	 99691.781250 	 400.327240 
283 	 41.678688 	 283.323761 	 286.180176 	 1.743562 	 99324.453125 	 486.635040 
284 	 41.678688 	 283.323761 	 286.331390 	 1.507795 	 99211.796875 	 487.388611 
285 	 41.678688 	 283.323761 	 287.654510 	 1.021288 	 98645.187500 	 501.104980 
286 	 41.678688 	 283.323761 	 288.297119 	 0.755832 	 98559.320312 	 497.950256 
287 	 41.678688 	 283.323761 	 290.441772 	 3.149256 	 98474.460938 	 504.799927 
288 	 41.678688 	 283.323761 	 286.725006 	 3.211671 	 98115.851562 	 475.752258 
289 	 41.678688 	 283.323761 	 283.437988 	 3.159922 	 98418.906250 	 446.563782 
290 	 41.678688 	 283.323761 	 286.224976 	 3.120974 	 98166.242188 	 475.838013 
291 	 41.678688 	 283.323761 	 283.357483 	 3.232498 	 98444.078125 	 453.271545 
292 	 41.678688 	 283.323761 	 280.402954 	 1.824268 	 98832.132812 	 436.343384 
293 	 41.678688 	 283.323761 	 284.674652 	 2.948517 	 98715.789062 	 440.118713 
294 	 41.678688 	 283.323761 	 290.299622 	 3.339446 	 97881.070312 	 398.729614 
295 	 41.678688 	 283.323761 	 283.323700 	 3.991668 	 97333.523438 	 440.135101 
296 	 41.678688 	 283.323761 	 284.121033 	 2.282237 	 98280.273438 	 454.265686 
297 	 41.678688 	 283.323761 	 286.506409 	 2.693146 	 98540.070312 	 425.921875 
298 	 41.678688 	 283.323761 	 279.802094 	 1.713276 	 99229.898438 	 350.544250 
299 	 41.678688 	 283.323761 	 278.660095 	 1.972792 	 99510.921875 	 394.758820 
300 	 41.678688 	 283.323761 	 287.458618 	 4.821014 	 98735.703125 	 415.159668 
301 	 41.678688 	 283.323761 	 285.867737 	 2.208959 	 98663.296875 	 424.624481 
302 	 41.678688 	 283.323761 	 279.769318 	 3.732222 	 99027.156250 	 360.061188 
303 	 41.678688 	 283.323761 	 276.878021 	 4.938299 	 98975.679688 	 441.525970 
304 	 41.678688 	 283.323761 	 276.767517 	 1.858891 	 99863.851562 	 428.858643 
305 	 41.678688 	 283.323761 	 279.104340 	 3.975981 	 100167.898438 	 376.231079 
306 	 41.678688 	 283.323761 	 285.237640 	 4.513412 	 99369.828125 	 416.350067 
307 	 41.678688 	 283.323761 	 289.040344 	 5.424562 	 98648.226562 	 429.706451 
308 	 41.678688 	 283.323761 	 285.709991 	 4.590916 	 97496.750000 	 397.226837 
309 	 41.678688 	 283.323761 	 277.191254 	 4.418522 	 97095.992188 	 393.078522 
310 	 41.678688 	 283.323761 	 275.854797 	 4.203540 	 97827.742188 	 393.079224 
311 	 41.678688 	 283.323761 	 279.998047 	 2.776014 	 98225.757812 	 393.270325 
312 	 41.678688 	 283.323761 	 281.134216 	 3.708010 	 98490.570312 	 401.872131 
313 	 41.678688 	 283.323761 	 280.966187 	 1.880009 	 98769.296875 	 410.904297 
314 	 41.678688 	 283.323761 	 279.349670 	 2.808144 	 98961.062500 	 403.320465 
315 	 41.678688 	 283.323761 	 287.790131 	 3.732352 	 98411.953125 	 416.792908 
316 	 41.678688 	 283.323761 	 282.457275 	 2.244214 	 99014.062500 	 430.758392 
317 	 41.678688 	 283.323761 	 276.729370 	 1.148919 	 99517.500000 	 356.604889 
318 	 41.678688 	 283.323761 	 277.262146 	 1.036105 	 99291.023438 	 357.094513 
319 	 41.678688 	 283.323761 	 274.998566 	 2.499012 	 99862.039062 	 339.187256 
320 	 41.678688 	 283.323761 	 278.885345 	 3.907547 	 99791.242188 	 362.911255 
321 	 41.678688 	 283.323761 	 284.148956 	 3.610294 	 98293.953125 	 377.921906 
322 	 41.678688 	 283.323761 	 278.070099 	 2.253431 	 98400.093750 	 364.645874 
323 	 41.678688 	 283.323761 	 274.913147 	 2.086217 	 98834.570312 	 342.003876 
324 	 41.678688 	 283.323761 	 274.483032 	 2.734594 	 99920.796875 	 376.637177 
325 	 41.678688 	 283.323761 	 273.294128 	 0.945051 	 100501.500000 	 342.783264 
326 	 41.678688 	 283.323761 	 273.768555 	 2.908983 	 100723.398438 	 373.987061 
327 	 41.678688 	 283.323761 	 282.695221 	 5.340365 	 99973.093750 	 360.811829 
328 	 41.678688 	 283.323761 	 284.269592 	 4.162124 	 98796.210938 	 385.699127 
329 	 41.678688 	 283.323761 	 278.693420 	 2.584348 	 98670.218750 	 379.144348 
330 	 41.678688 	 283.323761 	 276.381500 	 1.975414 	 98592.617188 	 360.861694 
331 	 41.678688 	 283.323761 	 273.635437 	 1.701746 	 98190.367188 	 310.540771 
332 	 41.678688 	 283.323761 	 275.298706 	 2.626568 	 97448.968750 	 325.262146 
333 	 41.678688 	 283.323761 	 275.274536 	 4.736887 	 96991.851562 	 358.412781 
334 	 41.678688 	 283.323761 	 272.845459 	 3.439247 	 98710.429688 	 334.060486 
335 	 41.678688 	 283.323761 	 271.572540 	 1.939905 	 99570.726562 	 339.498291 
336 	 41.678688 	 283.323761 	 272.187256 	 2.594806 	 99271.156250 	 343.982483 
337 	 41.678688 	 283.323761 	 269.854034 	 2.911213 	 99092.453125 	 311.116608 
338 	 41.678688 	 283.323761 	 269.486053 	 2.741230 	 99717.281250 	 340.049957 
339 	 41.678688 	 283.323761 	 270.049652 	 1.779722 	 99791.031250 	 325.077972 
340 	 41.678688 	 283.323761 	 271.827118 	 1.989247 	 99305.476562 	 326.905182 
341 	 41.678688 	 283.323761 	 272.351868 	 2.814954 	 98635.242188 	 317.319702 
342 	 41.678688 	 283.323761 	 272.114868 	 2.404033 	 98215.421875 	 338.435242 
343 	 41.678688 	 283.323761 	 269.683014 	 3.038296 	 97809.648438 	 317.347504 
344 	 41.678688 	 283.323761 	 267.280640 	 3.145189 	 98934.671875 	 300.644348 
345 	 41.678688 	 283.323761 	 266.953552 	 2.105256 	 99527.070312 	 272.684357 
346 	 41.678688 	 283.323761 	 272.271973 	 2.611271 	 98915.609375 	 338.113098 
347 	 41.678688 	 283.323761 	 272.459137 	 3.951755 	 97556.710938 	 354.270416 
348 	 41.678688 	 283.323761 	 269.821045 	 2.233352 	 98762.148438 	 310.632446 
349 	 41.678688 	 283.323761 	 269.514984 	 1.233392 	 99162.273438 	 326.500977 
350 	 41.678688 	 283.323761 	 268.475861 	 0.948446 	 99328.523438 	 312.467010 
351 	 41.678688 	 283.323761 	 267.670135 	 1.214731 	 99172.687500 	 309.997498 
352 	 41.678688 	 283.323761 	 271.218964 	 1.737244 	 98771.132812 	 290.182953 
353 	 41.678688 	 283.323761 	 272.436615 	 3.216183 	 97377.226562 	 339.279633 
354 	 41.678688 	 283.323761 	 269.476654 	 3.610726 	 97735.500000 	 348.091644 
355 	 41.678688 	 283.323761 	 273.367706 	 2.809999 	 98937.500000 	 321.716064 
356 	 41.678688 	 283.323761 	 270.455994 	 1.644752 	 99767.789062 	 307.196259 
357 	 41.678688 	 283.323761 	 278.243774 	 3.372052 	 98909.929688 	 334.279663 
358 	 41.678688 	 283.323761 	 275.982391 	 4.411742 	 97860.656250 	 348.598938 
359 	 41.678688 	 283.323761 	 278.094849 	 2.656392 	 98633.976562 	 364.249359 
360 	 41.678688 	 283.323761 	 282.795715 	 2.377891 	 98938.710938 	 380.161987 
361 	 41.678688 	 283.323761 	 278.665100 	 1.854296 	 99033.281250 	 392.629181 
362 	 41.678688 	 283.323761 	 271.412964 	 1.473740 	 99266.078125 	 303.423309 
363 	 41.678688 	 283.323761 	 281.238708 	 4.033853 	 97680.773438 	 379.921814 
364 	 41.678688 	 283.323761 	 274.810425 	 4.174063 	 97704.726562 	 345.359192 
