# 0: Day of Year [-] 	 1: lat [deg] 	 2: lon [deg] 	 3: tas [K] 	 4: sfcWind [m s-1] 	 5: ps [Pa] 	 6: Total Downwelling Rad Flux [W m-2] 
0 	 41.678688 	 283.323761 	 266.610718 	 2.600024 	 99510.429688 	 304.721558 
1 	 41.678688 	 283.323761 	 269.861542 	 4.224156 	 99721.953125 	 319.974243 
2 	 41.678688 	 283.323761 	 276.581909 	 3.043640 	 99203.726562 	 338.200745 
3 	 41.678688 	 283.323761 	 284.829895 	 3.475047 	 98484.882812 	 384.409393 
4 	 41.678688 	 283.323761 	 282.960175 	 4.645810 	 97270.398438 	 409.973755 
5 	 41.678688 	 283.323761 	 272.613373 	 2.426644 	 97815.617188 	 310.767365 
6 	 41.678688 	 283.323761 	 274.844635 	 2.916816 	 98287.312500 	 373.051392 
7 	 41.678688 	 283.323761 	 280.144928 	 4.852615 	 98154.046875 	 365.342224 
8 	 41.678688 	 283.323761 	 275.147369 	 1.938479 	 99206.093750 	 349.497864 
9 	 41.678688 	 283.323761 	 273.629395 	 1.749656 	 99692.343750 	 353.986450 
10 	 41.678688 	 283.323761 	 274.867950 	 3.220047 	 97503.429688 	 330.376495 
11 	 41.678688 	 283.323761 	 271.286072 	 3.416708 	 97936.578125 	 377.782471 
12 	 41.678688 	 283.323761 	 274.733185 	 3.386605 	 98799.039062 	 341.202393 
13 	 41.678688 	 283.323761 	 273.844788 	 2.769328 	 97950.546875 	 377.857788 
14 	 41.678688 	 283.323761 	 274.127625 	 4.428060 	 97616.171875 	 347.196594 
15 	 41.678688 	 283.323761 	 274.013245 	 1.990553 	 98882.617188 	 345.893066 
16 	 41.678688 	 283.323761 	 279.200470 	 3.584626 	 99122.789062 	 358.693146 
17 	 41.678688 	 283.323761 	 280.401154 	 4.127543 	 98305.773438 	 332.755798 
18 	 41.678688 	 283.323761 	 268.339386 	 5.010291 	 98735.156250 	 338.285583 
19 	 41.678688 	 283.323761 	 269.391632 	 3.478342 	 99844.781250 	 317.970795 
20 	 41.678688 	 283.323761 	 269.219910 	 2.551147 	 100464.101562 	 296.309723 
21 	 41.678688 	 283.323761 	 275.237122 	 4.360579 	 97936.148438 	 353.824677 
22 	 41.678688 	 283.323761 	 267.289032 	 5.233671 	 98403.257812 	 330.244263 
23 	 41.678688 	 283.323761 	 273.455170 	 3.431635 	 98784.187500 	 346.250702 
24 	 41.678688 	 283.323761 	 272.291107 	 1.847760 	 98885.437500 	 309.666931 
25 	 41.678688 	 283.323761 	 272.516327 	 4.152184 	 97814.523438 	 345.963776 
26 	 41.678688 	 283.323761 	 261.619171 	 5.262699 	 98642.726562 	 310.940247 
27 	 41.678688 	 283.323761 	 269.744751 	 2.932280 	 98835.117188 	 348.779327 
28 	 41.678688 	 283.323761 	 275.776581 	 3.694640 	 97827.632812 	 342.895844 
29 	 41.678688 	 283.323761 	 269.177216 	 2.609497 	 98680.820312 	 348.414429 
30 	 41.678688 	 283.323761 	 263.593964 	 2.792862 	 98158.617188 	 292.118744 
31 	 41.678688 	 283.323761 	 263.704651 	 3.666926 	 96675.382812 	 327.603455 
32 	 41.678688 	 283.323761 	 265.433929 	 3.526413 	 97718.703125 	 326.351471 
33 	 41.678688 	 283.323761 	 269.457397 	 3.118143 	 98481.203125 	 345.680450 
34 	 41.678688 	 283.323761 	 276.217926 	 3.273206 	 98382.882812 	 383.322632 
35 	 41.678688 	 283.323761 	 269.956940 	 2.977682 	 99053.968750 	 377.930908 
36 	 41.678688 	 283.323761 	 267.417938 	 1.880223 	 99542.117188 	 340.429047 
37 	 41.678688 	 283.323761 	 272.311890 	 4.118631 	 99224.070312 	 342.292114 
38 	 41.678688 	 283.323761 	 278.375732 	 2.222436 	 98744.273438 	 391.480377 
39 	 41.678688 	 283.323761 	 274.344543 	 3.418537 	 98268.703125 	 385.068909 
40 	 41.678688 	 283.323761 	 267.842255 	 3.521756 	 98915.203125 	 358.647675 
41 	 41.678688 	 283.323761 	 273.503845 	 2.702698 	 98910.656250 	 357.318359 
42 	 41.678688 	 283.323761 	 274.250366 	 1.822033 	 98756.828125 	 349.990173 
43 	 41.678688 	 283.323761 	 272.382446 	 2.409249 	 98890.226562 	 392.938599 
44 	 41.678688 	 283.323761 	 272.247986 	 1.930022 	 99907.546875 	 392.480377 
45 	 41.678688 	 283.323761 	 278.877380 	 3.648732 	 99972.093750 	 390.844055 
46 	 41.678688 	 283.323761 	 283.738922 	 4.044607 	 99455.203125 	 403.728241 
47 	 41.678688 	 283.323761 	 285.284180 	 3.157517 	 98113.359375 	 375.303345 
48 	 41.678688 	 283.323761 	 277.058502 	 3.502379 	 98483.078125 	 449.056793 
49 	 41.678688 	 283.323761 	 275.708405 	 2.099710 	 99606.187500 	 400.023987 
50 	 41.678688 	 283.323761 	 277.514252 	 2.452307 	 99365.000000 	 374.681671 
51 	 41.678688 	 283.323761 	 273.316956 	 2.425881 	 99847.523438 	 410.651489 
52 	 41.678688 	 283.323761 	 275.065002 	 2.073039 	 99712.367188 	 415.455566 
53 	 41.678688 	 283.323761 	 277.277802 	 2.422160 	 99101.742188 	 424.286255 
54 	 41.678688 	 283.323761 	 273.844940 	 2.955954 	 99841.593750 	 428.580627 
55 	 41.678688 	 283.323761 	 277.331024 	 3.639927 	 98818.632812 	 383.878937 
56 	 41.678688 	 283.323761 	 278.505829 	 2.779090 	 97034.500000 	 391.206970 
57 	 41.678688 	 283.323761 	 278.000977 	 2.534222 	 96841.593750 	 395.002686 
58 	 41.678688 	 283.323761 	 276.979370 	 3.309993 	 97448.523438 	 432.497925 
59 	 41.678688 	 283.323761 	 272.612549 	 2.340405 	 97785.601562 	 389.986938 
60 	 41.678688 	 283.323761 	 276.603912 	 2.608650 	 97559.468750 	 395.499603 
61 	 41.678688 	 283.323761 	 274.057556 	 1.984337 	 97892.398438 	 419.399902 
62 	 41.678688 	 283.323761 	 271.638641 	 2.864600 	 97643.859375 	 432.301514 
63 	 41.678688 	 283.323761 	 270.738312 	 1.665716 	 97381.656250 	 412.732544 
64 	 41.678688 	 283.323761 	 271.302307 	 3.212985 	 97777.187500 	 414.729431 
65 	 41.678688 	 283.323761 	 271.375549 	 2.510166 	 98991.726562 	 428.250519 
66 	 41.678688 	 283.323761 	 275.563477 	 3.508088 	 98790.156250 	 360.371918 
67 	 41.678688 	 283.323761 	 277.995117 	 4.245952 	 96563.976562 	 433.310974 
68 	 41.678688 	 283.323761 	 268.887482 	 4.076736 	 98337.882812 	 400.809814 
69 	 41.678688 	 283.323761 	 270.854523 	 1.832736 	 99605.062500 	 445.166809 
70 	 41.678688 	 283.323761 	 272.321747 	 2.455587 	 99748.703125 	 357.873718 
71 	 41.678688 	 283.323761 	 275.087860 	 2.237982 	 98517.093750 	 405.754395 
72 	 41.678688 	 283.323761 	 273.882538 	 2.852018 	 98038.937500 	 332.228821 
73 	 41.678688 	 283.323761 	 276.735199 	 2.786135 	 96920.546875 	 410.301300 
74 	 41.678688 	 283.323761 	 275.954712 	 3.230373 	 97110.062500 	 369.903107 
75 	 41.678688 	 283.323761 	 276.317352 	 3.913501 	 96805.523438 	 413.276184 
76 	 41.678688 	 283.323761 	 274.837952 	 3.256708 	 98552.523438 	 466.427429 
77 	 41.678688 	 283.323761 	 275.714935 	 3.248544 	 98958.906250 	 390.839478 
78 	 41.678688 	 283.323761 	 276.668518 	 1.648837 	 99138.843750 	 429.057312 
79 	 41.678688 	 283.323761 	 277.705017 	 3.287049 	 98656.679688 	 380.331116 
80 	 41.678688 	 283.323761 	 272.101562 	 6.111045 	 97643.773438 	 491.579407 
81 	 41.678688 	 283.323761 	 268.556122 	 5.012621 	 98360.906250 	 455.925537 
82 	 41.678688 	 283.323761 	 271.588806 	 2.219823 	 98764.101562 	 399.237061 
83 	 41.678688 	 283.323761 	 274.205841 	 2.498714 	 98251.773438 	 431.766968 
84 	 41.678688 	 283.323761 	 268.675049 	 5.147518 	 98296.187500 	 382.254578 
85 	 41.678688 	 283.323761 	 270.565979 	 4.107677 	 98131.070312 	 464.015442 
86 	 41.678688 	 283.323761 	 271.306793 	 4.289253 	 98625.718750 	 474.250305 
87 	 41.678688 	 283.323761 	 273.467804 	 1.960146 	 98662.851562 	 416.671570 
88 	 41.678688 	 283.323761 	 276.597382 	 1.822098 	 97857.828125 	 394.069000 
89 	 41.678688 	 283.323761 	 278.194122 	 2.694539 	 97103.179688 	 448.738098 
90 	 41.678688 	 283.323761 	 278.047852 	 3.511196 	 97621.750000 	 523.964966 
91 	 41.678688 	 283.323761 	 280.042694 	 2.359684 	 98600.007812 	 535.965637 
92 	 41.678688 	 283.323761 	 285.070221 	 2.047006 	 98641.093750 	 547.053833 
93 	 41.678688 	 283.323761 	 283.948975 	 1.588213 	 98913.000000 	 452.586273 
94 	 41.678688 	 283.323761 	 288.676941 	 2.705994 	 98693.757812 	 555.515381 
95 	 41.678688 	 283.323761 	 288.665253 	 2.352815 	 98751.093750 	 397.773956 
96 	 41.678688 	 283.323761 	 285.750183 	 2.477711 	 98561.031250 	 560.141235 
97 	 41.678688 	 283.323761 	 284.599792 	 2.555087 	 98150.851562 	 554.343872 
98 	 41.678688 	 283.323761 	 278.849030 	 2.997969 	 97989.367188 	 398.080292 
99 	 41.678688 	 283.323761 	 277.477966 	 4.218695 	 96805.273438 	 416.074677 
100 	 41.678688 	 283.323761 	 278.113037 	 4.509140 	 97581.703125 	 563.496338 
101 	 41.678688 	 283.323761 	 280.527374 	 1.580363 	 98736.843750 	 548.127563 
102 	 41.678688 	 283.323761 	 282.458344 	 0.963152 	 98972.257812 	 568.474915 
103 	 41.678688 	 283.323761 	 286.171173 	 3.254754 	 99338.750000 	 581.348389 
104 	 41.678688 	 283.323761 	 288.899445 	 4.594723 	 99050.773438 	 422.656036 
105 	 41.678688 	 283.323761 	 284.780212 	 1.800979 	 98736.898438 	 470.832428 
106 	 41.678688 	 283.323761 	 285.265198 	 1.635897 	 98568.062500 	 516.372009 
107 	 41.678688 	 283.323761 	 284.646820 	 3.123302 	 98196.726562 	 586.654907 
108 	 41.678688 	 283.323761 	 280.134552 	 1.624312 	 99014.773438 	 464.064575 
109 	 41.678688 	 283.323761 	 280.367554 	 3.723121 	 98459.906250 	 409.387482 
110 	 41.678688 	 283.323761 	 280.436310 	 3.291479 	 98223.632812 	 447.049377 
111 	 41.678688 	 283.323761 	 281.090637 	 3.027434 	 98458.773438 	 458.830109 
112 	 41.678688 	 283.323761 	 281.913879 	 3.000470 	 98047.773438 	 489.671173 
113 	 41.678688 	 283.323761 	 285.249023 	 1.765788 	 97982.007812 	 544.023315 
114 	 41.678688 	 283.323761 	 285.165710 	 1.741036 	 98024.781250 	 516.419922 
115 	 41.678688 	 283.323761 	 280.261841 	 5.465462 	 97221.718750 	 586.794006 
116 	 41.678688 	 283.323761 	 280.769470 	 4.752828 	 97482.656250 	 567.242432 
117 	 41.678688 	 283.323761 	 282.783722 	 2.401380 	 97579.593750 	 432.372314 
118 	 41.678688 	 283.323761 	 281.236633 	 5.141627 	 97672.718750 	 562.812744 
119 	 41.678688 	 283.323761 	 278.768372 	 3.889924 	 98147.179688 	 562.195068 
120 	 41.678688 	 283.323761 	 278.531616 	 3.082165 	 97751.359375 	 556.759399 
121 	 41.678688 	 283.323761 	 279.323914 	 4.505473 	 97971.007812 	 610.774292 
122 	 41.678688 	 283.323761 	 282.859283 	 2.822521 	 97947.187500 	 529.935059 
123 	 41.678688 	 283.323761 	 287.263000 	 1.985156 	 97967.023438 	 534.961792 
124 	 41.678688 	 283.323761 	 286.193542 	 2.300653 	 98778.492188 	 605.164246 
125 	 41.678688 	 283.323761 	 287.815826 	 4.085958 	 99017.593750 	 475.311279 
126 	 41.678688 	 283.323761 	 291.143707 	 3.619773 	 98639.992188 	 625.273376 
127 	 41.678688 	 283.323761 	 285.762512 	 2.320103 	 98876.156250 	 564.694336 
128 	 41.678688 	 283.323761 	 285.013428 	 1.387806 	 99289.476562 	 555.862549 
129 	 41.678688 	 283.323761 	 290.012909 	 2.049134 	 99307.171875 	 656.545166 
130 	 41.678688 	 283.323761 	 295.411072 	 3.462431 	 98514.476562 	 583.343018 
131 	 41.678688 	 283.323761 	 295.743896 	 3.095962 	 98419.031250 	 535.650024 
132 	 41.678688 	 283.323761 	 287.267120 	 2.172943 	 98937.750000 	 522.471558 
133 	 41.678688 	 283.323761 	 294.914825 	 3.235937 	 98054.992188 	 562.004395 
134 	 41.678688 	 283.323761 	 294.955811 	 4.156820 	 98332.882812 	 668.237061 
135 	 41.678688 	 283.323761 	 293.580078 	 2.908047 	 98371.187500 	 621.037354 
136 	 41.678688 	 283.323761 	 291.890381 	 3.396445 	 98720.046875 	 538.452271 
137 	 41.678688 	 283.323761 	 295.547607 	 3.482657 	 97965.640625 	 651.342896 
138 	 41.678688 	 283.323761 	 288.154205 	 3.497858 	 98152.132812 	 647.944092 
139 	 41.678688 	 283.323761 	 284.232452 	 2.088570 	 99629.796875 	 573.916931 
140 	 41.678688 	 283.323761 	 287.163910 	 2.034057 	 100106.898438 	 643.843628 
141 	 41.678688 	 283.323761 	 294.007019 	 3.006233 	 99424.367188 	 670.225708 
142 	 41.678688 	 283.323761 	 294.413208 	 1.226388 	 98830.882812 	 581.814636 
143 	 41.678688 	 283.323761 	 296.198547 	 2.923902 	 98288.812500 	 706.022827 
144 	 41.678688 	 283.323761 	 296.789520 	 3.265847 	 97855.976562 	 654.567017 
145 	 41.678688 	 283.323761 	 294.035034 	 2.425384 	 97455.203125 	 564.903320 
146 	 41.678688 	 283.323761 	 288.771545 	 3.937342 	 97286.656250 	 630.196411 
147 	 41.678688 	 283.323761 	 286.427917 	 1.888994 	 98402.421875 	 614.858887 
148 	 41.678688 	 283.323761 	 287.672791 	 1.850111 	 98413.476562 	 512.533081 
149 	 41.678688 	 283.323761 	 289.924316 	 1.797634 	 98167.476562 	 659.755371 
150 	 41.678688 	 283.323761 	 291.315979 	 2.468720 	 98394.523438 	 648.947327 
151 	 41.678688 	 283.323761 	 291.930267 	 2.062110 	 98328.890625 	 621.183472 
152 	 41.678688 	 283.323761 	 293.322296 	 2.218007 	 98525.828125 	 683.828857 
153 	 41.678688 	 283.323761 	 294.282867 	 3.515200 	 98472.953125 	 694.855652 
154 	 41.678688 	 283.323761 	 294.989807 	 4.103539 	 98519.117188 	 662.797302 
155 	 41.678688 	 283.323761 	 293.341431 	 1.405443 	 98984.171875 	 626.075317 
156 	 41.678688 	 283.323761 	 297.313477 	 1.632257 	 99323.289062 	 721.874695 
157 	 41.678688 	 283.323761 	 297.464020 	 2.782112 	 99071.828125 	 664.002686 
158 	 41.678688 	 283.323761 	 298.523071 	 3.645097 	 98449.109375 	 678.520996 
159 	 41.678688 	 283.323761 	 292.897949 	 2.275293 	 98531.812500 	 681.488220 
160 	 41.678688 	 283.323761 	 291.422791 	 3.541376 	 98391.593750 	 518.842468 
161 	 41.678688 	 283.323761 	 291.714813 	 1.194025 	 99033.132812 	 662.093872 
162 	 41.678688 	 283.323761 	 297.808167 	 3.367373 	 98830.203125 	 712.184082 
163 	 41.678688 	 283.323761 	 298.294281 	 4.406718 	 98391.976562 	 686.817993 
164 	 41.678688 	 283.323761 	 292.226135 	 1.885616 	 98880.289062 	 671.544434 
165 	 41.678688 	 283.323761 	 292.631073 	 1.838920 	 98931.593750 	 657.935303 
166 	 41.678688 	 283.323761 	 293.682281 	 1.268547 	 98763.023438 	 688.666626 
167 	 41.678688 	 283.323761 	 298.558350 	 2.354242 	 98533.039062 	 635.606506 
168 	 41.678688 	 283.323761 	 295.071289 	 2.075351 	 98415.593750 	 570.312805 
169 	 41.678688 	 283.323761 	 289.474365 	 3.136190 	 98995.023438 	 535.414001 
170 	 41.678688 	 283.323761 	 288.733398 	 3.354036 	 99238.882812 	 646.382507 
171 	 41.678688 	 283.323761 	 288.988129 	 1.859661 	 99347.992188 	 649.696594 
172 	 41.678688 	 283.323761 	 290.890625 	 1.024347 	 99446.359375 	 679.702209 
173 	 41.678688 	 283.323761 	 293.167511 	 2.829950 	 99153.343750 	 647.567261 
174 	 41.678688 	 283.323761 	 296.901245 	 2.731638 	 98567.320312 	 714.077637 
175 	 41.678688 	 283.323761 	 298.807220 	 1.956722 	 98290.210938 	 718.239502 
176 	 41.678688 	 283.323761 	 297.948914 	 2.811891 	 97996.203125 	 709.275269 
177 	 41.678688 	 283.323761 	 296.641174 	 4.541152 	 97608.437500 	 592.356750 
178 	 41.678688 	 283.323761 	 295.479401 	 2.088270 	 98786.406250 	 705.043213 
179 	 41.678688 	 283.323761 	 295.447327 	 4.603476 	 99077.062500 	 703.322754 
180 	 41.678688 	 283.323761 	 299.997345 	 3.237209 	 98605.242188 	 745.887573 
181 	 41.678688 	 283.323761 	 300.116272 	 2.612096 	 98573.953125 	 685.290405 
182 	 41.678688 	 283.323761 	 298.166901 	 2.313532 	 98724.421875 	 701.195435 
183 	 41.678688 	 283.323761 	 297.800079 	 2.090084 	 98972.648438 	 718.862549 
184 	 41.678688 	 283.323761 	 298.229156 	 0.861119 	 98778.500000 	 719.896729 
185 	 41.678688 	 283.323761 	 298.961060 	 0.983557 	 98781.351562 	 719.292725 
186 	 41.678688 	 283.323761 	 299.279785 	 1.942317 	 98916.296875 	 681.615967 
187 	 41.678688 	 283.323761 	 299.488831 	 1.529267 	 98783.453125 	 735.868408 
188 	 41.678688 	 283.323761 	 298.578796 	 1.653513 	 98408.078125 	 712.599976 
189 	 41.678688 	 283.323761 	 298.407501 	 2.155065 	 98127.468750 	 719.575623 
190 	 41.678688 	 283.323761 	 297.601349 	 2.016212 	 98222.570312 	 663.671509 
191 	 41.678688 	 283.323761 	 300.140564 	 1.885539 	 97988.468750 	 734.033875 
192 	 41.678688 	 283.323761 	 297.326172 	 1.392206 	 98147.476562 	 550.603760 
193 	 41.678688 	 283.323761 	 295.426453 	 2.192386 	 98233.859375 	 607.074341 
194 	 41.678688 	 283.323761 	 297.383942 	 3.338694 	 97689.039062 	 629.693115 
195 	 41.678688 	 283.323761 	 295.113373 	 3.460098 	 98187.929688 	 677.816467 
196 	 41.678688 	 283.323761 	 294.445038 	 2.427635 	 99130.476562 	 564.066223 
197 	 41.678688 	 283.323761 	 298.434906 	 2.325110 	 99063.828125 	 632.336670 
198 	 41.678688 	 283.323761 	 299.543762 	 1.263024 	 98833.382812 	 726.665833 
199 	 41.678688 	 283.323761 	 298.825470 	 2.373217 	 98319.492188 	 711.890381 
200 	 41.678688 	 283.323761 	 298.415588 	 2.084096 	 98001.796875 	 681.086548 
201 	 41.678688 	 283.323761 	 295.633850 	 2.043566 	 98334.718750 	 681.852051 
202 	 41.678688 	 283.323761 	 296.339325 	 0.989025 	 98869.007812 	 692.012329 
203 	 41.678688 	 283.323761 	 299.089508 	 2.806813 	 98981.953125 	 674.167236 
204 	 41.678688 	 283.323761 	 300.480560 	 5.333427 	 98605.000000 	 719.070557 
205 	 41.678688 	 283.323761 	 295.129303 	 2.953010 	 98245.710938 	 485.673096 
206 	 41.678688 	 283.323761 	 293.706970 	 4.086771 	 98228.992188 	 704.228760 
207 	 41.678688 	 283.323761 	 292.968445 	 2.255585 	 98282.656250 	 656.189697 
208 	 41.678688 	 283.323761 	 293.301117 	 1.038155 	 98816.406250 	 662.946960 
209 	 41.678688 	 283.323761 	 293.593994 	 1.422107 	 98986.523438 	 628.924683 
210 	 41.678688 	 283.323761 	 297.251831 	 4.032645 	 98753.046875 	 674.773438 
211 	 41.678688 	 283.323761 	 298.099243 	 4.575181 	 98408.109375 	 580.250000 
212 	 41.678688 	 283.323761 	 298.113556 	 2.430624 	 98241.679688 	 705.682739 
213 	 41.678688 	 283.323761 	 298.102356 	 2.968077 	 98509.046875 	 694.558838 
214 	 41.678688 	 283.323761 	 297.292175 	 3.552430 	 98709.101562 	 599.906982 
215 	 41.678688 	 283.323761 	 297.609192 	 2.674708 	 98616.226562 	 714.600220 
216 	 41.678688 	 283.323761 	 294.979919 	 1.038692 	 98770.437500 	 653.708496 
217 	 41.678688 	 283.323761 	 296.796936 	 2.522922 	 98672.250000 	 685.532349 
218 	 41.678688 	 283.323761 	 303.230865 	 3.970942 	 97992.562500 	 709.453552 
219 	 41.678688 	 283.323761 	 304.418365 	 4.285732 	 97868.210938 	 711.911865 
220 	 41.678688 	 283.323761 	 297.789734 	 2.680999 	 98159.437500 	 601.347412 
221 	 41.678688 	 283.323761 	 295.698425 	 2.573552 	 98391.726562 	 547.718567 
222 	 41.678688 	 283.323761 	 295.707794 	 3.374589 	 98358.507812 	 672.063965 
223 	 41.678688 	 283.323761 	 293.093475 	 3.535957 	 98794.210938 	 643.021667 
224 	 41.678688 	 283.323761 	 294.395935 	 1.810602 	 99001.179688 	 644.788574 
225 	 41.678688 	 283.323761 	 292.851959 	 1.891615 	 98867.093750 	 459.481171 
226 	 41.678688 	 283.323761 	 295.389374 	 2.804713 	 98414.382812 	 521.322021 
227 	 41.678688 	 283.323761 	 295.196320 	 2.479342 	 98350.250000 	 632.322266 
228 	 41.678688 	 283.323761 	 294.763916 	 2.640059 	 98689.320312 	 650.387146 
229 	 41.678688 	 283.323761 	 297.409882 	 2.048609 	 98757.937500 	 668.865356 
230 	 41.678688 	 283.323761 	 301.943817 	 2.805930 	 98530.539062 	 686.642822 
231 	 41.678688 	 283.323761 	 303.451141 	 3.514658 	 98364.437500 	 675.991333 
232 	 41.678688 	 283.323761 	 301.947205 	 4.104799 	 98002.148438 	 670.217896 
233 	 41.678688 	 283.323761 	 296.782806 	 4.201159 	 98080.867188 	 620.300049 
234 	 41.678688 	 283.323761 	 291.677643 	 1.556658 	 98976.578125 	 619.577026 
235 	 41.678688 	 283.323761 	 293.851746 	 1.471116 	 99025.062500 	 627.674194 
236 	 41.678688 	 283.323761 	 295.884644 	 1.872754 	 98485.843750 	 626.184814 
237 	 41.678688 	 283.323761 	 298.531067 	 2.864324 	 97973.226562 	 647.525391 
238 	 41.678688 	 283.323761 	 292.382507 	 3.879766 	 98147.812500 	 589.874756 
239 	 41.678688 	 283.323761 	 287.563934 	 1.675859 	 98965.617188 	 582.998535 
240 	 41.678688 	 283.323761 	 289.928894 	 0.808338 	 98911.656250 	 606.524292 
241 	 41.678688 	 283.323761 	 293.395782 	 2.126406 	 98609.156250 	 510.561035 
242 	 41.678688 	 283.323761 	 295.375916 	 1.003457 	 98546.296875 	 633.704163 
243 	 41.678688 	 283.323761 	 294.121643 	 1.985182 	 98859.859375 	 507.800323 
244 	 41.678688 	 283.323761 	 293.537842 	 1.946153 	 99723.453125 	 593.558838 
245 	 41.678688 	 283.323761 	 292.149017 	 1.811800 	 100069.601562 	 555.681824 
246 	 41.678688 	 283.323761 	 295.651733 	 1.581362 	 99343.890625 	 627.292236 
247 	 41.678688 	 283.323761 	 296.449646 	 1.152738 	 98755.390625 	 624.521729 
248 	 41.678688 	 283.323761 	 293.746063 	 2.102944 	 98396.000000 	 606.271362 
249 	 41.678688 	 283.323761 	 291.545685 	 2.015927 	 98721.726562 	 590.433044 
250 	 41.678688 	 283.323761 	 287.031433 	 1.224468 	 99536.398438 	 551.607788 
251 	 41.678688 	 283.323761 	 288.011322 	 1.693308 	 99690.273438 	 438.798431 
252 	 41.678688 	 283.323761 	 290.886444 	 2.475844 	 99765.679688 	 567.998901 
253 	 41.678688 	 283.323761 	 294.805634 	 2.530638 	 99737.093750 	 555.045166 
254 	 41.678688 	 283.323761 	 293.480072 	 1.050208 	 99785.039062 	 537.529724 
255 	 41.678688 	 283.323761 	 294.559418 	 0.868268 	 99579.492188 	 574.573608 
256 	 41.678688 	 283.323761 	 293.478790 	 1.461276 	 99031.546875 	 566.183167 
257 	 41.678688 	 283.323761 	 293.996094 	 1.326251 	 98918.046875 	 573.042603 
258 	 41.678688 	 283.323761 	 294.863281 	 1.029454 	 99199.929688 	 594.008057 
259 	 41.678688 	 283.323761 	 294.897247 	 1.212084 	 98902.976562 	 595.536377 
260 	 41.678688 	 283.323761 	 295.538635 	 1.383071 	 98725.453125 	 600.093872 
261 	 41.678688 	 283.323761 	 296.014648 	 2.809592 	 98240.226562 	 566.200439 
262 	 41.678688 	 283.323761 	 287.969360 	 3.560660 	 98510.781250 	 486.533936 
263 	 41.678688 	 283.323761 	 282.689301 	 1.328565 	 99478.703125 	 507.103088 
264 	 41.678688 	 283.323761 	 283.984650 	 0.529313 	 99510.593750 	 521.841431 
265 	 41.678688 	 283.323761 	 288.188751 	 1.343832 	 99287.601562 	 547.961670 
266 	 41.678688 	 283.323761 	 289.456360 	 0.913336 	 99621.789062 	 541.202026 
267 	 41.678688 	 283.323761 	 290.722290 	 1.822784 	 99801.382812 	 512.032288 
268 	 41.678688 	 283.323761 	 290.988831 	 0.781145 	 99513.882812 	 555.819092 
269 	 41.678688 	 283.323761 	 289.383057 	 1.244340 	 99034.203125 	 543.586121 
270 	 41.678688 	 283.323761 	 288.824890 	 3.021896 	 98038.632812 	 406.022034 
271 	 41.678688 	 283.323761 	 282.434540 	 3.848190 	 98126.187500 	 441.915771 
272 	 41.678688 	 283.323761 	 282.796753 	 1.896267 	 98465.593750 	 503.269104 
273 	 41.678688 	 283.323761 	 287.252289 	 2.168113 	 98837.960938 	 520.762512 
274 	 41.678688 	 283.323761 	 289.687531 	 2.206487 	 99139.187500 	 534.505249 
275 	 41.678688 	 283.323761 	 289.275940 	 3.175125 	 99110.257812 	 509.496155 
276 	 41.678688 	 283.323761 	 290.065765 	 3.536237 	 98109.406250 	 493.671570 
277 	 41.678688 	 283.323761 	 279.302917 	 4.031620 	 99213.101562 	 474.962280 
278 	 41.678688 	 283.323761 	 279.063263 	 2.226412 	 99597.781250 	 462.784119 
279 	 41.678688 	 283.323761 	 284.655457 	 3.449614 	 98773.531250 	 467.839996 
280 	 41.678688 	 283.323761 	 282.118835 	 3.883344 	 98884.617188 	 389.265015 
281 	 41.678688 	 283.323761 	 281.325195 	 2.382370 	 99682.906250 	 467.776672 
282 	 41.678688 	 283.323761 	 284.381653 	 1.370384 	 99882.828125 	 475.024689 
283 	 41.678688 	 283.323761 	 289.032562 	 2.514787 	 99378.976562 	 487.325104 
284 	 41.678688 	 283.323761 	 287.690460 	 1.414962 	 98888.757812 	 411.051575 
285 	 41.678688 	 283.323761 	 285.913116 	 1.116964 	 98955.523438 	 484.556580 
286 	 41.678688 	 283.323761 	 281.826141 	 1.406922 	 99392.726562 	 455.680634 
287 	 41.678688 	 283.323761 	 283.912231 	 2.883966 	 99513.703125 	 463.538879 
288 	 41.678688 	 283.323761 	 291.682495 	 3.407580 	 98756.296875 	 439.135498 
289 	 41.678688 	 283.323761 	 289.046112 	 3.568110 	 97908.437500 	 514.641724 
290 	 41.678688 	 283.323761 	 279.641083 	 1.576079 	 98539.726562 	 433.172668 
291 	 41.678688 	 283.323761 	 279.836212 	 2.349455 	 99360.398438 	 435.387909 
292 	 41.678688 	 283.323761 	 287.754059 	 4.073850 	 99096.007812 	 448.100922 
293 	 41.678688 	 283.323761 	 284.838562 	 1.838854 	 98860.070312 	 456.248322 
294 	 41.678688 	 283.323761 	 288.808044 	 3.492615 	 98422.546875 	 500.410522 
295 	 41.678688 	 283.323761 	 282.318329 	 2.699108 	 98869.156250 	 442.748291 
296 	 41.678688 	 283.323761 	 289.460175 	 4.313620 	 98143.523438 	 426.098785 
297 	 41.678688 	 283.323761 	 277.739227 	 2.813635 	 98336.453125 	 375.201416 
298 	 41.678688 	 283.323761 	 276.039337 	 2.539822 	 98136.187500 	 329.462616 
299 	 41.678688 	 283.323761 	 276.607269 	 2.043237 	 98535.843750 	 404.344604 
300 	 41.678688 	 283.323761 	 283.036438 	 3.737844 	 98647.976562 	 427.300964 
301 	 41.678688 	 283.323761 	 289.934814 	 3.702163 	 98219.570312 	 435.263733 
302 	 41.678688 	 283.323761 	 287.447205 	 2.478017 	 98639.039062 	 456.989044 
303 	 41.678688 	 283.323761 	 285.311432 	 2.845702 	 98232.828125 	 466.723999 
304 	 41.678688 	 283.323761 	 280.899597 	 2.366183 	 99023.242188 	 375.174011 
305 	 41.678688 	 283.323761 	 286.179871 	 3.565740 	 99184.820312 	 430.363312 
306 	 41.678688 	 283.323761 	 290.854828 	 5.692576 	 98635.632812 	 424.821869 
307 	 41.678688 	 283.323761 	 281.928772 	 3.478281 	 98314.500000 	 448.120300 
308 	 41.678688 	 283.323761 	 279.439606 	 0.781425 	 99335.867188 	 411.343567 
309 	 41.678688 	 283.323761 	 282.491669 	 1.463957 	 99559.968750 	 388.132355 
310 	 41.678688 	 283.323761 	 285.572601 	 2.742048 	 99455.843750 	 407.675232 
311 	 41.678688 	 283.323761 	 287.652863 	 3.069898 	 99313.968750 	 418.898956 
312 	 41.678688 	 283.323761 	 289.905518 	 4.562698 	 98848.382812 	 418.767944 
313 	 41.678688 	 283.323761 	 285.304413 	 2.629386 	 97602.070312 	 368.898315 
314 	 41.678688 	 283.323761 	 281.039032 	 3.900947 	 97880.656250 	 375.503693 
315 	 41.678688 	 283.323761 	 280.047913 	 4.380874 	 97772.250000 	 403.099365 
316 	 41.678688 	 283.323761 	 277.121277 	 3.271477 	 98011.929688 	 378.772491 
317 	 41.678688 	 283.323761 	 277.496277 	 3.167174 	 98874.546875 	 353.357849 
318 	 41.678688 	 283.323761 	 276.950989 	 3.544559 	 99481.617188 	 376.695374 
319 	 41.678688 	 283.323761 	 284.257538 	 4.799821 	 98937.406250 	 420.515869 
320 	 41.678688 	 283.323761 	 288.295715 	 4.907420 	 98224.679688 	 404.825226 
321 	 41.678688 	 283.323761 	 290.388885 	 4.578822 	 97893.648438 	 442.719910 
322 	 41.678688 	 283.323761 	 284.224548 	 2.502938 	 99350.656250 	 387.810608 
323 	 41.678688 	 283.323761 	 291.195587 	 5.116735 	 98691.859375 	 428.716187 
324 	 41.678688 	 283.323761 	 276.546265 	 3.861246 	 98945.187500 	 361.789581 
325 	 41.678688 	 283.323761 	 272.042206 	 2.494029 	 100202.101562 	 367.461609 
326 	 41.678688 	 283.323761 	 276.324219 	 2.993349 	 99862.132812 	 321.355316 
327 	 41.678688 	 283.323761 	 277.452118 	 2.604231 	 99577.000000 	 366.823486 
328 	 41.678688 	 283.323761 	 274.861023 	 2.638180 	 100448.296875 	 381.349792 
329 	 41.678688 	 283.323761 	 271.129181 	 1.234175 	 100301.898438 	 337.564270 
330 	 41.678688 	 283.323761 	 276.158936 	 2.507550 	 99625.398438 	 355.949615 
331 	 41.678688 	 283.323761 	 284.307373 	 3.352022 	 99121.656250 	 383.972656 
332 	 41.678688 	 283.323761 	 284.808502 	 1.392354 	 98659.507812 	 427.688293 
333 	 41.678688 	 283.323761 	 279.985168 	 2.329455 	 98800.976562 	 372.329681 
334 	 41.678688 	 283.323761 	 282.910400 	 2.151276 	 98604.421875 	 372.085358 
335 	 41.678688 	 283.323761 	 284.308624 	 2.735769 	 97371.773438 	 401.057556 
336 	 41.678688 	 283.323761 	 275.944000 	 2.555001 	 98520.492188 	 312.011169 
337 	 41.678688 	 283.323761 	 279.073120 	 2.981007 	 98442.929688 	 355.737305 
338 	 41.678688 	 283.323761 	 276.491882 	 1.709007 	 99058.726562 	 335.500916 
339 	 41.678688 	 283.323761 	 274.013214 	 3.550682 	 97368.218750 	 332.930450 
340 	 41.678688 	 283.323761 	 271.824799 	 3.539445 	 96083.601562 	 330.118683 
341 	 41.678688 	 283.323761 	 269.868225 	 3.933095 	 97277.617188 	 336.741241 
342 	 41.678688 	 283.323761 	 267.791504 	 3.665061 	 98292.882812 	 304.815948 
343 	 41.678688 	 283.323761 	 267.485657 	 1.065247 	 99298.078125 	 311.783081 
344 	 41.678688 	 283.323761 	 267.761749 	 2.920219 	 99743.070312 	 272.987701 
345 	 41.678688 	 283.323761 	 280.361786 	 5.185633 	 97930.398438 	 358.393097 
346 	 41.678688 	 283.323761 	 276.329010 	 2.956164 	 98024.929688 	 348.036163 
347 	 41.678688 	 283.323761 	 271.463928 	 1.867063 	 99566.851562 	 350.628204 
348 	 41.678688 	 283.323761 	 270.267120 	 1.267539 	 100142.796875 	 319.111542 
349 	 41.678688 	 283.323761 	 270.285309 	 1.398890 	 99892.617188 	 333.266876 
350 	 41.678688 	 283.323761 	 270.611237 	 2.343061 	 98894.359375 	 355.869202 
351 	 41.678688 	 283.323761 	 273.402466 	 2.653343 	 98539.898438 	 358.070038 
352 	 41.678688 	 283.323761 	 270.762390 	 1.990461 	 99327.296875 	 299.370605 
353 	 41.678688 	 283.323761 	 281.624023 	 5.456768 	 96700.070312 	 370.835907 
354 	 41.678688 	 283.323761 	 267.386597 	 3.193219 	 98009.890625 	 305.544250 
355 	 41.678688 	 283.323761 	 265.822876 	 2.359374 	 98800.789062 	 323.153625 
356 	 41.678688 	 283.323761 	 270.445618 	 3.693465 	 98579.226562 	 331.930176 
357 	 41.678688 	 283.323761 	 274.881805 	 4.379405 	 98357.921875 	 321.625061 
358 	 41.678688 	 283.323761 	 274.386963 	 2.149214 	 98193.250000 	 311.185272 
359 	 41.678688 	 283.323761 	 267.846680 	 3.215653 	 97574.937500 	 338.443634 
360 	 41.678688 	 283.323761 	 263.881653 	 4.989814 	 98074.539062 	 287.619812 
361 	 41.678688 	 283.323761 	 267.158478 	 3.642730 	 99032.101562 	 309.792297 
362 	 41.678688 	 283.323761 	 272.249084 	 2.161297 	 99192.351562 	 316.430664 
363 	 41.678688 	 283.323761 	 277.122742 	 3.137470 	 98840.679688 	 365.600159 
364 	 41.678688 	 283.323761 	 274.925812 	 1.960107 	 99438.593750 	 356.325714 
