# 0: Day of Year [-] 	 1: lat [deg] 	 2: lon [deg] 	 3: tas [K] 	 4: sfcWind [m s-1] 	 5: ps [Pa] 	 6: Total Downwelling Rad Flux [W m-2] 
0 	 41.678688 	 283.323761 	 271.385773 	 3.766995 	 97506.132812 	 346.072449 
1 	 41.678688 	 283.323761 	 271.269928 	 3.381199 	 97831.609375 	 327.032166 
2 	 41.678688 	 283.323761 	 275.559082 	 4.410319 	 97794.492188 	 338.816101 
3 	 41.678688 	 283.323761 	 272.053009 	 4.178680 	 97448.812500 	 325.193176 
4 	 41.678688 	 283.323761 	 268.287842 	 3.146373 	 98092.031250 	 286.840851 
5 	 41.678688 	 283.323761 	 269.103760 	 2.713915 	 98540.406250 	 336.541351 
6 	 41.678688 	 283.323761 	 264.366272 	 2.949149 	 98643.648438 	 278.722839 
7 	 41.678688 	 283.323761 	 270.862274 	 4.188771 	 98080.296875 	 338.930664 
8 	 41.678688 	 283.323761 	 266.322693 	 1.565744 	 98784.453125 	 301.059875 
9 	 41.678688 	 283.323761 	 272.725342 	 2.243482 	 97754.210938 	 345.725708 
10 	 41.678688 	 283.323761 	 266.404083 	 3.395451 	 97414.781250 	 336.832214 
11 	 41.678688 	 283.323761 	 262.591705 	 4.868718 	 97740.796875 	 307.861877 
12 	 41.678688 	 283.323761 	 268.199921 	 3.810715 	 97803.523438 	 315.866577 
13 	 41.678688 	 283.323761 	 271.105377 	 3.432327 	 97720.156250 	 323.351807 
14 	 41.678688 	 283.323761 	 270.532898 	 1.741531 	 98790.843750 	 333.436707 
15 	 41.678688 	 283.323761 	 277.104706 	 1.918633 	 98598.750000 	 368.590576 
16 	 41.678688 	 283.323761 	 279.363190 	 3.508874 	 98289.429688 	 374.474609 
17 	 41.678688 	 283.323761 	 281.120392 	 3.866512 	 96978.656250 	 353.828613 
18 	 41.678688 	 283.323761 	 273.002777 	 4.946778 	 96831.460938 	 351.213074 
19 	 41.678688 	 283.323761 	 273.331055 	 3.270966 	 97711.367188 	 360.872681 
20 	 41.678688 	 283.323761 	 268.328369 	 2.087556 	 98087.781250 	 334.719849 
21 	 41.678688 	 283.323761 	 269.078705 	 2.607253 	 97952.046875 	 320.265137 
22 	 41.678688 	 283.323761 	 270.518280 	 2.433226 	 97814.562500 	 368.741638 
23 	 41.678688 	 283.323761 	 268.850891 	 2.957243 	 98560.453125 	 362.322662 
24 	 41.678688 	 283.323761 	 273.064240 	 3.340578 	 98670.437500 	 358.705872 
25 	 41.678688 	 283.323761 	 272.716736 	 3.261457 	 98700.656250 	 370.087128 
26 	 41.678688 	 283.323761 	 268.216278 	 2.806093 	 99345.726562 	 335.023987 
27 	 41.678688 	 283.323761 	 269.341187 	 2.342104 	 99299.570312 	 339.384369 
28 	 41.678688 	 283.323761 	 277.380615 	 4.519297 	 98033.039062 	 354.264801 
29 	 41.678688 	 283.323761 	 274.623688 	 2.760463 	 97862.203125 	 382.490906 
30 	 41.678688 	 283.323761 	 269.613495 	 1.552142 	 99253.367188 	 323.444733 
31 	 41.678688 	 283.323761 	 273.055298 	 3.169841 	 99481.679688 	 319.758698 
32 	 41.678688 	 283.323761 	 275.366516 	 4.278169 	 97172.703125 	 390.160950 
33 	 41.678688 	 283.323761 	 269.392059 	 4.497757 	 98193.093750 	 352.006409 
34 	 41.678688 	 283.323761 	 275.346436 	 3.642067 	 98974.296875 	 366.001251 
35 	 41.678688 	 283.323761 	 273.461182 	 3.421770 	 98920.968750 	 380.149231 
36 	 41.678688 	 283.323761 	 271.168671 	 2.459647 	 99224.617188 	 365.297241 
37 	 41.678688 	 283.323761 	 277.789581 	 3.777184 	 98557.906250 	 385.901917 
38 	 41.678688 	 283.323761 	 272.958679 	 4.549943 	 98014.539062 	 378.220306 
39 	 41.678688 	 283.323761 	 270.071747 	 3.181831 	 98720.046875 	 321.554291 
40 	 41.678688 	 283.323761 	 275.677063 	 3.368306 	 98099.312500 	 393.426270 
41 	 41.678688 	 283.323761 	 269.708038 	 3.441761 	 99094.773438 	 383.840637 
42 	 41.678688 	 283.323761 	 268.186188 	 1.791245 	 99733.453125 	 358.309875 
43 	 41.678688 	 283.323761 	 270.754791 	 1.898674 	 98921.968750 	 321.218140 
44 	 41.678688 	 283.323761 	 271.210144 	 3.735991 	 98477.703125 	 395.570374 
45 	 41.678688 	 283.323761 	 272.689514 	 3.059172 	 98412.609375 	 382.830261 
46 	 41.678688 	 283.323761 	 272.501831 	 3.573230 	 98410.671875 	 391.903503 
47 	 41.678688 	 283.323761 	 266.775665 	 3.589350 	 99124.992188 	 378.750183 
48 	 41.678688 	 283.323761 	 272.099915 	 4.229808 	 99476.328125 	 330.121246 
49 	 41.678688 	 283.323761 	 277.071198 	 4.630548 	 98548.429688 	 430.674438 
50 	 41.678688 	 283.323761 	 266.607208 	 4.020854 	 99858.406250 	 375.477478 
51 	 41.678688 	 283.323761 	 267.021820 	 1.665527 	 100170.703125 	 322.653198 
52 	 41.678688 	 283.323761 	 270.755035 	 1.045381 	 99826.718750 	 401.447571 
53 	 41.678688 	 283.323761 	 276.370575 	 3.028492 	 99684.656250 	 431.108154 
54 	 41.678688 	 283.323761 	 281.713226 	 4.955719 	 98645.359375 	 363.504517 
55 	 41.678688 	 283.323761 	 274.926605 	 2.737360 	 97277.132812 	 425.524353 
56 	 41.678688 	 283.323761 	 268.646179 	 4.373144 	 97945.523438 	 408.830841 
57 	 41.678688 	 283.323761 	 270.400330 	 3.395482 	 99289.390625 	 410.148865 
58 	 41.678688 	 283.323761 	 271.787720 	 1.699708 	 99480.226562 	 406.985718 
59 	 41.678688 	 283.323761 	 271.948059 	 1.223793 	 99681.726562 	 424.455261 
60 	 41.678688 	 283.323761 	 271.039917 	 1.537199 	 99984.000000 	 327.541260 
61 	 41.678688 	 283.323761 	 273.450806 	 2.771158 	 99549.562500 	 348.769897 
62 	 41.678688 	 283.323761 	 272.997070 	 1.552107 	 99481.000000 	 428.921387 
63 	 41.678688 	 283.323761 	 275.885986 	 2.532682 	 99529.937500 	 446.184021 
64 	 41.678688 	 283.323761 	 283.954498 	 5.402699 	 98727.789062 	 439.486145 
65 	 41.678688 	 283.323761 	 282.607269 	 3.367122 	 98111.523438 	 427.485352 
66 	 41.678688 	 283.323761 	 271.618195 	 2.938089 	 97743.960938 	 396.009094 
67 	 41.678688 	 283.323761 	 266.876617 	 3.746959 	 98151.843750 	 444.381104 
68 	 41.678688 	 283.323761 	 269.806671 	 3.956897 	 98406.507812 	 311.420959 
69 	 41.678688 	 283.323761 	 271.759247 	 4.749758 	 97907.843750 	 469.439453 
70 	 41.678688 	 283.323761 	 269.709595 	 1.951266 	 99414.093750 	 420.044739 
71 	 41.678688 	 283.323761 	 275.909454 	 3.267032 	 99057.046875 	 374.264252 
72 	 41.678688 	 283.323761 	 280.656342 	 2.973656 	 98952.406250 	 505.320312 
73 	 41.678688 	 283.323761 	 276.994202 	 1.588212 	 100185.398438 	 430.270813 
74 	 41.678688 	 283.323761 	 281.913513 	 1.711861 	 99802.570312 	 507.882202 
75 	 41.678688 	 283.323761 	 284.618286 	 2.647753 	 99759.250000 	 434.907532 
76 	 41.678688 	 283.323761 	 286.887665 	 5.658224 	 98174.796875 	 466.322021 
77 	 41.678688 	 283.323761 	 278.055054 	 5.024189 	 97687.359375 	 486.014221 
78 	 41.678688 	 283.323761 	 276.615143 	 3.344612 	 98784.296875 	 386.202698 
79 	 41.678688 	 283.323761 	 279.478394 	 3.349685 	 97492.492188 	 467.244385 
80 	 41.678688 	 283.323761 	 278.473907 	 2.414351 	 98668.460938 	 491.490662 
81 	 41.678688 	 283.323761 	 280.841827 	 2.494136 	 98951.968750 	 485.832428 
82 	 41.678688 	 283.323761 	 277.656677 	 2.614884 	 99705.992188 	 493.040436 
83 	 41.678688 	 283.323761 	 276.204803 	 1.870755 	 100373.601562 	 487.371948 
84 	 41.678688 	 283.323761 	 283.012238 	 4.711786 	 99407.156250 	 481.200775 
85 	 41.678688 	 283.323761 	 285.835175 	 4.616375 	 97826.687500 	 489.184235 
86 	 41.678688 	 283.323761 	 279.059387 	 3.256327 	 98105.476562 	 446.041016 
87 	 41.678688 	 283.323761 	 277.423553 	 1.984879 	 99316.453125 	 527.339111 
88 	 41.678688 	 283.323761 	 282.663269 	 5.712310 	 99248.882812 	 401.789825 
89 	 41.678688 	 283.323761 	 288.828705 	 5.312087 	 98125.898438 	 485.464539 
90 	 41.678688 	 283.323761 	 285.197052 	 1.785700 	 98114.953125 	 423.107788 
91 	 41.678688 	 283.323761 	 282.543213 	 3.403056 	 98800.562500 	 530.640564 
92 	 41.678688 	 283.323761 	 281.819305 	 1.840288 	 99740.546875 	 533.172119 
93 	 41.678688 	 283.323761 	 286.317749 	 3.789275 	 99858.578125 	 526.319946 
94 	 41.678688 	 283.323761 	 291.192047 	 5.328567 	 98933.523438 	 550.989258 
95 	 41.678688 	 283.323761 	 285.489563 	 3.339277 	 98123.578125 	 443.830261 
96 	 41.678688 	 283.323761 	 278.113068 	 5.307748 	 97589.593750 	 462.143005 
97 	 41.678688 	 283.323761 	 276.133911 	 3.743179 	 98433.179688 	 526.115723 
98 	 41.678688 	 283.323761 	 280.267212 	 3.582620 	 98700.109375 	 455.289429 
99 	 41.678688 	 283.323761 	 284.507721 	 3.814916 	 98087.843750 	 577.500977 
100 	 41.678688 	 283.323761 	 282.390991 	 2.373133 	 99121.757812 	 552.365662 
101 	 41.678688 	 283.323761 	 284.590729 	 1.909514 	 99705.117188 	 573.620972 
102 	 41.678688 	 283.323761 	 289.643066 	 3.117637 	 99399.578125 	 585.347778 
103 	 41.678688 	 283.323761 	 289.181580 	 2.655428 	 99528.742188 	 537.342773 
104 	 41.678688 	 283.323761 	 292.093567 	 4.863334 	 98600.429688 	 594.426636 
105 	 41.678688 	 283.323761 	 288.723511 	 4.729589 	 97707.117188 	 576.172974 
106 	 41.678688 	 283.323761 	 284.901886 	 3.879136 	 98480.593750 	 553.928894 
107 	 41.678688 	 283.323761 	 288.369446 	 2.653008 	 99089.546875 	 601.028687 
108 	 41.678688 	 283.323761 	 294.827942 	 3.623209 	 98896.578125 	 606.916260 
109 	 41.678688 	 283.323761 	 296.033936 	 3.308025 	 98899.523438 	 635.119019 
110 	 41.678688 	 283.323761 	 294.371796 	 2.825591 	 98758.562500 	 573.004211 
111 	 41.678688 	 283.323761 	 295.497345 	 4.460244 	 98021.101562 	 620.629944 
112 	 41.678688 	 283.323761 	 285.653320 	 3.284521 	 97953.890625 	 514.417542 
113 	 41.678688 	 283.323761 	 281.462982 	 1.988809 	 98653.601562 	 500.581238 
114 	 41.678688 	 283.323761 	 284.318909 	 1.211566 	 98718.703125 	 591.911987 
115 	 41.678688 	 283.323761 	 285.598480 	 3.561954 	 98532.437500 	 419.504822 
116 	 41.678688 	 283.323761 	 286.904022 	 4.743228 	 96519.226562 	 571.027405 
117 	 41.678688 	 283.323761 	 280.187256 	 3.827239 	 97650.156250 	 536.158447 
118 	 41.678688 	 283.323761 	 277.870422 	 3.516994 	 98379.281250 	 549.497009 
119 	 41.678688 	 283.323761 	 277.320709 	 1.946168 	 98753.703125 	 363.333313 
120 	 41.678688 	 283.323761 	 279.719025 	 3.403857 	 98277.148438 	 582.450317 
121 	 41.678688 	 283.323761 	 284.878479 	 3.182661 	 98543.453125 	 553.365723 
122 	 41.678688 	 283.323761 	 289.568420 	 3.629735 	 98369.960938 	 596.023865 
123 	 41.678688 	 283.323761 	 289.165680 	 2.249993 	 98726.210938 	 613.823120 
124 	 41.678688 	 283.323761 	 293.890228 	 3.178786 	 98504.296875 	 548.167480 
125 	 41.678688 	 283.323761 	 294.174927 	 5.122592 	 98182.500000 	 592.589417 
126 	 41.678688 	 283.323761 	 293.358246 	 3.290169 	 97989.546875 	 615.690063 
127 	 41.678688 	 283.323761 	 284.531281 	 4.266100 	 97509.601562 	 542.466064 
128 	 41.678688 	 283.323761 	 279.965149 	 4.405764 	 97982.773438 	 593.770508 
129 	 41.678688 	 283.323761 	 280.018311 	 2.831487 	 98826.117188 	 561.855957 
130 	 41.678688 	 283.323761 	 279.974701 	 2.018401 	 99261.726562 	 384.771515 
131 	 41.678688 	 283.323761 	 281.430817 	 2.569691 	 99081.148438 	 449.588226 
132 	 41.678688 	 283.323761 	 283.790894 	 3.320466 	 98963.117188 	 424.661682 
133 	 41.678688 	 283.323761 	 285.586365 	 1.078303 	 98847.812500 	 426.286377 
134 	 41.678688 	 283.323761 	 285.973755 	 1.655922 	 99085.406250 	 541.264526 
135 	 41.678688 	 283.323761 	 290.459747 	 4.297358 	 98599.382812 	 505.652039 
136 	 41.678688 	 283.323761 	 288.079407 	 2.832090 	 98872.523438 	 653.821472 
137 	 41.678688 	 283.323761 	 291.956635 	 3.300965 	 98974.632812 	 656.832275 
138 	 41.678688 	 283.323761 	 297.926453 	 3.848209 	 98406.273438 	 680.578125 
139 	 41.678688 	 283.323761 	 297.162567 	 2.577433 	 98433.796875 	 646.578674 
140 	 41.678688 	 283.323761 	 289.142029 	 3.281540 	 98318.062500 	 651.310730 
141 	 41.678688 	 283.323761 	 288.003235 	 2.295995 	 98949.929688 	 631.826294 
142 	 41.678688 	 283.323761 	 289.094055 	 2.331098 	 99271.656250 	 648.202881 
143 	 41.678688 	 283.323761 	 293.402863 	 3.584080 	 99020.578125 	 667.050415 
144 	 41.678688 	 283.323761 	 296.129913 	 3.567054 	 98603.250000 	 665.541748 
145 	 41.678688 	 283.323761 	 295.572266 	 2.580177 	 98447.953125 	 541.887695 
146 	 41.678688 	 283.323761 	 294.253998 	 3.082400 	 98180.453125 	 596.151123 
147 	 41.678688 	 283.323761 	 285.410980 	 4.295609 	 98373.132812 	 606.914490 
148 	 41.678688 	 283.323761 	 283.037903 	 4.592944 	 98780.773438 	 525.906189 
149 	 41.678688 	 283.323761 	 287.528778 	 2.008803 	 99042.882812 	 656.824463 
150 	 41.678688 	 283.323761 	 290.883698 	 4.228818 	 98697.070312 	 657.472656 
151 	 41.678688 	 283.323761 	 290.908783 	 3.606171 	 97918.296875 	 664.215637 
152 	 41.678688 	 283.323761 	 289.077637 	 1.589536 	 98196.703125 	 599.923950 
153 	 41.678688 	 283.323761 	 290.795197 	 1.082972 	 98522.343750 	 649.959167 
154 	 41.678688 	 283.323761 	 292.690033 	 1.941838 	 98981.046875 	 688.785400 
155 	 41.678688 	 283.323761 	 293.501038 	 1.675270 	 99159.210938 	 675.519043 
156 	 41.678688 	 283.323761 	 294.825073 	 1.282925 	 99313.898438 	 675.474854 
157 	 41.678688 	 283.323761 	 296.120941 	 1.667009 	 99600.156250 	 692.814331 
158 	 41.678688 	 283.323761 	 298.067200 	 3.176398 	 99320.343750 	 721.608337 
159 	 41.678688 	 283.323761 	 296.826935 	 2.509598 	 98956.960938 	 648.459167 
160 	 41.678688 	 283.323761 	 297.856476 	 2.940315 	 98400.796875 	 682.472778 
161 	 41.678688 	 283.323761 	 296.338470 	 2.044574 	 98632.648438 	 720.024536 
162 	 41.678688 	 283.323761 	 294.208466 	 1.153948 	 99328.250000 	 680.219543 
163 	 41.678688 	 283.323761 	 298.375092 	 3.160783 	 99287.773438 	 697.956604 
164 	 41.678688 	 283.323761 	 297.954834 	 2.253886 	 99115.710938 	 701.085571 
165 	 41.678688 	 283.323761 	 299.230499 	 3.202878 	 98772.382812 	 690.734497 
166 	 41.678688 	 283.323761 	 299.570190 	 3.162680 	 98223.593750 	 718.921143 
167 	 41.678688 	 283.323761 	 298.489624 	 3.524566 	 97894.210938 	 685.473633 
168 	 41.678688 	 283.323761 	 296.312775 	 1.499576 	 98518.820312 	 686.423340 
169 	 41.678688 	 283.323761 	 295.036835 	 3.821826 	 98697.757812 	 706.983276 
170 	 41.678688 	 283.323761 	 294.926270 	 1.538889 	 98813.546875 	 687.372070 
171 	 41.678688 	 283.323761 	 296.952942 	 0.941811 	 98957.203125 	 655.995605 
172 	 41.678688 	 283.323761 	 297.369415 	 1.643048 	 98889.593750 	 665.405579 
173 	 41.678688 	 283.323761 	 300.800293 	 1.943641 	 98437.320312 	 727.100220 
174 	 41.678688 	 283.323761 	 301.373505 	 3.183241 	 97996.781250 	 722.265625 
175 	 41.678688 	 283.323761 	 296.593353 	 1.656351 	 98306.117188 	 626.522522 
176 	 41.678688 	 283.323761 	 298.049316 	 1.289254 	 98576.726562 	 669.818665 
177 	 41.678688 	 283.323761 	 299.604645 	 2.260016 	 98403.843750 	 706.857788 
178 	 41.678688 	 283.323761 	 298.346832 	 3.423363 	 98288.492188 	 722.512939 
179 	 41.678688 	 283.323761 	 293.158752 	 2.221938 	 98918.593750 	 640.426147 
180 	 41.678688 	 283.323761 	 294.586487 	 2.675289 	 99037.156250 	 568.953979 
181 	 41.678688 	 283.323761 	 298.959991 	 3.291791 	 98201.468750 	 620.032715 
182 	 41.678688 	 283.323761 	 294.591675 	 3.099464 	 98590.703125 	 708.438049 
183 	 41.678688 	 283.323761 	 291.468994 	 1.918402 	 99261.773438 	 673.641357 
184 	 41.678688 	 283.323761 	 295.239227 	 2.434188 	 99106.203125 	 698.665161 
185 	 41.678688 	 283.323761 	 300.093475 	 2.558120 	 98637.882812 	 742.529785 
186 	 41.678688 	 283.323761 	 298.110992 	 2.136178 	 98615.250000 	 713.966431 
187 	 41.678688 	 283.323761 	 299.750732 	 3.656161 	 97814.796875 	 691.578979 
188 	 41.678688 	 283.323761 	 295.099243 	 2.979058 	 97968.843750 	 695.120911 
189 	 41.678688 	 283.323761 	 292.267120 	 2.062066 	 98077.546875 	 495.718567 
190 	 41.678688 	 283.323761 	 293.898499 	 2.361655 	 98321.046875 	 634.725647 
191 	 41.678688 	 283.323761 	 297.241028 	 2.909704 	 98766.992188 	 595.302917 
192 	 41.678688 	 283.323761 	 299.018707 	 2.007663 	 98934.406250 	 675.928101 
193 	 41.678688 	 283.323761 	 298.949646 	 2.063657 	 98781.960938 	 640.010498 
194 	 41.678688 	 283.323761 	 297.386292 	 3.054467 	 98277.953125 	 654.679810 
195 	 41.678688 	 283.323761 	 296.291534 	 3.917891 	 97808.796875 	 533.138184 
196 	 41.678688 	 283.323761 	 295.923157 	 2.876833 	 98143.906250 	 697.781555 
197 	 41.678688 	 283.323761 	 301.311005 	 4.541558 	 97979.437500 	 719.985046 
198 	 41.678688 	 283.323761 	 301.812561 	 3.227925 	 98078.242188 	 691.506470 
199 	 41.678688 	 283.323761 	 298.995056 	 2.492197 	 98105.648438 	 535.898315 
200 	 41.678688 	 283.323761 	 291.307007 	 3.716743 	 98939.546875 	 649.506104 
201 	 41.678688 	 283.323761 	 291.515656 	 1.507412 	 99358.289062 	 535.895325 
202 	 41.678688 	 283.323761 	 294.590118 	 3.364801 	 99410.843750 	 496.493896 
203 	 41.678688 	 283.323761 	 296.114960 	 2.713358 	 99228.882812 	 544.554932 
204 	 41.678688 	 283.323761 	 297.085541 	 2.697403 	 98983.796875 	 619.041016 
205 	 41.678688 	 283.323761 	 295.956055 	 1.223621 	 98868.359375 	 546.179810 
206 	 41.678688 	 283.323761 	 298.285858 	 3.266048 	 98534.390625 	 651.107544 
207 	 41.678688 	 283.323761 	 297.583954 	 5.036672 	 98138.296875 	 573.666870 
208 	 41.678688 	 283.323761 	 293.318665 	 3.864795 	 98086.007812 	 623.763855 
209 	 41.678688 	 283.323761 	 290.757904 	 2.137234 	 99146.960938 	 662.535767 
210 	 41.678688 	 283.323761 	 292.776123 	 1.631777 	 99481.531250 	 670.468018 
211 	 41.678688 	 283.323761 	 294.731140 	 1.065755 	 99621.281250 	 676.802246 
212 	 41.678688 	 283.323761 	 296.718536 	 1.232394 	 99562.148438 	 686.848145 
213 	 41.678688 	 283.323761 	 298.900665 	 3.679024 	 99219.890625 	 665.741089 
214 	 41.678688 	 283.323761 	 299.615295 	 3.367596 	 98450.023438 	 640.567322 
215 	 41.678688 	 283.323761 	 296.801636 	 1.915943 	 98263.492188 	 676.395813 
216 	 41.678688 	 283.323761 	 297.476929 	 1.081706 	 98576.453125 	 689.998169 
217 	 41.678688 	 283.323761 	 298.172394 	 1.041911 	 98835.617188 	 696.158813 
218 	 41.678688 	 283.323761 	 299.576019 	 1.359427 	 98829.117188 	 702.742065 
219 	 41.678688 	 283.323761 	 300.705688 	 1.587020 	 98703.406250 	 587.755737 
220 	 41.678688 	 283.323761 	 297.797638 	 3.382254 	 98150.296875 	 670.824463 
221 	 41.678688 	 283.323761 	 292.426117 	 4.891449 	 98397.359375 	 555.152161 
222 	 41.678688 	 283.323761 	 295.543854 	 2.688238 	 98535.820312 	 668.987732 
223 	 41.678688 	 283.323761 	 298.071411 	 1.498839 	 98309.750000 	 675.140747 
224 	 41.678688 	 283.323761 	 297.466705 	 2.767031 	 98599.710938 	 668.017212 
225 	 41.678688 	 283.323761 	 299.833130 	 4.347918 	 98374.093750 	 660.157837 
226 	 41.678688 	 283.323761 	 304.573975 	 3.965225 	 98056.046875 	 614.048462 
227 	 41.678688 	 283.323761 	 295.810272 	 2.396814 	 98745.617188 	 620.071411 
228 	 41.678688 	 283.323761 	 293.309784 	 2.781355 	 98934.406250 	 645.128784 
229 	 41.678688 	 283.323761 	 292.892242 	 1.482076 	 98988.000000 	 640.869263 
230 	 41.678688 	 283.323761 	 294.013489 	 1.678205 	 98845.609375 	 638.879272 
231 	 41.678688 	 283.323761 	 295.908875 	 3.240256 	 98494.492188 	 493.877472 
232 	 41.678688 	 283.323761 	 297.969269 	 4.075854 	 98454.468750 	 596.807251 
233 	 41.678688 	 283.323761 	 294.688538 	 2.675924 	 98316.640625 	 564.108643 
234 	 41.678688 	 283.323761 	 290.090057 	 3.735597 	 98449.406250 	 589.806274 
235 	 41.678688 	 283.323761 	 290.925201 	 3.547856 	 98380.796875 	 547.236267 
236 	 41.678688 	 283.323761 	 291.768646 	 3.066698 	 98517.312500 	 627.678589 
237 	 41.678688 	 283.323761 	 290.547363 	 1.153023 	 98986.117188 	 613.457458 
238 	 41.678688 	 283.323761 	 296.553558 	 2.317802 	 98781.539062 	 610.162598 
239 	 41.678688 	 283.323761 	 297.967743 	 3.137599 	 98585.593750 	 589.817871 
240 	 41.678688 	 283.323761 	 300.616150 	 2.768623 	 98530.031250 	 668.018921 
241 	 41.678688 	 283.323761 	 300.746368 	 2.889519 	 98484.226562 	 667.950378 
242 	 41.678688 	 283.323761 	 300.251465 	 2.504385 	 98264.359375 	 658.596680 
243 	 41.678688 	 283.323761 	 299.754242 	 2.935388 	 98006.382812 	 581.205688 
244 	 41.678688 	 283.323761 	 292.558167 	 1.597738 	 98055.539062 	 455.611328 
245 	 41.678688 	 283.323761 	 288.933319 	 2.876136 	 98592.976562 	 575.985718 
246 	 41.678688 	 283.323761 	 286.133331 	 1.488240 	 99055.906250 	 568.834106 
247 	 41.678688 	 283.323761 	 289.509857 	 2.144348 	 98654.953125 	 565.173462 
248 	 41.678688 	 283.323761 	 293.145630 	 2.774936 	 97821.468750 	 620.440063 
249 	 41.678688 	 283.323761 	 290.373383 	 3.242165 	 98520.656250 	 583.819092 
250 	 41.678688 	 283.323761 	 289.272522 	 2.144814 	 99147.320312 	 533.067322 
251 	 41.678688 	 283.323761 	 291.745148 	 2.255873 	 99192.023438 	 610.801758 
252 	 41.678688 	 283.323761 	 287.313354 	 1.781011 	 99654.781250 	 557.192505 
253 	 41.678688 	 283.323761 	 292.034912 	 4.499035 	 98951.867188 	 543.538452 
254 	 41.678688 	 283.323761 	 292.993347 	 3.132614 	 97914.882812 	 563.175049 
255 	 41.678688 	 283.323761 	 289.193085 	 1.091736 	 98668.523438 	 570.651001 
256 	 41.678688 	 283.323761 	 293.900055 	 2.684031 	 98811.671875 	 596.493042 
257 	 41.678688 	 283.323761 	 298.978973 	 2.989820 	 98645.953125 	 597.668457 
258 	 41.678688 	 283.323761 	 291.305817 	 2.334682 	 99503.867188 	 573.409912 
259 	 41.678688 	 283.323761 	 289.592621 	 3.139860 	 99815.820312 	 537.017822 
260 	 41.678688 	 283.323761 	 297.930237 	 3.889437 	 98891.617188 	 557.685181 
261 	 41.678688 	 283.323761 	 290.827454 	 2.315487 	 99195.078125 	 562.239624 
262 	 41.678688 	 283.323761 	 291.141083 	 2.400172 	 99548.437500 	 551.980591 
263 	 41.678688 	 283.323761 	 294.235077 	 2.512756 	 99244.648438 	 529.868286 
264 	 41.678688 	 283.323761 	 294.457153 	 1.306815 	 98800.093750 	 537.165527 
265 	 41.678688 	 283.323761 	 293.708862 	 1.236156 	 98854.812500 	 564.698059 
266 	 41.678688 	 283.323761 	 295.259949 	 2.285545 	 98845.351562 	 584.570190 
267 	 41.678688 	 283.323761 	 293.997192 	 0.543687 	 99174.179688 	 578.203979 
268 	 41.678688 	 283.323761 	 295.633148 	 2.736623 	 99309.656250 	 590.496582 
269 	 41.678688 	 283.323761 	 293.370300 	 3.134714 	 98941.492188 	 482.846375 
270 	 41.678688 	 283.323761 	 286.286713 	 3.250875 	 99517.820312 	 530.174622 
271 	 41.678688 	 283.323761 	 285.434845 	 1.922332 	 100009.203125 	 512.097412 
272 	 41.678688 	 283.323761 	 288.720978 	 3.600062 	 99709.406250 	 525.361572 
273 	 41.678688 	 283.323761 	 291.223328 	 2.782409 	 98934.273438 	 532.808777 
274 	 41.678688 	 283.323761 	 287.422699 	 2.370609 	 99378.359375 	 482.125366 
275 	 41.678688 	 283.323761 	 288.383575 	 2.206918 	 99705.976562 	 484.986816 
276 	 41.678688 	 283.323761 	 292.760834 	 3.108877 	 99300.296875 	 540.335022 
277 	 41.678688 	 283.323761 	 293.820587 	 3.399294 	 98614.000000 	 537.154419 
278 	 41.678688 	 283.323761 	 285.018127 	 1.587041 	 99420.406250 	 488.686646 
279 	 41.678688 	 283.323761 	 285.306549 	 3.392085 	 99428.039062 	 462.158173 
280 	 41.678688 	 283.323761 	 287.971680 	 3.746801 	 98927.218750 	 503.408508 
281 	 41.678688 	 283.323761 	 279.300873 	 2.871355 	 99767.218750 	 433.917572 
282 	 41.678688 	 283.323761 	 278.029694 	 2.053528 	 99472.882812 	 452.488434 
283 	 41.678688 	 283.323761 	 281.675812 	 3.699425 	 99029.617188 	 441.474579 
284 	 41.678688 	 283.323761 	 276.191345 	 4.315239 	 99570.078125 	 411.766510 
285 	 41.678688 	 283.323761 	 274.117798 	 3.306238 	 100065.296875 	 420.428894 
286 	 41.678688 	 283.323761 	 274.529633 	 1.663769 	 100155.796875 	 427.147614 
287 	 41.678688 	 283.323761 	 279.229828 	 1.482683 	 99645.906250 	 450.511322 
288 	 41.678688 	 283.323761 	 279.742615 	 0.338472 	 99794.828125 	 455.084900 
289 	 41.678688 	 283.323761 	 282.574677 	 1.385178 	 99644.468750 	 418.917175 
290 	 41.678688 	 283.323761 	 288.674988 	 2.612040 	 98460.296875 	 450.625977 
291 	 41.678688 	 283.323761 	 284.508148 	 1.628734 	 98802.687500 	 455.575500 
292 	 41.678688 	 283.323761 	 284.963593 	 3.299905 	 98864.117188 	 459.051697 
293 	 41.678688 	 283.323761 	 281.629089 	 3.692252 	 98822.906250 	 422.997070 
294 	 41.678688 	 283.323761 	 278.659546 	 2.208473 	 99358.421875 	 445.819214 
295 	 41.678688 	 283.323761 	 278.770599 	 2.842371 	 99404.343750 	 377.579895 
296 	 41.678688 	 283.323761 	 281.841736 	 3.290492 	 98920.843750 	 424.807556 
297 	 41.678688 	 283.323761 	 277.984406 	 2.753374 	 99622.093750 	 414.451660 
298 	 41.678688 	 283.323761 	 276.311493 	 1.084326 	 100363.101562 	 409.878052 
299 	 41.678688 	 283.323761 	 280.721893 	 3.364037 	 99981.429688 	 423.733337 
300 	 41.678688 	 283.323761 	 284.356812 	 1.501249 	 99683.609375 	 406.077393 
301 	 41.678688 	 283.323761 	 285.921387 	 2.952900 	 99243.968750 	 452.216187 
302 	 41.678688 	 283.323761 	 288.026886 	 3.834342 	 98265.507812 	 440.668488 
303 	 41.678688 	 283.323761 	 288.917877 	 4.465338 	 97309.062500 	 431.896851 
304 	 41.678688 	 283.323761 	 279.349457 	 2.349128 	 98500.460938 	 421.299042 
305 	 41.678688 	 283.323761 	 278.324921 	 2.442469 	 99461.726562 	 400.099243 
306 	 41.678688 	 283.323761 	 281.359283 	 2.769484 	 99143.421875 	 398.600769 
307 	 41.678688 	 283.323761 	 275.805237 	 1.979490 	 99462.460938 	 381.272522 
308 	 41.678688 	 283.323761 	 274.705170 	 1.870696 	 99547.453125 	 387.218689 
309 	 41.678688 	 283.323761 	 274.754852 	 3.305058 	 99525.539062 	 388.647552 
310 	 41.678688 	 283.323761 	 270.812469 	 2.375423 	 100289.203125 	 316.434265 
311 	 41.678688 	 283.323761 	 277.944977 	 2.457589 	 99381.382812 	 387.387451 
312 	 41.678688 	 283.323761 	 275.830048 	 2.675684 	 100316.898438 	 340.532135 
313 	 41.678688 	 283.323761 	 278.968475 	 5.081243 	 99978.703125 	 383.534637 
314 	 41.678688 	 283.323761 	 288.599609 	 4.857217 	 98347.429688 	 402.952911 
315 	 41.678688 	 283.323761 	 280.178894 	 3.988863 	 97695.023438 	 389.565491 
316 	 41.678688 	 283.323761 	 277.255707 	 1.203913 	 99012.179688 	 387.051025 
317 	 41.678688 	 283.323761 	 278.586578 	 1.343550 	 99834.500000 	 387.607971 
318 	 41.678688 	 283.323761 	 281.498230 	 2.983151 	 100115.898438 	 354.018372 
319 	 41.678688 	 283.323761 	 285.458527 	 4.121966 	 99753.929688 	 403.849365 
320 	 41.678688 	 283.323761 	 287.295044 	 5.257542 	 98803.062500 	 387.486389 
321 	 41.678688 	 283.323761 	 279.544556 	 2.465826 	 98685.101562 	 381.549255 
322 	 41.678688 	 283.323761 	 277.296753 	 2.745114 	 98475.539062 	 346.621887 
323 	 41.678688 	 283.323761 	 276.007538 	 2.514091 	 99154.218750 	 368.159241 
324 	 41.678688 	 283.323761 	 276.075623 	 1.334975 	 99948.960938 	 379.618347 
325 	 41.678688 	 283.323761 	 281.410278 	 0.943981 	 99885.656250 	 383.010956 
326 	 41.678688 	 283.323761 	 281.723755 	 0.375997 	 99819.546875 	 382.457855 
327 	 41.678688 	 283.323761 	 281.575836 	 1.303512 	 100041.398438 	 379.114380 
328 	 41.678688 	 283.323761 	 281.377625 	 1.197002 	 100044.101562 	 375.804321 
329 	 41.678688 	 283.323761 	 280.128082 	 1.062061 	 99884.453125 	 371.877991 
330 	 41.678688 	 283.323761 	 278.416351 	 1.186366 	 99602.046875 	 332.228607 
331 	 41.678688 	 283.323761 	 281.311188 	 1.803377 	 99532.960938 	 364.286591 
332 	 41.678688 	 283.323761 	 287.716949 	 2.968172 	 98903.226562 	 411.735168 
333 	 41.678688 	 283.323761 	 287.777954 	 2.816835 	 98037.390625 	 442.251007 
334 	 41.678688 	 283.323761 	 278.655273 	 2.790210 	 98926.882812 	 357.081665 
335 	 41.678688 	 283.323761 	 274.847412 	 1.193918 	 99948.398438 	 338.743561 
336 	 41.678688 	 283.323761 	 276.719727 	 2.915002 	 99928.593750 	 338.556366 
337 	 41.678688 	 283.323761 	 274.555817 	 1.305706 	 99936.296875 	 345.392090 
338 	 41.678688 	 283.323761 	 271.923309 	 0.663496 	 99830.609375 	 333.940735 
339 	 41.678688 	 283.323761 	 276.957764 	 2.370461 	 99042.437500 	 358.325684 
340 	 41.678688 	 283.323761 	 276.953735 	 2.721944 	 98844.859375 	 352.674225 
341 	 41.678688 	 283.323761 	 276.244019 	 2.630943 	 98422.726562 	 323.325378 
342 	 41.678688 	 283.323761 	 276.716766 	 1.927224 	 98983.421875 	 347.530212 
343 	 41.678688 	 283.323761 	 279.747711 	 3.171074 	 99348.476562 	 366.136505 
344 	 41.678688 	 283.323761 	 280.207886 	 1.418666 	 99341.281250 	 370.769745 
345 	 41.678688 	 283.323761 	 283.314178 	 3.476263 	 98384.500000 	 358.393097 
346 	 41.678688 	 283.323761 	 281.596252 	 2.698785 	 97187.617188 	 373.153778 
347 	 41.678688 	 283.323761 	 275.680145 	 4.094900 	 97578.492188 	 358.646606 
348 	 41.678688 	 283.323761 	 273.434082 	 3.496326 	 97174.906250 	 325.127655 
349 	 41.678688 	 283.323761 	 270.875946 	 5.077116 	 97869.000000 	 321.426178 
350 	 41.678688 	 283.323761 	 270.124725 	 2.708905 	 99296.523438 	 309.180084 
351 	 41.678688 	 283.323761 	 272.269958 	 2.260627 	 99499.343750 	 322.460144 
352 	 41.678688 	 283.323761 	 278.206482 	 4.477586 	 98919.968750 	 327.203583 
353 	 41.678688 	 283.323761 	 278.866302 	 4.552021 	 98004.210938 	 380.857544 
354 	 41.678688 	 283.323761 	 272.245667 	 1.996814 	 99590.273438 	 328.829407 
355 	 41.678688 	 283.323761 	 279.284668 	 3.846672 	 99104.070312 	 326.394531 
356 	 41.678688 	 283.323761 	 285.808136 	 3.065866 	 96717.679688 	 376.075287 
357 	 41.678688 	 283.323761 	 270.425751 	 5.751023 	 96388.882812 	 319.519226 
358 	 41.678688 	 283.323761 	 269.359589 	 3.575679 	 97608.218750 	 333.839111 
359 	 41.678688 	 283.323761 	 267.796570 	 3.610317 	 97644.367188 	 304.488007 
360 	 41.678688 	 283.323761 	 267.962891 	 3.628350 	 98708.453125 	 306.756256 
361 	 41.678688 	 283.323761 	 268.361237 	 2.763957 	 99770.132812 	 276.551025 
362 	 41.678688 	 283.323761 	 271.737213 	 3.482021 	 99178.453125 	 328.323608 
363 	 41.678688 	 283.323761 	 277.702209 	 3.333309 	 98386.882812 	 363.837952 
364 	 41.678688 	 283.323761 	 272.941833 	 3.197705 	 99083.031250 	 331.596741 
