# 0: Day of Year [-] 	 1: lat [deg] 	 2: lon [deg] 	 3: tas [K] 	 4: sfcWind [m s-1] 	 5: ps [Pa] 	 6: Total Downwelling Rad Flux [W m-2] 
0 	 41.678688 	 283.323761 	 273.728455 	 3.882693 	 97580.437500 	 353.321533 
1 	 41.678688 	 283.323761 	 274.614197 	 2.764534 	 98376.898438 	 366.468201 
2 	 41.678688 	 283.323761 	 280.956879 	 3.825566 	 98146.359375 	 369.393188 
3 	 41.678688 	 283.323761 	 282.031952 	 2.604854 	 97753.789062 	 403.788635 
4 	 41.678688 	 283.323761 	 275.764343 	 2.774652 	 97693.070312 	 347.040558 
5 	 41.678688 	 283.323761 	 272.282776 	 1.709619 	 98369.648438 	 301.807526 
6 	 41.678688 	 283.323761 	 269.506165 	 1.560296 	 99168.726562 	 311.450623 
7 	 41.678688 	 283.323761 	 271.528717 	 2.041303 	 99117.882812 	 345.513184 
8 	 41.678688 	 283.323761 	 273.103577 	 1.679545 	 98809.000000 	 358.235260 
9 	 41.678688 	 283.323761 	 271.233673 	 2.057384 	 99357.296875 	 356.796234 
10 	 41.678688 	 283.323761 	 270.236603 	 0.971998 	 99849.617188 	 326.094330 
11 	 41.678688 	 283.323761 	 275.971680 	 3.523703 	 99585.453125 	 330.266632 
12 	 41.678688 	 283.323761 	 284.192688 	 6.121025 	 98025.343750 	 373.844360 
13 	 41.678688 	 283.323761 	 278.540375 	 3.226226 	 96426.593750 	 352.228790 
14 	 41.678688 	 283.323761 	 273.796112 	 4.483154 	 97739.687500 	 347.109589 
15 	 41.678688 	 283.323761 	 276.101746 	 2.623503 	 98533.328125 	 345.348083 
16 	 41.678688 	 283.323761 	 276.221039 	 1.805387 	 98028.046875 	 358.220764 
17 	 41.678688 	 283.323761 	 270.149872 	 2.577205 	 98293.531250 	 371.479492 
18 	 41.678688 	 283.323761 	 269.998657 	 2.946999 	 98817.976562 	 327.405090 
19 	 41.678688 	 283.323761 	 270.800201 	 1.874120 	 99692.148438 	 335.672638 
20 	 41.678688 	 283.323761 	 273.714874 	 3.369803 	 99783.390625 	 316.903442 
21 	 41.678688 	 283.323761 	 278.258575 	 3.309526 	 97806.546875 	 397.037567 
22 	 41.678688 	 283.323761 	 269.443115 	 3.202149 	 98216.726562 	 335.499847 
23 	 41.678688 	 283.323761 	 270.397552 	 2.041973 	 98780.312500 	 345.159851 
24 	 41.678688 	 283.323761 	 270.281311 	 1.605872 	 99724.843750 	 371.647797 
25 	 41.678688 	 283.323761 	 271.745605 	 3.233545 	 100040.898438 	 305.259644 
26 	 41.678688 	 283.323761 	 277.852112 	 2.310150 	 99442.281250 	 361.109161 
27 	 41.678688 	 283.323761 	 275.723969 	 5.769638 	 99096.109375 	 336.683075 
28 	 41.678688 	 283.323761 	 273.909271 	 5.520842 	 97287.640625 	 371.617126 
29 	 41.678688 	 283.323761 	 273.723511 	 3.999964 	 97686.203125 	 375.184174 
30 	 41.678688 	 283.323761 	 271.397888 	 1.186432 	 98458.578125 	 297.836273 
31 	 41.678688 	 283.323761 	 271.904175 	 2.963870 	 98653.492188 	 401.968323 
32 	 41.678688 	 283.323761 	 269.333069 	 1.895710 	 99728.421875 	 335.875427 
33 	 41.678688 	 283.323761 	 272.940033 	 3.374523 	 99735.281250 	 332.602600 
34 	 41.678688 	 283.323761 	 277.618042 	 5.756221 	 97507.750000 	 415.174866 
35 	 41.678688 	 283.323761 	 272.919281 	 3.114936 	 98275.617188 	 368.931091 
36 	 41.678688 	 283.323761 	 273.423340 	 1.568709 	 98826.492188 	 379.785095 
37 	 41.678688 	 283.323761 	 275.232025 	 2.193816 	 98540.898438 	 349.740753 
38 	 41.678688 	 283.323761 	 277.310028 	 2.308217 	 98203.968750 	 353.368835 
39 	 41.678688 	 283.323761 	 273.847595 	 2.870690 	 97535.296875 	 398.892273 
40 	 41.678688 	 283.323761 	 270.589325 	 3.848952 	 97364.781250 	 397.620300 
41 	 41.678688 	 283.323761 	 269.947449 	 4.587366 	 97405.296875 	 342.765686 
42 	 41.678688 	 283.323761 	 276.588226 	 4.355407 	 97298.593750 	 368.139221 
43 	 41.678688 	 283.323761 	 278.442413 	 2.276164 	 97489.601562 	 353.963318 
44 	 41.678688 	 283.323761 	 278.431549 	 5.511940 	 96833.218750 	 391.294586 
45 	 41.678688 	 283.323761 	 272.253021 	 3.021660 	 98771.843750 	 374.678101 
46 	 41.678688 	 283.323761 	 269.833099 	 1.779121 	 100052.398438 	 326.559509 
47 	 41.678688 	 283.323761 	 270.615753 	 4.605190 	 99822.101562 	 332.227844 
48 	 41.678688 	 283.323761 	 278.225830 	 3.775928 	 98443.640625 	 449.778870 
49 	 41.678688 	 283.323761 	 274.263519 	 2.430049 	 98351.148438 	 387.239197 
50 	 41.678688 	 283.323761 	 276.116577 	 2.729225 	 97788.078125 	 429.798248 
51 	 41.678688 	 283.323761 	 270.238495 	 5.256809 	 97559.703125 	 420.676453 
52 	 41.678688 	 283.323761 	 271.667847 	 3.471599 	 98541.953125 	 403.691132 
53 	 41.678688 	 283.323761 	 275.218781 	 3.079167 	 97987.109375 	 377.525421 
54 	 41.678688 	 283.323761 	 271.557770 	 2.373038 	 99101.273438 	 399.381531 
55 	 41.678688 	 283.323761 	 274.244171 	 3.179635 	 99014.796875 	 327.956055 
56 	 41.678688 	 283.323761 	 270.316193 	 2.403944 	 99247.203125 	 405.930664 
57 	 41.678688 	 283.323761 	 272.770935 	 1.537540 	 99285.921875 	 426.907471 
58 	 41.678688 	 283.323761 	 277.567505 	 4.372301 	 98819.023438 	 351.662048 
59 	 41.678688 	 283.323761 	 278.684418 	 4.281906 	 98396.046875 	 425.385529 
60 	 41.678688 	 283.323761 	 276.210022 	 2.195866 	 99589.468750 	 443.497803 
61 	 41.678688 	 283.323761 	 283.789185 	 4.063727 	 99050.453125 	 469.579102 
62 	 41.678688 	 283.323761 	 288.017303 	 4.724012 	 98060.617188 	 407.484772 
63 	 41.678688 	 283.323761 	 286.940247 	 2.591532 	 97284.023438 	 412.288666 
64 	 41.678688 	 283.323761 	 278.347992 	 4.935738 	 96777.867188 	 470.731995 
65 	 41.678688 	 283.323761 	 275.313385 	 3.610015 	 97547.281250 	 407.923645 
66 	 41.678688 	 283.323761 	 274.045319 	 1.805699 	 98026.773438 	 407.418152 
67 	 41.678688 	 283.323761 	 277.003540 	 3.100006 	 97392.703125 	 379.458740 
68 	 41.678688 	 283.323761 	 275.196533 	 2.267916 	 97525.156250 	 412.810577 
69 	 41.678688 	 283.323761 	 273.818268 	 1.994992 	 97156.960938 	 398.046875 
70 	 41.678688 	 283.323761 	 274.017548 	 3.763498 	 97635.523438 	 467.510010 
71 	 41.678688 	 283.323761 	 273.379333 	 2.196655 	 98447.718750 	 402.844543 
72 	 41.678688 	 283.323761 	 275.103058 	 2.026469 	 98820.250000 	 482.684753 
73 	 41.678688 	 283.323761 	 280.783325 	 3.415100 	 98998.921875 	 493.558838 
74 	 41.678688 	 283.323761 	 289.029602 	 3.249932 	 98994.679688 	 533.561218 
75 	 41.678688 	 283.323761 	 288.369446 	 2.426021 	 99189.039062 	 525.824524 
76 	 41.678688 	 283.323761 	 288.421631 	 2.382525 	 99201.703125 	 537.585449 
77 	 41.678688 	 283.323761 	 288.579193 	 4.375916 	 98874.062500 	 461.446167 
78 	 41.678688 	 283.323761 	 280.414886 	 4.563293 	 97974.593750 	 519.822693 
79 	 41.678688 	 283.323761 	 275.863525 	 3.510022 	 98434.281250 	 500.592285 
80 	 41.678688 	 283.323761 	 280.468719 	 4.076917 	 98926.703125 	 419.807251 
81 	 41.678688 	 283.323761 	 284.669098 	 4.544980 	 98774.929688 	 474.475433 
82 	 41.678688 	 283.323761 	 283.300385 	 3.555026 	 98610.882812 	 498.735626 
83 	 41.678688 	 283.323761 	 279.029633 	 2.668165 	 99139.906250 	 381.966736 
84 	 41.678688 	 283.323761 	 280.965210 	 3.056782 	 97998.507812 	 436.207123 
85 	 41.678688 	 283.323761 	 280.047638 	 4.360091 	 97737.507812 	 486.469971 
86 	 41.678688 	 283.323761 	 281.013550 	 2.406830 	 98689.476562 	 425.699402 
87 	 41.678688 	 283.323761 	 284.380402 	 2.823915 	 99087.601562 	 519.863037 
88 	 41.678688 	 283.323761 	 286.175781 	 1.958112 	 99003.468750 	 447.121948 
89 	 41.678688 	 283.323761 	 288.208771 	 2.888698 	 98951.921875 	 459.774689 
90 	 41.678688 	 283.323761 	 289.696198 	 3.826677 	 98553.179688 	 475.859314 
91 	 41.678688 	 283.323761 	 283.901855 	 5.294665 	 98133.281250 	 442.476257 
92 	 41.678688 	 283.323761 	 279.075958 	 2.961488 	 97902.828125 	 466.006165 
93 	 41.678688 	 283.323761 	 278.187286 	 2.130847 	 98843.257812 	 437.839600 
94 	 41.678688 	 283.323761 	 276.516205 	 3.028999 	 98956.656250 	 494.511047 
95 	 41.678688 	 283.323761 	 275.539825 	 4.873768 	 98851.671875 	 403.453033 
96 	 41.678688 	 283.323761 	 280.320984 	 6.661727 	 98514.757812 	 549.770386 
97 	 41.678688 	 283.323761 	 284.289520 	 4.531534 	 98327.023438 	 549.537048 
98 	 41.678688 	 283.323761 	 286.458008 	 2.049384 	 98245.398438 	 530.404419 
99 	 41.678688 	 283.323761 	 288.031433 	 1.798013 	 98432.257812 	 553.571228 
100 	 41.678688 	 283.323761 	 288.850769 	 5.459039 	 97400.406250 	 437.871948 
101 	 41.678688 	 283.323761 	 279.099731 	 3.496412 	 96852.671875 	 546.167603 
102 	 41.678688 	 283.323761 	 275.661743 	 4.433923 	 97644.351562 	 514.801880 
103 	 41.678688 	 283.323761 	 278.343201 	 3.435755 	 98546.546875 	 556.537720 
104 	 41.678688 	 283.323761 	 275.905518 	 2.122600 	 99118.546875 	 364.607513 
105 	 41.678688 	 283.323761 	 283.588379 	 3.350991 	 98405.492188 	 430.436310 
106 	 41.678688 	 283.323761 	 289.673981 	 3.592706 	 98011.960938 	 495.825500 
107 	 41.678688 	 283.323761 	 290.689850 	 4.101915 	 97384.000000 	 572.298401 
108 	 41.678688 	 283.323761 	 287.145111 	 1.495810 	 97346.679688 	 536.566589 
109 	 41.678688 	 283.323761 	 286.448242 	 1.171777 	 97605.531250 	 521.042969 
110 	 41.678688 	 283.323761 	 285.947784 	 2.144471 	 97215.859375 	 504.261719 
111 	 41.678688 	 283.323761 	 284.032043 	 2.843426 	 96677.046875 	 434.687744 
112 	 41.678688 	 283.323761 	 284.490143 	 4.184340 	 97154.492188 	 446.168915 
113 	 41.678688 	 283.323761 	 287.916443 	 1.811108 	 97973.343750 	 614.358276 
114 	 41.678688 	 283.323761 	 290.711243 	 4.482998 	 97990.039062 	 605.327148 
115 	 41.678688 	 283.323761 	 285.747742 	 5.351685 	 97660.312500 	 620.592529 
116 	 41.678688 	 283.323761 	 283.749023 	 3.801504 	 98760.273438 	 590.624268 
117 	 41.678688 	 283.323761 	 285.205261 	 3.206059 	 98720.562500 	 474.774292 
118 	 41.678688 	 283.323761 	 280.267609 	 6.482954 	 97970.851562 	 560.435791 
119 	 41.678688 	 283.323761 	 280.961365 	 4.481230 	 99008.476562 	 578.635498 
120 	 41.678688 	 283.323761 	 283.548920 	 2.442942 	 99809.593750 	 573.935181 
121 	 41.678688 	 283.323761 	 285.454285 	 0.828511 	 100203.898438 	 618.023010 
122 	 41.678688 	 283.323761 	 288.832001 	 1.349983 	 99804.976562 	 620.134094 
123 	 41.678688 	 283.323761 	 294.811127 	 2.614897 	 98987.398438 	 662.034302 
124 	 41.678688 	 283.323761 	 297.358307 	 3.680510 	 98321.171875 	 620.885132 
125 	 41.678688 	 283.323761 	 297.731262 	 3.423261 	 98223.148438 	 670.857666 
126 	 41.678688 	 283.323761 	 297.496490 	 2.033110 	 98653.851562 	 659.306641 
127 	 41.678688 	 283.323761 	 297.551849 	 2.130572 	 98869.382812 	 655.170532 
128 	 41.678688 	 283.323761 	 294.854279 	 3.991184 	 98484.523438 	 660.493042 
129 	 41.678688 	 283.323761 	 289.048340 	 2.057225 	 99014.156250 	 625.514709 
130 	 41.678688 	 283.323761 	 291.876373 	 3.001647 	 98603.726562 	 581.648865 
131 	 41.678688 	 283.323761 	 296.538361 	 4.381402 	 97729.742188 	 608.461365 
132 	 41.678688 	 283.323761 	 289.429230 	 2.850696 	 98476.039062 	 639.977051 
133 	 41.678688 	 283.323761 	 288.524994 	 1.888885 	 98534.140625 	 577.219727 
134 	 41.678688 	 283.323761 	 286.234070 	 2.439458 	 98046.328125 	 431.491638 
135 	 41.678688 	 283.323761 	 286.853241 	 2.112374 	 98325.453125 	 623.580444 
136 	 41.678688 	 283.323761 	 286.041229 	 2.344425 	 98792.882812 	 608.806274 
137 	 41.678688 	 283.323761 	 286.692078 	 1.909592 	 98857.632812 	 453.237244 
138 	 41.678688 	 283.323761 	 291.501038 	 2.318109 	 98591.539062 	 585.898315 
139 	 41.678688 	 283.323761 	 291.431610 	 1.635866 	 99087.882812 	 667.457764 
140 	 41.678688 	 283.323761 	 296.298309 	 3.461916 	 98928.953125 	 672.395386 
141 	 41.678688 	 283.323761 	 297.858429 	 3.627971 	 98260.703125 	 665.745850 
142 	 41.678688 	 283.323761 	 291.453491 	 3.508624 	 98290.609375 	 625.950073 
143 	 41.678688 	 283.323761 	 290.325806 	 0.996578 	 98757.960938 	 641.024963 
144 	 41.678688 	 283.323761 	 291.513336 	 0.888865 	 98901.023438 	 668.623840 
145 	 41.678688 	 283.323761 	 293.245148 	 0.542639 	 98978.968750 	 685.147522 
146 	 41.678688 	 283.323761 	 295.842194 	 1.755998 	 99088.476562 	 697.922974 
147 	 41.678688 	 283.323761 	 296.361237 	 3.934325 	 98705.343750 	 671.299866 
148 	 41.678688 	 283.323761 	 288.594025 	 2.212264 	 99131.648438 	 647.845276 
149 	 41.678688 	 283.323761 	 291.956268 	 3.816296 	 99114.453125 	 602.086548 
150 	 41.678688 	 283.323761 	 289.262878 	 5.014956 	 98581.046875 	 602.540771 
151 	 41.678688 	 283.323761 	 285.620697 	 1.549465 	 99345.523438 	 611.853760 
152 	 41.678688 	 283.323761 	 289.412262 	 1.304264 	 98829.671875 	 660.392090 
153 	 41.678688 	 283.323761 	 292.042542 	 1.587623 	 98730.343750 	 670.901978 
154 	 41.678688 	 283.323761 	 296.043762 	 2.850033 	 98610.546875 	 678.750244 
155 	 41.678688 	 283.323761 	 294.632599 	 1.256396 	 98772.343750 	 604.700378 
156 	 41.678688 	 283.323761 	 296.680603 	 3.850986 	 98952.390625 	 670.313110 
157 	 41.678688 	 283.323761 	 295.712891 	 3.928594 	 98935.171875 	 694.357910 
158 	 41.678688 	 283.323761 	 296.099274 	 2.899442 	 98675.890625 	 651.641357 
159 	 41.678688 	 283.323761 	 294.988586 	 4.650051 	 98501.242188 	 679.421814 
160 	 41.678688 	 283.323761 	 288.713531 	 3.805573 	 98938.960938 	 663.648926 
161 	 41.678688 	 283.323761 	 287.136292 	 1.732921 	 99281.328125 	 644.930298 
162 	 41.678688 	 283.323761 	 290.728882 	 2.798509 	 99274.117188 	 675.686035 
163 	 41.678688 	 283.323761 	 296.211029 	 4.691025 	 98436.210938 	 657.722412 
164 	 41.678688 	 283.323761 	 294.154633 	 3.243897 	 98676.242188 	 697.588501 
165 	 41.678688 	 283.323761 	 293.729431 	 1.100955 	 99159.640625 	 691.734497 
166 	 41.678688 	 283.323761 	 298.303467 	 3.398037 	 98988.406250 	 707.416626 
167 	 41.678688 	 283.323761 	 300.238922 	 3.285858 	 98318.968750 	 718.860413 
168 	 41.678688 	 283.323761 	 298.582916 	 2.219187 	 98374.812500 	 722.689087 
169 	 41.678688 	 283.323761 	 299.754517 	 3.072255 	 98498.921875 	 655.806396 
170 	 41.678688 	 283.323761 	 300.040894 	 3.996082 	 98140.250000 	 692.177979 
171 	 41.678688 	 283.323761 	 295.440857 	 1.211121 	 99018.703125 	 705.248535 
172 	 41.678688 	 283.323761 	 298.303345 	 0.969324 	 99050.843750 	 725.172974 
173 	 41.678688 	 283.323761 	 301.964966 	 4.063296 	 98911.007812 	 723.600098 
174 	 41.678688 	 283.323761 	 303.521362 	 3.526919 	 98625.101562 	 747.539307 
175 	 41.678688 	 283.323761 	 304.691406 	 2.691325 	 98819.640625 	 751.667480 
176 	 41.678688 	 283.323761 	 304.311401 	 4.250190 	 98495.546875 	 699.264832 
177 	 41.678688 	 283.323761 	 301.632843 	 3.253883 	 98627.187500 	 668.671570 
178 	 41.678688 	 283.323761 	 299.614227 	 2.321600 	 98814.968750 	 696.690369 
179 	 41.678688 	 283.323761 	 303.762482 	 3.235998 	 98624.789062 	 749.786865 
180 	 41.678688 	 283.323761 	 305.046143 	 2.430499 	 98641.531250 	 756.960449 
181 	 41.678688 	 283.323761 	 303.015717 	 1.456999 	 98726.492188 	 694.400391 
182 	 41.678688 	 283.323761 	 302.975433 	 1.916670 	 98470.273438 	 718.694092 
183 	 41.678688 	 283.323761 	 301.189240 	 3.042538 	 98280.273438 	 681.118469 
184 	 41.678688 	 283.323761 	 299.498566 	 3.170547 	 97861.648438 	 698.563843 
185 	 41.678688 	 283.323761 	 301.146240 	 1.539979 	 98323.257812 	 741.800293 
186 	 41.678688 	 283.323761 	 304.447113 	 3.314129 	 98410.273438 	 748.137268 
187 	 41.678688 	 283.323761 	 303.616669 	 3.721676 	 98280.359375 	 742.719849 
188 	 41.678688 	 283.323761 	 299.967316 	 2.809720 	 98466.898438 	 708.578613 
189 	 41.678688 	 283.323761 	 297.317566 	 2.129340 	 99178.640625 	 706.838013 
190 	 41.678688 	 283.323761 	 299.664612 	 3.211152 	 99272.296875 	 714.312561 
191 	 41.678688 	 283.323761 	 297.981476 	 4.018303 	 99146.171875 	 640.864746 
192 	 41.678688 	 283.323761 	 299.850372 	 2.729836 	 98564.523438 	 713.489380 
193 	 41.678688 	 283.323761 	 300.821808 	 1.961908 	 98616.703125 	 731.825439 
194 	 41.678688 	 283.323761 	 302.148193 	 4.838260 	 98430.453125 	 716.541504 
195 	 41.678688 	 283.323761 	 301.985474 	 3.657315 	 98172.382812 	 686.951965 
196 	 41.678688 	 283.323761 	 299.929993 	 2.143300 	 98116.773438 	 721.356812 
197 	 41.678688 	 283.323761 	 296.977356 	 1.742667 	 98118.617188 	 505.514038 
198 	 41.678688 	 283.323761 	 295.167847 	 4.094096 	 97522.757812 	 711.506958 
199 	 41.678688 	 283.323761 	 295.197113 	 3.322901 	 97962.109375 	 548.009033 
200 	 41.678688 	 283.323761 	 299.237274 	 4.424607 	 97721.007812 	 689.572021 
201 	 41.678688 	 283.323761 	 297.965759 	 2.818407 	 97794.601562 	 710.557617 
202 	 41.678688 	 283.323761 	 295.460999 	 1.471264 	 98519.007812 	 622.946899 
203 	 41.678688 	 283.323761 	 297.141144 	 1.851282 	 98714.476562 	 691.253906 
204 	 41.678688 	 283.323761 	 296.990662 	 4.380312 	 98599.429688 	 560.112122 
205 	 41.678688 	 283.323761 	 299.523987 	 2.971036 	 98610.093750 	 689.842407 
206 	 41.678688 	 283.323761 	 299.278503 	 3.267740 	 98747.968750 	 685.457397 
207 	 41.678688 	 283.323761 	 298.611877 	 4.708013 	 98326.476562 	 507.295532 
208 	 41.678688 	 283.323761 	 294.365723 	 2.240037 	 98494.593750 	 676.399963 
209 	 41.678688 	 283.323761 	 293.864929 	 0.985733 	 98703.882812 	 654.779297 
210 	 41.678688 	 283.323761 	 294.563171 	 1.955660 	 98685.953125 	 527.612122 
211 	 41.678688 	 283.323761 	 297.652313 	 2.912486 	 98785.640625 	 625.340332 
212 	 41.678688 	 283.323761 	 299.251099 	 2.702037 	 99027.882812 	 660.358032 
213 	 41.678688 	 283.323761 	 297.860260 	 3.658515 	 98994.226562 	 572.013916 
214 	 41.678688 	 283.323761 	 297.748047 	 3.136360 	 98904.796875 	 557.107788 
215 	 41.678688 	 283.323761 	 298.182465 	 4.156964 	 98633.796875 	 537.610168 
216 	 41.678688 	 283.323761 	 294.569824 	 1.566648 	 98610.929688 	 624.765747 
217 	 41.678688 	 283.323761 	 295.279968 	 1.772564 	 98775.046875 	 673.509399 
218 	 41.678688 	 283.323761 	 301.263489 	 3.185576 	 98647.109375 	 690.884766 
219 	 41.678688 	 283.323761 	 303.338654 	 3.470828 	 98650.070312 	 600.878174 
220 	 41.678688 	 283.323761 	 303.154175 	 2.842702 	 98785.203125 	 699.684692 
221 	 41.678688 	 283.323761 	 303.257050 	 3.406645 	 98520.656250 	 691.306396 
222 	 41.678688 	 283.323761 	 302.178375 	 2.198314 	 98423.593750 	 714.073914 
223 	 41.678688 	 283.323761 	 299.350708 	 2.238434 	 98290.156250 	 696.767029 
224 	 41.678688 	 283.323761 	 298.762390 	 1.035382 	 98590.960938 	 682.926575 
225 	 41.678688 	 283.323761 	 299.028625 	 2.394849 	 98198.812500 	 505.192596 
226 	 41.678688 	 283.323761 	 297.787598 	 1.769260 	 98213.632812 	 654.371399 
227 	 41.678688 	 283.323761 	 294.166046 	 4.016630 	 98452.828125 	 666.237000 
228 	 41.678688 	 283.323761 	 293.560059 	 2.572301 	 98881.859375 	 642.486389 
229 	 41.678688 	 283.323761 	 294.594818 	 0.677775 	 98878.273438 	 650.008423 
230 	 41.678688 	 283.323761 	 298.663483 	 2.182837 	 98446.406250 	 668.359131 
231 	 41.678688 	 283.323761 	 299.166565 	 1.824049 	 98274.281250 	 682.169373 
232 	 41.678688 	 283.323761 	 298.470276 	 2.765789 	 98276.468750 	 619.160034 
233 	 41.678688 	 283.323761 	 296.760986 	 4.637348 	 97949.367188 	 582.471802 
234 	 41.678688 	 283.323761 	 293.654083 	 3.065174 	 98688.117188 	 634.954224 
235 	 41.678688 	 283.323761 	 294.335907 	 1.343270 	 98826.796875 	 598.351807 
236 	 41.678688 	 283.323761 	 297.974335 	 3.936201 	 98566.453125 	 592.259949 
237 	 41.678688 	 283.323761 	 300.309845 	 2.593947 	 98245.328125 	 664.696777 
238 	 41.678688 	 283.323761 	 299.328033 	 3.374812 	 98380.507812 	 661.633484 
239 	 41.678688 	 283.323761 	 295.970215 	 1.888275 	 99290.781250 	 641.024048 
240 	 41.678688 	 283.323761 	 298.099792 	 3.443255 	 99257.539062 	 647.596436 
241 	 41.678688 	 283.323761 	 302.160706 	 3.590291 	 98804.156250 	 678.469604 
242 	 41.678688 	 283.323761 	 304.065125 	 3.474564 	 98442.562500 	 669.248291 
243 	 41.678688 	 283.323761 	 302.622162 	 2.033140 	 98985.359375 	 659.044312 
244 	 41.678688 	 283.323761 	 299.297058 	 3.186314 	 99334.101562 	 657.392334 
245 	 41.678688 	 283.323761 	 300.008667 	 1.894875 	 99135.398438 	 578.234497 
246 	 41.678688 	 283.323761 	 300.134064 	 1.702643 	 98703.953125 	 593.142456 
247 	 41.678688 	 283.323761 	 299.862244 	 1.479484 	 98829.843750 	 631.829163 
248 	 41.678688 	 283.323761 	 300.039246 	 2.649727 	 98800.273438 	 632.574036 
249 	 41.678688 	 283.323761 	 299.705261 	 3.117622 	 98127.632812 	 628.828064 
250 	 41.678688 	 283.323761 	 294.314209 	 3.993608 	 97690.867188 	 581.866089 
251 	 41.678688 	 283.323761 	 290.489716 	 3.862056 	 98170.343750 	 572.416016 
252 	 41.678688 	 283.323761 	 291.847656 	 2.083283 	 98730.398438 	 574.105896 
253 	 41.678688 	 283.323761 	 290.742096 	 2.123554 	 99067.531250 	 525.321106 
254 	 41.678688 	 283.323761 	 294.844330 	 4.504977 	 98821.406250 	 584.028015 
255 	 41.678688 	 283.323761 	 297.596832 	 3.534716 	 98364.531250 	 601.267578 
256 	 41.678688 	 283.323761 	 293.238708 	 2.065749 	 98951.937500 	 582.733948 
257 	 41.678688 	 283.323761 	 293.993195 	 2.810428 	 99261.343750 	 580.526245 
258 	 41.678688 	 283.323761 	 300.430389 	 4.090015 	 98626.140625 	 616.415955 
259 	 41.678688 	 283.323761 	 299.478668 	 2.970684 	 98745.742188 	 607.238770 
260 	 41.678688 	 283.323761 	 298.353241 	 3.009581 	 99089.906250 	 572.602295 
261 	 41.678688 	 283.323761 	 287.576019 	 3.042146 	 99910.156250 	 417.378326 
262 	 41.678688 	 283.323761 	 286.282227 	 2.067975 	 99840.796875 	 571.570496 
263 	 41.678688 	 283.323761 	 286.137238 	 1.016776 	 99342.851562 	 525.565430 
264 	 41.678688 	 283.323761 	 290.041321 	 2.305418 	 99207.117188 	 543.168884 
265 	 41.678688 	 283.323761 	 292.986572 	 3.056216 	 99035.593750 	 544.198242 
266 	 41.678688 	 283.323761 	 294.326752 	 1.219682 	 99395.859375 	 554.778687 
267 	 41.678688 	 283.323761 	 294.190979 	 2.376405 	 99554.617188 	 560.133301 
268 	 41.678688 	 283.323761 	 295.127441 	 3.458867 	 99298.656250 	 570.824280 
269 	 41.678688 	 283.323761 	 295.257812 	 3.390657 	 99349.312500 	 548.659058 
270 	 41.678688 	 283.323761 	 294.824982 	 3.981610 	 99196.859375 	 497.764679 
271 	 41.678688 	 283.323761 	 288.897339 	 2.672853 	 99002.742188 	 543.844604 
272 	 41.678688 	 283.323761 	 288.679413 	 2.706658 	 98897.039062 	 475.718506 
273 	 41.678688 	 283.323761 	 290.837158 	 0.840401 	 99071.750000 	 545.536316 
274 	 41.678688 	 283.323761 	 292.044403 	 1.550556 	 99150.617188 	 545.967407 
275 	 41.678688 	 283.323761 	 295.090271 	 1.411309 	 98997.398438 	 516.176636 
276 	 41.678688 	 283.323761 	 296.353668 	 2.201277 	 98759.226562 	 560.389832 
277 	 41.678688 	 283.323761 	 288.940216 	 3.049251 	 98898.140625 	 506.468262 
278 	 41.678688 	 283.323761 	 283.593811 	 1.332313 	 99355.929688 	 486.209351 
279 	 41.678688 	 283.323761 	 288.127686 	 2.837738 	 99075.601562 	 457.268982 
280 	 41.678688 	 283.323761 	 288.088287 	 1.712351 	 99385.828125 	 499.636658 
281 	 41.678688 	 283.323761 	 293.678253 	 4.457323 	 98769.093750 	 544.996399 
282 	 41.678688 	 283.323761 	 290.046509 	 2.811224 	 98524.062500 	 506.925293 
283 	 41.678688 	 283.323761 	 288.650482 	 1.791764 	 98484.453125 	 499.840637 
284 	 41.678688 	 283.323761 	 291.117188 	 1.631382 	 98914.218750 	 511.379028 
285 	 41.678688 	 283.323761 	 293.181091 	 3.354010 	 98952.421875 	 508.165710 
286 	 41.678688 	 283.323761 	 293.037292 	 3.352183 	 98565.062500 	 451.098816 
287 	 41.678688 	 283.323761 	 289.967773 	 3.774901 	 97749.906250 	 518.297119 
288 	 41.678688 	 283.323761 	 284.043457 	 2.900926 	 98341.898438 	 469.686584 
289 	 41.678688 	 283.323761 	 285.601013 	 2.028827 	 98765.648438 	 485.656250 
290 	 41.678688 	 283.323761 	 291.317810 	 3.041150 	 98387.296875 	 502.569458 
291 	 41.678688 	 283.323761 	 284.098267 	 3.771653 	 98685.656250 	 433.818726 
292 	 41.678688 	 283.323761 	 280.563354 	 1.577808 	 99020.156250 	 411.900177 
293 	 41.678688 	 283.323761 	 287.251160 	 3.367645 	 98648.882812 	 438.195129 
294 	 41.678688 	 283.323761 	 289.053070 	 4.580160 	 97676.750000 	 423.008698 
295 	 41.678688 	 283.323761 	 279.498016 	 4.016613 	 97819.656250 	 427.042908 
296 	 41.678688 	 283.323761 	 280.497681 	 3.406532 	 98533.117188 	 436.499756 
297 	 41.678688 	 283.323761 	 285.913208 	 3.991065 	 98255.507812 	 441.288147 
298 	 41.678688 	 283.323761 	 287.282776 	 4.749392 	 97604.820312 	 439.235016 
299 	 41.678688 	 283.323761 	 285.066071 	 3.796905 	 97895.593750 	 436.494659 
300 	 41.678688 	 283.323761 	 281.781738 	 2.709045 	 98718.843750 	 361.205017 
301 	 41.678688 	 283.323761 	 278.568939 	 1.783738 	 99238.843750 	 354.636017 
302 	 41.678688 	 283.323761 	 276.762512 	 0.917938 	 99653.726562 	 329.904633 
303 	 41.678688 	 283.323761 	 278.385223 	 2.476378 	 99962.906250 	 408.426056 
304 	 41.678688 	 283.323761 	 288.389313 	 4.653611 	 98884.781250 	 413.000336 
305 	 41.678688 	 283.323761 	 283.715546 	 3.954225 	 97520.273438 	 436.363464 
306 	 41.678688 	 283.323761 	 276.659149 	 3.483108 	 98177.296875 	 384.224670 
307 	 41.678688 	 283.323761 	 278.131195 	 3.477624 	 98918.671875 	 406.800598 
308 	 41.678688 	 283.323761 	 280.078339 	 4.048494 	 98150.726562 	 376.196350 
309 	 41.678688 	 283.323761 	 274.556702 	 4.147066 	 97880.523438 	 370.428070 
310 	 41.678688 	 283.323761 	 274.532440 	 3.412408 	 98130.757812 	 378.103394 
311 	 41.678688 	 283.323761 	 276.391846 	 3.058387 	 98979.156250 	 366.529785 
312 	 41.678688 	 283.323761 	 281.139496 	 3.275576 	 99179.656250 	 366.504547 
313 	 41.678688 	 283.323761 	 285.141357 	 1.875663 	 99661.476562 	 461.202209 
314 	 41.678688 	 283.323761 	 285.587280 	 4.752347 	 99076.773438 	 427.474518 
315 	 41.678688 	 283.323761 	 284.956299 	 4.001674 	 97784.570312 	 426.267761 
316 	 41.678688 	 283.323761 	 279.128967 	 2.931171 	 97695.726562 	 383.157135 
317 	 41.678688 	 283.323761 	 282.815674 	 3.539763 	 98051.546875 	 405.695770 
318 	 41.678688 	 283.323761 	 280.167542 	 1.890444 	 98856.320312 	 393.379578 
319 	 41.678688 	 283.323761 	 274.986084 	 1.240262 	 99469.843750 	 314.975159 
320 	 41.678688 	 283.323761 	 275.021088 	 2.581413 	 99423.039062 	 361.197601 
321 	 41.678688 	 283.323761 	 272.771881 	 3.331490 	 100228.203125 	 364.725616 
322 	 41.678688 	 283.323761 	 271.513672 	 2.258370 	 100833.500000 	 323.911469 
323 	 41.678688 	 283.323761 	 280.038147 	 5.343439 	 99748.148438 	 355.712280 
324 	 41.678688 	 283.323761 	 278.360138 	 3.028530 	 98451.500000 	 383.729095 
325 	 41.678688 	 283.323761 	 275.456268 	 4.050060 	 98431.937500 	 378.978241 
326 	 41.678688 	 283.323761 	 273.689178 	 1.692384 	 99153.968750 	 329.485596 
327 	 41.678688 	 283.323761 	 277.814789 	 4.517663 	 98732.351562 	 349.611206 
328 	 41.678688 	 283.323761 	 280.666718 	 4.129372 	 97440.921875 	 402.722656 
329 	 41.678688 	 283.323761 	 275.359070 	 2.876600 	 98357.953125 	 323.191528 
330 	 41.678688 	 283.323761 	 275.739655 	 2.419235 	 98960.148438 	 347.801361 
331 	 41.678688 	 283.323761 	 281.527588 	 3.821901 	 98384.320312 	 410.345978 
332 	 41.678688 	 283.323761 	 278.616699 	 3.162190 	 98270.007812 	 379.884521 
333 	 41.678688 	 283.323761 	 273.883331 	 1.160233 	 99122.882812 	 345.736877 
334 	 41.678688 	 283.323761 	 275.770508 	 2.280077 	 99560.390625 	 354.527649 
335 	 41.678688 	 283.323761 	 279.695709 	 5.757797 	 98950.460938 	 335.048370 
336 	 41.678688 	 283.323761 	 281.679138 	 3.371869 	 97473.382812 	 386.758911 
337 	 41.678688 	 283.323761 	 277.937653 	 3.188795 	 96643.476562 	 362.165955 
338 	 41.678688 	 283.323761 	 273.838531 	 3.523853 	 97716.039062 	 361.433319 
339 	 41.678688 	 283.323761 	 272.932495 	 3.573503 	 98492.398438 	 320.549103 
340 	 41.678688 	 283.323761 	 272.488983 	 1.490103 	 98631.601562 	 316.861664 
341 	 41.678688 	 283.323761 	 273.456970 	 3.580219 	 97646.953125 	 338.535858 
342 	 41.678688 	 283.323761 	 274.680847 	 3.707817 	 98079.296875 	 336.959991 
343 	 41.678688 	 283.323761 	 272.539795 	 2.484007 	 99851.937500 	 323.882843 
344 	 41.678688 	 283.323761 	 279.780151 	 2.960325 	 100260.203125 	 342.650360 
345 	 41.678688 	 283.323761 	 287.728760 	 6.498241 	 99533.789062 	 387.724518 
346 	 41.678688 	 283.323761 	 284.613953 	 4.725008 	 97371.296875 	 397.265289 
347 	 41.678688 	 283.323761 	 273.818329 	 3.005243 	 97903.617188 	 340.326477 
348 	 41.678688 	 283.323761 	 272.475342 	 1.750274 	 99326.156250 	 329.876862 
349 	 41.678688 	 283.323761 	 273.091492 	 1.082437 	 99783.218750 	 361.796021 
350 	 41.678688 	 283.323761 	 277.489227 	 2.606853 	 99312.156250 	 351.328461 
351 	 41.678688 	 283.323761 	 275.400940 	 1.436098 	 98298.203125 	 351.349304 
352 	 41.678688 	 283.323761 	 273.312561 	 3.586274 	 97723.953125 	 349.290649 
353 	 41.678688 	 283.323761 	 273.796478 	 2.543462 	 97671.992188 	 318.416962 
354 	 41.678688 	 283.323761 	 276.002991 	 2.780380 	 97957.218750 	 336.040894 
355 	 41.678688 	 283.323761 	 271.288452 	 2.466969 	 99305.500000 	 302.689240 
356 	 41.678688 	 283.323761 	 272.732880 	 0.994479 	 100560.500000 	 331.159058 
357 	 41.678688 	 283.323761 	 272.679260 	 1.105889 	 100880.398438 	 326.650482 
358 	 41.678688 	 283.323761 	 274.415863 	 0.953074 	 100301.500000 	 327.693481 
359 	 41.678688 	 283.323761 	 275.252350 	 1.190892 	 99815.976562 	 342.886841 
360 	 41.678688 	 283.323761 	 279.370148 	 1.548346 	 99589.343750 	 361.197815 
361 	 41.678688 	 283.323761 	 284.771973 	 4.066204 	 99722.546875 	 383.531464 
362 	 41.678688 	 283.323761 	 288.778717 	 6.043548 	 99499.570312 	 403.058136 
363 	 41.678688 	 283.323761 	 286.796906 	 5.713275 	 98517.046875 	 389.044739 
364 	 41.678688 	 283.323761 	 275.918823 	 2.054146 	 98082.296875 	 385.365723 
