# 0: Day of Year [-] 	 1: lat [deg] 	 2: lon [deg] 	 3: tas [K] 	 4: sfcWind [m s-1] 	 5: ps [Pa] 	 6: Total Downwelling Rad Flux [W m-2] 
0 	 41.678688 	 283.323761 	 277.361938 	 2.943013 	 98476.898438 	 360.129974 
1 	 41.678688 	 283.323761 	 280.653320 	 3.503288 	 97841.156250 	 364.134735 
2 	 41.678688 	 283.323761 	 269.618378 	 2.231030 	 97906.867188 	 302.201813 
3 	 41.678688 	 283.323761 	 269.853699 	 2.725593 	 97991.523438 	 310.466553 
4 	 41.678688 	 283.323761 	 269.470917 	 2.849979 	 98542.101562 	 316.340027 
5 	 41.678688 	 283.323761 	 268.772186 	 2.579761 	 98692.281250 	 306.105408 
6 	 41.678688 	 283.323761 	 266.769684 	 3.462655 	 99197.937500 	 293.828979 
7 	 41.678688 	 283.323761 	 266.193085 	 1.727787 	 100436.296875 	 300.648682 
8 	 41.678688 	 283.323761 	 269.617767 	 3.728190 	 100303.796875 	 293.853546 
9 	 41.678688 	 283.323761 	 277.334625 	 3.819692 	 99173.179688 	 342.382416 
10 	 41.678688 	 283.323761 	 272.260620 	 2.939636 	 99402.890625 	 350.683685 
11 	 41.678688 	 283.323761 	 267.414062 	 2.589833 	 100627.601562 	 295.885498 
12 	 41.678688 	 283.323761 	 273.393219 	 4.288472 	 100394.500000 	 348.146088 
13 	 41.678688 	 283.323761 	 283.328674 	 4.611733 	 98588.039062 	 368.526672 
14 	 41.678688 	 283.323761 	 273.773132 	 3.522293 	 98269.476562 	 358.507690 
15 	 41.678688 	 283.323761 	 272.987061 	 1.788981 	 99493.882812 	 371.819763 
16 	 41.678688 	 283.323761 	 276.779419 	 2.329046 	 99930.531250 	 356.600555 
17 	 41.678688 	 283.323761 	 279.956390 	 4.779288 	 99808.726562 	 351.893372 
18 	 41.678688 	 283.323761 	 279.947998 	 4.165887 	 98953.953125 	 419.023743 
19 	 41.678688 	 283.323761 	 271.259827 	 2.227115 	 99957.343750 	 333.536133 
20 	 41.678688 	 283.323761 	 269.883362 	 2.109319 	 100137.296875 	 338.703857 
21 	 41.678688 	 283.323761 	 272.083923 	 1.111332 	 99537.921875 	 369.214050 
22 	 41.678688 	 283.323761 	 272.517303 	 1.893599 	 98880.773438 	 380.222107 
23 	 41.678688 	 283.323761 	 269.482361 	 3.412486 	 99004.710938 	 316.616394 
24 	 41.678688 	 283.323761 	 267.432983 	 3.046024 	 99866.703125 	 322.359070 
25 	 41.678688 	 283.323761 	 270.767761 	 3.250549 	 99673.156250 	 343.708862 
26 	 41.678688 	 283.323761 	 272.225800 	 4.048557 	 98028.093750 	 383.294312 
27 	 41.678688 	 283.323761 	 271.074554 	 2.816022 	 98478.148438 	 312.367828 
28 	 41.678688 	 283.323761 	 269.931427 	 2.597312 	 98846.601562 	 377.014313 
29 	 41.678688 	 283.323761 	 266.192657 	 3.526381 	 99593.031250 	 325.726685 
30 	 41.678688 	 283.323761 	 265.888306 	 1.142606 	 100068.601562 	 328.273987 
31 	 41.678688 	 283.323761 	 270.196991 	 1.482633 	 99888.023438 	 310.593811 
32 	 41.678688 	 283.323761 	 270.981079 	 2.555923 	 99504.929688 	 316.111420 
33 	 41.678688 	 283.323761 	 269.827728 	 3.045421 	 97856.773438 	 326.213226 
34 	 41.678688 	 283.323761 	 266.334381 	 3.063522 	 98758.523438 	 376.402649 
35 	 41.678688 	 283.323761 	 262.216095 	 0.552914 	 99711.257812 	 335.766418 
36 	 41.678688 	 283.323761 	 264.373749 	 1.046280 	 99698.328125 	 353.967896 
37 	 41.678688 	 283.323761 	 269.690399 	 2.386977 	 98967.281250 	 346.932678 
38 	 41.678688 	 283.323761 	 269.616455 	 1.776472 	 98100.093750 	 330.009277 
39 	 41.678688 	 283.323761 	 269.238007 	 2.506259 	 97701.507812 	 361.867340 
40 	 41.678688 	 283.323761 	 268.112488 	 2.897591 	 97584.906250 	 376.569244 
41 	 41.678688 	 283.323761 	 265.179138 	 3.085436 	 97502.343750 	 370.536896 
42 	 41.678688 	 283.323761 	 272.235474 	 5.074481 	 95973.429688 	 396.541565 
43 	 41.678688 	 283.323761 	 265.489563 	 5.521019 	 96565.171875 	 350.831207 
44 	 41.678688 	 283.323761 	 260.828796 	 2.353750 	 98929.476562 	 345.842773 
45 	 41.678688 	 283.323761 	 270.372681 	 3.200272 	 98873.007812 	 348.283844 
46 	 41.678688 	 283.323761 	 271.854095 	 3.219005 	 98387.726562 	 408.044617 
47 	 41.678688 	 283.323761 	 262.978912 	 3.500599 	 98916.976562 	 363.138855 
48 	 41.678688 	 283.323761 	 266.694855 	 1.510291 	 99471.218750 	 376.629761 
49 	 41.678688 	 283.323761 	 277.069946 	 2.470877 	 99067.117188 	 412.941284 
50 	 41.678688 	 283.323761 	 277.061584 	 1.932432 	 98915.296875 	 419.384155 
51 	 41.678688 	 283.323761 	 279.625854 	 2.823870 	 98315.250000 	 421.201660 
52 	 41.678688 	 283.323761 	 276.084808 	 2.957023 	 98420.156250 	 365.461365 
53 	 41.678688 	 283.323761 	 279.305298 	 4.241518 	 97695.578125 	 460.130249 
54 	 41.678688 	 283.323761 	 274.616455 	 1.642166 	 98194.968750 	 329.579590 
55 	 41.678688 	 283.323761 	 269.704468 	 5.829426 	 97500.976562 	 353.006287 
56 	 41.678688 	 283.323761 	 265.527832 	 4.226621 	 98574.429688 	 385.327332 
57 	 41.678688 	 283.323761 	 274.491180 	 2.855704 	 99284.156250 	 428.105133 
58 	 41.678688 	 283.323761 	 281.516083 	 3.535677 	 99059.546875 	 358.339050 
59 	 41.678688 	 283.323761 	 281.536896 	 4.344295 	 98290.656250 	 484.488678 
60 	 41.678688 	 283.323761 	 276.692108 	 4.525617 	 98201.023438 	 453.758423 
61 	 41.678688 	 283.323761 	 274.779327 	 2.178532 	 99353.382812 	 429.252441 
62 	 41.678688 	 283.323761 	 279.575989 	 5.067459 	 99001.117188 	 363.752960 
63 	 41.678688 	 283.323761 	 281.297424 	 3.241540 	 98436.156250 	 495.903748 
64 	 41.678688 	 283.323761 	 281.938049 	 3.153934 	 98949.656250 	 488.811340 
65 	 41.678688 	 283.323761 	 288.024902 	 4.488766 	 98317.726562 	 494.021454 
66 	 41.678688 	 283.323761 	 284.424469 	 4.025070 	 98166.953125 	 460.877441 
67 	 41.678688 	 283.323761 	 278.735229 	 3.089098 	 98963.226562 	 466.757202 
68 	 41.678688 	 283.323761 	 279.013580 	 2.261250 	 98967.539062 	 464.803833 
69 	 41.678688 	 283.323761 	 283.807953 	 5.217343 	 98669.437500 	 479.431030 
70 	 41.678688 	 283.323761 	 288.446930 	 3.003347 	 98100.156250 	 462.427002 
71 	 41.678688 	 283.323761 	 278.528137 	 5.498444 	 96512.976562 	 362.891602 
72 	 41.678688 	 283.323761 	 270.763550 	 3.394914 	 96448.343750 	 378.029205 
73 	 41.678688 	 283.323761 	 275.982239 	 2.297657 	 97857.273438 	 502.209961 
74 	 41.678688 	 283.323761 	 281.410126 	 3.313422 	 98668.742188 	 484.399597 
75 	 41.678688 	 283.323761 	 276.143005 	 3.855692 	 99341.570312 	 467.297729 
76 	 41.678688 	 283.323761 	 277.098206 	 1.926212 	 99368.921875 	 466.474579 
77 	 41.678688 	 283.323761 	 285.927979 	 2.727344 	 98982.726562 	 539.291016 
78 	 41.678688 	 283.323761 	 288.896820 	 1.422076 	 98930.140625 	 509.413635 
79 	 41.678688 	 283.323761 	 289.363525 	 1.513278 	 99150.093750 	 555.832336 
80 	 41.678688 	 283.323761 	 292.976257 	 2.032919 	 99206.882812 	 574.342163 
81 	 41.678688 	 283.323761 	 292.149231 	 3.150125 	 99235.570312 	 546.240295 
82 	 41.678688 	 283.323761 	 289.594910 	 3.882974 	 99119.148438 	 403.599091 
83 	 41.678688 	 283.323761 	 281.704468 	 2.139431 	 99797.468750 	 391.370026 
84 	 41.678688 	 283.323761 	 286.874023 	 3.133682 	 99493.906250 	 488.845398 
85 	 41.678688 	 283.323761 	 288.387970 	 4.067725 	 99052.187500 	 432.127808 
86 	 41.678688 	 283.323761 	 289.409790 	 4.402607 	 97821.867188 	 442.914246 
87 	 41.678688 	 283.323761 	 281.901886 	 4.152678 	 97900.039062 	 499.283997 
88 	 41.678688 	 283.323761 	 278.935730 	 3.540388 	 98152.140625 	 454.967102 
89 	 41.678688 	 283.323761 	 273.835236 	 3.048365 	 98463.789062 	 462.673157 
90 	 41.678688 	 283.323761 	 275.111938 	 2.922421 	 98568.726562 	 506.882324 
91 	 41.678688 	 283.323761 	 277.464752 	 2.693981 	 97768.906250 	 406.011902 
92 	 41.678688 	 283.323761 	 281.854950 	 2.341563 	 97792.609375 	 573.929382 
93 	 41.678688 	 283.323761 	 282.434174 	 2.410839 	 98179.507812 	 428.216827 
94 	 41.678688 	 283.323761 	 287.715027 	 3.549674 	 97660.382812 	 521.340271 
95 	 41.678688 	 283.323761 	 291.132233 	 4.447999 	 96905.890625 	 470.449829 
96 	 41.678688 	 283.323761 	 285.789001 	 4.167845 	 96177.640625 	 493.031433 
97 	 41.678688 	 283.323761 	 280.476410 	 4.218922 	 96236.562500 	 424.946777 
98 	 41.678688 	 283.323761 	 281.915009 	 3.674362 	 96635.023438 	 496.515015 
99 	 41.678688 	 283.323761 	 278.586029 	 4.332434 	 97574.273438 	 488.149353 
100 	 41.678688 	 283.323761 	 278.452667 	 2.632343 	 98402.593750 	 521.225586 
101 	 41.678688 	 283.323761 	 279.201660 	 2.385955 	 98493.000000 	 544.303162 
102 	 41.678688 	 283.323761 	 278.020508 	 2.743285 	 98549.382812 	 361.927734 
103 	 41.678688 	 283.323761 	 278.744781 	 3.778388 	 98249.960938 	 407.898499 
104 	 41.678688 	 283.323761 	 281.835571 	 4.301623 	 97934.921875 	 578.476074 
105 	 41.678688 	 283.323761 	 284.481323 	 2.140269 	 98036.882812 	 580.586060 
106 	 41.678688 	 283.323761 	 287.121887 	 3.550417 	 98124.843750 	 573.036621 
107 	 41.678688 	 283.323761 	 280.719574 	 2.884036 	 99537.382812 	 555.834961 
108 	 41.678688 	 283.323761 	 282.656982 	 2.906113 	 99691.617188 	 472.036346 
109 	 41.678688 	 283.323761 	 290.927582 	 2.303283 	 99169.617188 	 541.878357 
110 	 41.678688 	 283.323761 	 292.540863 	 2.137255 	 99076.226562 	 632.364746 
111 	 41.678688 	 283.323761 	 292.244385 	 2.592511 	 98712.531250 	 619.634033 
112 	 41.678688 	 283.323761 	 290.862915 	 1.738057 	 98727.078125 	 603.280518 
113 	 41.678688 	 283.323761 	 289.708405 	 1.639045 	 98496.726562 	 465.407898 
114 	 41.678688 	 283.323761 	 285.295776 	 2.704198 	 98709.359375 	 543.764832 
115 	 41.678688 	 283.323761 	 279.706390 	 2.402557 	 98934.882812 	 566.348999 
116 	 41.678688 	 283.323761 	 279.570618 	 1.749057 	 98848.953125 	 582.040222 
117 	 41.678688 	 283.323761 	 281.767242 	 2.787131 	 98518.093750 	 481.329407 
118 	 41.678688 	 283.323761 	 284.860931 	 2.449695 	 98044.453125 	 599.489624 
119 	 41.678688 	 283.323761 	 286.757751 	 3.880234 	 98662.632812 	 588.528381 
120 	 41.678688 	 283.323761 	 291.394653 	 4.830574 	 97364.343750 	 597.813477 
121 	 41.678688 	 283.323761 	 288.961884 	 3.306860 	 97541.187500 	 549.125732 
122 	 41.678688 	 283.323761 	 293.482086 	 4.395938 	 97066.093750 	 624.176270 
123 	 41.678688 	 283.323761 	 291.783905 	 3.010940 	 97225.343750 	 612.551147 
124 	 41.678688 	 283.323761 	 286.872345 	 2.663849 	 97278.648438 	 491.639160 
125 	 41.678688 	 283.323761 	 284.267548 	 2.699874 	 98117.648438 	 476.160400 
126 	 41.678688 	 283.323761 	 284.269287 	 2.381012 	 98602.218750 	 464.063049 
127 	 41.678688 	 283.323761 	 286.623016 	 3.177721 	 98760.007812 	 584.413452 
128 	 41.678688 	 283.323761 	 284.896332 	 2.221721 	 98282.382812 	 386.483582 
129 	 41.678688 	 283.323761 	 285.681854 	 1.142860 	 98775.968750 	 571.742371 
130 	 41.678688 	 283.323761 	 288.931580 	 0.795673 	 98624.492188 	 615.569031 
131 	 41.678688 	 283.323761 	 290.761688 	 1.225287 	 98179.343750 	 635.068726 
132 	 41.678688 	 283.323761 	 293.195770 	 2.121168 	 97837.273438 	 635.873291 
133 	 41.678688 	 283.323761 	 293.609894 	 0.934248 	 98093.343750 	 672.000977 
134 	 41.678688 	 283.323761 	 294.451508 	 1.034428 	 98343.390625 	 648.205627 
135 	 41.678688 	 283.323761 	 294.939453 	 1.407670 	 98784.351562 	 683.886108 
136 	 41.678688 	 283.323761 	 295.600830 	 3.052537 	 98835.273438 	 629.282166 
137 	 41.678688 	 283.323761 	 294.791931 	 4.453040 	 98442.953125 	 633.255920 
138 	 41.678688 	 283.323761 	 290.658081 	 4.280646 	 98058.812500 	 659.476440 
139 	 41.678688 	 283.323761 	 288.108612 	 4.542167 	 98499.406250 	 644.425659 
140 	 41.678688 	 283.323761 	 287.058258 	 2.575583 	 98795.687500 	 624.567139 
141 	 41.678688 	 283.323761 	 286.907928 	 1.697050 	 98252.046875 	 487.125000 
142 	 41.678688 	 283.323761 	 291.173523 	 2.235766 	 97566.117188 	 667.041260 
143 	 41.678688 	 283.323761 	 292.644440 	 2.379482 	 97106.523438 	 656.239014 
144 	 41.678688 	 283.323761 	 291.034210 	 2.820433 	 97791.406250 	 658.852783 
145 	 41.678688 	 283.323761 	 292.614410 	 2.849248 	 98091.890625 	 505.187622 
146 	 41.678688 	 283.323761 	 288.803558 	 4.366532 	 98594.023438 	 669.826843 
147 	 41.678688 	 283.323761 	 285.458740 	 1.355575 	 99456.429688 	 632.607605 
148 	 41.678688 	 283.323761 	 291.503326 	 4.711497 	 99117.843750 	 580.622253 
149 	 41.678688 	 283.323761 	 296.070984 	 3.283563 	 98453.546875 	 658.944153 
150 	 41.678688 	 283.323761 	 294.768738 	 5.103969 	 97719.906250 	 629.276367 
151 	 41.678688 	 283.323761 	 289.257782 	 4.044168 	 97751.992188 	 622.931274 
152 	 41.678688 	 283.323761 	 284.562836 	 3.876862 	 98038.156250 	 609.576965 
153 	 41.678688 	 283.323761 	 284.588715 	 2.480631 	 98573.117188 	 606.515320 
154 	 41.678688 	 283.323761 	 283.472839 	 2.300091 	 98722.421875 	 383.982422 
155 	 41.678688 	 283.323761 	 286.633759 	 2.575375 	 98635.726562 	 597.111145 
156 	 41.678688 	 283.323761 	 288.850769 	 1.892725 	 99071.929688 	 640.216003 
157 	 41.678688 	 283.323761 	 298.027283 	 5.287507 	 97941.867188 	 715.430298 
158 	 41.678688 	 283.323761 	 300.366333 	 3.965354 	 97844.382812 	 710.157227 
159 	 41.678688 	 283.323761 	 297.152374 	 2.911319 	 98425.117188 	 653.486816 
160 	 41.678688 	 283.323761 	 300.143768 	 4.253672 	 98071.617188 	 740.823242 
161 	 41.678688 	 283.323761 	 296.723053 	 2.027611 	 97898.726562 	 595.649536 
162 	 41.678688 	 283.323761 	 292.538300 	 4.940201 	 97822.546875 	 702.115784 
163 	 41.678688 	 283.323761 	 291.577362 	 3.508030 	 99199.968750 	 662.914673 
164 	 41.678688 	 283.323761 	 291.085327 	 2.556549 	 99561.710938 	 638.833374 
165 	 41.678688 	 283.323761 	 291.360382 	 2.615546 	 99021.023438 	 650.892090 
166 	 41.678688 	 283.323761 	 293.493195 	 1.449107 	 98322.046875 	 692.265991 
167 	 41.678688 	 283.323761 	 295.088043 	 0.820509 	 98090.203125 	 704.370483 
168 	 41.678688 	 283.323761 	 299.713531 	 3.349632 	 97890.156250 	 726.485718 
169 	 41.678688 	 283.323761 	 302.822205 	 4.222126 	 97543.289062 	 733.926086 
170 	 41.678688 	 283.323761 	 296.017761 	 2.909145 	 98773.101562 	 709.732239 
171 	 41.678688 	 283.323761 	 292.674805 	 1.954456 	 99659.703125 	 689.047974 
172 	 41.678688 	 283.323761 	 297.152161 	 5.644054 	 99000.382812 	 689.035339 
173 	 41.678688 	 283.323761 	 296.241272 	 4.497936 	 98108.117188 	 683.127686 
174 	 41.678688 	 283.323761 	 292.009399 	 1.039672 	 98814.203125 	 683.387207 
175 	 41.678688 	 283.323761 	 293.266083 	 1.364752 	 98662.023438 	 639.552002 
176 	 41.678688 	 283.323761 	 292.958191 	 1.307154 	 98431.187500 	 693.974792 
177 	 41.678688 	 283.323761 	 292.636780 	 1.668242 	 98071.273438 	 599.833191 
178 	 41.678688 	 283.323761 	 289.266418 	 2.372461 	 98503.226562 	 529.260437 
179 	 41.678688 	 283.323761 	 288.434296 	 1.801975 	 99007.562500 	 667.903564 
180 	 41.678688 	 283.323761 	 289.629639 	 0.724746 	 98988.843750 	 660.558228 
181 	 41.678688 	 283.323761 	 293.611298 	 0.935849 	 98579.843750 	 683.344727 
182 	 41.678688 	 283.323761 	 296.263763 	 2.043664 	 98585.062500 	 713.282043 
183 	 41.678688 	 283.323761 	 299.653961 	 3.260072 	 98333.937500 	 707.811157 
184 	 41.678688 	 283.323761 	 301.114258 	 2.252730 	 98220.953125 	 737.417603 
185 	 41.678688 	 283.323761 	 299.045807 	 1.736755 	 98376.109375 	 695.258789 
186 	 41.678688 	 283.323761 	 298.633301 	 1.810334 	 98447.117188 	 672.276489 
187 	 41.678688 	 283.323761 	 298.914978 	 2.717689 	 98330.546875 	 667.910034 
188 	 41.678688 	 283.323761 	 297.767151 	 2.560863 	 98307.140625 	 703.620728 
189 	 41.678688 	 283.323761 	 297.694000 	 2.078382 	 98450.132812 	 649.397095 
190 	 41.678688 	 283.323761 	 298.789917 	 2.781191 	 98205.812500 	 672.394409 
191 	 41.678688 	 283.323761 	 297.944214 	 2.084882 	 98847.726562 	 718.458496 
192 	 41.678688 	 283.323761 	 297.160553 	 2.632444 	 98981.242188 	 688.205933 
193 	 41.678688 	 283.323761 	 298.964172 	 3.519454 	 98850.382812 	 719.101807 
194 	 41.678688 	 283.323761 	 299.733490 	 2.802918 	 98584.648438 	 675.395142 
195 	 41.678688 	 283.323761 	 299.813934 	 1.760801 	 98325.648438 	 686.668213 
196 	 41.678688 	 283.323761 	 297.903992 	 4.511562 	 97735.250000 	 688.336548 
197 	 41.678688 	 283.323761 	 291.562714 	 4.289832 	 98438.273438 	 664.262573 
198 	 41.678688 	 283.323761 	 290.223053 	 2.655125 	 99111.359375 	 668.737793 
199 	 41.678688 	 283.323761 	 291.184052 	 1.172493 	 99223.687500 	 673.270386 
200 	 41.678688 	 283.323761 	 293.702026 	 1.397871 	 98948.976562 	 638.891968 
201 	 41.678688 	 283.323761 	 295.526672 	 1.488467 	 98745.687500 	 683.652588 
202 	 41.678688 	 283.323761 	 299.057953 	 3.754481 	 98109.250000 	 697.005310 
203 	 41.678688 	 283.323761 	 297.236389 	 3.633096 	 98454.867188 	 611.957214 
204 	 41.678688 	 283.323761 	 297.200470 	 1.773286 	 98478.671875 	 711.448059 
205 	 41.678688 	 283.323761 	 299.687256 	 4.207724 	 98462.382812 	 697.390137 
206 	 41.678688 	 283.323761 	 301.512604 	 3.793292 	 98488.031250 	 688.318604 
207 	 41.678688 	 283.323761 	 299.059998 	 2.687731 	 98689.523438 	 509.432373 
208 	 41.678688 	 283.323761 	 295.166290 	 2.415328 	 98534.640625 	 616.871033 
209 	 41.678688 	 283.323761 	 295.128632 	 2.100934 	 98653.976562 	 686.782593 
210 	 41.678688 	 283.323761 	 294.607605 	 1.233545 	 98681.132812 	 678.353882 
211 	 41.678688 	 283.323761 	 296.017639 	 1.439825 	 98943.226562 	 626.520081 
212 	 41.678688 	 283.323761 	 295.190155 	 2.580568 	 98951.632812 	 619.085449 
213 	 41.678688 	 283.323761 	 295.083344 	 3.208747 	 98546.023438 	 581.537598 
214 	 41.678688 	 283.323761 	 297.030334 	 2.628809 	 98102.906250 	 653.079834 
215 	 41.678688 	 283.323761 	 295.972595 	 2.575051 	 97929.531250 	 618.357605 
216 	 41.678688 	 283.323761 	 296.119476 	 2.407012 	 98173.679688 	 649.890625 
217 	 41.678688 	 283.323761 	 297.998627 	 4.047482 	 97911.742188 	 702.519470 
218 	 41.678688 	 283.323761 	 296.530090 	 2.709271 	 98288.968750 	 674.683472 
219 	 41.678688 	 283.323761 	 295.083832 	 2.321171 	 98375.070312 	 562.162537 
220 	 41.678688 	 283.323761 	 294.170105 	 2.073916 	 97868.031250 	 489.500488 
221 	 41.678688 	 283.323761 	 291.056427 	 2.172735 	 98308.320312 	 632.805908 
222 	 41.678688 	 283.323761 	 290.513672 	 2.746798 	 98701.867188 	 645.514160 
223 	 41.678688 	 283.323761 	 288.953430 	 1.986202 	 99177.328125 	 614.717407 
224 	 41.678688 	 283.323761 	 289.051270 	 0.636736 	 99262.796875 	 616.555542 
225 	 41.678688 	 283.323761 	 293.164398 	 1.837140 	 99284.726562 	 614.089661 
226 	 41.678688 	 283.323761 	 294.659454 	 3.114159 	 99514.390625 	 580.047913 
227 	 41.678688 	 283.323761 	 293.001160 	 1.618518 	 99601.328125 	 593.165894 
228 	 41.678688 	 283.323761 	 292.753662 	 0.453405 	 99516.421875 	 652.078064 
229 	 41.678688 	 283.323761 	 295.319641 	 0.703665 	 99208.632812 	 660.295654 
230 	 41.678688 	 283.323761 	 296.134827 	 1.373535 	 98909.960938 	 656.233154 
231 	 41.678688 	 283.323761 	 293.567200 	 0.879906 	 98950.453125 	 483.849274 
232 	 41.678688 	 283.323761 	 293.419861 	 2.271705 	 98996.617188 	 541.519043 
233 	 41.678688 	 283.323761 	 292.989258 	 3.120557 	 98803.703125 	 491.815308 
234 	 41.678688 	 283.323761 	 293.316162 	 3.402508 	 98233.523438 	 558.912537 
235 	 41.678688 	 283.323761 	 292.860962 	 2.529104 	 98801.843750 	 632.153198 
236 	 41.678688 	 283.323761 	 292.338837 	 0.956440 	 99222.523438 	 616.947021 
237 	 41.678688 	 283.323761 	 297.017975 	 1.977023 	 98824.062500 	 650.460815 
238 	 41.678688 	 283.323761 	 297.037659 	 2.586264 	 98739.203125 	 654.289795 
239 	 41.678688 	 283.323761 	 294.420990 	 0.879683 	 99010.156250 	 633.260254 
240 	 41.678688 	 283.323761 	 298.178284 	 2.087591 	 98932.546875 	 650.384033 
241 	 41.678688 	 283.323761 	 297.230011 	 0.774458 	 99384.976562 	 646.894531 
242 	 41.678688 	 283.323761 	 297.353302 	 2.120671 	 99275.492188 	 593.913940 
243 	 41.678688 	 283.323761 	 298.664642 	 2.692391 	 98546.953125 	 650.891113 
244 	 41.678688 	 283.323761 	 297.005768 	 3.043544 	 97960.843750 	 654.808594 
245 	 41.678688 	 283.323761 	 289.699615 	 4.318098 	 98509.406250 	 547.979919 
246 	 41.678688 	 283.323761 	 289.638245 	 1.988025 	 99096.109375 	 583.000854 
247 	 41.678688 	 283.323761 	 292.725830 	 1.626139 	 98622.156250 	 588.490112 
248 	 41.678688 	 283.323761 	 297.710327 	 2.421587 	 97956.679688 	 514.453430 
249 	 41.678688 	 283.323761 	 297.840729 	 2.380145 	 97559.226562 	 594.157288 
250 	 41.678688 	 283.323761 	 293.329346 	 0.974931 	 97987.406250 	 583.789429 
251 	 41.678688 	 283.323761 	 289.067780 	 2.252664 	 98322.437500 	 553.007568 
252 	 41.678688 	 283.323761 	 287.798523 	 1.725795 	 98702.390625 	 522.524536 
253 	 41.678688 	 283.323761 	 290.465302 	 2.712305 	 98539.101562 	 594.006653 
254 	 41.678688 	 283.323761 	 289.861816 	 3.073478 	 99040.562500 	 534.471252 
255 	 41.678688 	 283.323761 	 291.717804 	 3.731715 	 97575.210938 	 490.717590 
256 	 41.678688 	 283.323761 	 283.717438 	 4.169976 	 97960.882812 	 539.300293 
257 	 41.678688 	 283.323761 	 284.795746 	 1.903441 	 98547.328125 	 543.403809 
258 	 41.678688 	 283.323761 	 289.788025 	 3.568383 	 98334.937500 	 571.097046 
259 	 41.678688 	 283.323761 	 292.446075 	 2.357827 	 98295.828125 	 553.343079 
260 	 41.678688 	 283.323761 	 300.798218 	 3.032208 	 98504.257812 	 616.251709 
261 	 41.678688 	 283.323761 	 298.273376 	 2.313166 	 98732.773438 	 604.115356 
262 	 41.678688 	 283.323761 	 292.413177 	 3.260096 	 98794.437500 	 573.437988 
263 	 41.678688 	 283.323761 	 285.187225 	 2.440111 	 99468.648438 	 520.806030 
264 	 41.678688 	 283.323761 	 283.007172 	 0.898478 	 99829.781250 	 494.512939 
265 	 41.678688 	 283.323761 	 287.054596 	 1.789733 	 99826.187500 	 530.934143 
266 	 41.678688 	 283.323761 	 290.984711 	 1.598969 	 99688.820312 	 542.423645 
267 	 41.678688 	 283.323761 	 291.290527 	 1.010797 	 99436.890625 	 547.272400 
268 	 41.678688 	 283.323761 	 292.923553 	 1.183274 	 99207.921875 	 546.924438 
269 	 41.678688 	 283.323761 	 294.109558 	 1.386088 	 99322.781250 	 559.172119 
270 	 41.678688 	 283.323761 	 295.986481 	 2.618992 	 99120.187500 	 525.411438 
271 	 41.678688 	 283.323761 	 291.002319 	 2.988430 	 98901.843750 	 541.931580 
272 	 41.678688 	 283.323761 	 284.903137 	 2.398314 	 99336.632812 	 497.854370 
273 	 41.678688 	 283.323761 	 285.217957 	 0.931003 	 99579.648438 	 505.230164 
274 	 41.678688 	 283.323761 	 289.189453 	 1.951651 	 99295.617188 	 498.023499 
275 	 41.678688 	 283.323761 	 285.995422 	 3.198541 	 98969.179688 	 419.963104 
276 	 41.678688 	 283.323761 	 283.929565 	 2.643790 	 99160.609375 	 509.988342 
277 	 41.678688 	 283.323761 	 282.586121 	 0.598831 	 99469.812500 	 490.211487 
278 	 41.678688 	 283.323761 	 285.622894 	 1.499007 	 99490.843750 	 501.345947 
279 	 41.678688 	 283.323761 	 288.372070 	 1.548218 	 99947.226562 	 503.356079 
280 	 41.678688 	 283.323761 	 288.415497 	 1.707618 	 99469.156250 	 510.648254 
281 	 41.678688 	 283.323761 	 287.455261 	 1.786426 	 99936.843750 	 459.962280 
282 	 41.678688 	 283.323761 	 289.631927 	 2.156348 	 99675.273438 	 525.630249 
283 	 41.678688 	 283.323761 	 289.806335 	 1.580691 	 99208.476562 	 499.230621 
284 	 41.678688 	 283.323761 	 290.033691 	 1.604829 	 99127.546875 	 490.506226 
285 	 41.678688 	 283.323761 	 289.461578 	 2.243170 	 98847.710938 	 452.054230 
286 	 41.678688 	 283.323761 	 287.938782 	 3.762505 	 98089.210938 	 404.791962 
287 	 41.678688 	 283.323761 	 278.647339 	 4.499840 	 98992.273438 	 474.020416 
288 	 41.678688 	 283.323761 	 278.195892 	 1.193163 	 99829.562500 	 434.469482 
289 	 41.678688 	 283.323761 	 282.537598 	 2.633823 	 99368.093750 	 461.475586 
290 	 41.678688 	 283.323761 	 286.201538 	 2.996145 	 98734.781250 	 461.849152 
291 	 41.678688 	 283.323761 	 286.916656 	 1.685289 	 99532.937500 	 480.810608 
292 	 41.678688 	 283.323761 	 288.922882 	 2.304010 	 99744.429688 	 472.127197 
293 	 41.678688 	 283.323761 	 291.701874 	 2.823624 	 99620.156250 	 509.837128 
294 	 41.678688 	 283.323761 	 292.297455 	 1.439307 	 99582.968750 	 506.284363 
295 	 41.678688 	 283.323761 	 290.655334 	 0.707008 	 99951.031250 	 458.988770 
296 	 41.678688 	 283.323761 	 290.725647 	 1.809287 	 99993.171875 	 461.632446 
297 	 41.678688 	 283.323761 	 290.744965 	 2.586603 	 99863.718750 	 463.743195 
298 	 41.678688 	 283.323761 	 289.340393 	 3.753259 	 99239.453125 	 438.039459 
299 	 41.678688 	 283.323761 	 279.729156 	 2.877327 	 99417.320312 	 427.764862 
300 	 41.678688 	 283.323761 	 278.731049 	 2.659445 	 99458.359375 	 411.141724 
301 	 41.678688 	 283.323761 	 276.313568 	 1.396258 	 100084.000000 	 402.237732 
302 	 41.678688 	 283.323761 	 277.459473 	 2.886063 	 100254.203125 	 406.240051 
303 	 41.678688 	 283.323761 	 286.840332 	 5.205294 	 100118.398438 	 434.789062 
304 	 41.678688 	 283.323761 	 289.245209 	 3.638593 	 99920.226562 	 408.018982 
305 	 41.678688 	 283.323761 	 287.742126 	 1.444284 	 99627.046875 	 467.947174 
306 	 41.678688 	 283.323761 	 286.701477 	 3.670282 	 99244.703125 	 439.265991 
307 	 41.678688 	 283.323761 	 285.760712 	 3.065105 	 98652.507812 	 453.499207 
308 	 41.678688 	 283.323761 	 273.992462 	 2.212419 	 98832.343750 	 306.111084 
309 	 41.678688 	 283.323761 	 272.489777 	 2.070262 	 99486.960938 	 365.607819 
310 	 41.678688 	 283.323761 	 272.385529 	 2.237043 	 100252.101562 	 349.459717 
311 	 41.678688 	 283.323761 	 280.581085 	 4.245845 	 99191.000000 	 406.265991 
312 	 41.678688 	 283.323761 	 280.993988 	 1.926033 	 99299.796875 	 414.031311 
313 	 41.678688 	 283.323761 	 284.319366 	 2.497588 	 99369.046875 	 413.924316 
314 	 41.678688 	 283.323761 	 283.973053 	 2.133444 	 99299.390625 	 402.580750 
315 	 41.678688 	 283.323761 	 285.868652 	 2.524959 	 98737.226562 	 380.555481 
316 	 41.678688 	 283.323761 	 282.767303 	 2.385050 	 98223.007812 	 404.153625 
317 	 41.678688 	 283.323761 	 278.691162 	 2.568470 	 97768.203125 	 383.344360 
318 	 41.678688 	 283.323761 	 274.924500 	 1.794106 	 97531.406250 	 349.399628 
319 	 41.678688 	 283.323761 	 273.169281 	 3.688412 	 97652.867188 	 306.936279 
320 	 41.678688 	 283.323761 	 278.881683 	 2.667356 	 97988.429688 	 354.811615 
321 	 41.678688 	 283.323761 	 281.970703 	 3.251910 	 98505.203125 	 379.109558 
322 	 41.678688 	 283.323761 	 288.895111 	 5.914407 	 97856.343750 	 455.536682 
323 	 41.678688 	 283.323761 	 278.520599 	 2.315456 	 97843.007812 	 337.966217 
324 	 41.678688 	 283.323761 	 277.567352 	 2.654425 	 98808.632812 	 383.590790 
325 	 41.678688 	 283.323761 	 276.838562 	 3.718620 	 99436.281250 	 340.838379 
326 	 41.678688 	 283.323761 	 279.075745 	 2.905288 	 98659.210938 	 371.310913 
327 	 41.678688 	 283.323761 	 273.898590 	 1.733927 	 98369.531250 	 375.346619 
328 	 41.678688 	 283.323761 	 272.299255 	 2.563186 	 98133.210938 	 321.185028 
329 	 41.678688 	 283.323761 	 269.339325 	 3.598831 	 98039.000000 	 351.045868 
330 	 41.678688 	 283.323761 	 267.749939 	 3.279352 	 98438.476562 	 345.227539 
331 	 41.678688 	 283.323761 	 269.828278 	 3.419960 	 98866.226562 	 312.070557 
332 	 41.678688 	 283.323761 	 275.525757 	 3.995617 	 98366.742188 	 356.568268 
333 	 41.678688 	 283.323761 	 272.269165 	 2.730163 	 99096.343750 	 329.403564 
334 	 41.678688 	 283.323761 	 270.967010 	 2.152062 	 99811.906250 	 348.133362 
335 	 41.678688 	 283.323761 	 270.709991 	 1.095123 	 100160.398438 	 338.032990 
336 	 41.678688 	 283.323761 	 271.573029 	 0.417210 	 100023.601562 	 333.206116 
337 	 41.678688 	 283.323761 	 273.523468 	 0.798396 	 99654.921875 	 299.845245 
338 	 41.678688 	 283.323761 	 277.132935 	 1.652850 	 99059.617188 	 332.317535 
339 	 41.678688 	 283.323761 	 276.719604 	 4.246139 	 98559.789062 	 346.643188 
340 	 41.678688 	 283.323761 	 274.421661 	 3.367427 	 98350.203125 	 354.436707 
341 	 41.678688 	 283.323761 	 278.205505 	 2.394888 	 97990.492188 	 343.422516 
342 	 41.678688 	 283.323761 	 276.626465 	 4.524577 	 97310.757812 	 372.221527 
343 	 41.678688 	 283.323761 	 272.830902 	 4.815456 	 97743.273438 	 334.290436 
344 	 41.678688 	 283.323761 	 270.560608 	 3.096542 	 98586.343750 	 320.351501 
345 	 41.678688 	 283.323761 	 269.546387 	 2.794007 	 98651.281250 	 320.131042 
346 	 41.678688 	 283.323761 	 266.158875 	 7.324835 	 97041.421875 	 304.908691 
347 	 41.678688 	 283.323761 	 268.896088 	 6.330948 	 96854.351562 	 344.320801 
348 	 41.678688 	 283.323761 	 270.050415 	 2.804806 	 98233.476562 	 312.263000 
349 	 41.678688 	 283.323761 	 273.036591 	 2.253883 	 98667.281250 	 316.281128 
350 	 41.678688 	 283.323761 	 276.688202 	 4.386364 	 98195.796875 	 360.771393 
351 	 41.678688 	 283.323761 	 270.864197 	 3.859245 	 98332.242188 	 302.033752 
352 	 41.678688 	 283.323761 	 267.456879 	 4.021342 	 98445.742188 	 301.964905 
353 	 41.678688 	 283.323761 	 266.696991 	 2.483119 	 98556.953125 	 278.770203 
354 	 41.678688 	 283.323761 	 271.846008 	 2.474675 	 98097.882812 	 355.225037 
355 	 41.678688 	 283.323761 	 273.148071 	 2.586709 	 98028.710938 	 340.224792 
356 	 41.678688 	 283.323761 	 272.088470 	 3.142742 	 98006.906250 	 346.438293 
357 	 41.678688 	 283.323761 	 272.728088 	 1.608904 	 98918.226562 	 350.986206 
358 	 41.678688 	 283.323761 	 276.653137 	 2.937214 	 98884.507812 	 337.833069 
359 	 41.678688 	 283.323761 	 279.101410 	 4.122886 	 98541.343750 	 350.829010 
360 	 41.678688 	 283.323761 	 278.316742 	 4.253860 	 98148.210938 	 349.043243 
361 	 41.678688 	 283.323761 	 274.005402 	 3.403671 	 98733.796875 	 315.133301 
362 	 41.678688 	 283.323761 	 273.403595 	 2.890844 	 97438.437500 	 351.697083 
363 	 41.678688 	 283.323761 	 265.693634 	 3.029827 	 97878.593750 	 316.414795 
364 	 41.678688 	 283.323761 	 264.785034 	 1.847676 	 98394.937500 	 287.463379 
