# 0: Day of Year [-] 	 1: lat [deg] 	 2: lon [deg] 	 3: tas [K] 	 4: sfcWind [m s-1] 	 5: ps [Pa] 	 6: Total Downwelling Rad Flux [W m-2] 
0 	 41.678688 	 283.323761 	 272.003052 	 1.903814 	 97823.148438 	 319.281433 
1 	 41.678688 	 283.323761 	 271.605194 	 3.153983 	 96853.320312 	 343.696533 
2 	 41.678688 	 283.323761 	 270.782654 	 3.106833 	 97366.203125 	 334.766205 
3 	 41.678688 	 283.323761 	 269.480804 	 3.386504 	 98011.398438 	 309.788513 
4 	 41.678688 	 283.323761 	 268.386139 	 3.743413 	 98183.546875 	 320.100464 
5 	 41.678688 	 283.323761 	 269.499695 	 3.050418 	 98696.742188 	 311.067719 
6 	 41.678688 	 283.323761 	 269.955048 	 1.836869 	 99296.953125 	 294.578949 
7 	 41.678688 	 283.323761 	 273.276520 	 3.052268 	 98960.492188 	 358.729187 
8 	 41.678688 	 283.323761 	 273.268066 	 2.067688 	 98684.117188 	 306.883270 
9 	 41.678688 	 283.323761 	 273.645874 	 2.539630 	 97972.750000 	 340.303040 
10 	 41.678688 	 283.323761 	 272.142609 	 3.193265 	 98867.953125 	 320.275208 
11 	 41.678688 	 283.323761 	 275.793304 	 2.893281 	 98866.671875 	 353.140259 
12 	 41.678688 	 283.323761 	 273.698517 	 2.009695 	 99514.523438 	 340.324829 
13 	 41.678688 	 283.323761 	 279.924347 	 3.362609 	 98868.859375 	 364.976318 
14 	 41.678688 	 283.323761 	 281.773010 	 2.830345 	 98615.789062 	 381.927795 
15 	 41.678688 	 283.323761 	 277.859558 	 2.364759 	 98814.132812 	 323.041168 
16 	 41.678688 	 283.323761 	 277.090149 	 1.599705 	 98804.617188 	 364.647461 
17 	 41.678688 	 283.323761 	 274.659637 	 2.582578 	 98786.351562 	 313.675903 
18 	 41.678688 	 283.323761 	 275.639862 	 0.925111 	 97809.250000 	 343.099487 
19 	 41.678688 	 283.323761 	 272.677307 	 3.450009 	 96802.523438 	 324.730591 
20 	 41.678688 	 283.323761 	 271.491943 	 3.822444 	 97424.328125 	 368.181366 
21 	 41.678688 	 283.323761 	 278.056885 	 3.883515 	 97478.921875 	 348.071594 
22 	 41.678688 	 283.323761 	 273.850891 	 1.941204 	 98571.820312 	 365.160980 
23 	 41.678688 	 283.323761 	 270.639496 	 2.799503 	 99280.289062 	 314.549866 
24 	 41.678688 	 283.323761 	 278.616150 	 2.005044 	 97928.156250 	 353.620483 
25 	 41.678688 	 283.323761 	 273.677673 	 3.772125 	 96154.757812 	 376.726410 
26 	 41.678688 	 283.323761 	 267.808289 	 4.844605 	 96689.773438 	 354.384094 
27 	 41.678688 	 283.323761 	 269.826752 	 4.154513 	 98056.656250 	 333.451172 
28 	 41.678688 	 283.323761 	 273.010895 	 2.350051 	 98023.226562 	 366.390961 
29 	 41.678688 	 283.323761 	 272.361633 	 5.185880 	 96779.007812 	 367.722412 
30 	 41.678688 	 283.323761 	 263.839081 	 4.574232 	 98212.117188 	 326.934143 
31 	 41.678688 	 283.323761 	 267.240295 	 1.820513 	 99168.460938 	 329.128326 
32 	 41.678688 	 283.323761 	 272.587982 	 2.678124 	 98152.679688 	 324.434753 
33 	 41.678688 	 283.323761 	 271.449951 	 4.641502 	 96085.812500 	 398.738922 
34 	 41.678688 	 283.323761 	 264.875763 	 5.526297 	 96802.523438 	 339.777618 
35 	 41.678688 	 283.323761 	 268.308350 	 3.633398 	 97806.789062 	 349.024719 
36 	 41.678688 	 283.323761 	 271.151154 	 1.650203 	 98743.867188 	 379.453613 
37 	 41.678688 	 283.323761 	 272.228577 	 1.512528 	 99213.843750 	 379.504150 
38 	 41.678688 	 283.323761 	 277.489594 	 4.022170 	 98799.031250 	 320.394196 
39 	 41.678688 	 283.323761 	 278.986328 	 2.104739 	 97622.156250 	 397.277832 
40 	 41.678688 	 283.323761 	 276.353790 	 2.805509 	 97849.210938 	 391.421753 
41 	 41.678688 	 283.323761 	 271.147858 	 2.664094 	 98525.179688 	 380.885956 
42 	 41.678688 	 283.323761 	 270.413177 	 2.826940 	 98296.796875 	 393.932617 
43 	 41.678688 	 283.323761 	 276.040619 	 3.221282 	 97910.976562 	 380.518616 
44 	 41.678688 	 283.323761 	 279.233215 	 2.512301 	 98388.617188 	 383.573395 
45 	 41.678688 	 283.323761 	 283.473694 	 2.879852 	 98467.226562 	 420.813019 
46 	 41.678688 	 283.323761 	 280.839020 	 4.192844 	 98243.203125 	 438.244507 
47 	 41.678688 	 283.323761 	 278.068146 	 2.098460 	 99598.632812 	 452.247192 
48 	 41.678688 	 283.323761 	 279.793396 	 2.979900 	 99100.953125 	 358.196930 
49 	 41.678688 	 283.323761 	 276.549805 	 3.896180 	 98401.132812 	 439.154114 
50 	 41.678688 	 283.323761 	 275.279266 	 3.020909 	 98793.343750 	 373.610565 
51 	 41.678688 	 283.323761 	 276.043488 	 3.899688 	 97549.609375 	 352.422607 
52 	 41.678688 	 283.323761 	 273.075470 	 4.185651 	 96505.679688 	 367.628845 
53 	 41.678688 	 283.323761 	 271.301575 	 4.993700 	 96756.039062 	 390.962219 
54 	 41.678688 	 283.323761 	 272.058502 	 3.747690 	 98739.023438 	 443.796997 
55 	 41.678688 	 283.323761 	 272.881683 	 2.547489 	 99171.476562 	 415.002686 
56 	 41.678688 	 283.323761 	 275.077148 	 1.959576 	 98980.976562 	 419.956299 
57 	 41.678688 	 283.323761 	 274.009491 	 1.067659 	 99098.492188 	 347.296387 
58 	 41.678688 	 283.323761 	 276.579865 	 3.866332 	 98062.867188 	 365.110962 
59 	 41.678688 	 283.323761 	 277.893921 	 3.683094 	 97628.546875 	 464.660950 
60 	 41.678688 	 283.323761 	 275.136963 	 2.664193 	 98643.312500 	 433.289490 
61 	 41.678688 	 283.323761 	 273.931274 	 2.511285 	 99582.132812 	 397.210785 
62 	 41.678688 	 283.323761 	 274.988861 	 4.308399 	 98543.742188 	 353.672546 
63 	 41.678688 	 283.323761 	 275.624023 	 4.503846 	 97603.679688 	 454.263184 
64 	 41.678688 	 283.323761 	 274.322906 	 3.110290 	 98581.820312 	 439.640442 
65 	 41.678688 	 283.323761 	 272.163971 	 1.314842 	 99452.843750 	 422.185333 
66 	 41.678688 	 283.323761 	 275.225220 	 2.002493 	 99716.593750 	 434.735779 
67 	 41.678688 	 283.323761 	 276.187805 	 2.800833 	 100226.000000 	 449.124268 
68 	 41.678688 	 283.323761 	 281.358093 	 5.515688 	 99117.593750 	 400.167511 
69 	 41.678688 	 283.323761 	 279.860870 	 3.585184 	 97759.789062 	 511.406555 
70 	 41.678688 	 283.323761 	 273.980103 	 4.248097 	 97766.093750 	 438.435944 
71 	 41.678688 	 283.323761 	 275.482483 	 2.887843 	 98645.796875 	 457.312988 
72 	 41.678688 	 283.323761 	 276.426300 	 1.861754 	 98816.437500 	 388.865845 
73 	 41.678688 	 283.323761 	 278.230408 	 2.143136 	 98062.406250 	 356.147430 
74 	 41.678688 	 283.323761 	 278.366547 	 2.845065 	 97317.968750 	 407.544128 
75 	 41.678688 	 283.323761 	 278.612091 	 4.414498 	 97480.742188 	 492.050842 
76 	 41.678688 	 283.323761 	 278.551239 	 2.422529 	 98728.062500 	 482.092468 
77 	 41.678688 	 283.323761 	 286.078278 	 3.506176 	 98955.593750 	 536.770325 
78 	 41.678688 	 283.323761 	 288.701477 	 5.034270 	 98704.257812 	 446.369049 
79 	 41.678688 	 283.323761 	 283.913940 	 3.268863 	 98229.546875 	 535.080444 
80 	 41.678688 	 283.323761 	 279.033112 	 1.519351 	 98224.179688 	 449.804535 
81 	 41.678688 	 283.323761 	 276.248779 	 2.908453 	 97909.617188 	 452.908081 
82 	 41.678688 	 283.323761 	 275.855438 	 2.638910 	 98097.390625 	 485.149658 
83 	 41.678688 	 283.323761 	 276.254730 	 5.101309 	 96999.632812 	 458.835999 
84 	 41.678688 	 283.323761 	 270.224945 	 5.075396 	 98058.148438 	 483.978882 
85 	 41.678688 	 283.323761 	 275.544647 	 3.460237 	 98544.867188 	 477.377014 
86 	 41.678688 	 283.323761 	 279.932220 	 3.196654 	 98319.460938 	 451.406799 
87 	 41.678688 	 283.323761 	 280.638489 	 3.253300 	 98749.937500 	 489.380585 
88 	 41.678688 	 283.323761 	 284.880371 	 4.549811 	 97822.382812 	 497.287292 
89 	 41.678688 	 283.323761 	 276.204468 	 2.228013 	 99503.710938 	 465.527649 
90 	 41.678688 	 283.323761 	 280.906738 	 6.000589 	 98965.273438 	 440.196960 
91 	 41.678688 	 283.323761 	 278.112701 	 2.674812 	 98616.343750 	 555.994751 
92 	 41.678688 	 283.323761 	 283.950256 	 3.545696 	 98672.343750 	 549.803284 
93 	 41.678688 	 283.323761 	 285.704346 	 4.024543 	 98159.546875 	 403.996033 
94 	 41.678688 	 283.323761 	 280.601318 	 2.425013 	 99363.460938 	 515.894348 
95 	 41.678688 	 283.323761 	 285.241241 	 2.179329 	 99179.507812 	 467.354584 
96 	 41.678688 	 283.323761 	 288.624847 	 2.923935 	 99114.546875 	 493.062988 
97 	 41.678688 	 283.323761 	 289.288971 	 3.859530 	 98797.226562 	 475.516510 
98 	 41.678688 	 283.323761 	 288.873810 	 3.111729 	 98206.453125 	 485.615784 
99 	 41.678688 	 283.323761 	 288.095551 	 2.580809 	 98814.882812 	 524.697021 
100 	 41.678688 	 283.323761 	 289.665588 	 2.178665 	 99434.890625 	 496.190765 
101 	 41.678688 	 283.323761 	 289.743561 	 4.473907 	 99290.281250 	 513.653687 
102 	 41.678688 	 283.323761 	 290.501923 	 6.147880 	 98587.789062 	 486.417603 
103 	 41.678688 	 283.323761 	 283.095306 	 3.009502 	 98259.750000 	 538.017334 
104 	 41.678688 	 283.323761 	 284.286499 	 2.985755 	 99108.523438 	 576.213318 
105 	 41.678688 	 283.323761 	 285.876373 	 2.379574 	 98952.601562 	 471.208130 
106 	 41.678688 	 283.323761 	 278.176300 	 3.986663 	 98984.132812 	 474.598267 
107 	 41.678688 	 283.323761 	 276.870239 	 2.788846 	 99950.960938 	 538.740417 
108 	 41.678688 	 283.323761 	 280.491608 	 2.244740 	 100227.101562 	 557.404297 
109 	 41.678688 	 283.323761 	 285.817871 	 3.187838 	 100028.000000 	 587.665771 
110 	 41.678688 	 283.323761 	 287.212280 	 3.298897 	 99896.109375 	 578.072021 
111 	 41.678688 	 283.323761 	 287.955963 	 3.015856 	 99892.382812 	 515.098267 
112 	 41.678688 	 283.323761 	 289.176849 	 2.174175 	 99667.429688 	 607.199707 
113 	 41.678688 	 283.323761 	 291.166962 	 1.822559 	 99443.242188 	 569.535400 
114 	 41.678688 	 283.323761 	 291.927765 	 2.602741 	 99369.953125 	 564.969910 
115 	 41.678688 	 283.323761 	 292.084442 	 3.591572 	 99461.476562 	 552.236206 
116 	 41.678688 	 283.323761 	 292.464386 	 4.188001 	 98934.921875 	 590.472168 
117 	 41.678688 	 283.323761 	 293.349731 	 2.855973 	 98504.546875 	 568.434204 
118 	 41.678688 	 283.323761 	 292.529419 	 3.762605 	 98620.359375 	 620.685364 
119 	 41.678688 	 283.323761 	 291.421021 	 3.881874 	 98397.617188 	 581.088867 
120 	 41.678688 	 283.323761 	 288.245361 	 3.842565 	 98670.382812 	 632.015869 
121 	 41.678688 	 283.323761 	 288.640747 	 1.985432 	 99105.093750 	 540.646240 
122 	 41.678688 	 283.323761 	 290.309814 	 3.090451 	 99536.437500 	 605.866455 
123 	 41.678688 	 283.323761 	 289.986328 	 4.334263 	 99556.796875 	 605.901489 
124 	 41.678688 	 283.323761 	 290.750549 	 4.510299 	 98775.382812 	 460.369080 
125 	 41.678688 	 283.323761 	 290.576599 	 2.497893 	 98050.601562 	 625.689514 
126 	 41.678688 	 283.323761 	 285.669586 	 3.595563 	 97795.179688 	 551.747070 
127 	 41.678688 	 283.323761 	 286.432526 	 3.547373 	 98250.640625 	 594.128174 
128 	 41.678688 	 283.323761 	 287.910400 	 2.883370 	 98232.000000 	 620.733337 
129 	 41.678688 	 283.323761 	 292.097687 	 6.055638 	 96258.406250 	 540.164734 
130 	 41.678688 	 283.323761 	 281.687195 	 5.672438 	 96641.148438 	 599.615234 
131 	 41.678688 	 283.323761 	 280.048615 	 3.652332 	 97880.398438 	 525.475464 
132 	 41.678688 	 283.323761 	 279.047485 	 3.953123 	 98281.882812 	 586.066040 
133 	 41.678688 	 283.323761 	 280.326141 	 2.956945 	 98820.320312 	 548.604614 
134 	 41.678688 	 283.323761 	 283.504822 	 2.514253 	 98827.750000 	 491.674255 
135 	 41.678688 	 283.323761 	 281.859375 	 4.045758 	 98695.382812 	 433.552643 
136 	 41.678688 	 283.323761 	 284.125458 	 3.969266 	 98956.656250 	 572.101074 
137 	 41.678688 	 283.323761 	 284.963837 	 4.233061 	 98317.882812 	 570.245483 
138 	 41.678688 	 283.323761 	 288.111481 	 4.431080 	 98059.289062 	 634.496704 
139 	 41.678688 	 283.323761 	 292.247620 	 1.304608 	 98728.882812 	 685.320435 
140 	 41.678688 	 283.323761 	 294.290161 	 3.049990 	 99039.890625 	 544.029663 
141 	 41.678688 	 283.323761 	 292.877563 	 4.338598 	 98739.023438 	 500.608887 
142 	 41.678688 	 283.323761 	 291.108704 	 2.112116 	 98245.078125 	 650.049377 
143 	 41.678688 	 283.323761 	 287.472321 	 2.536247 	 97780.656250 	 537.970764 
144 	 41.678688 	 283.323761 	 284.849457 	 2.882077 	 97694.750000 	 550.864502 
145 	 41.678688 	 283.323761 	 282.724487 	 2.853990 	 97736.023438 	 421.320251 
146 	 41.678688 	 283.323761 	 284.020630 	 2.112322 	 98246.398438 	 570.880859 
147 	 41.678688 	 283.323761 	 286.283813 	 0.697443 	 98824.156250 	 573.101807 
148 	 41.678688 	 283.323761 	 289.947754 	 0.617418 	 99274.468750 	 636.522339 
149 	 41.678688 	 283.323761 	 291.392792 	 1.827552 	 99227.531250 	 640.852356 
150 	 41.678688 	 283.323761 	 294.040771 	 1.698931 	 98439.359375 	 653.338623 
151 	 41.678688 	 283.323761 	 293.426270 	 1.927180 	 98330.906250 	 576.771912 
152 	 41.678688 	 283.323761 	 292.698792 	 1.907567 	 98909.117188 	 548.644714 
153 	 41.678688 	 283.323761 	 293.888611 	 1.977105 	 98730.343750 	 590.379150 
154 	 41.678688 	 283.323761 	 294.537140 	 0.735890 	 98678.148438 	 695.106873 
155 	 41.678688 	 283.323761 	 297.377258 	 2.127414 	 98269.367188 	 706.631592 
156 	 41.678688 	 283.323761 	 295.571320 	 1.088507 	 98803.453125 	 700.913818 
157 	 41.678688 	 283.323761 	 296.012115 	 3.364930 	 98989.328125 	 679.416199 
158 	 41.678688 	 283.323761 	 297.782654 	 4.074735 	 98545.101562 	 686.508911 
159 	 41.678688 	 283.323761 	 297.490265 	 2.842586 	 98294.296875 	 673.299194 
160 	 41.678688 	 283.323761 	 292.225311 	 3.507039 	 99044.179688 	 589.654053 
161 	 41.678688 	 283.323761 	 291.862946 	 1.315172 	 99419.906250 	 633.043457 
162 	 41.678688 	 283.323761 	 294.183838 	 1.465942 	 99409.906250 	 642.461914 
163 	 41.678688 	 283.323761 	 295.658264 	 1.449356 	 99602.710938 	 705.092224 
164 	 41.678688 	 283.323761 	 296.220856 	 1.241417 	 99350.953125 	 711.154663 
165 	 41.678688 	 283.323761 	 298.076874 	 1.135360 	 99058.156250 	 712.427734 
166 	 41.678688 	 283.323761 	 299.334808 	 2.503629 	 98690.250000 	 716.894897 
167 	 41.678688 	 283.323761 	 300.755341 	 2.326165 	 98493.468750 	 732.701660 
168 	 41.678688 	 283.323761 	 301.345123 	 3.484575 	 98079.539062 	 722.379150 
169 	 41.678688 	 283.323761 	 298.823181 	 3.341637 	 98087.226562 	 718.871094 
170 	 41.678688 	 283.323761 	 294.994781 	 2.661442 	 99373.382812 	 697.788452 
171 	 41.678688 	 283.323761 	 295.345551 	 1.803144 	 99537.531250 	 706.885376 
172 	 41.678688 	 283.323761 	 297.788208 	 3.083625 	 98815.500000 	 711.186768 
173 	 41.678688 	 283.323761 	 296.077850 	 3.919895 	 98576.367188 	 692.369873 
174 	 41.678688 	 283.323761 	 294.099213 	 1.783370 	 99090.929688 	 681.720093 
175 	 41.678688 	 283.323761 	 295.747101 	 2.180587 	 99010.562500 	 690.144409 
176 	 41.678688 	 283.323761 	 297.702209 	 3.714981 	 98767.226562 	 710.206726 
177 	 41.678688 	 283.323761 	 296.781036 	 3.506422 	 98670.710938 	 584.936890 
178 	 41.678688 	 283.323761 	 294.367462 	 4.013832 	 99109.953125 	 678.513977 
179 	 41.678688 	 283.323761 	 293.675507 	 3.065912 	 99051.953125 	 583.612000 
180 	 41.678688 	 283.323761 	 295.089722 	 3.605472 	 98684.781250 	 508.878723 
181 	 41.678688 	 283.323761 	 295.939606 	 3.205203 	 98340.609375 	 711.392578 
182 	 41.678688 	 283.323761 	 295.847992 	 1.893684 	 97935.742188 	 503.687256 
183 	 41.678688 	 283.323761 	 297.400879 	 1.528853 	 97908.906250 	 684.257751 
184 	 41.678688 	 283.323761 	 297.641541 	 0.805209 	 98224.937500 	 715.342102 
185 	 41.678688 	 283.323761 	 299.660980 	 1.520848 	 98332.179688 	 735.737976 
186 	 41.678688 	 283.323761 	 298.487030 	 0.596364 	 98611.679688 	 710.928040 
187 	 41.678688 	 283.323761 	 300.792816 	 1.536723 	 98773.789062 	 733.990784 
188 	 41.678688 	 283.323761 	 302.351990 	 3.097852 	 98379.000000 	 753.122559 
189 	 41.678688 	 283.323761 	 297.370941 	 3.605417 	 98705.976562 	 735.270752 
190 	 41.678688 	 283.323761 	 293.637756 	 1.559350 	 99303.992188 	 684.271484 
191 	 41.678688 	 283.323761 	 298.886688 	 3.824174 	 98671.609375 	 711.307129 
192 	 41.678688 	 283.323761 	 302.710907 	 3.151003 	 97661.609375 	 720.190857 
193 	 41.678688 	 283.323761 	 298.873138 	 1.086880 	 98221.851562 	 715.291016 
194 	 41.678688 	 283.323761 	 299.603027 	 1.264558 	 98543.648438 	 719.769348 
195 	 41.678688 	 283.323761 	 302.158020 	 3.918357 	 98056.789062 	 727.007324 
196 	 41.678688 	 283.323761 	 300.498657 	 2.588371 	 97727.726562 	 731.320923 
197 	 41.678688 	 283.323761 	 301.814941 	 3.671563 	 97586.062500 	 703.125916 
198 	 41.678688 	 283.323761 	 296.713287 	 3.626245 	 98250.976562 	 698.329224 
199 	 41.678688 	 283.323761 	 293.056824 	 1.854170 	 99050.546875 	 599.443970 
200 	 41.678688 	 283.323761 	 302.769653 	 5.100159 	 98509.296875 	 731.212585 
201 	 41.678688 	 283.323761 	 301.206238 	 1.656982 	 98814.976562 	 721.694092 
202 	 41.678688 	 283.323761 	 303.975433 	 2.502316 	 98796.796875 	 654.190552 
203 	 41.678688 	 283.323761 	 305.867554 	 3.825227 	 98401.242188 	 620.482788 
204 	 41.678688 	 283.323761 	 305.035614 	 3.020525 	 98269.273438 	 733.630554 
205 	 41.678688 	 283.323761 	 307.141327 	 5.003349 	 97567.343750 	 738.509399 
206 	 41.678688 	 283.323761 	 298.249847 	 3.858307 	 97874.976562 	 667.610168 
207 	 41.678688 	 283.323761 	 292.794861 	 1.995108 	 98547.359375 	 667.052185 
208 	 41.678688 	 283.323761 	 291.907166 	 1.392757 	 98900.093750 	 592.296021 
209 	 41.678688 	 283.323761 	 297.364197 	 5.276119 	 98401.242188 	 534.754822 
210 	 41.678688 	 283.323761 	 297.416901 	 2.175716 	 98115.117188 	 708.466064 
211 	 41.678688 	 283.323761 	 297.012329 	 2.235294 	 98535.921875 	 687.819580 
212 	 41.678688 	 283.323761 	 294.315002 	 1.202774 	 98728.976562 	 588.904419 
213 	 41.678688 	 283.323761 	 295.617157 	 2.189399 	 98699.343750 	 660.647583 
214 	 41.678688 	 283.323761 	 306.937714 	 3.966564 	 98016.226562 	 713.744629 
215 	 41.678688 	 283.323761 	 296.803436 	 3.261262 	 98360.960938 	 687.595581 
216 	 41.678688 	 283.323761 	 291.230011 	 3.014531 	 98621.968750 	 640.937744 
217 	 41.678688 	 283.323761 	 290.586700 	 1.438227 	 98760.351562 	 594.790588 
218 	 41.678688 	 283.323761 	 295.810791 	 3.651501 	 97927.453125 	 581.624084 
219 	 41.678688 	 283.323761 	 290.356354 	 2.247070 	 98498.367188 	 453.411987 
220 	 41.678688 	 283.323761 	 290.692993 	 2.289564 	 99253.242188 	 659.099121 
221 	 41.678688 	 283.323761 	 292.047882 	 1.711254 	 99594.296875 	 651.606934 
222 	 41.678688 	 283.323761 	 294.060516 	 1.132783 	 99623.312500 	 632.688110 
223 	 41.678688 	 283.323761 	 295.147278 	 2.598636 	 99442.859375 	 600.097412 
224 	 41.678688 	 283.323761 	 295.532288 	 2.466083 	 99267.429688 	 671.138672 
225 	 41.678688 	 283.323761 	 294.849884 	 1.504633 	 99073.343750 	 661.802124 
226 	 41.678688 	 283.323761 	 299.253418 	 0.736118 	 98676.070312 	 684.235352 
227 	 41.678688 	 283.323761 	 295.583405 	 2.220655 	 98386.148438 	 623.853760 
228 	 41.678688 	 283.323761 	 294.871674 	 2.449564 	 98854.289062 	 664.126526 
229 	 41.678688 	 283.323761 	 292.593781 	 2.061136 	 99082.398438 	 446.054932 
230 	 41.678688 	 283.323761 	 297.241241 	 3.899856 	 98837.171875 	 537.955933 
231 	 41.678688 	 283.323761 	 297.869812 	 1.562731 	 98496.312500 	 653.463745 
232 	 41.678688 	 283.323761 	 297.396332 	 1.046929 	 98741.656250 	 664.541992 
233 	 41.678688 	 283.323761 	 299.232147 	 1.276016 	 98632.718750 	 680.846680 
234 	 41.678688 	 283.323761 	 300.714447 	 1.361165 	 98322.210938 	 677.808960 
235 	 41.678688 	 283.323761 	 299.489685 	 1.555995 	 98186.101562 	 609.446106 
236 	 41.678688 	 283.323761 	 295.973663 	 1.725759 	 98736.156250 	 578.622498 
237 	 41.678688 	 283.323761 	 298.928192 	 2.185991 	 98962.851562 	 629.207275 
238 	 41.678688 	 283.323761 	 299.372864 	 1.968351 	 98733.093750 	 683.813843 
239 	 41.678688 	 283.323761 	 298.710876 	 3.026718 	 98411.523438 	 662.417969 
240 	 41.678688 	 283.323761 	 289.940277 	 3.936890 	 98949.320312 	 588.607544 
241 	 41.678688 	 283.323761 	 287.005737 	 2.776448 	 99483.421875 	 583.620117 
242 	 41.678688 	 283.323761 	 287.127625 	 1.123859 	 99574.296875 	 589.474487 
243 	 41.678688 	 283.323761 	 292.463837 	 2.848261 	 99377.500000 	 602.528625 
244 	 41.678688 	 283.323761 	 298.673340 	 2.877182 	 98984.296875 	 642.929077 
245 	 41.678688 	 283.323761 	 301.196442 	 3.372991 	 98432.203125 	 557.814209 
246 	 41.678688 	 283.323761 	 299.707001 	 2.735104 	 98663.343750 	 647.047485 
247 	 41.678688 	 283.323761 	 295.958740 	 1.610392 	 99094.742188 	 593.706665 
248 	 41.678688 	 283.323761 	 300.363770 	 2.851635 	 98912.609375 	 624.974426 
249 	 41.678688 	 283.323761 	 295.870209 	 1.027575 	 99229.257812 	 603.461121 
250 	 41.678688 	 283.323761 	 297.044067 	 2.987613 	 98876.898438 	 598.795837 
251 	 41.678688 	 283.323761 	 297.637360 	 1.580936 	 98546.218750 	 577.144104 
252 	 41.678688 	 283.323761 	 300.997955 	 3.141583 	 98775.296875 	 607.355408 
253 	 41.678688 	 283.323761 	 299.454346 	 1.748809 	 98927.796875 	 633.542236 
254 	 41.678688 	 283.323761 	 296.709930 	 2.738941 	 98786.882812 	 515.395203 
255 	 41.678688 	 283.323761 	 296.979553 	 1.125779 	 98498.773438 	 592.943604 
256 	 41.678688 	 283.323761 	 297.132568 	 3.211416 	 98356.492188 	 600.169250 
257 	 41.678688 	 283.323761 	 287.332092 	 3.177757 	 98912.289062 	 546.311890 
258 	 41.678688 	 283.323761 	 287.716797 	 1.967278 	 99230.593750 	 491.003113 
259 	 41.678688 	 283.323761 	 296.437622 	 2.949748 	 98667.843750 	 596.056885 
260 	 41.678688 	 283.323761 	 297.347260 	 3.069730 	 98252.492188 	 551.656311 
261 	 41.678688 	 283.323761 	 286.942505 	 2.985591 	 98673.109375 	 415.931549 
262 	 41.678688 	 283.323761 	 283.417694 	 3.876759 	 99246.703125 	 532.391724 
263 	 41.678688 	 283.323761 	 283.953186 	 2.344224 	 99907.468750 	 535.590698 
264 	 41.678688 	 283.323761 	 284.199860 	 0.982026 	 99887.960938 	 525.674133 
265 	 41.678688 	 283.323761 	 285.599213 	 2.025876 	 99711.968750 	 526.147156 
266 	 41.678688 	 283.323761 	 288.246613 	 3.638155 	 99392.593750 	 415.160797 
267 	 41.678688 	 283.323761 	 290.450470 	 1.557172 	 99352.640625 	 546.097107 
268 	 41.678688 	 283.323761 	 292.384155 	 1.707812 	 99458.750000 	 566.959717 
269 	 41.678688 	 283.323761 	 295.400391 	 1.753769 	 99319.960938 	 574.276550 
270 	 41.678688 	 283.323761 	 295.257568 	 1.080832 	 99726.937500 	 573.010010 
271 	 41.678688 	 283.323761 	 296.426636 	 2.318031 	 99409.187500 	 579.933289 
272 	 41.678688 	 283.323761 	 295.353668 	 3.410086 	 99200.859375 	 557.762634 
273 	 41.678688 	 283.323761 	 293.948578 	 4.161330 	 98687.328125 	 449.791443 
274 	 41.678688 	 283.323761 	 286.481049 	 2.473384 	 98866.921875 	 534.258423 
275 	 41.678688 	 283.323761 	 283.072632 	 0.964709 	 99358.906250 	 490.545776 
276 	 41.678688 	 283.323761 	 286.944183 	 4.350673 	 98837.117188 	 458.939148 
277 	 41.678688 	 283.323761 	 282.029236 	 2.007161 	 98977.453125 	 478.526489 
278 	 41.678688 	 283.323761 	 280.869476 	 4.554148 	 98628.062500 	 484.137146 
279 	 41.678688 	 283.323761 	 277.229706 	 1.817963 	 99673.500000 	 464.882812 
280 	 41.678688 	 283.323761 	 281.934052 	 2.108761 	 99655.320312 	 465.799530 
281 	 41.678688 	 283.323761 	 286.379974 	 3.164955 	 99604.789062 	 445.132568 
282 	 41.678688 	 283.323761 	 287.309021 	 2.073597 	 99276.921875 	 491.481079 
283 	 41.678688 	 283.323761 	 285.504364 	 1.081691 	 99398.812500 	 481.238770 
284 	 41.678688 	 283.323761 	 290.492218 	 2.547380 	 99199.773438 	 503.213623 
285 	 41.678688 	 283.323761 	 292.817322 	 3.563521 	 98924.898438 	 453.269226 
286 	 41.678688 	 283.323761 	 289.809570 	 1.530540 	 98917.101562 	 494.910675 
287 	 41.678688 	 283.323761 	 292.428986 	 2.746455 	 98723.132812 	 488.623352 
288 	 41.678688 	 283.323761 	 292.156952 	 3.655602 	 98671.718750 	 499.104980 
289 	 41.678688 	 283.323761 	 289.882477 	 3.047261 	 98107.046875 	 490.472565 
290 	 41.678688 	 283.323761 	 281.745911 	 2.938871 	 98477.406250 	 407.890076 
291 	 41.678688 	 283.323761 	 281.416321 	 2.793586 	 99234.453125 	 452.918091 
292 	 41.678688 	 283.323761 	 286.280426 	 3.342716 	 99067.101562 	 423.116058 
293 	 41.678688 	 283.323761 	 280.925659 	 1.189237 	 99840.000000 	 440.480835 
294 	 41.678688 	 283.323761 	 284.718781 	 2.857181 	 99705.296875 	 442.335632 
295 	 41.678688 	 283.323761 	 291.167206 	 3.548409 	 98966.500000 	 476.713013 
296 	 41.678688 	 283.323761 	 291.042938 	 4.355722 	 98281.546875 	 410.653564 
297 	 41.678688 	 283.323761 	 281.849823 	 3.676887 	 98886.281250 	 440.398621 
298 	 41.678688 	 283.323761 	 286.979980 	 3.559958 	 98691.148438 	 449.366150 
299 	 41.678688 	 283.323761 	 288.042206 	 3.266193 	 98260.343750 	 427.534424 
300 	 41.678688 	 283.323761 	 281.327759 	 3.029713 	 99049.710938 	 432.742310 
301 	 41.678688 	 283.323761 	 280.684814 	 3.258672 	 99465.101562 	 418.228760 
302 	 41.678688 	 283.323761 	 281.219025 	 3.135738 	 99129.117188 	 410.866577 
303 	 41.678688 	 283.323761 	 279.707703 	 1.814930 	 100199.101562 	 399.256256 
304 	 41.678688 	 283.323761 	 280.133545 	 3.714195 	 100752.398438 	 399.281616 
305 	 41.678688 	 283.323761 	 286.139191 	 4.023791 	 99434.343750 	 382.808411 
306 	 41.678688 	 283.323761 	 280.430634 	 2.102689 	 99228.148438 	 399.132111 
307 	 41.678688 	 283.323761 	 279.598358 	 2.772981 	 98750.203125 	 392.249969 
308 	 41.678688 	 283.323761 	 281.117889 	 2.952852 	 98795.226562 	 422.781677 
309 	 41.678688 	 283.323761 	 283.685669 	 3.452106 	 98558.859375 	 410.141113 
310 	 41.678688 	 283.323761 	 281.175385 	 3.192532 	 98380.320312 	 371.500977 
311 	 41.678688 	 283.323761 	 287.574829 	 4.212365 	 97748.062500 	 421.163513 
312 	 41.678688 	 283.323761 	 283.921478 	 3.821414 	 97955.156250 	 409.603790 
313 	 41.678688 	 283.323761 	 278.242401 	 2.803039 	 98569.062500 	 367.931030 
314 	 41.678688 	 283.323761 	 278.017700 	 2.613353 	 99083.382812 	 362.933838 
315 	 41.678688 	 283.323761 	 278.284515 	 2.071152 	 99423.406250 	 384.470276 
316 	 41.678688 	 283.323761 	 285.072998 	 2.874293 	 99248.882812 	 406.324738 
317 	 41.678688 	 283.323761 	 287.704712 	 3.196357 	 99269.171875 	 436.380829 
318 	 41.678688 	 283.323761 	 288.713226 	 2.783808 	 99027.023438 	 434.472565 
319 	 41.678688 	 283.323761 	 288.612793 	 2.805056 	 98952.593750 	 448.806763 
320 	 41.678688 	 283.323761 	 289.741669 	 2.982266 	 98638.851562 	 466.611237 
321 	 41.678688 	 283.323761 	 286.978119 	 1.207472 	 98791.531250 	 408.498474 
322 	 41.678688 	 283.323761 	 284.241211 	 2.055020 	 98519.367188 	 383.745941 
323 	 41.678688 	 283.323761 	 275.788055 	 3.718331 	 99177.023438 	 355.624603 
324 	 41.678688 	 283.323761 	 272.365295 	 1.651927 	 100282.101562 	 346.787842 
325 	 41.678688 	 283.323761 	 276.822266 	 3.239721 	 99638.656250 	 328.741058 
326 	 41.678688 	 283.323761 	 275.636383 	 3.333619 	 98328.500000 	 389.544037 
327 	 41.678688 	 283.323761 	 272.658844 	 3.004157 	 98583.578125 	 346.750519 
328 	 41.678688 	 283.323761 	 271.455475 	 3.221979 	 99040.859375 	 335.662476 
329 	 41.678688 	 283.323761 	 268.651306 	 2.154179 	 100083.796875 	 298.084961 
330 	 41.678688 	 283.323761 	 272.621460 	 3.592845 	 99217.492188 	 328.960693 
331 	 41.678688 	 283.323761 	 277.407684 	 4.485806 	 97950.226562 	 384.772736 
332 	 41.678688 	 283.323761 	 274.179932 	 3.129040 	 98735.437500 	 362.596436 
333 	 41.678688 	 283.323761 	 271.373535 	 1.645033 	 99058.921875 	 347.515350 
334 	 41.678688 	 283.323761 	 274.183472 	 3.901951 	 98840.617188 	 371.972534 
335 	 41.678688 	 283.323761 	 277.400146 	 3.942669 	 97877.343750 	 351.186157 
336 	 41.678688 	 283.323761 	 278.988953 	 2.590145 	 97780.039062 	 372.311920 
337 	 41.678688 	 283.323761 	 274.681641 	 3.334689 	 98611.382812 	 361.456818 
338 	 41.678688 	 283.323761 	 276.549133 	 3.121988 	 98690.156250 	 367.334473 
339 	 41.678688 	 283.323761 	 275.466797 	 1.601939 	 98146.359375 	 339.615173 
340 	 41.678688 	 283.323761 	 270.561737 	 3.549327 	 97891.640625 	 348.480011 
341 	 41.678688 	 283.323761 	 269.261627 	 2.711378 	 98660.203125 	 298.724792 
342 	 41.678688 	 283.323761 	 275.268646 	 2.531209 	 97970.882812 	 373.649078 
343 	 41.678688 	 283.323761 	 271.994598 	 2.418684 	 98112.976562 	 324.259521 
344 	 41.678688 	 283.323761 	 269.473511 	 3.344788 	 98811.398438 	 333.493164 
345 	 41.678688 	 283.323761 	 271.325256 	 2.425518 	 99305.000000 	 316.473999 
346 	 41.678688 	 283.323761 	 270.760529 	 2.630429 	 99273.250000 	 309.425171 
347 	 41.678688 	 283.323761 	 273.014801 	 2.303119 	 98835.570312 	 373.792419 
348 	 41.678688 	 283.323761 	 270.157501 	 2.434486 	 99069.226562 	 306.196930 
349 	 41.678688 	 283.323761 	 270.541626 	 3.737453 	 98560.210938 	 365.393921 
350 	 41.678688 	 283.323761 	 270.329041 	 2.397369 	 98779.132812 	 329.834290 
351 	 41.678688 	 283.323761 	 273.739502 	 1.980480 	 98907.632812 	 337.151428 
352 	 41.678688 	 283.323761 	 277.400330 	 2.697895 	 99013.226562 	 359.583252 
353 	 41.678688 	 283.323761 	 285.740967 	 5.947648 	 98350.296875 	 370.674316 
354 	 41.678688 	 283.323761 	 279.881439 	 2.619932 	 97617.296875 	 332.282837 
355 	 41.678688 	 283.323761 	 280.324615 	 3.787556 	 98345.929688 	 373.560425 
356 	 41.678688 	 283.323761 	 274.742340 	 1.789830 	 99353.117188 	 314.173584 
357 	 41.678688 	 283.323761 	 281.493927 	 7.004585 	 97316.828125 	 374.873779 
358 	 41.678688 	 283.323761 	 270.572510 	 5.605865 	 97130.062500 	 314.918884 
359 	 41.678688 	 283.323761 	 269.560577 	 3.321581 	 97782.617188 	 305.287201 
360 	 41.678688 	 283.323761 	 270.435120 	 2.207258 	 97804.976562 	 286.230743 
361 	 41.678688 	 283.323761 	 272.033966 	 3.447028 	 97983.031250 	 341.611267 
362 	 41.678688 	 283.323761 	 270.838654 	 2.646289 	 98949.328125 	 302.675354 
363 	 41.678688 	 283.323761 	 275.511627 	 2.484494 	 98597.976562 	 335.720215 
364 	 41.678688 	 283.323761 	 271.714691 	 1.359859 	 98303.296875 	 353.506805 
