# 0: Day of Year [-] 	 1: lat [deg] 	 2: lon [deg] 	 3: tas [K] 	 4: sfcWind [m s-1] 	 5: ps [Pa] 	 6: Total Downwelling Rad Flux [W m-2] 
0 	 41.678688 	 283.323761 	 271.158997 	 2.957642 	 99216.906250 	 337.948730 
1 	 41.678688 	 283.323761 	 268.478882 	 0.773601 	 100049.601562 	 302.988281 
2 	 41.678688 	 283.323761 	 269.119110 	 1.507013 	 100138.898438 	 313.854431 
3 	 41.678688 	 283.323761 	 271.534973 	 1.021720 	 100392.101562 	 325.673950 
4 	 41.678688 	 283.323761 	 275.329651 	 3.661317 	 99562.617188 	 308.731812 
5 	 41.678688 	 283.323761 	 281.471771 	 5.022418 	 97252.093750 	 385.353271 
6 	 41.678688 	 283.323761 	 274.625549 	 4.860874 	 98165.531250 	 367.146790 
7 	 41.678688 	 283.323761 	 274.366028 	 3.878264 	 99405.546875 	 324.520050 
8 	 41.678688 	 283.323761 	 281.365906 	 3.225949 	 98612.406250 	 360.826080 
9 	 41.678688 	 283.323761 	 274.701660 	 3.414921 	 98851.210938 	 346.997772 
10 	 41.678688 	 283.323761 	 272.383911 	 2.184118 	 99684.390625 	 332.524261 
11 	 41.678688 	 283.323761 	 270.409180 	 1.232731 	 99537.882812 	 303.876343 
12 	 41.678688 	 283.323761 	 273.348450 	 3.053841 	 98909.343750 	 352.479034 
13 	 41.678688 	 283.323761 	 272.286224 	 2.256152 	 99594.781250 	 363.987671 
14 	 41.678688 	 283.323761 	 271.323364 	 1.121596 	 99593.101562 	 340.378357 
15 	 41.678688 	 283.323761 	 272.451385 	 2.922242 	 99691.343750 	 344.086792 
16 	 41.678688 	 283.323761 	 271.157257 	 1.372761 	 99934.953125 	 321.681000 
17 	 41.678688 	 283.323761 	 274.658539 	 3.176307 	 99366.492188 	 352.468231 
18 	 41.678688 	 283.323761 	 283.684387 	 4.690891 	 97875.156250 	 434.826874 
19 	 41.678688 	 283.323761 	 278.446655 	 1.889533 	 98335.703125 	 400.459381 
20 	 41.678688 	 283.323761 	 274.147217 	 1.771724 	 98552.007812 	 355.364075 
21 	 41.678688 	 283.323761 	 275.060150 	 2.721642 	 98045.210938 	 366.962006 
22 	 41.678688 	 283.323761 	 272.236481 	 3.662013 	 97785.406250 	 377.915558 
23 	 41.678688 	 283.323761 	 271.448456 	 4.526444 	 97979.562500 	 339.247925 
24 	 41.678688 	 283.323761 	 274.716461 	 3.025809 	 98559.187500 	 355.787964 
25 	 41.678688 	 283.323761 	 276.884094 	 2.305984 	 98899.726562 	 360.531616 
26 	 41.678688 	 283.323761 	 276.109741 	 2.060911 	 98798.523438 	 334.242279 
27 	 41.678688 	 283.323761 	 276.437439 	 3.245717 	 95912.289062 	 334.908478 
28 	 41.678688 	 283.323761 	 271.827881 	 5.905179 	 95186.226562 	 339.036469 
29 	 41.678688 	 283.323761 	 274.734711 	 5.303518 	 97062.093750 	 378.843079 
30 	 41.678688 	 283.323761 	 272.733215 	 1.486327 	 98375.546875 	 310.654266 
31 	 41.678688 	 283.323761 	 276.383759 	 2.152168 	 98804.757812 	 355.344116 
32 	 41.678688 	 283.323761 	 282.013153 	 3.379151 	 97625.570312 	 435.546112 
33 	 41.678688 	 283.323761 	 276.879730 	 2.898414 	 97880.226562 	 406.904816 
34 	 41.678688 	 283.323761 	 274.735962 	 2.685428 	 97798.070312 	 317.986450 
35 	 41.678688 	 283.323761 	 273.953308 	 5.847600 	 96810.031250 	 366.838013 
36 	 41.678688 	 283.323761 	 270.801941 	 2.895385 	 98542.570312 	 311.875549 
37 	 41.678688 	 283.323761 	 270.776184 	 2.998967 	 98931.593750 	 376.640259 
38 	 41.678688 	 283.323761 	 270.314423 	 1.308922 	 99643.976562 	 364.920227 
39 	 41.678688 	 283.323761 	 273.931732 	 1.712088 	 99823.203125 	 392.250305 
40 	 41.678688 	 283.323761 	 277.720123 	 3.963538 	 99941.648438 	 399.803589 
41 	 41.678688 	 283.323761 	 283.375977 	 5.159292 	 98329.546875 	 411.461182 
42 	 41.678688 	 283.323761 	 281.744049 	 3.209478 	 97197.726562 	 448.831543 
43 	 41.678688 	 283.323761 	 280.560822 	 3.131810 	 97994.546875 	 348.201538 
44 	 41.678688 	 283.323761 	 280.488373 	 3.924341 	 96905.898438 	 407.060364 
45 	 41.678688 	 283.323761 	 275.577606 	 2.798901 	 97115.250000 	 364.517883 
46 	 41.678688 	 283.323761 	 275.078339 	 3.045481 	 97506.289062 	 409.985016 
47 	 41.678688 	 283.323761 	 275.288666 	 2.803599 	 98108.007812 	 403.221008 
48 	 41.678688 	 283.323761 	 278.177673 	 2.411621 	 98294.093750 	 359.608429 
49 	 41.678688 	 283.323761 	 273.510498 	 2.507555 	 98942.648438 	 433.000305 
50 	 41.678688 	 283.323761 	 273.730377 	 1.756093 	 99666.078125 	 430.971954 
51 	 41.678688 	 283.323761 	 277.693604 	 2.717795 	 99331.226562 	 432.303101 
52 	 41.678688 	 283.323761 	 279.218140 	 2.617505 	 99294.601562 	 387.390869 
53 	 41.678688 	 283.323761 	 275.978424 	 2.081969 	 100336.203125 	 436.807922 
54 	 41.678688 	 283.323761 	 278.583862 	 3.413487 	 100256.398438 	 379.966156 
55 	 41.678688 	 283.323761 	 285.097778 	 2.960191 	 99262.843750 	 441.118469 
56 	 41.678688 	 283.323761 	 285.688110 	 1.965767 	 99213.281250 	 461.466187 
57 	 41.678688 	 283.323761 	 288.189636 	 2.777103 	 98751.296875 	 501.772400 
58 	 41.678688 	 283.323761 	 281.112213 	 2.582652 	 97984.132812 	 461.691040 
59 	 41.678688 	 283.323761 	 275.719666 	 3.070076 	 97736.093750 	 431.989502 
60 	 41.678688 	 283.323761 	 275.059479 	 3.236086 	 98094.351562 	 429.309082 
61 	 41.678688 	 283.323761 	 272.884491 	 3.978009 	 98058.796875 	 441.082886 
62 	 41.678688 	 283.323761 	 268.259003 	 2.010097 	 98800.046875 	 405.273071 
63 	 41.678688 	 283.323761 	 268.713501 	 2.101359 	 99077.312500 	 336.145569 
64 	 41.678688 	 283.323761 	 268.568237 	 4.249134 	 98227.328125 	 461.384003 
65 	 41.678688 	 283.323761 	 269.682526 	 2.169643 	 99366.476562 	 425.979492 
66 	 41.678688 	 283.323761 	 272.177277 	 2.172268 	 99519.406250 	 362.501556 
67 	 41.678688 	 283.323761 	 277.248962 	 2.334986 	 99197.312500 	 468.971466 
68 	 41.678688 	 283.323761 	 282.850586 	 3.577125 	 98491.046875 	 477.718719 
69 	 41.678688 	 283.323761 	 284.891785 	 4.246713 	 97328.000000 	 410.281433 
70 	 41.678688 	 283.323761 	 271.694794 	 6.788741 	 96688.492188 	 383.740021 
71 	 41.678688 	 283.323761 	 272.021393 	 3.706451 	 97853.703125 	 375.062073 
72 	 41.678688 	 283.323761 	 275.753174 	 3.547007 	 97766.406250 	 407.654724 
73 	 41.678688 	 283.323761 	 274.092773 	 1.374048 	 98948.609375 	 477.241547 
74 	 41.678688 	 283.323761 	 275.303406 	 2.537996 	 99505.812500 	 358.640289 
75 	 41.678688 	 283.323761 	 286.395935 	 4.934750 	 98776.437500 	 491.952332 
76 	 41.678688 	 283.323761 	 286.647705 	 3.464040 	 98505.921875 	 442.150543 
77 	 41.678688 	 283.323761 	 282.139496 	 1.540705 	 99137.226562 	 510.285156 
78 	 41.678688 	 283.323761 	 285.140656 	 5.358709 	 99002.976562 	 466.529785 
79 	 41.678688 	 283.323761 	 288.837128 	 5.416459 	 98201.289062 	 484.655579 
80 	 41.678688 	 283.323761 	 277.420654 	 3.516417 	 98462.320312 	 474.054199 
81 	 41.678688 	 283.323761 	 274.707611 	 2.215155 	 99085.843750 	 506.776672 
82 	 41.678688 	 283.323761 	 278.884552 	 1.492362 	 98956.140625 	 483.433228 
83 	 41.678688 	 283.323761 	 284.704559 	 1.743019 	 98699.750000 	 528.887085 
84 	 41.678688 	 283.323761 	 287.678070 	 1.935015 	 98575.539062 	 537.880554 
85 	 41.678688 	 283.323761 	 288.505615 	 4.701662 	 98045.398438 	 504.690430 
86 	 41.678688 	 283.323761 	 278.814392 	 5.048476 	 98131.187500 	 540.652710 
87 	 41.678688 	 283.323761 	 282.498718 	 3.166818 	 99315.703125 	 517.867920 
88 	 41.678688 	 283.323761 	 285.842896 	 4.895743 	 98655.250000 	 427.481537 
89 	 41.678688 	 283.323761 	 289.226929 	 3.679552 	 98202.523438 	 472.989746 
90 	 41.678688 	 283.323761 	 280.063171 	 2.906832 	 98921.046875 	 455.423401 
91 	 41.678688 	 283.323761 	 281.691315 	 2.494237 	 98798.062500 	 417.152863 
92 	 41.678688 	 283.323761 	 291.320343 	 3.569350 	 97709.539062 	 520.708313 
93 	 41.678688 	 283.323761 	 289.214081 	 4.740590 	 97559.093750 	 573.171631 
94 	 41.678688 	 283.323761 	 285.423309 	 2.545108 	 98103.242188 	 546.037292 
95 	 41.678688 	 283.323761 	 290.220947 	 4.434299 	 97223.718750 	 561.619019 
96 	 41.678688 	 283.323761 	 283.701630 	 4.152479 	 97100.656250 	 495.696350 
97 	 41.678688 	 283.323761 	 281.812775 	 2.983351 	 97742.531250 	 520.012939 
98 	 41.678688 	 283.323761 	 277.715454 	 3.098707 	 97803.710938 	 476.068481 
99 	 41.678688 	 283.323761 	 276.556213 	 3.731441 	 98282.937500 	 526.415100 
100 	 41.678688 	 283.323761 	 275.436584 	 4.159429 	 98600.343750 	 549.932739 
101 	 41.678688 	 283.323761 	 278.501038 	 4.182070 	 98631.539062 	 540.978394 
102 	 41.678688 	 283.323761 	 282.750641 	 2.839746 	 99219.117188 	 551.602295 
103 	 41.678688 	 283.323761 	 286.523468 	 2.931301 	 99163.882812 	 538.884277 
104 	 41.678688 	 283.323761 	 287.159821 	 1.584159 	 99089.726562 	 585.529297 
105 	 41.678688 	 283.323761 	 288.576691 	 4.441369 	 97993.148438 	 517.078796 
106 	 41.678688 	 283.323761 	 286.281372 	 2.942918 	 97929.679688 	 598.421875 
107 	 41.678688 	 283.323761 	 288.894592 	 2.630847 	 97681.242188 	 415.839874 
108 	 41.678688 	 283.323761 	 288.812195 	 4.026796 	 96521.078125 	 476.573120 
109 	 41.678688 	 283.323761 	 280.392975 	 6.560796 	 97586.632812 	 591.525024 
110 	 41.678688 	 283.323761 	 285.157806 	 2.328724 	 99271.023438 	 535.036133 
111 	 41.678688 	 283.323761 	 289.225311 	 2.989828 	 98839.406250 	 567.972351 
112 	 41.678688 	 283.323761 	 289.621094 	 4.365739 	 98131.578125 	 395.993195 
113 	 41.678688 	 283.323761 	 286.944305 	 3.935133 	 97540.531250 	 473.973236 
114 	 41.678688 	 283.323761 	 283.300018 	 2.501123 	 97327.953125 	 425.986267 
115 	 41.678688 	 283.323761 	 284.501648 	 3.360563 	 97599.773438 	 539.965515 
116 	 41.678688 	 283.323761 	 286.585541 	 2.245215 	 98561.117188 	 627.067871 
117 	 41.678688 	 283.323761 	 290.502441 	 2.475412 	 98698.429688 	 619.531616 
118 	 41.678688 	 283.323761 	 293.747223 	 1.639440 	 98840.210938 	 649.889160 
119 	 41.678688 	 283.323761 	 296.862885 	 2.988402 	 98993.273438 	 660.128418 
120 	 41.678688 	 283.323761 	 295.413849 	 3.174634 	 98721.187500 	 585.942993 
121 	 41.678688 	 283.323761 	 294.583069 	 2.864932 	 98548.796875 	 665.591919 
122 	 41.678688 	 283.323761 	 292.129944 	 2.253435 	 98875.210938 	 634.125000 
123 	 41.678688 	 283.323761 	 292.428131 	 2.452220 	 98941.906250 	 621.333862 
124 	 41.678688 	 283.323761 	 298.147919 	 2.609712 	 98303.671875 	 687.448242 
125 	 41.678688 	 283.323761 	 299.970703 	 3.000535 	 98016.796875 	 687.364197 
126 	 41.678688 	 283.323761 	 298.710968 	 2.030749 	 97985.453125 	 680.796753 
127 	 41.678688 	 283.323761 	 295.542969 	 1.047033 	 98487.148438 	 572.920288 
128 	 41.678688 	 283.323761 	 294.248596 	 2.698022 	 98321.242188 	 512.572083 
129 	 41.678688 	 283.323761 	 293.465973 	 2.373199 	 97804.609375 	 568.767395 
130 	 41.678688 	 283.323761 	 288.176910 	 3.908146 	 98399.617188 	 477.041809 
131 	 41.678688 	 283.323761 	 284.299683 	 4.384140 	 99101.007812 	 473.503418 
132 	 41.678688 	 283.323761 	 283.877686 	 4.136305 	 98828.906250 	 420.197083 
133 	 41.678688 	 283.323761 	 287.072632 	 2.474735 	 98295.468750 	 441.057953 
134 	 41.678688 	 283.323761 	 291.789001 	 3.116887 	 98152.671875 	 695.602417 
135 	 41.678688 	 283.323761 	 293.331665 	 1.329773 	 98069.757812 	 665.049255 
136 	 41.678688 	 283.323761 	 295.105011 	 3.180396 	 97726.429688 	 591.002014 
137 	 41.678688 	 283.323761 	 290.991272 	 1.992297 	 97149.429688 	 562.491943 
138 	 41.678688 	 283.323761 	 287.332458 	 5.333197 	 97521.648438 	 662.155212 
139 	 41.678688 	 283.323761 	 285.539490 	 4.952086 	 98111.273438 	 625.974670 
140 	 41.678688 	 283.323761 	 288.384186 	 2.091074 	 98373.023438 	 643.107666 
141 	 41.678688 	 283.323761 	 296.501923 	 4.396178 	 97663.851562 	 708.371948 
142 	 41.678688 	 283.323761 	 296.771698 	 3.895241 	 97504.859375 	 680.101379 
143 	 41.678688 	 283.323761 	 295.102142 	 3.419726 	 97772.000000 	 612.910461 
144 	 41.678688 	 283.323761 	 291.772552 	 1.443724 	 98227.539062 	 517.525818 
145 	 41.678688 	 283.323761 	 294.916168 	 3.597047 	 97992.726562 	 690.051392 
146 	 41.678688 	 283.323761 	 292.004211 	 3.952499 	 98279.648438 	 671.536316 
147 	 41.678688 	 283.323761 	 289.732239 	 2.008989 	 99049.976562 	 599.371765 
148 	 41.678688 	 283.323761 	 298.835327 	 4.223702 	 98275.023438 	 707.908936 
149 	 41.678688 	 283.323761 	 296.137451 	 3.976860 	 97983.570312 	 656.755371 
150 	 41.678688 	 283.323761 	 291.969360 	 2.732390 	 98263.789062 	 632.215942 
151 	 41.678688 	 283.323761 	 296.678284 	 5.726734 	 97337.093750 	 606.713623 
152 	 41.678688 	 283.323761 	 285.529388 	 4.615704 	 98180.382812 	 636.636108 
153 	 41.678688 	 283.323761 	 284.344269 	 2.161947 	 99058.953125 	 613.731201 
154 	 41.678688 	 283.323761 	 286.608673 	 2.030095 	 99641.281250 	 620.818359 
155 	 41.678688 	 283.323761 	 288.696747 	 3.413599 	 99809.656250 	 444.684357 
156 	 41.678688 	 283.323761 	 295.157257 	 2.924522 	 98796.093750 	 581.068115 
157 	 41.678688 	 283.323761 	 293.702698 	 1.200729 	 99025.710938 	 656.247803 
158 	 41.678688 	 283.323761 	 295.422882 	 2.866539 	 98916.640625 	 618.291199 
159 	 41.678688 	 283.323761 	 295.801880 	 2.844573 	 98634.859375 	 689.680420 
160 	 41.678688 	 283.323761 	 296.610077 	 4.783718 	 98522.468750 	 636.701172 
161 	 41.678688 	 283.323761 	 295.427307 	 1.528588 	 99037.062500 	 667.519714 
162 	 41.678688 	 283.323761 	 296.796631 	 2.189712 	 98978.062500 	 701.272888 
163 	 41.678688 	 283.323761 	 296.417572 	 2.660766 	 98574.343750 	 661.987793 
164 	 41.678688 	 283.323761 	 296.662415 	 1.587910 	 98566.453125 	 691.703613 
165 	 41.678688 	 283.323761 	 296.957458 	 2.479590 	 98460.546875 	 682.378052 
166 	 41.678688 	 283.323761 	 297.885651 	 2.879841 	 98185.046875 	 652.396423 
167 	 41.678688 	 283.323761 	 295.564789 	 3.394207 	 98719.210938 	 725.037048 
168 	 41.678688 	 283.323761 	 292.221344 	 2.294214 	 99566.367188 	 681.937256 
169 	 41.678688 	 283.323761 	 293.118164 	 3.322429 	 99835.906250 	 688.510925 
170 	 41.678688 	 283.323761 	 295.691559 	 4.399751 	 98936.328125 	 670.026733 
171 	 41.678688 	 283.323761 	 297.787659 	 2.577095 	 97995.906250 	 700.812012 
172 	 41.678688 	 283.323761 	 297.256287 	 1.132100 	 98268.312500 	 718.169312 
173 	 41.678688 	 283.323761 	 300.251312 	 0.963185 	 98432.796875 	 736.929199 
174 	 41.678688 	 283.323761 	 298.411346 	 1.229331 	 98500.312500 	 657.284729 
175 	 41.678688 	 283.323761 	 299.341309 	 2.021818 	 98217.593750 	 695.394409 
176 	 41.678688 	 283.323761 	 298.907806 	 2.353577 	 98036.750000 	 710.858032 
177 	 41.678688 	 283.323761 	 298.211487 	 2.017701 	 98363.859375 	 727.283081 
178 	 41.678688 	 283.323761 	 298.028107 	 2.109133 	 98406.468750 	 715.159851 
179 	 41.678688 	 283.323761 	 295.383270 	 1.906183 	 98610.679688 	 687.305786 
180 	 41.678688 	 283.323761 	 297.390503 	 1.942098 	 98867.210938 	 625.895203 
181 	 41.678688 	 283.323761 	 301.367188 	 1.759394 	 98778.226562 	 748.113159 
182 	 41.678688 	 283.323761 	 300.764221 	 2.252814 	 98640.281250 	 728.618652 
183 	 41.678688 	 283.323761 	 299.901184 	 2.576567 	 98378.546875 	 732.201904 
184 	 41.678688 	 283.323761 	 299.680908 	 3.313007 	 98145.078125 	 657.025757 
185 	 41.678688 	 283.323761 	 299.044373 	 2.553263 	 98064.531250 	 678.429810 
186 	 41.678688 	 283.323761 	 300.827850 	 3.684832 	 97626.296875 	 745.759766 
187 	 41.678688 	 283.323761 	 298.321594 	 2.370982 	 98169.148438 	 710.419434 
188 	 41.678688 	 283.323761 	 298.198883 	 2.032320 	 98189.859375 	 650.428284 
189 	 41.678688 	 283.323761 	 300.006195 	 3.320037 	 97753.882812 	 699.781555 
190 	 41.678688 	 283.323761 	 300.210114 	 2.232117 	 98304.523438 	 735.170410 
191 	 41.678688 	 283.323761 	 303.868652 	 3.124133 	 98551.859375 	 752.495483 
192 	 41.678688 	 283.323761 	 301.714813 	 1.898875 	 98724.046875 	 728.543213 
193 	 41.678688 	 283.323761 	 296.576050 	 3.425643 	 98938.148438 	 714.345215 
194 	 41.678688 	 283.323761 	 293.988403 	 2.511427 	 99167.117188 	 651.992554 
195 	 41.678688 	 283.323761 	 291.897339 	 1.881942 	 99238.843750 	 509.355255 
196 	 41.678688 	 283.323761 	 296.296875 	 4.880653 	 99033.640625 	 627.822327 
197 	 41.678688 	 283.323761 	 298.688660 	 4.861308 	 98607.070312 	 582.166626 
198 	 41.678688 	 283.323761 	 296.831970 	 4.296293 	 98229.687500 	 504.255798 
199 	 41.678688 	 283.323761 	 297.311737 	 1.117722 	 98490.343750 	 686.275879 
200 	 41.678688 	 283.323761 	 298.533417 	 2.558092 	 98457.070312 	 680.577209 
201 	 41.678688 	 283.323761 	 294.277863 	 2.173779 	 98493.906250 	 508.795319 
202 	 41.678688 	 283.323761 	 297.605438 	 2.486660 	 98251.226562 	 663.652588 
203 	 41.678688 	 283.323761 	 300.917969 	 4.216478 	 98598.531250 	 676.222900 
204 	 41.678688 	 283.323761 	 302.429657 	 5.144935 	 98856.500000 	 738.118774 
205 	 41.678688 	 283.323761 	 305.259247 	 2.743038 	 98639.820312 	 751.088257 
206 	 41.678688 	 283.323761 	 303.759186 	 1.725070 	 98770.687500 	 705.261780 
207 	 41.678688 	 283.323761 	 303.703796 	 2.321789 	 98599.039062 	 733.756287 
208 	 41.678688 	 283.323761 	 302.520081 	 3.123519 	 98213.851562 	 728.017578 
209 	 41.678688 	 283.323761 	 300.258392 	 2.905226 	 98190.453125 	 700.505127 
210 	 41.678688 	 283.323761 	 293.929291 	 1.666938 	 98979.703125 	 680.232239 
211 	 41.678688 	 283.323761 	 294.073761 	 2.203068 	 98948.226562 	 537.468994 
212 	 41.678688 	 283.323761 	 295.883087 	 2.899255 	 98665.976562 	 515.133789 
213 	 41.678688 	 283.323761 	 294.994263 	 3.134417 	 98827.031250 	 686.227295 
214 	 41.678688 	 283.323761 	 294.842590 	 1.888966 	 99038.078125 	 659.546021 
215 	 41.678688 	 283.323761 	 299.227325 	 3.463519 	 98413.226562 	 682.430359 
216 	 41.678688 	 283.323761 	 298.710236 	 1.231012 	 98552.507812 	 708.130737 
217 	 41.678688 	 283.323761 	 299.313934 	 2.038492 	 98104.039062 	 704.070435 
218 	 41.678688 	 283.323761 	 299.085663 	 2.159421 	 98031.406250 	 686.746826 
219 	 41.678688 	 283.323761 	 301.894867 	 1.837737 	 97940.156250 	 708.790894 
220 	 41.678688 	 283.323761 	 299.955414 	 2.356632 	 98161.476562 	 701.132446 
221 	 41.678688 	 283.323761 	 297.864136 	 1.313096 	 98743.093750 	 666.257263 
222 	 41.678688 	 283.323761 	 299.019318 	 1.974671 	 98592.093750 	 697.220825 
223 	 41.678688 	 283.323761 	 297.228271 	 1.361370 	 98795.773438 	 663.650879 
224 	 41.678688 	 283.323761 	 299.333282 	 3.454040 	 98482.507812 	 638.943726 
225 	 41.678688 	 283.323761 	 296.701935 	 2.597969 	 98126.867188 	 582.868408 
226 	 41.678688 	 283.323761 	 296.758545 	 3.248077 	 98347.890625 	 656.783325 
227 	 41.678688 	 283.323761 	 296.909576 	 2.724407 	 98394.359375 	 668.837952 
228 	 41.678688 	 283.323761 	 293.695251 	 2.292846 	 98620.367188 	 645.598328 
229 	 41.678688 	 283.323761 	 297.458832 	 3.880257 	 98013.742188 	 650.670532 
230 	 41.678688 	 283.323761 	 299.905029 	 4.033410 	 98050.453125 	 668.656982 
231 	 41.678688 	 283.323761 	 292.106049 	 1.396799 	 99220.640625 	 621.780884 
232 	 41.678688 	 283.323761 	 299.560852 	 4.103522 	 98691.421875 	 642.185059 
233 	 41.678688 	 283.323761 	 300.775452 	 4.015937 	 98489.273438 	 646.927246 
234 	 41.678688 	 283.323761 	 291.464355 	 3.156106 	 99463.039062 	 621.245850 
235 	 41.678688 	 283.323761 	 289.402130 	 1.091196 	 100035.703125 	 609.013733 
236 	 41.678688 	 283.323761 	 294.053619 	 2.735474 	 99735.179688 	 618.008972 
237 	 41.678688 	 283.323761 	 298.807739 	 2.983232 	 99145.171875 	 660.214111 
238 	 41.678688 	 283.323761 	 299.324951 	 2.957246 	 98859.546875 	 607.025146 
239 	 41.678688 	 283.323761 	 299.302826 	 2.117830 	 98770.593750 	 659.393433 
240 	 41.678688 	 283.323761 	 300.731537 	 2.135222 	 98861.179688 	 652.014038 
241 	 41.678688 	 283.323761 	 300.458588 	 1.271257 	 98927.460938 	 671.657959 
242 	 41.678688 	 283.323761 	 299.677277 	 2.274746 	 98827.289062 	 670.030029 
243 	 41.678688 	 283.323761 	 295.993073 	 1.230599 	 99161.031250 	 631.421082 
244 	 41.678688 	 283.323761 	 296.526306 	 0.986747 	 98968.156250 	 630.954102 
245 	 41.678688 	 283.323761 	 302.113739 	 2.065604 	 98621.781250 	 646.478760 
246 	 41.678688 	 283.323761 	 303.996277 	 2.135805 	 98542.718750 	 643.373413 
247 	 41.678688 	 283.323761 	 302.215149 	 1.562119 	 98717.742188 	 603.795532 
248 	 41.678688 	 283.323761 	 301.283783 	 2.124637 	 98615.546875 	 587.552002 
249 	 41.678688 	 283.323761 	 299.349121 	 1.202511 	 98735.046875 	 564.473022 
250 	 41.678688 	 283.323761 	 297.402069 	 1.004534 	 99160.007812 	 625.789551 
251 	 41.678688 	 283.323761 	 297.582458 	 2.664696 	 99658.781250 	 592.713745 
252 	 41.678688 	 283.323761 	 296.284760 	 2.595204 	 99939.750000 	 563.730835 
253 	 41.678688 	 283.323761 	 295.409454 	 2.179553 	 99682.070312 	 599.151367 
254 	 41.678688 	 283.323761 	 293.985168 	 2.432210 	 99121.109375 	 554.028198 
255 	 41.678688 	 283.323761 	 294.223724 	 2.833012 	 98510.093750 	 488.917511 
256 	 41.678688 	 283.323761 	 291.571198 	 1.004084 	 98546.890625 	 583.903259 
257 	 41.678688 	 283.323761 	 290.475372 	 3.380782 	 98742.781250 	 569.687439 
258 	 41.678688 	 283.323761 	 287.952728 	 1.444143 	 99477.476562 	 554.393799 
259 	 41.678688 	 283.323761 	 290.065948 	 2.200632 	 99532.507812 	 564.539307 
260 	 41.678688 	 283.323761 	 293.152039 	 2.951395 	 99374.453125 	 561.877075 
261 	 41.678688 	 283.323761 	 291.440063 	 2.181064 	 99259.398438 	 446.293457 
262 	 41.678688 	 283.323761 	 285.198303 	 2.493169 	 99687.179688 	 512.577698 
263 	 41.678688 	 283.323761 	 285.174164 	 1.544004 	 99671.500000 	 536.282593 
264 	 41.678688 	 283.323761 	 287.051880 	 1.612034 	 100074.500000 	 543.360474 
265 	 41.678688 	 283.323761 	 288.714661 	 2.085340 	 99990.242188 	 501.709351 
266 	 41.678688 	 283.323761 	 292.321991 	 2.802645 	 99432.796875 	 489.845062 
267 	 41.678688 	 283.323761 	 293.688995 	 1.912437 	 98987.007812 	 532.188110 
268 	 41.678688 	 283.323761 	 294.402191 	 1.898869 	 98970.382812 	 485.586853 
269 	 41.678688 	 283.323761 	 293.468689 	 1.859542 	 98834.328125 	 546.168396 
270 	 41.678688 	 283.323761 	 290.769897 	 0.823380 	 99171.273438 	 514.674805 
271 	 41.678688 	 283.323761 	 292.505096 	 0.910468 	 99102.796875 	 532.068604 
272 	 41.678688 	 283.323761 	 291.554138 	 1.287657 	 99256.820312 	 538.951782 
273 	 41.678688 	 283.323761 	 292.626678 	 2.770381 	 99478.687500 	 527.845337 
274 	 41.678688 	 283.323761 	 292.159241 	 2.431212 	 99766.406250 	 462.501495 
275 	 41.678688 	 283.323761 	 292.787720 	 2.863857 	 99655.562500 	 452.725189 
276 	 41.678688 	 283.323761 	 291.676880 	 3.921721 	 98975.156250 	 432.996918 
277 	 41.678688 	 283.323761 	 283.747803 	 2.752303 	 99427.250000 	 455.256958 
278 	 41.678688 	 283.323761 	 283.055725 	 1.472749 	 99213.546875 	 492.221375 
279 	 41.678688 	 283.323761 	 284.025513 	 3.185137 	 98169.468750 	 456.884338 
280 	 41.678688 	 283.323761 	 278.863495 	 4.255338 	 98354.679688 	 489.754150 
281 	 41.678688 	 283.323761 	 278.084229 	 2.657965 	 99076.492188 	 409.267212 
282 	 41.678688 	 283.323761 	 284.799194 	 3.265579 	 98572.460938 	 503.504944 
283 	 41.678688 	 283.323761 	 283.617065 	 1.237901 	 99585.882812 	 488.368042 
284 	 41.678688 	 283.323761 	 288.188690 	 2.329437 	 99871.703125 	 503.957367 
285 	 41.678688 	 283.323761 	 292.448059 	 1.087291 	 99861.476562 	 520.704590 
286 	 41.678688 	 283.323761 	 293.252716 	 2.277341 	 99541.203125 	 502.439819 
287 	 41.678688 	 283.323761 	 293.791229 	 2.306472 	 98898.593750 	 510.411530 
288 	 41.678688 	 283.323761 	 292.930481 	 1.173004 	 99065.046875 	 521.762024 
289 	 41.678688 	 283.323761 	 293.265381 	 2.156557 	 99422.109375 	 449.282684 
290 	 41.678688 	 283.323761 	 293.926788 	 2.307731 	 98947.718750 	 538.951721 
291 	 41.678688 	 283.323761 	 293.038269 	 0.895260 	 99244.046875 	 477.539825 
292 	 41.678688 	 283.323761 	 289.318787 	 4.144014 	 98725.203125 	 443.920776 
293 	 41.678688 	 283.323761 	 276.805328 	 5.560710 	 99381.851562 	 435.379517 
294 	 41.678688 	 283.323761 	 279.971893 	 4.577361 	 99043.289062 	 429.128448 
295 	 41.678688 	 283.323761 	 280.393005 	 1.927634 	 99194.351562 	 423.211975 
296 	 41.678688 	 283.323761 	 281.938995 	 1.992444 	 99369.117188 	 439.385925 
297 	 41.678688 	 283.323761 	 281.732544 	 1.665665 	 99615.710938 	 411.643951 
298 	 41.678688 	 283.323761 	 280.645416 	 0.575756 	 99603.968750 	 428.638000 
299 	 41.678688 	 283.323761 	 281.668610 	 0.491600 	 99411.539062 	 443.377991 
300 	 41.678688 	 283.323761 	 283.234985 	 1.326691 	 99329.906250 	 402.983032 
301 	 41.678688 	 283.323761 	 284.880707 	 2.523772 	 99167.882812 	 391.765564 
302 	 41.678688 	 283.323761 	 286.541412 	 2.707557 	 98566.750000 	 450.779541 
303 	 41.678688 	 283.323761 	 281.776154 	 3.443197 	 98577.078125 	 422.950897 
304 	 41.678688 	 283.323761 	 282.992828 	 1.661704 	 98968.351562 	 430.481812 
305 	 41.678688 	 283.323761 	 289.023804 	 3.835985 	 98657.140625 	 459.950745 
306 	 41.678688 	 283.323761 	 277.904541 	 4.759860 	 99050.781250 	 395.573792 
307 	 41.678688 	 283.323761 	 273.384827 	 1.358251 	 100169.296875 	 377.757355 
308 	 41.678688 	 283.323761 	 275.683899 	 3.407214 	 100045.296875 	 385.259491 
309 	 41.678688 	 283.323761 	 280.592224 	 2.461584 	 99450.437500 	 350.003235 
310 	 41.678688 	 283.323761 	 278.015289 	 1.725565 	 99387.023438 	 377.303436 
311 	 41.678688 	 283.323761 	 277.396667 	 0.924969 	 99168.851562 	 413.695435 
312 	 41.678688 	 283.323761 	 276.400421 	 2.413024 	 97383.343750 	 341.267609 
313 	 41.678688 	 283.323761 	 275.638580 	 4.052094 	 96940.250000 	 403.840698 
314 	 41.678688 	 283.323761 	 272.996643 	 2.273048 	 99215.773438 	 365.894836 
315 	 41.678688 	 283.323761 	 274.258423 	 2.893208 	 100263.601562 	 377.181091 
316 	 41.678688 	 283.323761 	 283.985779 	 4.817344 	 99350.843750 	 436.448578 
317 	 41.678688 	 283.323761 	 286.290100 	 3.640455 	 99190.453125 	 446.374542 
318 	 41.678688 	 283.323761 	 287.103424 	 4.892821 	 99309.390625 	 408.004181 
319 	 41.678688 	 283.323761 	 290.835541 	 3.395752 	 98845.250000 	 407.225189 
320 	 41.678688 	 283.323761 	 282.553986 	 2.619287 	 98788.226562 	 403.531464 
321 	 41.678688 	 283.323761 	 278.740448 	 1.636621 	 99645.218750 	 367.316406 
322 	 41.678688 	 283.323761 	 278.573242 	 2.098539 	 100086.898438 	 381.973877 
323 	 41.678688 	 283.323761 	 283.674866 	 3.929415 	 99603.718750 	 413.909546 
324 	 41.678688 	 283.323761 	 286.950287 	 3.681843 	 99141.968750 	 416.427734 
325 	 41.678688 	 283.323761 	 280.585602 	 2.664281 	 99963.593750 	 380.423157 
326 	 41.678688 	 283.323761 	 286.778381 	 3.312554 	 99439.000000 	 423.944763 
327 	 41.678688 	 283.323761 	 287.892334 	 2.077956 	 99535.898438 	 417.635132 
328 	 41.678688 	 283.323761 	 288.366608 	 4.879705 	 98117.148438 	 398.844727 
329 	 41.678688 	 283.323761 	 279.031921 	 2.203898 	 98554.406250 	 352.563568 
330 	 41.678688 	 283.323761 	 280.657257 	 4.340288 	 98714.617188 	 342.133820 
331 	 41.678688 	 283.323761 	 276.282532 	 1.926463 	 99182.343750 	 348.555115 
332 	 41.678688 	 283.323761 	 275.855133 	 1.363667 	 99346.078125 	 364.058289 
333 	 41.678688 	 283.323761 	 275.264343 	 1.337638 	 99415.359375 	 347.250366 
334 	 41.678688 	 283.323761 	 275.520111 	 2.055461 	 99837.617188 	 328.998962 
335 	 41.678688 	 283.323761 	 272.205353 	 1.459571 	 100479.601562 	 333.287842 
336 	 41.678688 	 283.323761 	 275.745117 	 3.513807 	 99792.976562 	 327.634033 
337 	 41.678688 	 283.323761 	 281.009735 	 2.940121 	 99067.703125 	 385.084473 
338 	 41.678688 	 283.323761 	 281.214783 	 3.275032 	 99096.046875 	 376.094025 
339 	 41.678688 	 283.323761 	 287.652283 	 5.845579 	 98665.140625 	 401.155945 
340 	 41.678688 	 283.323761 	 286.503143 	 5.334202 	 98142.078125 	 381.706482 
341 	 41.678688 	 283.323761 	 276.184692 	 1.452753 	 99270.492188 	 327.992584 
342 	 41.678688 	 283.323761 	 274.707397 	 1.923153 	 99339.390625 	 325.321869 
343 	 41.678688 	 283.323761 	 271.112183 	 1.698135 	 99913.296875 	 315.025513 
344 	 41.678688 	 283.323761 	 274.626923 	 2.223874 	 99351.726562 	 344.982819 
345 	 41.678688 	 283.323761 	 276.674683 	 2.729049 	 98906.132812 	 313.756256 
346 	 41.678688 	 283.323761 	 277.236481 	 1.972431 	 97970.437500 	 328.256561 
347 	 41.678688 	 283.323761 	 276.652588 	 4.089129 	 97010.156250 	 381.794403 
348 	 41.678688 	 283.323761 	 276.066254 	 3.671082 	 98662.226562 	 337.156799 
349 	 41.678688 	 283.323761 	 273.209045 	 2.908944 	 98576.312500 	 352.657898 
350 	 41.678688 	 283.323761 	 272.486023 	 3.969415 	 98487.273438 	 321.937134 
351 	 41.678688 	 283.323761 	 278.152863 	 3.442688 	 99032.406250 	 347.993774 
352 	 41.678688 	 283.323761 	 277.697754 	 3.077333 	 99415.523438 	 341.212402 
353 	 41.678688 	 283.323761 	 273.422424 	 2.628460 	 100925.703125 	 338.312744 
354 	 41.678688 	 283.323761 	 274.590698 	 3.176015 	 100394.296875 	 332.122498 
355 	 41.678688 	 283.323761 	 277.873505 	 2.589802 	 99090.257812 	 357.499329 
356 	 41.678688 	 283.323761 	 276.194366 	 1.661669 	 99199.742188 	 344.646576 
357 	 41.678688 	 283.323761 	 279.562866 	 4.632389 	 98834.000000 	 349.572632 
358 	 41.678688 	 283.323761 	 280.441284 	 4.905686 	 98154.882812 	 366.656586 
359 	 41.678688 	 283.323761 	 273.815857 	 3.200318 	 99421.640625 	 324.200562 
360 	 41.678688 	 283.323761 	 278.623108 	 3.656982 	 99170.109375 	 336.747314 
361 	 41.678688 	 283.323761 	 274.271332 	 1.530319 	 99956.992188 	 320.384766 
362 	 41.678688 	 283.323761 	 276.683990 	 2.320957 	 99840.156250 	 359.126129 
363 	 41.678688 	 283.323761 	 282.227478 	 2.902998 	 99181.609375 	 378.917053 
364 	 41.678688 	 283.323761 	 283.350769 	 1.629334 	 98883.296875 	 389.387970 
