# 0: Day of Year [-] 	 1: lat [deg] 	 2: lon [deg] 	 3: tas [K] 	 4: sfcWind [m s-1] 	 5: ps [Pa] 	 6: Total Downwelling Rad Flux [W m-2] 
0 	 41.678688 	 283.323761 	 267.052124 	 3.137306 	 98016.367188 	 299.258240 
1 	 41.678688 	 283.323761 	 272.692139 	 1.749543 	 98391.382812 	 335.292480 
2 	 41.678688 	 283.323761 	 275.794220 	 3.233785 	 98034.531250 	 333.489014 
3 	 41.678688 	 283.323761 	 271.317261 	 2.912377 	 96313.648438 	 334.430511 
4 	 41.678688 	 283.323761 	 268.282959 	 3.569848 	 97006.226562 	 330.484680 
5 	 41.678688 	 283.323761 	 267.175568 	 2.036263 	 98225.257812 	 311.567932 
6 	 41.678688 	 283.323761 	 265.356720 	 2.008583 	 98423.976562 	 288.525818 
7 	 41.678688 	 283.323761 	 266.008667 	 2.157504 	 98224.593750 	 335.338226 
8 	 41.678688 	 283.323761 	 265.732758 	 1.079521 	 98641.617188 	 310.391724 
9 	 41.678688 	 283.323761 	 265.537048 	 1.966348 	 98802.750000 	 332.094696 
10 	 41.678688 	 283.323761 	 264.634125 	 1.938482 	 99103.320312 	 305.957825 
11 	 41.678688 	 283.323761 	 267.016876 	 2.787864 	 99192.382812 	 330.659302 
12 	 41.678688 	 283.323761 	 268.112366 	 2.208361 	 99806.093750 	 323.580780 
13 	 41.678688 	 283.323761 	 263.822174 	 0.917405 	 100207.898438 	 305.003967 
14 	 41.678688 	 283.323761 	 273.277710 	 1.747705 	 99663.679688 	 370.418579 
15 	 41.678688 	 283.323761 	 271.394287 	 2.191785 	 98794.226562 	 335.906677 
16 	 41.678688 	 283.323761 	 274.068848 	 2.149776 	 98055.921875 	 358.454224 
17 	 41.678688 	 283.323761 	 273.209076 	 2.802017 	 98157.023438 	 345.739594 
18 	 41.678688 	 283.323761 	 269.704865 	 1.595379 	 99511.546875 	 341.062134 
19 	 41.678688 	 283.323761 	 271.020020 	 2.217266 	 100077.398438 	 342.821442 
20 	 41.678688 	 283.323761 	 275.972961 	 2.112132 	 99821.859375 	 354.164856 
21 	 41.678688 	 283.323761 	 278.357544 	 2.088972 	 99165.640625 	 353.167664 
22 	 41.678688 	 283.323761 	 275.289337 	 2.711189 	 98487.382812 	 381.374969 
23 	 41.678688 	 283.323761 	 272.872833 	 1.674106 	 98204.046875 	 333.248871 
24 	 41.678688 	 283.323761 	 278.423340 	 2.059097 	 97669.812500 	 348.167938 
25 	 41.678688 	 283.323761 	 280.071930 	 4.466340 	 97399.828125 	 359.210449 
26 	 41.678688 	 283.323761 	 274.992889 	 3.939884 	 97709.093750 	 358.762421 
27 	 41.678688 	 283.323761 	 273.099030 	 2.556504 	 97987.773438 	 339.121429 
28 	 41.678688 	 283.323761 	 270.788879 	 3.012471 	 98116.898438 	 383.850769 
29 	 41.678688 	 283.323761 	 269.018890 	 3.262491 	 98873.031250 	 353.108459 
30 	 41.678688 	 283.323761 	 269.747314 	 1.517969 	 99752.750000 	 349.714722 
31 	 41.678688 	 283.323761 	 273.376862 	 2.801471 	 99416.671875 	 327.277954 
32 	 41.678688 	 283.323761 	 278.022522 	 4.518236 	 97972.031250 	 353.247345 
33 	 41.678688 	 283.323761 	 274.445984 	 3.897144 	 97569.687500 	 402.192139 
34 	 41.678688 	 283.323761 	 271.403107 	 3.522064 	 98639.476562 	 321.094055 
35 	 41.678688 	 283.323761 	 268.163483 	 3.648353 	 98846.546875 	 336.749695 
36 	 41.678688 	 283.323761 	 269.809479 	 3.263808 	 98608.429688 	 346.267517 
37 	 41.678688 	 283.323761 	 271.542206 	 1.540333 	 98529.476562 	 345.502075 
38 	 41.678688 	 283.323761 	 273.683777 	 2.195140 	 97898.976562 	 366.481659 
39 	 41.678688 	 283.323761 	 269.207062 	 4.469555 	 97170.320312 	 339.023071 
40 	 41.678688 	 283.323761 	 266.912720 	 3.331764 	 99049.062500 	 358.168274 
41 	 41.678688 	 283.323761 	 271.390198 	 2.667985 	 100031.601562 	 377.353271 
42 	 41.678688 	 283.323761 	 276.348969 	 4.121974 	 100255.796875 	 363.607971 
43 	 41.678688 	 283.323761 	 282.712250 	 5.635370 	 99552.718750 	 367.987366 
44 	 41.678688 	 283.323761 	 284.774963 	 6.194665 	 98544.460938 	 385.280304 
45 	 41.678688 	 283.323761 	 282.856293 	 3.825948 	 97231.070312 	 429.252502 
46 	 41.678688 	 283.323761 	 275.006622 	 2.506077 	 96988.539062 	 404.870178 
47 	 41.678688 	 283.323761 	 278.063751 	 3.520610 	 97552.093750 	 436.661133 
48 	 41.678688 	 283.323761 	 278.630920 	 2.345032 	 98262.171875 	 411.479797 
49 	 41.678688 	 283.323761 	 284.801971 	 3.031811 	 96671.609375 	 434.631042 
50 	 41.678688 	 283.323761 	 278.399536 	 3.307487 	 96358.359375 	 428.021301 
51 	 41.678688 	 283.323761 	 276.599487 	 2.810233 	 97867.382812 	 406.923431 
52 	 41.678688 	 283.323761 	 278.496063 	 1.754411 	 99033.546875 	 402.123169 
53 	 41.678688 	 283.323761 	 284.457581 	 5.203856 	 99078.531250 	 388.974121 
54 	 41.678688 	 283.323761 	 280.965240 	 6.056135 	 97680.929688 	 429.694580 
55 	 41.678688 	 283.323761 	 276.298096 	 3.993840 	 98306.148438 	 383.326538 
56 	 41.678688 	 283.323761 	 274.547607 	 3.182564 	 98366.281250 	 375.808563 
57 	 41.678688 	 283.323761 	 273.910461 	 3.126557 	 98214.703125 	 425.156921 
58 	 41.678688 	 283.323761 	 272.594177 	 1.513258 	 98992.476562 	 415.670349 
59 	 41.678688 	 283.323761 	 274.591095 	 2.157834 	 98583.953125 	 346.266083 
60 	 41.678688 	 283.323761 	 276.350006 	 3.541833 	 98103.296875 	 477.847992 
61 	 41.678688 	 283.323761 	 275.863098 	 2.715767 	 98716.523438 	 405.684296 
62 	 41.678688 	 283.323761 	 279.205109 	 2.862156 	 98027.562500 	 373.801239 
63 	 41.678688 	 283.323761 	 273.688477 	 2.182304 	 97830.226562 	 406.877502 
64 	 41.678688 	 283.323761 	 272.981995 	 2.139699 	 98061.882812 	 391.715881 
65 	 41.678688 	 283.323761 	 272.849152 	 2.049624 	 98251.390625 	 433.804565 
66 	 41.678688 	 283.323761 	 276.083069 	 4.072513 	 97444.929688 	 364.838379 
67 	 41.678688 	 283.323761 	 273.808014 	 4.265882 	 97855.203125 	 451.794128 
68 	 41.678688 	 283.323761 	 271.716736 	 3.144187 	 98776.406250 	 432.774963 
69 	 41.678688 	 283.323761 	 273.584229 	 1.085910 	 98725.843750 	 388.311279 
70 	 41.678688 	 283.323761 	 277.237549 	 1.788220 	 98507.093750 	 396.992889 
71 	 41.678688 	 283.323761 	 275.781616 	 1.531390 	 98758.523438 	 399.942505 
72 	 41.678688 	 283.323761 	 280.592255 	 4.727510 	 98142.281250 	 473.676697 
73 	 41.678688 	 283.323761 	 278.905029 	 4.292220 	 97182.140625 	 460.347839 
74 	 41.678688 	 283.323761 	 275.925751 	 3.444457 	 97364.562500 	 464.288208 
75 	 41.678688 	 283.323761 	 275.682770 	 3.137227 	 97396.312500 	 425.268616 
76 	 41.678688 	 283.323761 	 276.125000 	 2.682318 	 97980.328125 	 488.746002 
77 	 41.678688 	 283.323761 	 278.888489 	 1.254767 	 98407.843750 	 485.621277 
78 	 41.678688 	 283.323761 	 287.699799 	 3.312690 	 98099.882812 	 509.387817 
79 	 41.678688 	 283.323761 	 288.999481 	 2.063980 	 97626.703125 	 495.997589 
80 	 41.678688 	 283.323761 	 287.176453 	 3.242614 	 97259.257812 	 471.830078 
81 	 41.678688 	 283.323761 	 285.077484 	 2.649110 	 97262.820312 	 520.113037 
82 	 41.678688 	 283.323761 	 282.004150 	 2.596136 	 96203.906250 	 367.379578 
83 	 41.678688 	 283.323761 	 275.457367 	 5.381886 	 96432.390625 	 459.524170 
84 	 41.678688 	 283.323761 	 278.506622 	 3.969353 	 97653.257812 	 496.986725 
85 	 41.678688 	 283.323761 	 283.016479 	 3.134810 	 98407.812500 	 475.427124 
86 	 41.678688 	 283.323761 	 286.762604 	 4.117203 	 98035.640625 	 538.102173 
87 	 41.678688 	 283.323761 	 285.164703 	 2.762923 	 97659.476562 	 484.869324 
88 	 41.678688 	 283.323761 	 279.797394 	 2.515360 	 98171.781250 	 403.137573 
89 	 41.678688 	 283.323761 	 279.108276 	 2.925866 	 98174.960938 	 481.055115 
90 	 41.678688 	 283.323761 	 277.248016 	 1.439350 	 98931.726562 	 511.718079 
91 	 41.678688 	 283.323761 	 278.867676 	 2.787847 	 99005.890625 	 402.642151 
92 	 41.678688 	 283.323761 	 282.587646 	 2.659151 	 97616.789062 	 454.965851 
93 	 41.678688 	 283.323761 	 281.247589 	 4.765366 	 95772.476562 	 437.841492 
94 	 41.678688 	 283.323761 	 281.496979 	 6.560070 	 96053.046875 	 536.262451 
95 	 41.678688 	 283.323761 	 283.964294 	 2.233390 	 98052.210938 	 531.968750 
96 	 41.678688 	 283.323761 	 288.779694 	 3.344822 	 98333.500000 	 455.750305 
97 	 41.678688 	 283.323761 	 282.527863 	 3.568505 	 98450.296875 	 541.903015 
98 	 41.678688 	 283.323761 	 278.273621 	 2.685255 	 98764.453125 	 526.142761 
99 	 41.678688 	 283.323761 	 280.988770 	 3.294907 	 98651.023438 	 379.446808 
100 	 41.678688 	 283.323761 	 281.913208 	 1.856358 	 97914.460938 	 437.198822 
101 	 41.678688 	 283.323761 	 280.542816 	 2.593259 	 98664.960938 	 534.014526 
102 	 41.678688 	 283.323761 	 280.584351 	 3.115536 	 99178.171875 	 388.464600 
103 	 41.678688 	 283.323761 	 279.237366 	 3.832142 	 97322.781250 	 399.362488 
104 	 41.678688 	 283.323761 	 280.220184 	 5.224329 	 97262.312500 	 586.587036 
105 	 41.678688 	 283.323761 	 282.993683 	 2.977143 	 98405.843750 	 563.995544 
106 	 41.678688 	 283.323761 	 282.516968 	 3.303513 	 98585.062500 	 425.355103 
107 	 41.678688 	 283.323761 	 286.137329 	 3.014373 	 97423.593750 	 467.663086 
108 	 41.678688 	 283.323761 	 281.247467 	 2.905616 	 97065.390625 	 396.076050 
109 	 41.678688 	 283.323761 	 280.012726 	 4.207557 	 97722.820312 	 456.968842 
110 	 41.678688 	 283.323761 	 281.765900 	 2.828635 	 99057.773438 	 575.230713 
111 	 41.678688 	 283.323761 	 280.548157 	 1.300715 	 99859.242188 	 511.167480 
112 	 41.678688 	 283.323761 	 284.007568 	 2.612820 	 99848.601562 	 485.723694 
113 	 41.678688 	 283.323761 	 284.409088 	 3.336595 	 99957.093750 	 479.709808 
114 	 41.678688 	 283.323761 	 287.790771 	 4.482716 	 99908.796875 	 465.650055 
115 	 41.678688 	 283.323761 	 290.067688 	 3.027068 	 99184.468750 	 493.150635 
116 	 41.678688 	 283.323761 	 289.980682 	 2.851847 	 98657.921875 	 634.433228 
117 	 41.678688 	 283.323761 	 286.925629 	 1.642819 	 99322.617188 	 611.761536 
118 	 41.678688 	 283.323761 	 288.515625 	 2.886984 	 99187.281250 	 619.689697 
119 	 41.678688 	 283.323761 	 290.229797 	 2.552759 	 98512.226562 	 523.820801 
120 	 41.678688 	 283.323761 	 285.657745 	 3.505975 	 98347.171875 	 547.284607 
121 	 41.678688 	 283.323761 	 281.317108 	 3.331024 	 98829.226562 	 584.474304 
122 	 41.678688 	 283.323761 	 283.382294 	 2.064212 	 99069.039062 	 529.132874 
123 	 41.678688 	 283.323761 	 294.752502 	 3.940632 	 98062.843750 	 653.506165 
124 	 41.678688 	 283.323761 	 292.331543 	 3.200235 	 98180.656250 	 558.346802 
125 	 41.678688 	 283.323761 	 290.030945 	 2.372191 	 99169.617188 	 644.052612 
126 	 41.678688 	 283.323761 	 293.997803 	 3.669772 	 98796.968750 	 647.305298 
127 	 41.678688 	 283.323761 	 293.216949 	 3.464786 	 98519.640625 	 646.730530 
128 	 41.678688 	 283.323761 	 292.910339 	 4.523380 	 98012.851562 	 458.958557 
129 	 41.678688 	 283.323761 	 288.547211 	 1.589176 	 98087.546875 	 628.342651 
130 	 41.678688 	 283.323761 	 286.759766 	 1.903076 	 98184.796875 	 445.872223 
131 	 41.678688 	 283.323761 	 283.497711 	 1.591768 	 97576.429688 	 438.580719 
132 	 41.678688 	 283.323761 	 284.386627 	 3.070064 	 97739.406250 	 395.837158 
133 	 41.678688 	 283.323761 	 288.803894 	 1.081433 	 97837.398438 	 576.737183 
134 	 41.678688 	 283.323761 	 288.836517 	 2.914253 	 97828.148438 	 621.996216 
135 	 41.678688 	 283.323761 	 284.902405 	 3.590842 	 98223.148438 	 536.372498 
136 	 41.678688 	 283.323761 	 287.127747 	 3.515035 	 98360.140625 	 655.191162 
137 	 41.678688 	 283.323761 	 290.577637 	 2.704983 	 98599.382812 	 659.381226 
138 	 41.678688 	 283.323761 	 292.737579 	 1.911755 	 98621.398438 	 666.848511 
139 	 41.678688 	 283.323761 	 293.493317 	 2.013115 	 98460.960938 	 586.887085 
140 	 41.678688 	 283.323761 	 293.318939 	 1.227600 	 98930.882812 	 687.648499 
141 	 41.678688 	 283.323761 	 295.583893 	 1.105686 	 98707.937500 	 704.032959 
142 	 41.678688 	 283.323761 	 297.107178 	 2.565917 	 98089.312500 	 706.795654 
143 	 41.678688 	 283.323761 	 298.192566 	 1.753456 	 98299.812500 	 707.249023 
144 	 41.678688 	 283.323761 	 297.085358 	 3.313447 	 98457.796875 	 686.950134 
145 	 41.678688 	 283.323761 	 299.212921 	 3.638493 	 98125.601562 	 722.057861 
146 	 41.678688 	 283.323761 	 294.095642 	 1.837718 	 98293.117188 	 457.895599 
147 	 41.678688 	 283.323761 	 291.110748 	 3.226952 	 98788.656250 	 683.926270 
148 	 41.678688 	 283.323761 	 289.941711 	 1.284369 	 98608.343750 	 593.113281 
149 	 41.678688 	 283.323761 	 290.280182 	 2.013246 	 98824.843750 	 674.569519 
150 	 41.678688 	 283.323761 	 293.178223 	 2.085447 	 99067.421875 	 672.925171 
151 	 41.678688 	 283.323761 	 297.092041 	 2.819562 	 98534.976562 	 706.614258 
152 	 41.678688 	 283.323761 	 297.601929 	 3.369883 	 98224.046875 	 608.944458 
153 	 41.678688 	 283.323761 	 294.708069 	 1.972654 	 98789.843750 	 707.715271 
154 	 41.678688 	 283.323761 	 296.443878 	 3.412307 	 99007.328125 	 664.966064 
155 	 41.678688 	 283.323761 	 298.455933 	 2.163801 	 98647.281250 	 707.377197 
156 	 41.678688 	 283.323761 	 299.236176 	 3.053725 	 98198.671875 	 711.583862 
157 	 41.678688 	 283.323761 	 296.418579 	 4.187084 	 97821.203125 	 679.990540 
158 	 41.678688 	 283.323761 	 290.414642 	 2.554441 	 98582.171875 	 675.567627 
159 	 41.678688 	 283.323761 	 292.033325 	 3.245037 	 98526.539062 	 667.476501 
160 	 41.678688 	 283.323761 	 296.313080 	 4.884381 	 97586.843750 	 721.277771 
161 	 41.678688 	 283.323761 	 291.167999 	 2.482643 	 98351.093750 	 602.911621 
162 	 41.678688 	 283.323761 	 290.687775 	 1.514152 	 98466.890625 	 655.485168 
163 	 41.678688 	 283.323761 	 290.794769 	 1.995601 	 99291.187500 	 664.159546 
164 	 41.678688 	 283.323761 	 293.579498 	 5.423189 	 99210.523438 	 600.442017 
165 	 41.678688 	 283.323761 	 295.777496 	 3.609411 	 98709.429688 	 652.162170 
166 	 41.678688 	 283.323761 	 298.711029 	 1.542578 	 98648.648438 	 727.712097 
167 	 41.678688 	 283.323761 	 301.266754 	 3.190669 	 98387.359375 	 745.077881 
168 	 41.678688 	 283.323761 	 300.526062 	 2.166422 	 98258.609375 	 722.968018 
169 	 41.678688 	 283.323761 	 301.274017 	 2.388510 	 98080.703125 	 683.523987 
170 	 41.678688 	 283.323761 	 299.640717 	 3.230819 	 97996.796875 	 643.103027 
171 	 41.678688 	 283.323761 	 295.174347 	 3.492834 	 98417.250000 	 630.643982 
172 	 41.678688 	 283.323761 	 292.006042 	 2.514716 	 99017.820312 	 675.270813 
173 	 41.678688 	 283.323761 	 293.050720 	 0.977281 	 99097.992188 	 690.418579 
174 	 41.678688 	 283.323761 	 297.453949 	 1.869730 	 98660.609375 	 705.269287 
175 	 41.678688 	 283.323761 	 298.546204 	 1.095595 	 98387.210938 	 724.431152 
176 	 41.678688 	 283.323761 	 300.146790 	 1.707090 	 98470.703125 	 733.081787 
177 	 41.678688 	 283.323761 	 301.383789 	 1.715897 	 98566.476562 	 729.602112 
178 	 41.678688 	 283.323761 	 300.353271 	 2.165173 	 98459.953125 	 611.100342 
179 	 41.678688 	 283.323761 	 298.541931 	 1.942194 	 98471.953125 	 676.164490 
180 	 41.678688 	 283.323761 	 298.518524 	 2.058327 	 97786.203125 	 729.165894 
181 	 41.678688 	 283.323761 	 295.773560 	 2.442507 	 97534.796875 	 563.401855 
182 	 41.678688 	 283.323761 	 293.334351 	 3.561623 	 98011.078125 	 671.931274 
183 	 41.678688 	 283.323761 	 290.902130 	 1.776902 	 98623.906250 	 579.698120 
184 	 41.678688 	 283.323761 	 288.895721 	 3.110886 	 98284.296875 	 406.848358 
185 	 41.678688 	 283.323761 	 289.769257 	 3.921175 	 97864.406250 	 458.236450 
186 	 41.678688 	 283.323761 	 290.762238 	 3.713045 	 98054.609375 	 516.637512 
187 	 41.678688 	 283.323761 	 293.798431 	 2.687387 	 98392.367188 	 692.059692 
188 	 41.678688 	 283.323761 	 293.363617 	 1.409878 	 98772.398438 	 641.235596 
189 	 41.678688 	 283.323761 	 298.271454 	 3.976714 	 98451.578125 	 717.975342 
190 	 41.678688 	 283.323761 	 300.224518 	 1.216451 	 98162.406250 	 737.435303 
191 	 41.678688 	 283.323761 	 302.244476 	 1.693364 	 98191.140625 	 738.083862 
192 	 41.678688 	 283.323761 	 299.095062 	 3.570529 	 98284.132812 	 652.315552 
193 	 41.678688 	 283.323761 	 295.510864 	 1.710294 	 98829.593750 	 692.671631 
194 	 41.678688 	 283.323761 	 298.481293 	 2.993135 	 98518.992188 	 705.838013 
195 	 41.678688 	 283.323761 	 297.804199 	 4.403152 	 98131.679688 	 720.718323 
196 	 41.678688 	 283.323761 	 292.504822 	 2.028651 	 98904.046875 	 673.596741 
197 	 41.678688 	 283.323761 	 296.742340 	 3.963453 	 98764.101562 	 627.254517 
198 	 41.678688 	 283.323761 	 302.082275 	 1.736405 	 98570.210938 	 725.639648 
199 	 41.678688 	 283.323761 	 299.810638 	 1.470409 	 98580.406250 	 689.508057 
200 	 41.678688 	 283.323761 	 300.580963 	 4.668452 	 97527.007812 	 669.912720 
201 	 41.678688 	 283.323761 	 294.408844 	 4.096723 	 97746.226562 	 682.632385 
202 	 41.678688 	 283.323761 	 293.758942 	 1.002752 	 98590.250000 	 680.937439 
203 	 41.678688 	 283.323761 	 293.753876 	 2.091339 	 98857.953125 	 451.905884 
204 	 41.678688 	 283.323761 	 299.522614 	 4.749485 	 98818.046875 	 666.975769 
205 	 41.678688 	 283.323761 	 300.342957 	 2.809286 	 98907.570312 	 714.432495 
206 	 41.678688 	 283.323761 	 300.830811 	 3.620435 	 99200.703125 	 684.501831 
207 	 41.678688 	 283.323761 	 299.463959 	 2.487071 	 99226.578125 	 608.518066 
208 	 41.678688 	 283.323761 	 298.447540 	 1.945492 	 99185.851562 	 680.703735 
209 	 41.678688 	 283.323761 	 297.617157 	 2.192131 	 98852.382812 	 640.649414 
210 	 41.678688 	 283.323761 	 298.256012 	 2.237681 	 98480.812500 	 689.808167 
211 	 41.678688 	 283.323761 	 302.325928 	 3.146466 	 98186.617188 	 724.639282 
212 	 41.678688 	 283.323761 	 301.577820 	 2.479132 	 98177.132812 	 669.395874 
213 	 41.678688 	 283.323761 	 299.137146 	 2.675744 	 98176.453125 	 580.207642 
214 	 41.678688 	 283.323761 	 295.199860 	 4.362831 	 98583.203125 	 698.322266 
215 	 41.678688 	 283.323761 	 293.735504 	 1.586612 	 99017.062500 	 665.948364 
216 	 41.678688 	 283.323761 	 295.054779 	 1.049026 	 98949.789062 	 676.916565 
217 	 41.678688 	 283.323761 	 298.285034 	 2.689716 	 98786.843750 	 691.399536 
218 	 41.678688 	 283.323761 	 299.692108 	 2.457977 	 98913.921875 	 694.090515 
219 	 41.678688 	 283.323761 	 300.743256 	 1.640890 	 98965.523438 	 702.212463 
220 	 41.678688 	 283.323761 	 301.409027 	 1.669576 	 98819.687500 	 701.512085 
221 	 41.678688 	 283.323761 	 301.187683 	 1.644881 	 98526.851562 	 699.063477 
222 	 41.678688 	 283.323761 	 296.963318 	 1.216743 	 98611.289062 	 524.081421 
223 	 41.678688 	 283.323761 	 297.235687 	 2.518702 	 99128.960938 	 682.877075 
224 	 41.678688 	 283.323761 	 296.586517 	 1.824516 	 98979.562500 	 658.616699 
225 	 41.678688 	 283.323761 	 297.526306 	 2.168437 	 98740.718750 	 644.976990 
226 	 41.678688 	 283.323761 	 297.894104 	 0.813950 	 98997.476562 	 642.334167 
227 	 41.678688 	 283.323761 	 298.651703 	 0.897039 	 99344.382812 	 679.252625 
228 	 41.678688 	 283.323761 	 299.017426 	 1.738037 	 99260.226562 	 634.595459 
229 	 41.678688 	 283.323761 	 298.417694 	 2.021203 	 98995.273438 	 630.696777 
230 	 41.678688 	 283.323761 	 298.663635 	 1.174922 	 98821.468750 	 675.480042 
231 	 41.678688 	 283.323761 	 300.373749 	 1.663876 	 98782.578125 	 709.825439 
232 	 41.678688 	 283.323761 	 300.804749 	 0.874805 	 98975.929688 	 679.008850 
233 	 41.678688 	 283.323761 	 302.483368 	 1.322064 	 99061.671875 	 681.068787 
234 	 41.678688 	 283.323761 	 301.739807 	 0.926806 	 98876.328125 	 686.622070 
235 	 41.678688 	 283.323761 	 301.296600 	 1.996016 	 98876.062500 	 685.658020 
236 	 41.678688 	 283.323761 	 298.608490 	 3.483257 	 98813.890625 	 647.070557 
237 	 41.678688 	 283.323761 	 298.238617 	 3.348338 	 98568.476562 	 648.664673 
238 	 41.678688 	 283.323761 	 301.594330 	 2.246511 	 98371.218750 	 704.248230 
239 	 41.678688 	 283.323761 	 303.422546 	 2.098837 	 98433.046875 	 686.919800 
240 	 41.678688 	 283.323761 	 300.641571 	 2.514604 	 98939.546875 	 663.166504 
241 	 41.678688 	 283.323761 	 295.879150 	 1.392376 	 99186.671875 	 612.535645 
242 	 41.678688 	 283.323761 	 299.393036 	 2.589432 	 98782.656250 	 647.133118 
243 	 41.678688 	 283.323761 	 301.631989 	 3.360365 	 98120.117188 	 526.057129 
244 	 41.678688 	 283.323761 	 301.129486 	 1.666738 	 98308.226562 	 648.963013 
245 	 41.678688 	 283.323761 	 292.090057 	 2.515649 	 98986.343750 	 467.006165 
246 	 41.678688 	 283.323761 	 288.273560 	 3.114041 	 99503.476562 	 406.472870 
247 	 41.678688 	 283.323761 	 290.491119 	 2.370270 	 99799.382812 	 625.069336 
248 	 41.678688 	 283.323761 	 290.381683 	 1.965520 	 100003.703125 	 548.074829 
249 	 41.678688 	 283.323761 	 292.871033 	 3.120452 	 99549.710938 	 584.255615 
250 	 41.678688 	 283.323761 	 296.036774 	 2.790178 	 98915.960938 	 595.757446 
251 	 41.678688 	 283.323761 	 296.236481 	 1.536822 	 98972.929688 	 605.198669 
252 	 41.678688 	 283.323761 	 296.721863 	 2.191295 	 99519.109375 	 609.899780 
253 	 41.678688 	 283.323761 	 296.515381 	 2.318943 	 99462.898438 	 608.804688 
254 	 41.678688 	 283.323761 	 295.132202 	 2.234246 	 98832.273438 	 568.574951 
255 	 41.678688 	 283.323761 	 290.910675 	 2.102557 	 98561.906250 	 442.814819 
256 	 41.678688 	 283.323761 	 285.035095 	 2.941483 	 98995.562500 	 542.776489 
257 	 41.678688 	 283.323761 	 282.890381 	 1.519413 	 99545.156250 	 531.068848 
258 	 41.678688 	 283.323761 	 285.342773 	 1.885757 	 99672.062500 	 547.574341 
259 	 41.678688 	 283.323761 	 289.638397 	 4.094657 	 98947.039062 	 484.218414 
260 	 41.678688 	 283.323761 	 289.435913 	 2.905597 	 98766.546875 	 581.632629 
261 	 41.678688 	 283.323761 	 285.872498 	 1.122700 	 99780.906250 	 541.263062 
262 	 41.678688 	 283.323761 	 289.584473 	 3.794536 	 99531.906250 	 556.542297 
263 	 41.678688 	 283.323761 	 294.628723 	 3.319224 	 98724.296875 	 583.670410 
264 	 41.678688 	 283.323761 	 294.503754 	 1.670729 	 98784.328125 	 563.890869 
265 	 41.678688 	 283.323761 	 295.414001 	 3.213880 	 98913.429688 	 580.205383 
266 	 41.678688 	 283.323761 	 294.546783 	 4.110480 	 99013.273438 	 504.134216 
267 	 41.678688 	 283.323761 	 291.909882 	 3.406605 	 98388.023438 	 575.781372 
268 	 41.678688 	 283.323761 	 287.282990 	 2.431211 	 98502.570312 	 489.124786 
269 	 41.678688 	 283.323761 	 285.740234 	 2.544380 	 98639.906250 	 508.963379 
270 	 41.678688 	 283.323761 	 287.044220 	 1.978415 	 98673.960938 	 495.075592 
271 	 41.678688 	 283.323761 	 287.512787 	 2.761873 	 99248.187500 	 530.535950 
272 	 41.678688 	 283.323761 	 294.439972 	 2.954019 	 99124.578125 	 535.491089 
273 	 41.678688 	 283.323761 	 296.283813 	 3.507165 	 99223.531250 	 510.346619 
274 	 41.678688 	 283.323761 	 293.408875 	 3.732405 	 98781.796875 	 449.953888 
275 	 41.678688 	 283.323761 	 284.466644 	 3.784294 	 98969.343750 	 419.876038 
276 	 41.678688 	 283.323761 	 285.025421 	 2.283149 	 99403.421875 	 489.114197 
277 	 41.678688 	 283.323761 	 288.888641 	 1.855577 	 98701.109375 	 439.147522 
278 	 41.678688 	 283.323761 	 286.881165 	 2.446496 	 98276.406250 	 454.219482 
279 	 41.678688 	 283.323761 	 289.347931 	 2.437837 	 97532.296875 	 538.862000 
280 	 41.678688 	 283.323761 	 289.369812 	 2.895266 	 97964.773438 	 485.000610 
281 	 41.678688 	 283.323761 	 283.619476 	 3.429429 	 98051.742188 	 460.310669 
282 	 41.678688 	 283.323761 	 282.773621 	 3.652953 	 99104.710938 	 488.219604 
283 	 41.678688 	 283.323761 	 284.216736 	 3.247455 	 99201.257812 	 466.692596 
284 	 41.678688 	 283.323761 	 278.791931 	 2.557142 	 100389.203125 	 465.503235 
285 	 41.678688 	 283.323761 	 276.070312 	 1.374401 	 100811.898438 	 407.747864 
286 	 41.678688 	 283.323761 	 277.084442 	 2.759865 	 100436.500000 	 362.660461 
287 	 41.678688 	 283.323761 	 285.665955 	 3.490491 	 99669.148438 	 502.611725 
288 	 41.678688 	 283.323761 	 289.495422 	 4.321037 	 99114.750000 	 451.556396 
289 	 41.678688 	 283.323761 	 283.655975 	 1.588125 	 99379.648438 	 395.002502 
290 	 41.678688 	 283.323761 	 287.423279 	 3.140005 	 99032.226562 	 441.272583 
291 	 41.678688 	 283.323761 	 291.205811 	 3.071115 	 98515.007812 	 494.367126 
292 	 41.678688 	 283.323761 	 288.305328 	 2.885555 	 99199.531250 	 435.638184 
293 	 41.678688 	 283.323761 	 284.891907 	 3.662310 	 100231.296875 	 439.475952 
294 	 41.678688 	 283.323761 	 288.271332 	 3.637502 	 99127.867188 	 450.937103 
295 	 41.678688 	 283.323761 	 289.919983 	 3.092036 	 98168.226562 	 506.995850 
296 	 41.678688 	 283.323761 	 283.495117 	 1.825553 	 98982.632812 	 368.266327 
297 	 41.678688 	 283.323761 	 283.610413 	 1.510850 	 98403.453125 	 459.673340 
298 	 41.678688 	 283.323761 	 280.444122 	 1.100410 	 98160.859375 	 423.290527 
299 	 41.678688 	 283.323761 	 284.334015 	 3.239038 	 98260.468750 	 379.206879 
300 	 41.678688 	 283.323761 	 282.652252 	 4.440412 	 97264.773438 	 422.917999 
301 	 41.678688 	 283.323761 	 280.448547 	 4.077747 	 97401.828125 	 394.715088 
302 	 41.678688 	 283.323761 	 278.638550 	 3.389380 	 97532.453125 	 366.180115 
303 	 41.678688 	 283.323761 	 277.306305 	 3.442281 	 98362.453125 	 376.389954 
304 	 41.678688 	 283.323761 	 278.483643 	 2.052948 	 99534.976562 	 413.166382 
305 	 41.678688 	 283.323761 	 279.842102 	 3.820328 	 99272.921875 	 370.753571 
306 	 41.678688 	 283.323761 	 283.812531 	 3.234943 	 98515.703125 	 427.435150 
307 	 41.678688 	 283.323761 	 281.618500 	 2.623861 	 98984.750000 	 433.808929 
308 	 41.678688 	 283.323761 	 276.066742 	 1.288332 	 99953.546875 	 395.315887 
309 	 41.678688 	 283.323761 	 280.897186 	 3.512646 	 99970.226562 	 411.509674 
310 	 41.678688 	 283.323761 	 284.648804 	 3.100777 	 99420.546875 	 418.401550 
311 	 41.678688 	 283.323761 	 288.032013 	 4.027097 	 98403.359375 	 444.051697 
312 	 41.678688 	 283.323761 	 281.960541 	 5.036314 	 97383.500000 	 380.871735 
313 	 41.678688 	 283.323761 	 277.842896 	 3.360125 	 99011.796875 	 415.066895 
314 	 41.678688 	 283.323761 	 280.509460 	 5.345441 	 98386.593750 	 414.427094 
315 	 41.678688 	 283.323761 	 278.074097 	 2.493181 	 98251.351562 	 385.991791 
316 	 41.678688 	 283.323761 	 279.423096 	 2.729941 	 98081.320312 	 381.494385 
317 	 41.678688 	 283.323761 	 275.945374 	 1.518348 	 98047.281250 	 362.516754 
318 	 41.678688 	 283.323761 	 274.130249 	 2.774401 	 98608.671875 	 354.063721 
319 	 41.678688 	 283.323761 	 271.886719 	 2.296664 	 99574.210938 	 384.348846 
320 	 41.678688 	 283.323761 	 279.751312 	 4.518075 	 99063.460938 	 392.107117 
321 	 41.678688 	 283.323761 	 284.163177 	 1.928647 	 99257.296875 	 385.478333 
322 	 41.678688 	 283.323761 	 280.790833 	 2.247756 	 99883.476562 	 362.533478 
323 	 41.678688 	 283.323761 	 284.009308 	 5.168884 	 98986.578125 	 387.595001 
324 	 41.678688 	 283.323761 	 280.011139 	 3.672367 	 98002.578125 	 365.612732 
325 	 41.678688 	 283.323761 	 276.383789 	 2.311481 	 98721.500000 	 394.695801 
326 	 41.678688 	 283.323761 	 274.878113 	 2.346176 	 98071.500000 	 387.307953 
327 	 41.678688 	 283.323761 	 271.765259 	 2.413860 	 98031.843750 	 355.794189 
328 	 41.678688 	 283.323761 	 270.234314 	 3.500259 	 98008.117188 	 346.494049 
329 	 41.678688 	 283.323761 	 277.230103 	 4.479264 	 97625.851562 	 342.918945 
330 	 41.678688 	 283.323761 	 277.155579 	 2.266254 	 99120.476562 	 401.492126 
331 	 41.678688 	 283.323761 	 279.922791 	 3.670578 	 98922.921875 	 390.489990 
332 	 41.678688 	 283.323761 	 280.453339 	 3.711684 	 98600.789062 	 402.191956 
333 	 41.678688 	 283.323761 	 274.336731 	 1.680203 	 99600.851562 	 351.545654 
334 	 41.678688 	 283.323761 	 277.370300 	 3.064046 	 99440.890625 	 333.110382 
335 	 41.678688 	 283.323761 	 286.604523 	 3.615175 	 98660.632812 	 405.634460 
336 	 41.678688 	 283.323761 	 285.039917 	 5.305830 	 97134.710938 	 407.590729 
337 	 41.678688 	 283.323761 	 274.187012 	 4.504606 	 97346.046875 	 356.728088 
338 	 41.678688 	 283.323761 	 273.159058 	 3.392919 	 98883.523438 	 331.767273 
339 	 41.678688 	 283.323761 	 271.895416 	 1.594057 	 99786.789062 	 302.941010 
340 	 41.678688 	 283.323761 	 273.559998 	 3.970718 	 98807.671875 	 324.019409 
341 	 41.678688 	 283.323761 	 270.450409 	 4.206767 	 97588.039062 	 352.153320 
342 	 41.678688 	 283.323761 	 268.652710 	 2.062021 	 98748.703125 	 331.825500 
343 	 41.678688 	 283.323761 	 267.509491 	 1.270252 	 99294.617188 	 308.013306 
344 	 41.678688 	 283.323761 	 268.838684 	 1.450970 	 98679.132812 	 315.192657 
345 	 41.678688 	 283.323761 	 272.125580 	 3.688590 	 96729.507812 	 302.950012 
346 	 41.678688 	 283.323761 	 272.545654 	 3.413159 	 95147.281250 	 321.875397 
347 	 41.678688 	 283.323761 	 270.902435 	 3.794164 	 95999.593750 	 328.156189 
348 	 41.678688 	 283.323761 	 267.876099 	 3.332140 	 97424.343750 	 304.575287 
349 	 41.678688 	 283.323761 	 269.270935 	 2.554785 	 98663.578125 	 332.284760 
350 	 41.678688 	 283.323761 	 271.111298 	 1.508826 	 99132.828125 	 328.760712 
351 	 41.678688 	 283.323761 	 274.859192 	 2.896589 	 97713.046875 	 337.558411 
352 	 41.678688 	 283.323761 	 270.790192 	 4.927862 	 96971.296875 	 350.193420 
353 	 41.678688 	 283.323761 	 271.188812 	 3.339724 	 97915.789062 	 321.106995 
354 	 41.678688 	 283.323761 	 272.083801 	 2.331561 	 98567.492188 	 324.169128 
355 	 41.678688 	 283.323761 	 273.154663 	 2.363566 	 98401.242188 	 293.096222 
356 	 41.678688 	 283.323761 	 274.498169 	 2.452657 	 97475.070312 	 372.950256 
357 	 41.678688 	 283.323761 	 270.098083 	 1.400976 	 98115.929688 	 329.120239 
358 	 41.678688 	 283.323761 	 268.683380 	 1.537021 	 99273.953125 	 312.944702 
359 	 41.678688 	 283.323761 	 266.818604 	 2.128235 	 100157.000000 	 287.845795 
360 	 41.678688 	 283.323761 	 276.477448 	 4.050568 	 98143.632812 	 367.787537 
361 	 41.678688 	 283.323761 	 271.960175 	 4.285400 	 98618.812500 	 325.633362 
362 	 41.678688 	 283.323761 	 271.850098 	 0.733002 	 99663.156250 	 343.243896 
363 	 41.678688 	 283.323761 	 277.154144 	 4.517488 	 98660.203125 	 343.813751 
364 	 41.678688 	 283.323761 	 275.538269 	 5.053367 	 96917.179688 	 363.928833 
