# 0: Day of Year [-] 	 1: lat [deg] 	 2: lon [deg] 	 3: tas [K] 	 4: sfcWind [m s-1] 	 5: ps [Pa] 	 6: Total Downwelling Rad Flux [W m-2] 
0 	 41.678688 	 283.323761 	 269.751343 	 2.190142 	 99474.476562 	 304.076172 
1 	 41.678688 	 283.323761 	 272.788544 	 1.770750 	 99063.156250 	 330.774658 
2 	 41.678688 	 283.323761 	 277.738251 	 2.247478 	 98741.460938 	 358.813751 
3 	 41.678688 	 283.323761 	 277.403809 	 1.695719 	 98593.453125 	 345.211792 
4 	 41.678688 	 283.323761 	 272.055176 	 2.360578 	 98518.570312 	 326.396454 
5 	 41.678688 	 283.323761 	 270.753754 	 2.548014 	 98532.843750 	 315.138855 
6 	 41.678688 	 283.323761 	 268.544678 	 2.796379 	 98955.976562 	 349.040833 
7 	 41.678688 	 283.323761 	 269.117920 	 1.811722 	 99343.820312 	 321.766663 
8 	 41.678688 	 283.323761 	 270.641937 	 1.500614 	 98857.570312 	 328.234070 
9 	 41.678688 	 283.323761 	 268.797607 	 1.698534 	 98754.929688 	 344.983582 
10 	 41.678688 	 283.323761 	 267.846069 	 2.716808 	 98447.617188 	 312.048462 
11 	 41.678688 	 283.323761 	 270.967926 	 3.739493 	 97794.789062 	 325.889008 
12 	 41.678688 	 283.323761 	 270.985687 	 3.422567 	 97666.390625 	 313.478210 
13 	 41.678688 	 283.323761 	 273.211792 	 2.144103 	 97980.562500 	 345.478790 
14 	 41.678688 	 283.323761 	 272.361877 	 2.133038 	 98974.710938 	 305.317993 
15 	 41.678688 	 283.323761 	 279.386414 	 2.804989 	 98639.609375 	 391.411865 
16 	 41.678688 	 283.323761 	 276.803864 	 2.161770 	 97775.859375 	 350.007751 
17 	 41.678688 	 283.323761 	 273.087036 	 5.645501 	 97029.507812 	 340.435913 
18 	 41.678688 	 283.323761 	 269.747589 	 2.988828 	 98566.218750 	 317.876282 
19 	 41.678688 	 283.323761 	 269.945526 	 0.898221 	 98998.976562 	 332.536804 
20 	 41.678688 	 283.323761 	 272.491577 	 1.960701 	 98860.867188 	 353.336487 
21 	 41.678688 	 283.323761 	 273.063782 	 1.963691 	 98056.453125 	 370.678345 
22 	 41.678688 	 283.323761 	 269.104919 	 1.860408 	 98420.078125 	 336.817932 
23 	 41.678688 	 283.323761 	 267.324310 	 0.732283 	 98803.148438 	 328.898621 
24 	 41.678688 	 283.323761 	 268.331909 	 1.749749 	 98821.718750 	 336.593597 
25 	 41.678688 	 283.323761 	 269.990143 	 2.792492 	 99145.296875 	 329.819397 
26 	 41.678688 	 283.323761 	 277.520294 	 3.901016 	 98423.031250 	 356.266388 
27 	 41.678688 	 283.323761 	 280.459412 	 3.321162 	 98570.250000 	 410.342712 
28 	 41.678688 	 283.323761 	 282.535950 	 2.864106 	 98767.070312 	 406.451080 
29 	 41.678688 	 283.323761 	 285.359558 	 5.157977 	 98786.953125 	 380.409393 
30 	 41.678688 	 283.323761 	 288.001282 	 4.423095 	 98362.742188 	 406.757111 
31 	 41.678688 	 283.323761 	 285.438354 	 1.390651 	 99089.828125 	 415.284241 
32 	 41.678688 	 283.323761 	 287.898376 	 3.794336 	 99586.156250 	 419.509888 
33 	 41.678688 	 283.323761 	 288.618164 	 4.681183 	 98834.578125 	 429.361969 
34 	 41.678688 	 283.323761 	 283.404083 	 2.732354 	 98338.109375 	 409.810150 
35 	 41.678688 	 283.323761 	 281.466095 	 2.198680 	 97690.906250 	 420.056458 
36 	 41.678688 	 283.323761 	 270.774323 	 2.435961 	 97522.296875 	 349.712646 
37 	 41.678688 	 283.323761 	 268.962952 	 3.101562 	 97459.148438 	 347.336090 
38 	 41.678688 	 283.323761 	 268.063599 	 3.147080 	 97933.726562 	 300.167816 
39 	 41.678688 	 283.323761 	 270.526642 	 3.298605 	 98375.507812 	 377.677124 
40 	 41.678688 	 283.323761 	 273.749969 	 3.291214 	 98538.843750 	 387.546143 
41 	 41.678688 	 283.323761 	 274.356140 	 1.866075 	 98746.273438 	 382.340698 
42 	 41.678688 	 283.323761 	 276.249451 	 1.303748 	 98600.351562 	 338.516296 
43 	 41.678688 	 283.323761 	 275.621765 	 3.467666 	 98156.773438 	 357.616577 
44 	 41.678688 	 283.323761 	 270.412170 	 3.108720 	 98821.570312 	 380.372864 
45 	 41.678688 	 283.323761 	 269.827637 	 0.583057 	 98523.656250 	 371.890564 
46 	 41.678688 	 283.323761 	 269.572144 	 2.953055 	 97930.226562 	 369.983948 
47 	 41.678688 	 283.323761 	 270.626740 	 2.218921 	 98332.828125 	 382.698334 
48 	 41.678688 	 283.323761 	 273.801056 	 2.471626 	 97627.406250 	 378.367523 
49 	 41.678688 	 283.323761 	 268.168518 	 2.560312 	 97531.656250 	 410.338135 
50 	 41.678688 	 283.323761 	 267.421509 	 2.327271 	 98224.343750 	 367.892090 
51 	 41.678688 	 283.323761 	 271.285248 	 3.511783 	 97941.273438 	 402.536743 
52 	 41.678688 	 283.323761 	 269.250610 	 3.250232 	 98285.468750 	 392.891968 
53 	 41.678688 	 283.323761 	 269.926208 	 2.324229 	 98827.281250 	 388.147461 
54 	 41.678688 	 283.323761 	 270.393188 	 1.733154 	 98694.492188 	 404.604736 
55 	 41.678688 	 283.323761 	 268.920258 	 2.950054 	 98497.179688 	 372.781616 
56 	 41.678688 	 283.323761 	 267.129211 	 3.334992 	 98989.796875 	 387.758362 
57 	 41.678688 	 283.323761 	 267.702362 	 3.597952 	 99694.523438 	 391.015015 
58 	 41.678688 	 283.323761 	 270.482513 	 2.223266 	 100080.500000 	 403.355560 
59 	 41.678688 	 283.323761 	 271.611450 	 1.438131 	 99852.601562 	 411.132477 
60 	 41.678688 	 283.323761 	 271.759033 	 0.667200 	 99774.601562 	 415.010193 
61 	 41.678688 	 283.323761 	 271.950745 	 1.044519 	 99481.351562 	 364.129974 
62 	 41.678688 	 283.323761 	 274.891144 	 2.299666 	 98820.843750 	 360.180542 
63 	 41.678688 	 283.323761 	 274.126770 	 2.467052 	 98881.500000 	 436.775391 
64 	 41.678688 	 283.323761 	 279.002136 	 2.355216 	 98579.562500 	 436.923187 
65 	 41.678688 	 283.323761 	 282.804047 	 2.860522 	 98092.179688 	 469.039551 
66 	 41.678688 	 283.323761 	 281.315399 	 3.582434 	 97251.929688 	 406.465698 
67 	 41.678688 	 283.323761 	 274.491364 	 3.984829 	 97782.281250 	 488.817505 
68 	 41.678688 	 283.323761 	 273.440918 	 1.367316 	 99085.523438 	 437.410889 
69 	 41.678688 	 283.323761 	 278.390717 	 3.198075 	 99315.671875 	 419.224426 
70 	 41.678688 	 283.323761 	 284.774506 	 4.244231 	 98397.109375 	 389.742615 
71 	 41.678688 	 283.323761 	 285.889313 	 2.881543 	 96766.437500 	 473.265228 
72 	 41.678688 	 283.323761 	 283.160278 	 2.412030 	 97174.648438 	 399.660217 
73 	 41.678688 	 283.323761 	 278.783295 	 3.222757 	 98165.078125 	 442.385284 
74 	 41.678688 	 283.323761 	 276.188263 	 2.952210 	 98014.773438 	 477.303406 
75 	 41.678688 	 283.323761 	 272.077118 	 3.920606 	 97804.890625 	 446.767517 
76 	 41.678688 	 283.323761 	 272.770264 	 3.237533 	 97723.093750 	 462.716614 
77 	 41.678688 	 283.323761 	 277.938141 	 2.138227 	 98409.851562 	 439.481140 
78 	 41.678688 	 283.323761 	 282.165680 	 3.398743 	 97393.671875 	 471.020874 
79 	 41.678688 	 283.323761 	 276.874725 	 3.143342 	 98767.476562 	 505.308380 
80 	 41.678688 	 283.323761 	 278.888397 	 3.522581 	 99728.898438 	 430.504211 
81 	 41.678688 	 283.323761 	 282.110535 	 4.873599 	 99875.710938 	 379.991669 
82 	 41.678688 	 283.323761 	 282.783630 	 2.337884 	 99598.609375 	 507.897064 
83 	 41.678688 	 283.323761 	 282.367157 	 2.210087 	 99657.000000 	 458.081482 
84 	 41.678688 	 283.323761 	 281.340485 	 1.769836 	 98738.429688 	 518.636597 
85 	 41.678688 	 283.323761 	 278.196655 	 3.716641 	 97802.070312 	 472.651337 
86 	 41.678688 	 283.323761 	 275.341461 	 2.628913 	 98534.328125 	 490.992249 
87 	 41.678688 	 283.323761 	 278.561462 	 2.512508 	 98161.679688 	 500.855347 
88 	 41.678688 	 283.323761 	 279.879425 	 2.647777 	 98020.968750 	 513.744629 
89 	 41.678688 	 283.323761 	 280.609955 	 1.447247 	 98438.359375 	 528.814575 
90 	 41.678688 	 283.323761 	 286.641144 	 2.937461 	 98944.210938 	 537.914734 
91 	 41.678688 	 283.323761 	 288.125092 	 3.585387 	 99269.960938 	 494.989624 
92 	 41.678688 	 283.323761 	 289.205322 	 5.331660 	 99007.523438 	 482.333374 
93 	 41.678688 	 283.323761 	 288.479187 	 4.851920 	 98248.273438 	 484.759674 
94 	 41.678688 	 283.323761 	 284.412781 	 3.082655 	 98297.593750 	 532.622070 
95 	 41.678688 	 283.323761 	 284.068237 	 2.956430 	 98624.226562 	 436.023041 
96 	 41.678688 	 283.323761 	 282.809967 	 2.242190 	 98470.859375 	 505.009491 
97 	 41.678688 	 283.323761 	 279.913300 	 3.328945 	 98610.117188 	 506.169098 
98 	 41.678688 	 283.323761 	 278.917450 	 1.280133 	 99572.296875 	 535.213623 
99 	 41.678688 	 283.323761 	 281.912567 	 1.904920 	 99732.718750 	 517.885437 
100 	 41.678688 	 283.323761 	 284.540588 	 1.575193 	 99451.343750 	 529.420044 
101 	 41.678688 	 283.323761 	 286.621521 	 1.870577 	 99790.718750 	 530.802612 
102 	 41.678688 	 283.323761 	 286.691559 	 3.100451 	 99833.156250 	 446.511353 
103 	 41.678688 	 283.323761 	 286.569977 	 4.460498 	 98915.656250 	 474.805603 
104 	 41.678688 	 283.323761 	 282.986633 	 2.909667 	 97795.351562 	 504.046997 
105 	 41.678688 	 283.323761 	 279.539337 	 3.402618 	 97339.492188 	 548.783325 
106 	 41.678688 	 283.323761 	 279.710052 	 3.649189 	 97400.437500 	 557.699951 
107 	 41.678688 	 283.323761 	 285.350952 	 4.307855 	 97364.328125 	 559.472290 
108 	 41.678688 	 283.323761 	 288.650818 	 4.514220 	 97203.492188 	 491.091095 
109 	 41.678688 	 283.323761 	 285.059021 	 1.987529 	 97705.648438 	 406.967407 
110 	 41.678688 	 283.323761 	 283.512695 	 4.555378 	 98029.828125 	 387.500916 
111 	 41.678688 	 283.323761 	 284.059784 	 4.255137 	 98456.757812 	 413.355713 
112 	 41.678688 	 283.323761 	 287.232880 	 3.094835 	 97974.843750 	 603.844971 
113 	 41.678688 	 283.323761 	 285.654816 	 3.736088 	 97640.093750 	 543.779419 
114 	 41.678688 	 283.323761 	 279.295380 	 2.082565 	 99118.773438 	 546.654053 
115 	 41.678688 	 283.323761 	 284.915863 	 4.280651 	 99448.507812 	 507.814972 
116 	 41.678688 	 283.323761 	 294.320160 	 4.890947 	 98878.976562 	 584.676880 
117 	 41.678688 	 283.323761 	 290.159821 	 1.475315 	 98827.359375 	 458.570190 
118 	 41.678688 	 283.323761 	 282.605316 	 2.789635 	 98421.437500 	 570.339844 
119 	 41.678688 	 283.323761 	 279.491211 	 1.588755 	 99045.843750 	 563.440857 
120 	 41.678688 	 283.323761 	 281.055939 	 0.575106 	 99315.726562 	 588.433716 
121 	 41.678688 	 283.323761 	 285.075531 	 2.941279 	 99386.921875 	 603.935303 
122 	 41.678688 	 283.323761 	 287.551666 	 3.463828 	 99297.406250 	 527.004883 
123 	 41.678688 	 283.323761 	 289.661346 	 2.301541 	 99111.726562 	 640.270752 
124 	 41.678688 	 283.323761 	 290.969513 	 3.634975 	 98856.421875 	 624.185120 
125 	 41.678688 	 283.323761 	 288.149628 	 4.479455 	 98363.203125 	 395.899689 
126 	 41.678688 	 283.323761 	 280.307495 	 3.719969 	 98465.453125 	 618.852417 
127 	 41.678688 	 283.323761 	 279.630859 	 1.750270 	 99646.773438 	 578.078247 
128 	 41.678688 	 283.323761 	 286.400543 	 2.816733 	 99673.976562 	 619.960815 
129 	 41.678688 	 283.323761 	 292.605743 	 2.566336 	 99061.937500 	 641.801147 
130 	 41.678688 	 283.323761 	 295.016235 	 2.725812 	 98722.070312 	 677.622803 
131 	 41.678688 	 283.323761 	 292.914185 	 3.359945 	 98163.398438 	 584.559143 
132 	 41.678688 	 283.323761 	 284.822754 	 3.072232 	 98322.546875 	 580.658813 
133 	 41.678688 	 283.323761 	 282.715485 	 1.474461 	 98962.656250 	 456.330139 
134 	 41.678688 	 283.323761 	 285.477173 	 2.881328 	 98434.656250 	 418.108765 
135 	 41.678688 	 283.323761 	 284.773010 	 4.904210 	 97793.976562 	 553.182617 
136 	 41.678688 	 283.323761 	 285.556152 	 5.316777 	 98053.796875 	 634.625366 
137 	 41.678688 	 283.323761 	 287.466187 	 3.280043 	 98271.851562 	 606.107788 
138 	 41.678688 	 283.323761 	 290.471771 	 2.473507 	 98312.179688 	 663.577698 
139 	 41.678688 	 283.323761 	 287.596252 	 0.909846 	 98935.367188 	 637.674805 
140 	 41.678688 	 283.323761 	 294.795959 	 2.653808 	 98775.679688 	 685.911316 
141 	 41.678688 	 283.323761 	 297.319489 	 3.396296 	 98348.742188 	 691.469788 
142 	 41.678688 	 283.323761 	 294.392029 	 2.949759 	 97921.226562 	 620.886963 
143 	 41.678688 	 283.323761 	 292.457581 	 2.598170 	 97759.937500 	 673.742859 
144 	 41.678688 	 283.323761 	 290.489594 	 3.122073 	 97990.796875 	 672.144958 
145 	 41.678688 	 283.323761 	 287.477234 	 2.539113 	 98567.476562 	 605.741882 
146 	 41.678688 	 283.323761 	 290.454926 	 3.925372 	 98167.281250 	 471.609863 
147 	 41.678688 	 283.323761 	 295.910400 	 4.021927 	 97808.648438 	 693.786316 
148 	 41.678688 	 283.323761 	 292.563721 	 3.447699 	 97682.000000 	 671.607910 
149 	 41.678688 	 283.323761 	 294.142456 	 1.971192 	 98267.976562 	 654.000977 
150 	 41.678688 	 283.323761 	 301.505127 	 3.471827 	 98221.679688 	 723.044189 
151 	 41.678688 	 283.323761 	 297.444244 	 2.379262 	 98770.617188 	 709.618774 
152 	 41.678688 	 283.323761 	 296.116058 	 2.714895 	 98781.656250 	 656.165527 
153 	 41.678688 	 283.323761 	 297.246674 	 3.011132 	 98677.890625 	 688.189331 
154 	 41.678688 	 283.323761 	 294.122498 	 1.378168 	 98767.898438 	 691.607483 
155 	 41.678688 	 283.323761 	 297.422302 	 3.945710 	 97689.687500 	 662.281799 
156 	 41.678688 	 283.323761 	 290.415985 	 2.822388 	 98376.460938 	 653.677734 
157 	 41.678688 	 283.323761 	 287.642578 	 2.554920 	 98642.820312 	 422.146240 
158 	 41.678688 	 283.323761 	 284.273987 	 3.952233 	 98709.718750 	 610.939270 
159 	 41.678688 	 283.323761 	 284.081573 	 4.282563 	 99351.867188 	 541.785583 
160 	 41.678688 	 283.323761 	 286.920013 	 1.142761 	 99918.656250 	 638.680176 
161 	 41.678688 	 283.323761 	 290.516876 	 2.151961 	 99391.476562 	 654.380005 
162 	 41.678688 	 283.323761 	 294.155243 	 1.990726 	 98638.742188 	 633.938477 
163 	 41.678688 	 283.323761 	 294.486023 	 3.165082 	 97726.203125 	 552.656189 
164 	 41.678688 	 283.323761 	 289.299683 	 3.695228 	 97739.953125 	 621.159302 
165 	 41.678688 	 283.323761 	 287.060333 	 3.141823 	 98329.390625 	 657.058594 
166 	 41.678688 	 283.323761 	 288.487579 	 2.464266 	 98782.882812 	 660.905029 
167 	 41.678688 	 283.323761 	 294.203491 	 2.875976 	 98532.953125 	 672.682129 
168 	 41.678688 	 283.323761 	 299.864777 	 3.477931 	 98251.718750 	 659.449219 
169 	 41.678688 	 283.323761 	 299.432648 	 2.686832 	 98369.351562 	 709.621338 
170 	 41.678688 	 283.323761 	 297.787567 	 2.048665 	 98390.906250 	 668.571045 
171 	 41.678688 	 283.323761 	 296.576782 	 2.110937 	 98179.648438 	 597.515930 
172 	 41.678688 	 283.323761 	 291.389526 	 4.428797 	 98813.921875 	 690.448303 
173 	 41.678688 	 283.323761 	 290.909302 	 2.505650 	 99395.000000 	 678.785400 
174 	 41.678688 	 283.323761 	 291.229309 	 2.829690 	 99211.656250 	 674.759644 
175 	 41.678688 	 283.323761 	 293.045074 	 2.548738 	 99140.523438 	 680.841858 
176 	 41.678688 	 283.323761 	 294.574951 	 1.160658 	 98856.828125 	 705.369141 
177 	 41.678688 	 283.323761 	 296.924286 	 1.192940 	 98302.882812 	 711.201355 
178 	 41.678688 	 283.323761 	 298.392517 	 2.770683 	 97617.500000 	 701.036133 
179 	 41.678688 	 283.323761 	 295.723175 	 3.139773 	 97478.406250 	 719.983398 
180 	 41.678688 	 283.323761 	 295.936523 	 2.400747 	 97616.367188 	 677.486816 
181 	 41.678688 	 283.323761 	 293.981232 	 1.552299 	 97905.757812 	 551.770081 
182 	 41.678688 	 283.323761 	 300.023499 	 3.784022 	 97768.671875 	 721.415161 
183 	 41.678688 	 283.323761 	 301.610901 	 3.045815 	 98018.867188 	 743.764771 
184 	 41.678688 	 283.323761 	 297.611328 	 2.388491 	 98172.359375 	 676.524353 
185 	 41.678688 	 283.323761 	 296.530151 	 3.670929 	 97682.523438 	 699.491333 
186 	 41.678688 	 283.323761 	 291.728760 	 4.506498 	 98440.851562 	 669.531006 
187 	 41.678688 	 283.323761 	 289.585754 	 1.434893 	 99386.601562 	 665.234985 
188 	 41.678688 	 283.323761 	 293.766998 	 3.465764 	 99362.570312 	 635.288635 
189 	 41.678688 	 283.323761 	 295.567780 	 1.897156 	 98943.328125 	 693.382080 
190 	 41.678688 	 283.323761 	 295.862701 	 4.122098 	 98700.046875 	 600.577637 
191 	 41.678688 	 283.323761 	 300.785461 	 4.498998 	 98249.523438 	 728.747986 
192 	 41.678688 	 283.323761 	 297.275543 	 2.633865 	 98873.593750 	 706.723877 
193 	 41.678688 	 283.323761 	 299.095184 	 3.787470 	 98229.882812 	 681.277588 
194 	 41.678688 	 283.323761 	 292.021698 	 4.696417 	 98182.726562 	 636.231201 
195 	 41.678688 	 283.323761 	 293.325928 	 2.921307 	 98799.703125 	 686.654236 
196 	 41.678688 	 283.323761 	 294.782410 	 2.332514 	 99224.679688 	 682.348022 
197 	 41.678688 	 283.323761 	 295.391174 	 2.021657 	 99399.609375 	 683.146301 
198 	 41.678688 	 283.323761 	 295.569214 	 0.966385 	 99206.367188 	 692.690063 
199 	 41.678688 	 283.323761 	 298.357574 	 2.030254 	 98718.539062 	 644.355225 
200 	 41.678688 	 283.323761 	 298.758270 	 3.092002 	 98464.617188 	 516.438171 
201 	 41.678688 	 283.323761 	 297.917542 	 1.551123 	 98827.468750 	 705.692505 
202 	 41.678688 	 283.323761 	 300.194489 	 2.762964 	 98741.070312 	 691.504028 
203 	 41.678688 	 283.323761 	 302.346008 	 4.732849 	 98059.117188 	 712.448181 
204 	 41.678688 	 283.323761 	 297.671082 	 3.521907 	 97960.250000 	 576.997009 
205 	 41.678688 	 283.323761 	 296.644745 	 2.587161 	 98103.968750 	 704.299683 
206 	 41.678688 	 283.323761 	 295.760712 	 1.517098 	 98841.726562 	 685.419495 
207 	 41.678688 	 283.323761 	 296.310486 	 1.100434 	 99105.203125 	 675.761536 
208 	 41.678688 	 283.323761 	 295.614014 	 4.154248 	 98688.242188 	 583.756409 
209 	 41.678688 	 283.323761 	 297.051300 	 4.356855 	 98560.890625 	 700.738586 
210 	 41.678688 	 283.323761 	 296.428070 	 3.881423 	 98531.968750 	 596.114746 
211 	 41.678688 	 283.323761 	 295.180939 	 2.116788 	 98280.367188 	 619.199768 
212 	 41.678688 	 283.323761 	 294.475922 	 1.827952 	 98364.117188 	 548.043335 
213 	 41.678688 	 283.323761 	 294.860596 	 3.432279 	 98184.179688 	 684.620117 
214 	 41.678688 	 283.323761 	 294.412354 	 1.537583 	 98925.523438 	 634.163208 
215 	 41.678688 	 283.323761 	 296.234894 	 2.539855 	 98964.421875 	 616.646606 
216 	 41.678688 	 283.323761 	 297.095001 	 4.152581 	 98543.929688 	 554.970215 
217 	 41.678688 	 283.323761 	 299.287018 	 4.709372 	 98209.843750 	 605.323120 
218 	 41.678688 	 283.323761 	 299.906219 	 1.436243 	 97825.656250 	 615.783081 
219 	 41.678688 	 283.323761 	 298.653992 	 1.643308 	 97982.796875 	 529.763733 
220 	 41.678688 	 283.323761 	 298.476593 	 1.627519 	 98274.281250 	 688.746704 
221 	 41.678688 	 283.323761 	 300.274933 	 2.325058 	 98294.773438 	 702.566406 
222 	 41.678688 	 283.323761 	 298.989410 	 2.151586 	 98078.546875 	 674.956421 
223 	 41.678688 	 283.323761 	 295.132416 	 4.051250 	 97669.226562 	 508.399139 
224 	 41.678688 	 283.323761 	 293.968231 	 3.347007 	 98024.226562 	 647.468567 
225 	 41.678688 	 283.323761 	 290.543091 	 1.273536 	 98242.093750 	 463.756866 
226 	 41.678688 	 283.323761 	 293.655914 	 2.141580 	 98555.953125 	 561.702942 
227 	 41.678688 	 283.323761 	 296.989563 	 1.364720 	 98858.609375 	 634.340210 
228 	 41.678688 	 283.323761 	 298.612885 	 2.010200 	 98890.101562 	 656.832336 
229 	 41.678688 	 283.323761 	 303.936768 	 3.834968 	 98279.296875 	 661.847717 
230 	 41.678688 	 283.323761 	 301.053406 	 2.199115 	 98137.882812 	 613.015808 
231 	 41.678688 	 283.323761 	 300.518677 	 2.112309 	 98603.273438 	 677.660645 
232 	 41.678688 	 283.323761 	 303.269623 	 3.040294 	 98400.156250 	 677.772705 
233 	 41.678688 	 283.323761 	 299.914093 	 2.182346 	 98470.000000 	 653.518677 
234 	 41.678688 	 283.323761 	 297.574951 	 2.801717 	 98652.343750 	 608.727173 
235 	 41.678688 	 283.323761 	 299.195343 	 3.518064 	 98029.906250 	 584.185730 
236 	 41.678688 	 283.323761 	 294.504211 	 2.594106 	 98640.023438 	 621.408386 
237 	 41.678688 	 283.323761 	 296.159668 	 3.671202 	 98738.328125 	 603.348083 
238 	 41.678688 	 283.323761 	 293.695068 	 1.691246 	 98963.351562 	 603.342041 
239 	 41.678688 	 283.323761 	 292.821259 	 2.828068 	 99529.343750 	 604.144897 
240 	 41.678688 	 283.323761 	 295.116333 	 3.250990 	 99209.156250 	 635.038086 
241 	 41.678688 	 283.323761 	 297.567535 	 3.262182 	 98943.507812 	 643.370605 
242 	 41.678688 	 283.323761 	 298.028442 	 4.008912 	 98707.820312 	 641.897583 
243 	 41.678688 	 283.323761 	 299.331879 	 2.010372 	 98810.398438 	 651.755981 
244 	 41.678688 	 283.323761 	 299.557831 	 2.401262 	 98892.640625 	 627.097778 
245 	 41.678688 	 283.323761 	 299.455109 	 1.722937 	 98636.593750 	 628.857910 
246 	 41.678688 	 283.323761 	 301.031799 	 2.862252 	 98347.117188 	 609.102783 
247 	 41.678688 	 283.323761 	 295.515137 	 1.797472 	 98696.000000 	 630.813110 
248 	 41.678688 	 283.323761 	 294.807373 	 1.251089 	 99236.656250 	 610.698120 
249 	 41.678688 	 283.323761 	 298.709473 	 3.567269 	 99029.031250 	 621.198425 
250 	 41.678688 	 283.323761 	 299.370575 	 2.798666 	 98610.351562 	 600.517212 
251 	 41.678688 	 283.323761 	 293.493439 	 2.740465 	 98749.210938 	 563.402039 
252 	 41.678688 	 283.323761 	 288.880096 	 1.977287 	 99194.523438 	 567.405212 
253 	 41.678688 	 283.323761 	 289.385864 	 1.578570 	 99518.796875 	 573.650757 
254 	 41.678688 	 283.323761 	 289.834167 	 1.863650 	 99915.171875 	 565.328003 
255 	 41.678688 	 283.323761 	 291.103760 	 1.679472 	 99977.296875 	 572.524292 
256 	 41.678688 	 283.323761 	 290.756165 	 1.246871 	 99744.773438 	 570.487183 
257 	 41.678688 	 283.323761 	 292.484589 	 1.046935 	 99402.070312 	 574.818359 
258 	 41.678688 	 283.323761 	 294.948486 	 1.545363 	 99071.750000 	 579.317871 
259 	 41.678688 	 283.323761 	 295.040558 	 0.777459 	 99371.726562 	 574.281738 
260 	 41.678688 	 283.323761 	 295.760956 	 2.685806 	 99403.687500 	 583.004089 
261 	 41.678688 	 283.323761 	 297.350189 	 3.189189 	 98975.046875 	 584.948669 
262 	 41.678688 	 283.323761 	 298.428101 	 3.271650 	 98823.117188 	 578.482178 
263 	 41.678688 	 283.323761 	 297.447235 	 3.109496 	 98690.976562 	 565.096802 
264 	 41.678688 	 283.323761 	 294.081360 	 0.609236 	 98826.429688 	 591.239746 
265 	 41.678688 	 283.323761 	 295.183258 	 1.971669 	 99102.773438 	 591.092529 
266 	 41.678688 	 283.323761 	 297.297119 	 3.359945 	 99294.906250 	 550.903931 
267 	 41.678688 	 283.323761 	 295.828003 	 4.467803 	 98945.382812 	 555.929016 
268 	 41.678688 	 283.323761 	 290.180420 	 2.900546 	 98354.656250 	 505.795532 
269 	 41.678688 	 283.323761 	 284.092010 	 3.238368 	 98508.453125 	 455.598389 
270 	 41.678688 	 283.323761 	 282.186829 	 1.741471 	 99377.640625 	 512.013367 
271 	 41.678688 	 283.323761 	 283.410889 	 2.504131 	 99494.843750 	 501.573303 
272 	 41.678688 	 283.323761 	 287.011810 	 3.123109 	 98891.562500 	 499.291199 
273 	 41.678688 	 283.323761 	 283.516571 	 1.439882 	 99093.250000 	 481.840149 
274 	 41.678688 	 283.323761 	 286.080261 	 2.246588 	 99152.578125 	 505.475616 
275 	 41.678688 	 283.323761 	 289.286591 	 1.554954 	 99175.601562 	 462.731384 
276 	 41.678688 	 283.323761 	 292.021881 	 3.330955 	 99135.046875 	 532.991821 
277 	 41.678688 	 283.323761 	 289.036011 	 3.714227 	 98749.929688 	 450.657471 
278 	 41.678688 	 283.323761 	 280.742004 	 3.224812 	 99320.156250 	 457.782227 
279 	 41.678688 	 283.323761 	 279.763489 	 1.890705 	 99365.382812 	 460.512085 
280 	 41.678688 	 283.323761 	 287.952332 	 4.092723 	 98643.421875 	 495.023834 
281 	 41.678688 	 283.323761 	 291.561462 	 3.178918 	 98850.773438 	 504.750122 
282 	 41.678688 	 283.323761 	 292.771240 	 2.809681 	 99169.992188 	 519.466614 
283 	 41.678688 	 283.323761 	 292.482361 	 2.565575 	 99399.953125 	 515.826599 
284 	 41.678688 	 283.323761 	 292.030457 	 2.646724 	 99393.382812 	 465.241089 
285 	 41.678688 	 283.323761 	 292.024414 	 3.352086 	 99039.632812 	 472.710632 
286 	 41.678688 	 283.323761 	 291.362946 	 3.484498 	 98537.546875 	 439.533661 
287 	 41.678688 	 283.323761 	 289.796448 	 4.172687 	 98189.617188 	 473.466400 
288 	 41.678688 	 283.323761 	 284.306854 	 2.876448 	 98424.648438 	 457.969147 
289 	 41.678688 	 283.323761 	 280.005920 	 2.057040 	 98982.796875 	 429.154419 
290 	 41.678688 	 283.323761 	 279.324982 	 0.693874 	 99525.187500 	 427.796875 
291 	 41.678688 	 283.323761 	 280.386475 	 1.317973 	 99577.460938 	 459.101013 
292 	 41.678688 	 283.323761 	 284.400970 	 3.726408 	 98901.296875 	 429.336700 
293 	 41.678688 	 283.323761 	 286.195129 	 2.469121 	 98534.289062 	 420.941498 
294 	 41.678688 	 283.323761 	 282.097412 	 2.565300 	 98960.179688 	 465.753967 
295 	 41.678688 	 283.323761 	 282.295258 	 2.206637 	 99121.843750 	 447.307617 
296 	 41.678688 	 283.323761 	 281.771240 	 2.464646 	 98982.796875 	 417.978729 
297 	 41.678688 	 283.323761 	 277.162872 	 1.989716 	 98938.742188 	 419.613220 
298 	 41.678688 	 283.323761 	 281.303009 	 3.239078 	 98196.390625 	 339.140625 
299 	 41.678688 	 283.323761 	 278.250641 	 3.138087 	 97951.968750 	 417.092041 
300 	 41.678688 	 283.323761 	 276.109650 	 3.178461 	 98711.273438 	 420.917725 
301 	 41.678688 	 283.323761 	 275.532898 	 2.260973 	 99672.148438 	 369.895721 
302 	 41.678688 	 283.323761 	 275.137909 	 2.255671 	 100552.500000 	 434.045074 
303 	 41.678688 	 283.323761 	 273.162994 	 1.004147 	 101118.601562 	 397.369080 
304 	 41.678688 	 283.323761 	 275.147644 	 0.944076 	 101008.203125 	 396.808624 
305 	 41.678688 	 283.323761 	 280.248840 	 1.746760 	 100776.101562 	 418.244537 
306 	 41.678688 	 283.323761 	 283.304718 	 1.973127 	 100463.203125 	 399.789368 
307 	 41.678688 	 283.323761 	 283.710907 	 2.088000 	 100028.898438 	 418.894470 
308 	 41.678688 	 283.323761 	 284.646667 	 1.320604 	 99782.156250 	 421.270935 
309 	 41.678688 	 283.323761 	 283.304413 	 2.322128 	 100551.398438 	 366.004333 
310 	 41.678688 	 283.323761 	 283.200439 	 2.456160 	 99992.406250 	 415.156067 
311 	 41.678688 	 283.323761 	 284.360657 	 3.399330 	 99124.882812 	 416.740295 
312 	 41.678688 	 283.323761 	 281.700623 	 3.168013 	 99293.242188 	 424.403503 
313 	 41.678688 	 283.323761 	 278.737030 	 1.374065 	 99811.960938 	 395.721313 
314 	 41.678688 	 283.323761 	 281.223694 	 2.227298 	 99591.000000 	 392.255646 
315 	 41.678688 	 283.323761 	 283.307922 	 1.651347 	 99296.968750 	 378.631866 
316 	 41.678688 	 283.323761 	 283.018097 	 0.813723 	 99819.593750 	 413.468445 
317 	 41.678688 	 283.323761 	 283.935669 	 1.470965 	 100165.500000 	 409.513123 
318 	 41.678688 	 283.323761 	 285.990662 	 3.448143 	 99638.726562 	 414.793365 
319 	 41.678688 	 283.323761 	 289.694794 	 3.689520 	 98484.671875 	 429.331818 
320 	 41.678688 	 283.323761 	 289.162048 	 2.885318 	 97803.953125 	 417.277618 
321 	 41.678688 	 283.323761 	 281.190735 	 3.148915 	 96954.750000 	 366.181366 
322 	 41.678688 	 283.323761 	 277.707123 	 4.081690 	 97187.906250 	 387.127502 
323 	 41.678688 	 283.323761 	 276.749634 	 4.076068 	 98151.257812 	 378.516052 
324 	 41.678688 	 283.323761 	 279.091187 	 5.417832 	 97858.703125 	 368.232574 
325 	 41.678688 	 283.323761 	 274.237640 	 3.127232 	 98784.320312 	 355.794922 
326 	 41.678688 	 283.323761 	 272.725342 	 3.102506 	 99367.546875 	 356.870117 
327 	 41.678688 	 283.323761 	 277.494812 	 3.379781 	 98765.500000 	 369.290741 
328 	 41.678688 	 283.323761 	 279.229980 	 2.950005 	 98542.046875 	 379.550842 
329 	 41.678688 	 283.323761 	 277.684875 	 4.648720 	 98651.359375 	 364.244507 
330 	 41.678688 	 283.323761 	 274.886322 	 2.036521 	 99693.789062 	 349.592896 
331 	 41.678688 	 283.323761 	 275.912628 	 4.112805 	 99398.617188 	 349.257172 
332 	 41.678688 	 283.323761 	 282.267273 	 3.891856 	 98279.617188 	 377.227173 
333 	 41.678688 	 283.323761 	 274.827209 	 2.359444 	 99241.859375 	 347.865906 
334 	 41.678688 	 283.323761 	 274.766937 	 2.111842 	 99657.406250 	 371.057434 
335 	 41.678688 	 283.323761 	 280.829193 	 2.506595 	 98857.476562 	 347.248108 
336 	 41.678688 	 283.323761 	 279.153198 	 2.183258 	 98660.726562 	 359.047516 
337 	 41.678688 	 283.323761 	 274.881714 	 4.135753 	 97843.000000 	 378.178497 
338 	 41.678688 	 283.323761 	 273.669067 	 2.883772 	 98439.023438 	 337.103729 
339 	 41.678688 	 283.323761 	 277.309753 	 3.255111 	 98639.281250 	 355.594421 
340 	 41.678688 	 283.323761 	 278.039642 	 4.336236 	 97565.843750 	 342.780487 
341 	 41.678688 	 283.323761 	 270.402649 	 4.561416 	 97557.437500 	 324.537048 
342 	 41.678688 	 283.323761 	 268.980347 	 2.900412 	 98561.546875 	 318.155029 
343 	 41.678688 	 283.323761 	 271.628571 	 4.039091 	 98954.531250 	 322.966827 
344 	 41.678688 	 283.323761 	 281.542938 	 3.615550 	 98356.101562 	 359.877808 
345 	 41.678688 	 283.323761 	 281.868164 	 3.719767 	 98455.476562 	 353.576752 
346 	 41.678688 	 283.323761 	 278.293121 	 2.132711 	 98981.960938 	 391.113190 
347 	 41.678688 	 283.323761 	 280.780365 	 4.610453 	 98614.859375 	 348.839630 
348 	 41.678688 	 283.323761 	 278.454926 	 3.788663 	 97704.117188 	 351.722870 
349 	 41.678688 	 283.323761 	 270.379395 	 3.429353 	 98213.093750 	 345.943726 
350 	 41.678688 	 283.323761 	 268.886993 	 3.149718 	 99525.406250 	 312.855103 
351 	 41.678688 	 283.323761 	 273.428101 	 3.124101 	 99580.750000 	 324.947510 
352 	 41.678688 	 283.323761 	 278.631195 	 3.303585 	 99342.789062 	 377.380981 
353 	 41.678688 	 283.323761 	 278.407379 	 2.823037 	 99492.500000 	 350.277588 
354 	 41.678688 	 283.323761 	 285.238007 	 3.631959 	 98478.328125 	 392.784485 
355 	 41.678688 	 283.323761 	 282.367737 	 2.989459 	 97534.546875 	 355.959686 
356 	 41.678688 	 283.323761 	 280.297058 	 3.037017 	 97846.429688 	 388.942047 
357 	 41.678688 	 283.323761 	 275.518311 	 2.299592 	 98599.828125 	 321.819550 
358 	 41.678688 	 283.323761 	 271.766235 	 1.943802 	 99369.031250 	 346.569183 
359 	 41.678688 	 283.323761 	 269.374146 	 2.268355 	 99659.781250 	 338.673218 
360 	 41.678688 	 283.323761 	 269.051361 	 2.156832 	 98607.453125 	 322.766876 
361 	 41.678688 	 283.323761 	 272.833374 	 4.320807 	 97287.968750 	 322.437378 
362 	 41.678688 	 283.323761 	 273.152039 	 4.139322 	 97802.039062 	 322.337646 
363 	 41.678688 	 283.323761 	 274.232147 	 3.892790 	 98549.976562 	 326.024048 
364 	 41.678688 	 283.323761 	 273.134430 	 2.311155 	 99543.500000 	 302.911011 
