# 0: Day of Year [-] 	 1: lat [deg] 	 2: lon [deg] 	 3: tas [K] 	 4: sfcWind [m s-1] 	 5: ps [Pa] 	 6: Total Downwelling Rad Flux [W m-2] 
0 	 41.678688 	 283.323761 	 274.592041 	 2.191691 	 99150.703125 	 332.713135 
1 	 41.678688 	 283.323761 	 276.623749 	 2.934094 	 98046.859375 	 350.748566 
2 	 41.678688 	 283.323761 	 272.975586 	 5.567471 	 95666.171875 	 361.545593 
3 	 41.678688 	 283.323761 	 271.664978 	 4.948030 	 96224.773438 	 320.765106 
4 	 41.678688 	 283.323761 	 272.763031 	 2.587689 	 97034.953125 	 296.254395 
5 	 41.678688 	 283.323761 	 272.427155 	 3.703669 	 97269.281250 	 372.170258 
6 	 41.678688 	 283.323761 	 270.864655 	 2.004395 	 97880.343750 	 310.632660 
7 	 41.678688 	 283.323761 	 271.893768 	 2.416009 	 97717.640625 	 338.919098 
8 	 41.678688 	 283.323761 	 269.091217 	 2.330988 	 98374.062500 	 310.439941 
9 	 41.678688 	 283.323761 	 271.867676 	 2.190194 	 98532.093750 	 320.094727 
10 	 41.678688 	 283.323761 	 273.691010 	 2.630364 	 98790.546875 	 326.665558 
11 	 41.678688 	 283.323761 	 278.258789 	 4.379056 	 98392.132812 	 353.324615 
12 	 41.678688 	 283.323761 	 278.688385 	 4.543897 	 97551.882812 	 400.389404 
13 	 41.678688 	 283.323761 	 275.059052 	 3.764942 	 98027.546875 	 359.184937 
14 	 41.678688 	 283.323761 	 271.277344 	 2.267354 	 98138.203125 	 341.707306 
15 	 41.678688 	 283.323761 	 269.992676 	 1.617886 	 98250.796875 	 328.371063 
16 	 41.678688 	 283.323761 	 273.919159 	 4.618698 	 98244.468750 	 375.329102 
17 	 41.678688 	 283.323761 	 274.749756 	 4.059796 	 97281.578125 	 367.635681 
18 	 41.678688 	 283.323761 	 267.693848 	 3.262584 	 97775.960938 	 318.481140 
19 	 41.678688 	 283.323761 	 271.495209 	 2.449717 	 98559.750000 	 361.690582 
20 	 41.678688 	 283.323761 	 274.114441 	 2.228416 	 99605.117188 	 322.678986 
21 	 41.678688 	 283.323761 	 280.558289 	 4.209116 	 99285.898438 	 385.752472 
22 	 41.678688 	 283.323761 	 279.850098 	 4.249188 	 98644.453125 	 349.224884 
23 	 41.678688 	 283.323761 	 268.927185 	 4.478930 	 98265.617188 	 322.679565 
24 	 41.678688 	 283.323761 	 267.196808 	 2.500106 	 97830.226562 	 334.034851 
25 	 41.678688 	 283.323761 	 263.279999 	 3.313097 	 98849.562500 	 264.273041 
26 	 41.678688 	 283.323761 	 265.875854 	 1.180549 	 99362.226562 	 328.608246 
27 	 41.678688 	 283.323761 	 270.285126 	 1.286232 	 99522.601562 	 347.873993 
28 	 41.678688 	 283.323761 	 272.539795 	 1.264549 	 99586.601562 	 360.766602 
29 	 41.678688 	 283.323761 	 271.327454 	 2.848669 	 99813.742188 	 340.183044 
30 	 41.678688 	 283.323761 	 271.323212 	 3.649597 	 99804.406250 	 397.116150 
31 	 41.678688 	 283.323761 	 271.126434 	 3.111263 	 99740.093750 	 330.413422 
32 	 41.678688 	 283.323761 	 270.083099 	 2.121425 	 99290.953125 	 353.689789 
33 	 41.678688 	 283.323761 	 269.269470 	 0.901184 	 99109.140625 	 350.158875 
34 	 41.678688 	 283.323761 	 269.701294 	 0.701111 	 99249.031250 	 365.442230 
35 	 41.678688 	 283.323761 	 271.300201 	 0.901437 	 99427.031250 	 312.009735 
36 	 41.678688 	 283.323761 	 273.832123 	 1.992048 	 98751.992188 	 349.531372 
37 	 41.678688 	 283.323761 	 271.223145 	 2.362274 	 98939.570312 	 390.625946 
38 	 41.678688 	 283.323761 	 268.273956 	 0.993107 	 98872.031250 	 352.830994 
39 	 41.678688 	 283.323761 	 270.081970 	 2.075418 	 98168.289062 	 367.435181 
40 	 41.678688 	 283.323761 	 272.520691 	 3.498936 	 97182.406250 	 365.515198 
41 	 41.678688 	 283.323761 	 271.062897 	 3.080795 	 97860.187500 	 368.931854 
42 	 41.678688 	 283.323761 	 271.394104 	 2.088172 	 98222.453125 	 327.561462 
43 	 41.678688 	 283.323761 	 267.909241 	 2.079213 	 98999.953125 	 388.894897 
44 	 41.678688 	 283.323761 	 273.089813 	 4.370231 	 99155.796875 	 395.227051 
45 	 41.678688 	 283.323761 	 277.314117 	 1.480178 	 98824.640625 	 418.411957 
46 	 41.678688 	 283.323761 	 274.880737 	 1.247317 	 99056.156250 	 409.631256 
47 	 41.678688 	 283.323761 	 281.440979 	 2.646135 	 99041.046875 	 433.738708 
48 	 41.678688 	 283.323761 	 283.118378 	 1.769299 	 98916.289062 	 438.630096 
49 	 41.678688 	 283.323761 	 282.079376 	 3.295042 	 99247.140625 	 433.550873 
50 	 41.678688 	 283.323761 	 282.283325 	 5.647011 	 97910.250000 	 485.114197 
51 	 41.678688 	 283.323761 	 276.621399 	 4.879715 	 97479.593750 	 417.702820 
52 	 41.678688 	 283.323761 	 271.742340 	 3.364691 	 97402.406250 	 369.860596 
53 	 41.678688 	 283.323761 	 271.283081 	 2.216883 	 97907.156250 	 345.956696 
54 	 41.678688 	 283.323761 	 269.332886 	 4.679689 	 98106.320312 	 424.470245 
55 	 41.678688 	 283.323761 	 271.373901 	 2.674300 	 99229.109375 	 402.432739 
56 	 41.678688 	 283.323761 	 277.186981 	 5.159276 	 98973.460938 	 407.424744 
57 	 41.678688 	 283.323761 	 282.967377 	 5.181820 	 98050.460938 	 456.681671 
58 	 41.678688 	 283.323761 	 273.477234 	 3.107157 	 100168.500000 	 446.525269 
59 	 41.678688 	 283.323761 	 275.533813 	 5.347764 	 100431.296875 	 334.815094 
60 	 41.678688 	 283.323761 	 282.031799 	 3.756470 	 98718.070312 	 392.112396 
61 	 41.678688 	 283.323761 	 277.229065 	 1.629946 	 98816.179688 	 439.917603 
62 	 41.678688 	 283.323761 	 277.990784 	 2.693736 	 97976.093750 	 407.654480 
63 	 41.678688 	 283.323761 	 279.457825 	 2.955346 	 97531.492188 	 355.983215 
64 	 41.678688 	 283.323761 	 274.376709 	 1.281448 	 96914.281250 	 382.182556 
65 	 41.678688 	 283.323761 	 271.297607 	 4.002186 	 96512.570312 	 390.437805 
66 	 41.678688 	 283.323761 	 276.526306 	 3.779638 	 97640.656250 	 475.459717 
67 	 41.678688 	 283.323761 	 276.997803 	 1.982133 	 98896.046875 	 422.756561 
68 	 41.678688 	 283.323761 	 284.393372 	 3.039246 	 98774.148438 	 464.209534 
69 	 41.678688 	 283.323761 	 287.252167 	 3.149444 	 98437.406250 	 517.244385 
70 	 41.678688 	 283.323761 	 287.673035 	 3.067954 	 98487.882812 	 393.236450 
71 	 41.678688 	 283.323761 	 289.870148 	 4.436272 	 97780.257812 	 441.820190 
72 	 41.678688 	 283.323761 	 281.916656 	 2.618168 	 97328.820312 	 368.571686 
73 	 41.678688 	 283.323761 	 278.233002 	 3.349710 	 97294.843750 	 482.032074 
74 	 41.678688 	 283.323761 	 277.757996 	 4.575412 	 97353.156250 	 402.944763 
75 	 41.678688 	 283.323761 	 275.151276 	 3.469677 	 98485.578125 	 465.923950 
76 	 41.678688 	 283.323761 	 280.773621 	 4.620816 	 98453.500000 	 454.790527 
77 	 41.678688 	 283.323761 	 280.420349 	 2.535151 	 98072.046875 	 527.600891 
78 	 41.678688 	 283.323761 	 275.791382 	 1.891764 	 98272.312500 	 348.733246 
79 	 41.678688 	 283.323761 	 276.146301 	 4.956017 	 96863.539062 	 453.638580 
80 	 41.678688 	 283.323761 	 272.391022 	 5.316817 	 97533.593750 	 465.637115 
81 	 41.678688 	 283.323761 	 276.329163 	 2.220455 	 98313.117188 	 437.696533 
82 	 41.678688 	 283.323761 	 282.269806 	 3.737515 	 97839.546875 	 442.498383 
83 	 41.678688 	 283.323761 	 279.256073 	 3.535721 	 97010.796875 	 530.258667 
84 	 41.678688 	 283.323761 	 283.606201 	 3.394076 	 98180.132812 	 482.863312 
85 	 41.678688 	 283.323761 	 288.145844 	 2.461655 	 98122.843750 	 423.863037 
86 	 41.678688 	 283.323761 	 282.924225 	 2.413961 	 97262.703125 	 419.742767 
87 	 41.678688 	 283.323761 	 276.616913 	 4.150680 	 97034.828125 	 505.033936 
88 	 41.678688 	 283.323761 	 276.626495 	 1.424503 	 97274.992188 	 333.717621 
89 	 41.678688 	 283.323761 	 276.521301 	 3.004014 	 97053.023438 	 370.566101 
90 	 41.678688 	 283.323761 	 277.050262 	 4.783646 	 97155.242188 	 511.909027 
91 	 41.678688 	 283.323761 	 276.790253 	 4.536283 	 97738.703125 	 470.200714 
92 	 41.678688 	 283.323761 	 277.381744 	 2.247530 	 98382.828125 	 446.301636 
93 	 41.678688 	 283.323761 	 281.153778 	 3.224483 	 98378.617188 	 393.299011 
94 	 41.678688 	 283.323761 	 285.587158 	 2.499094 	 96815.617188 	 493.174683 
95 	 41.678688 	 283.323761 	 282.090973 	 2.608949 	 96456.898438 	 423.233917 
96 	 41.678688 	 283.323761 	 279.445679 	 4.312060 	 96682.906250 	 382.667999 
97 	 41.678688 	 283.323761 	 276.409821 	 4.607310 	 96889.632812 	 442.230957 
98 	 41.678688 	 283.323761 	 274.399933 	 5.012190 	 97556.023438 	 509.937988 
99 	 41.678688 	 283.323761 	 276.930084 	 4.414444 	 98238.281250 	 472.460205 
100 	 41.678688 	 283.323761 	 282.267548 	 3.509644 	 98579.546875 	 571.563721 
101 	 41.678688 	 283.323761 	 285.048004 	 1.621949 	 98523.406250 	 566.632080 
102 	 41.678688 	 283.323761 	 291.368011 	 3.248963 	 97977.046875 	 604.217773 
103 	 41.678688 	 283.323761 	 291.652954 	 2.510797 	 98228.812500 	 572.931641 
104 	 41.678688 	 283.323761 	 293.744324 	 3.029929 	 97896.023438 	 506.207642 
105 	 41.678688 	 283.323761 	 291.608154 	 3.566700 	 98114.187500 	 608.509766 
106 	 41.678688 	 283.323761 	 288.879974 	 4.084699 	 98002.210938 	 613.884888 
107 	 41.678688 	 283.323761 	 284.868042 	 3.255323 	 98797.640625 	 540.718018 
108 	 41.678688 	 283.323761 	 282.260925 	 2.835338 	 99646.078125 	 518.859497 
109 	 41.678688 	 283.323761 	 285.566589 	 2.907138 	 100066.601562 	 590.861023 
110 	 41.678688 	 283.323761 	 292.786743 	 4.446755 	 99336.226562 	 621.633301 
111 	 41.678688 	 283.323761 	 294.768341 	 4.355886 	 98978.609375 	 636.648926 
112 	 41.678688 	 283.323761 	 287.002747 	 4.073481 	 99048.562500 	 564.270386 
113 	 41.678688 	 283.323761 	 280.322510 	 1.135164 	 99942.507812 	 573.746643 
114 	 41.678688 	 283.323761 	 283.202393 	 2.221560 	 99451.117188 	 492.240387 
115 	 41.678688 	 283.323761 	 286.550018 	 2.101425 	 99085.382812 	 603.706116 
116 	 41.678688 	 283.323761 	 286.798157 	 2.109542 	 99052.359375 	 532.467651 
117 	 41.678688 	 283.323761 	 290.728943 	 3.154310 	 98755.703125 	 514.960571 
118 	 41.678688 	 283.323761 	 293.657166 	 3.625841 	 98751.796875 	 614.787964 
119 	 41.678688 	 283.323761 	 292.827881 	 4.467100 	 98199.429688 	 515.411377 
120 	 41.678688 	 283.323761 	 281.191254 	 4.466437 	 99014.531250 	 610.521118 
121 	 41.678688 	 283.323761 	 281.941284 	 1.573724 	 99434.617188 	 577.089905 
122 	 41.678688 	 283.323761 	 285.879181 	 4.327742 	 98531.296875 	 435.930145 
123 	 41.678688 	 283.323761 	 289.741486 	 2.761979 	 97923.343750 	 641.760010 
124 	 41.678688 	 283.323761 	 289.364685 	 1.621853 	 98625.359375 	 586.908691 
125 	 41.678688 	 283.323761 	 296.755951 	 2.561566 	 98908.859375 	 679.990479 
126 	 41.678688 	 283.323761 	 296.744141 	 1.454183 	 99087.976562 	 666.055786 
127 	 41.678688 	 283.323761 	 296.240662 	 2.325430 	 98939.382812 	 677.653687 
128 	 41.678688 	 283.323761 	 289.803802 	 3.470856 	 98924.539062 	 632.470947 
129 	 41.678688 	 283.323761 	 285.388275 	 1.287492 	 99121.578125 	 553.163696 
130 	 41.678688 	 283.323761 	 286.706299 	 2.478160 	 99030.093750 	 618.221069 
131 	 41.678688 	 283.323761 	 286.990479 	 1.457666 	 99381.242188 	 633.955505 
132 	 41.678688 	 283.323761 	 293.378174 	 4.371714 	 98884.101562 	 651.854492 
133 	 41.678688 	 283.323761 	 297.318481 	 3.653486 	 98128.250000 	 632.796631 
134 	 41.678688 	 283.323761 	 289.228027 	 2.818269 	 98815.148438 	 564.600708 
135 	 41.678688 	 283.323761 	 286.036102 	 1.819115 	 98876.031250 	 573.796753 
136 	 41.678688 	 283.323761 	 284.748688 	 1.816769 	 99094.742188 	 622.588135 
137 	 41.678688 	 283.323761 	 288.463531 	 3.384511 	 99480.250000 	 617.308655 
138 	 41.678688 	 283.323761 	 292.351776 	 4.712790 	 98870.023438 	 516.432495 
139 	 41.678688 	 283.323761 	 290.183380 	 3.653917 	 98137.281250 	 518.561951 
140 	 41.678688 	 283.323761 	 287.710693 	 2.910881 	 97974.148438 	 633.625244 
141 	 41.678688 	 283.323761 	 283.997864 	 2.088292 	 98043.656250 	 464.579529 
142 	 41.678688 	 283.323761 	 283.157471 	 2.990979 	 98035.968750 	 600.365967 
143 	 41.678688 	 283.323761 	 283.525024 	 2.747332 	 98379.226562 	 516.696167 
144 	 41.678688 	 283.323761 	 284.571289 	 1.436470 	 98855.812500 	 556.089844 
145 	 41.678688 	 283.323761 	 284.875519 	 2.203019 	 99014.312500 	 631.491455 
146 	 41.678688 	 283.323761 	 285.636871 	 1.984398 	 98904.156250 	 645.694580 
147 	 41.678688 	 283.323761 	 287.313873 	 1.907861 	 98888.968750 	 653.461304 
148 	 41.678688 	 283.323761 	 288.110352 	 0.895212 	 98886.289062 	 654.064209 
149 	 41.678688 	 283.323761 	 291.829559 	 2.121475 	 98774.078125 	 676.255859 
150 	 41.678688 	 283.323761 	 294.815033 	 4.390125 	 98504.289062 	 689.591248 
151 	 41.678688 	 283.323761 	 296.818573 	 5.747331 	 97923.226562 	 644.875671 
152 	 41.678688 	 283.323761 	 290.795013 	 4.445285 	 98194.046875 	 676.008484 
153 	 41.678688 	 283.323761 	 287.030060 	 1.823747 	 99028.843750 	 639.802246 
154 	 41.678688 	 283.323761 	 288.149994 	 4.371683 	 98588.796875 	 495.317810 
155 	 41.678688 	 283.323761 	 293.817230 	 2.501084 	 98121.929688 	 638.985657 
156 	 41.678688 	 283.323761 	 293.206146 	 1.988475 	 98791.039062 	 686.564087 
157 	 41.678688 	 283.323761 	 295.058441 	 3.392301 	 99053.781250 	 695.346802 
158 	 41.678688 	 283.323761 	 296.227600 	 5.952424 	 98237.156250 	 587.829651 
159 	 41.678688 	 283.323761 	 288.751068 	 3.880795 	 98227.226562 	 615.018616 
160 	 41.678688 	 283.323761 	 287.882416 	 2.003061 	 98630.171875 	 654.814270 
161 	 41.678688 	 283.323761 	 288.362671 	 2.030078 	 99116.710938 	 665.412720 
162 	 41.678688 	 283.323761 	 291.426819 	 3.176652 	 98999.132812 	 566.705322 
163 	 41.678688 	 283.323761 	 293.403259 	 3.751779 	 98542.101562 	 487.457886 
164 	 41.678688 	 283.323761 	 294.395782 	 3.189664 	 98362.976562 	 492.552795 
165 	 41.678688 	 283.323761 	 295.578674 	 2.106251 	 98504.757812 	 644.266357 
166 	 41.678688 	 283.323761 	 297.428162 	 2.318746 	 97954.726562 	 652.830688 
167 	 41.678688 	 283.323761 	 293.329865 	 3.284345 	 97891.742188 	 574.322815 
168 	 41.678688 	 283.323761 	 292.694275 	 3.318633 	 98121.226562 	 690.233276 
169 	 41.678688 	 283.323761 	 293.861603 	 1.886974 	 98338.992188 	 694.769531 
170 	 41.678688 	 283.323761 	 295.819885 	 2.185748 	 98771.750000 	 645.169556 
171 	 41.678688 	 283.323761 	 294.374054 	 3.165166 	 99128.312500 	 715.599915 
172 	 41.678688 	 283.323761 	 292.240448 	 2.448562 	 99024.773438 	 683.880554 
173 	 41.678688 	 283.323761 	 294.650330 	 1.199238 	 98827.593750 	 699.890625 
174 	 41.678688 	 283.323761 	 298.218811 	 2.014863 	 98442.562500 	 719.248718 
175 	 41.678688 	 283.323761 	 298.335052 	 2.067795 	 98379.273438 	 709.134521 
176 	 41.678688 	 283.323761 	 294.468628 	 3.545374 	 98196.726562 	 708.512390 
177 	 41.678688 	 283.323761 	 290.751862 	 2.011565 	 98537.226562 	 623.443726 
178 	 41.678688 	 283.323761 	 291.621094 	 1.527485 	 98446.539062 	 677.140869 
179 	 41.678688 	 283.323761 	 290.580780 	 2.478563 	 97988.500000 	 675.741943 
180 	 41.678688 	 283.323761 	 288.688232 	 3.975531 	 98083.882812 	 454.162659 
181 	 41.678688 	 283.323761 	 292.266846 	 3.747050 	 97719.882812 	 699.190430 
182 	 41.678688 	 283.323761 	 289.106537 	 2.667605 	 99173.960938 	 670.002319 
183 	 41.678688 	 283.323761 	 291.118683 	 1.635796 	 99665.492188 	 679.143677 
184 	 41.678688 	 283.323761 	 293.582886 	 2.610733 	 99384.226562 	 683.875488 
185 	 41.678688 	 283.323761 	 295.576233 	 3.416304 	 98775.609375 	 692.688110 
186 	 41.678688 	 283.323761 	 296.547485 	 3.447864 	 97952.578125 	 571.781006 
187 	 41.678688 	 283.323761 	 296.037567 	 1.644997 	 97969.320312 	 638.245544 
188 	 41.678688 	 283.323761 	 296.956696 	 2.329652 	 97900.031250 	 706.412476 
189 	 41.678688 	 283.323761 	 300.717773 	 4.377642 	 97669.500000 	 648.198975 
190 	 41.678688 	 283.323761 	 302.694183 	 3.682451 	 97433.359375 	 743.984131 
191 	 41.678688 	 283.323761 	 298.163574 	 2.737345 	 98361.359375 	 633.890381 
192 	 41.678688 	 283.323761 	 303.628967 	 3.398549 	 98255.187500 	 732.718384 
193 	 41.678688 	 283.323761 	 305.849426 	 2.593446 	 98224.078125 	 728.528137 
194 	 41.678688 	 283.323761 	 298.880920 	 2.058511 	 98367.679688 	 669.311035 
195 	 41.678688 	 283.323761 	 293.660065 	 3.850064 	 98873.093750 	 670.038818 
196 	 41.678688 	 283.323761 	 292.610199 	 1.302986 	 98966.593750 	 657.515381 
197 	 41.678688 	 283.323761 	 297.256958 	 2.162048 	 98613.742188 	 629.802612 
198 	 41.678688 	 283.323761 	 299.511963 	 3.825589 	 98644.609375 	 686.439087 
199 	 41.678688 	 283.323761 	 299.815521 	 5.668943 	 98497.976562 	 545.909668 
200 	 41.678688 	 283.323761 	 296.738922 	 2.107254 	 98430.117188 	 723.855896 
201 	 41.678688 	 283.323761 	 296.642639 	 2.511405 	 98748.046875 	 659.488403 
202 	 41.678688 	 283.323761 	 298.775055 	 1.464607 	 98710.031250 	 707.108459 
203 	 41.678688 	 283.323761 	 299.603058 	 1.631010 	 98681.117188 	 621.636230 
204 	 41.678688 	 283.323761 	 298.807220 	 2.178990 	 98152.156250 	 689.796631 
205 	 41.678688 	 283.323761 	 298.051849 	 2.296471 	 98101.101562 	 706.449829 
206 	 41.678688 	 283.323761 	 299.312561 	 3.092411 	 98384.148438 	 668.507080 
207 	 41.678688 	 283.323761 	 299.924194 	 2.475128 	 98354.421875 	 692.820740 
208 	 41.678688 	 283.323761 	 299.293152 	 1.603766 	 98424.546875 	 688.334961 
209 	 41.678688 	 283.323761 	 301.611816 	 1.851445 	 98284.796875 	 718.988831 
210 	 41.678688 	 283.323761 	 303.023224 	 3.283576 	 98203.539062 	 630.491150 
211 	 41.678688 	 283.323761 	 300.303436 	 3.784906 	 98140.921875 	 721.496826 
212 	 41.678688 	 283.323761 	 295.474091 	 1.878340 	 98978.671875 	 679.824585 
213 	 41.678688 	 283.323761 	 296.445404 	 3.314207 	 99270.937500 	 689.818604 
214 	 41.678688 	 283.323761 	 295.277100 	 5.101859 	 98843.906250 	 466.012512 
215 	 41.678688 	 283.323761 	 295.889130 	 4.175603 	 98275.351562 	 627.396729 
216 	 41.678688 	 283.323761 	 293.957855 	 1.079703 	 98495.867188 	 662.268616 
217 	 41.678688 	 283.323761 	 297.252228 	 3.579195 	 98009.656250 	 573.597900 
218 	 41.678688 	 283.323761 	 297.163116 	 4.252033 	 97486.062500 	 540.179138 
219 	 41.678688 	 283.323761 	 291.138824 	 2.640459 	 98209.570312 	 648.865967 
220 	 41.678688 	 283.323761 	 290.977539 	 1.679716 	 98692.398438 	 593.727295 
221 	 41.678688 	 283.323761 	 292.181030 	 1.940589 	 98529.796875 	 659.203064 
222 	 41.678688 	 283.323761 	 293.115021 	 2.918702 	 98770.468750 	 604.511841 
223 	 41.678688 	 283.323761 	 294.092621 	 3.233243 	 98510.328125 	 659.047058 
224 	 41.678688 	 283.323761 	 293.418701 	 1.046788 	 98987.632812 	 647.661621 
225 	 41.678688 	 283.323761 	 296.944458 	 2.417123 	 98462.507812 	 564.011536 
226 	 41.678688 	 283.323761 	 298.050171 	 2.445128 	 98178.398438 	 686.620850 
227 	 41.678688 	 283.323761 	 296.406067 	 2.210113 	 98102.078125 	 630.359253 
228 	 41.678688 	 283.323761 	 297.471008 	 1.315867 	 98355.078125 	 659.229126 
229 	 41.678688 	 283.323761 	 301.375153 	 2.989372 	 97999.203125 	 653.725342 
230 	 41.678688 	 283.323761 	 297.051941 	 3.162683 	 98067.421875 	 618.750610 
231 	 41.678688 	 283.323761 	 292.474762 	 3.652268 	 99097.359375 	 634.208984 
232 	 41.678688 	 283.323761 	 291.684235 	 1.734064 	 99705.890625 	 631.661377 
233 	 41.678688 	 283.323761 	 292.871948 	 0.487268 	 99606.679688 	 635.442017 
234 	 41.678688 	 283.323761 	 296.286041 	 3.076529 	 98827.859375 	 648.192383 
235 	 41.678688 	 283.323761 	 299.981659 	 3.269033 	 98013.601562 	 663.525757 
236 	 41.678688 	 283.323761 	 294.772614 	 2.491261 	 98589.320312 	 635.700500 
237 	 41.678688 	 283.323761 	 292.259583 	 1.414749 	 99175.523438 	 615.559082 
238 	 41.678688 	 283.323761 	 293.701691 	 1.749357 	 99282.492188 	 634.075073 
239 	 41.678688 	 283.323761 	 296.771423 	 4.426636 	 99387.890625 	 651.741333 
240 	 41.678688 	 283.323761 	 297.795746 	 4.597265 	 99169.960938 	 617.471863 
241 	 41.678688 	 283.323761 	 299.964294 	 2.539431 	 98806.546875 	 653.781860 
242 	 41.678688 	 283.323761 	 298.937866 	 1.055699 	 98816.890625 	 638.791016 
243 	 41.678688 	 283.323761 	 299.836853 	 1.702609 	 98843.960938 	 650.652710 
244 	 41.678688 	 283.323761 	 300.975586 	 3.501630 	 98233.148438 	 652.919678 
245 	 41.678688 	 283.323761 	 292.346497 	 3.116646 	 99180.593750 	 603.795593 
246 	 41.678688 	 283.323761 	 293.386597 	 3.375402 	 99260.140625 	 576.376770 
247 	 41.678688 	 283.323761 	 300.439575 	 3.775933 	 99056.460938 	 657.048218 
248 	 41.678688 	 283.323761 	 298.437073 	 4.181848 	 98988.156250 	 558.700012 
249 	 41.678688 	 283.323761 	 297.165070 	 3.073365 	 98873.617188 	 472.286835 
250 	 41.678688 	 283.323761 	 298.452881 	 3.456076 	 98829.757812 	 614.418579 
251 	 41.678688 	 283.323761 	 299.742889 	 3.383517 	 98742.250000 	 649.464294 
252 	 41.678688 	 283.323761 	 298.415497 	 2.932674 	 98721.273438 	 624.985962 
253 	 41.678688 	 283.323761 	 294.650421 	 2.418425 	 99002.640625 	 600.030640 
254 	 41.678688 	 283.323761 	 299.641022 	 2.433128 	 98322.437500 	 629.496460 
255 	 41.678688 	 283.323761 	 296.966370 	 1.049925 	 98816.953125 	 626.260315 
256 	 41.678688 	 283.323761 	 300.435486 	 3.436217 	 98715.937500 	 618.031433 
257 	 41.678688 	 283.323761 	 298.647705 	 3.161065 	 98434.296875 	 536.641663 
258 	 41.678688 	 283.323761 	 298.996582 	 2.572218 	 98100.296875 	 619.191467 
259 	 41.678688 	 283.323761 	 294.851685 	 2.938430 	 98120.656250 	 545.535950 
260 	 41.678688 	 283.323761 	 287.251251 	 2.655726 	 98106.671875 	 476.486786 
261 	 41.678688 	 283.323761 	 284.587036 	 1.793030 	 99201.781250 	 529.116943 
262 	 41.678688 	 283.323761 	 284.813293 	 0.888905 	 100019.796875 	 539.010742 
263 	 41.678688 	 283.323761 	 287.691986 	 1.494463 	 100389.703125 	 545.041931 
264 	 41.678688 	 283.323761 	 289.036957 	 2.230614 	 100218.101562 	 527.121094 
265 	 41.678688 	 283.323761 	 290.628662 	 2.969465 	 99258.578125 	 483.474274 
266 	 41.678688 	 283.323761 	 283.701752 	 3.587161 	 99266.648438 	 500.886719 
267 	 41.678688 	 283.323761 	 281.745087 	 0.858178 	 99776.796875 	 505.845093 
268 	 41.678688 	 283.323761 	 285.517944 	 1.588787 	 99629.796875 	 520.944702 
269 	 41.678688 	 283.323761 	 286.080139 	 1.745090 	 99623.820312 	 519.353516 
270 	 41.678688 	 283.323761 	 285.400665 	 1.565220 	 100095.000000 	 511.949860 
271 	 41.678688 	 283.323761 	 288.415131 	 2.604936 	 99656.093750 	 490.114502 
272 	 41.678688 	 283.323761 	 289.644409 	 1.410291 	 99307.382812 	 528.936584 
273 	 41.678688 	 283.323761 	 289.724548 	 0.926109 	 99385.609375 	 540.421753 
274 	 41.678688 	 283.323761 	 291.058075 	 1.410006 	 99593.179688 	 520.768066 
275 	 41.678688 	 283.323761 	 291.618866 	 1.430832 	 99043.718750 	 549.343994 
276 	 41.678688 	 283.323761 	 293.211823 	 3.077819 	 97944.257812 	 493.529358 
277 	 41.678688 	 283.323761 	 287.807831 	 3.197819 	 97139.273438 	 494.771301 
278 	 41.678688 	 283.323761 	 280.905212 	 3.578325 	 97445.203125 	 432.019653 
279 	 41.678688 	 283.323761 	 278.479218 	 3.191783 	 98547.062500 	 464.357300 
280 	 41.678688 	 283.323761 	 277.886047 	 1.762123 	 99359.617188 	 345.775085 
281 	 41.678688 	 283.323761 	 285.757935 	 1.992980 	 99611.773438 	 485.175049 
282 	 41.678688 	 283.323761 	 288.746979 	 3.480927 	 98922.156250 	 404.902130 
283 	 41.678688 	 283.323761 	 281.837524 	 3.464994 	 98837.093750 	 469.439148 
284 	 41.678688 	 283.323761 	 278.762756 	 2.125946 	 98927.210938 	 428.796265 
285 	 41.678688 	 283.323761 	 284.545441 	 2.827926 	 98643.179688 	 482.589844 
286 	 41.678688 	 283.323761 	 288.140533 	 3.645788 	 98908.773438 	 482.406616 
287 	 41.678688 	 283.323761 	 290.131744 	 3.052262 	 98840.101562 	 502.372253 
288 	 41.678688 	 283.323761 	 289.661865 	 4.039666 	 97983.437500 	 401.664795 
289 	 41.678688 	 283.323761 	 278.443634 	 3.509832 	 98000.421875 	 435.068054 
290 	 41.678688 	 283.323761 	 280.388031 	 3.640909 	 98929.796875 	 419.243317 
291 	 41.678688 	 283.323761 	 279.559723 	 3.132636 	 99396.203125 	 424.727295 
292 	 41.678688 	 283.323761 	 276.990448 	 1.828403 	 100309.000000 	 450.252563 
293 	 41.678688 	 283.323761 	 279.153900 	 3.168192 	 100219.296875 	 434.283691 
294 	 41.678688 	 283.323761 	 285.141052 	 3.012980 	 99845.960938 	 460.793335 
295 	 41.678688 	 283.323761 	 286.816376 	 1.509813 	 99463.109375 	 452.445831 
296 	 41.678688 	 283.323761 	 283.802246 	 2.038623 	 99668.398438 	 436.770935 
297 	 41.678688 	 283.323761 	 279.414886 	 2.148098 	 100476.398438 	 426.921143 
298 	 41.678688 	 283.323761 	 284.213867 	 3.188136 	 100428.898438 	 428.205048 
299 	 41.678688 	 283.323761 	 288.144135 	 2.643740 	 100150.203125 	 431.848083 
300 	 41.678688 	 283.323761 	 290.534882 	 4.132430 	 99707.062500 	 456.848694 
301 	 41.678688 	 283.323761 	 290.273926 	 4.006255 	 99128.843750 	 409.591034 
302 	 41.678688 	 283.323761 	 283.552673 	 2.245017 	 99602.968750 	 422.432068 
303 	 41.678688 	 283.323761 	 283.368652 	 1.122124 	 99530.210938 	 457.371826 
304 	 41.678688 	 283.323761 	 280.571320 	 3.449302 	 98897.750000 	 401.492798 
305 	 41.678688 	 283.323761 	 275.536499 	 1.869941 	 99695.187500 	 396.895721 
306 	 41.678688 	 283.323761 	 277.221039 	 2.631071 	 99802.109375 	 393.408142 
307 	 41.678688 	 283.323761 	 284.835602 	 1.416647 	 99181.343750 	 409.505707 
308 	 41.678688 	 283.323761 	 283.978241 	 2.808400 	 98901.343750 	 454.942596 
309 	 41.678688 	 283.323761 	 281.737579 	 1.424191 	 99166.976562 	 411.478943 
310 	 41.678688 	 283.323761 	 282.551453 	 2.481742 	 98571.796875 	 404.550842 
311 	 41.678688 	 283.323761 	 279.774017 	 3.085067 	 99397.703125 	 413.994781 
312 	 41.678688 	 283.323761 	 276.232239 	 2.707721 	 100420.101562 	 381.098907 
313 	 41.678688 	 283.323761 	 282.328644 	 2.682510 	 99852.367188 	 386.964539 
314 	 41.678688 	 283.323761 	 283.643768 	 1.420418 	 99731.171875 	 399.018005 
315 	 41.678688 	 283.323761 	 286.744110 	 2.169516 	 99466.953125 	 416.782410 
316 	 41.678688 	 283.323761 	 286.979156 	 1.642632 	 99343.460938 	 407.422302 
317 	 41.678688 	 283.323761 	 288.356964 	 3.210422 	 98705.421875 	 414.187592 
318 	 41.678688 	 283.323761 	 280.384186 	 3.238388 	 98365.601562 	 423.268677 
319 	 41.678688 	 283.323761 	 275.675903 	 1.403231 	 99446.000000 	 358.135956 
320 	 41.678688 	 283.323761 	 277.743988 	 2.362145 	 98962.906250 	 389.804504 
321 	 41.678688 	 283.323761 	 274.172943 	 2.187364 	 99134.976562 	 360.209534 
322 	 41.678688 	 283.323761 	 277.837524 	 2.457546 	 98970.328125 	 382.544861 
323 	 41.678688 	 283.323761 	 277.546356 	 1.299760 	 99549.882812 	 372.949188 
324 	 41.678688 	 283.323761 	 277.446686 	 2.426966 	 99240.593750 	 366.017029 
325 	 41.678688 	 283.323761 	 272.105804 	 5.243217 	 99497.546875 	 362.690674 
326 	 41.678688 	 283.323761 	 269.314148 	 1.575171 	 100274.898438 	 329.041199 
327 	 41.678688 	 283.323761 	 272.815125 	 2.744522 	 100021.898438 	 345.187195 
328 	 41.678688 	 283.323761 	 276.149872 	 1.697317 	 100009.601562 	 369.829559 
329 	 41.678688 	 283.323761 	 280.560669 	 2.703148 	 99610.898438 	 367.033020 
330 	 41.678688 	 283.323761 	 284.491119 	 5.726625 	 98214.218750 	 368.136749 
331 	 41.678688 	 283.323761 	 275.712830 	 4.758029 	 97616.000000 	 350.072388 
332 	 41.678688 	 283.323761 	 274.711670 	 2.841448 	 98871.843750 	 298.078064 
333 	 41.678688 	 283.323761 	 274.380096 	 2.190155 	 98795.820312 	 332.775024 
334 	 41.678688 	 283.323761 	 276.291565 	 2.419073 	 98547.960938 	 386.597198 
335 	 41.678688 	 283.323761 	 273.105530 	 2.362614 	 99042.343750 	 337.837341 
336 	 41.678688 	 283.323761 	 274.636932 	 3.305955 	 97790.382812 	 341.217133 
337 	 41.678688 	 283.323761 	 270.071320 	 3.732321 	 97754.210938 	 316.187927 
338 	 41.678688 	 283.323761 	 271.123322 	 2.706607 	 98293.132812 	 321.139954 
339 	 41.678688 	 283.323761 	 270.316589 	 1.212184 	 98760.062500 	 302.977814 
340 	 41.678688 	 283.323761 	 272.249817 	 1.557848 	 98333.500000 	 350.734009 
341 	 41.678688 	 283.323761 	 274.756287 	 3.769514 	 98024.203125 	 363.270691 
342 	 41.678688 	 283.323761 	 273.564636 	 2.494106 	 98343.843750 	 302.638641 
343 	 41.678688 	 283.323761 	 276.319916 	 3.915503 	 96745.320312 	 347.872314 
344 	 41.678688 	 283.323761 	 271.283600 	 5.722039 	 96818.132812 	 339.674866 
345 	 41.678688 	 283.323761 	 269.917023 	 2.656919 	 98095.679688 	 277.315643 
346 	 41.678688 	 283.323761 	 274.892273 	 3.346313 	 97885.382812 	 361.221954 
347 	 41.678688 	 283.323761 	 276.688507 	 3.765628 	 98644.382812 	 325.956024 
348 	 41.678688 	 283.323761 	 284.815704 	 5.410949 	 98478.531250 	 398.668701 
349 	 41.678688 	 283.323761 	 280.297485 	 3.583292 	 98234.609375 	 345.049255 
350 	 41.678688 	 283.323761 	 273.262909 	 3.076209 	 98608.531250 	 351.880646 
351 	 41.678688 	 283.323761 	 273.383545 	 3.845577 	 98960.570312 	 328.410950 
352 	 41.678688 	 283.323761 	 277.107269 	 3.469658 	 98240.359375 	 339.079803 
353 	 41.678688 	 283.323761 	 272.511963 	 3.539859 	 98957.906250 	 333.572693 
354 	 41.678688 	 283.323761 	 270.940735 	 2.711871 	 100044.500000 	 323.992432 
355 	 41.678688 	 283.323761 	 274.467834 	 4.473755 	 99181.070312 	 302.977875 
356 	 41.678688 	 283.323761 	 270.971313 	 3.147468 	 99496.906250 	 322.391632 
357 	 41.678688 	 283.323761 	 271.878815 	 1.286021 	 99666.468750 	 331.040100 
358 	 41.678688 	 283.323761 	 274.472595 	 2.621220 	 99083.828125 	 333.899139 
359 	 41.678688 	 283.323761 	 274.165771 	 3.608511 	 99513.859375 	 354.933899 
360 	 41.678688 	 283.323761 	 272.716583 	 1.086512 	 100235.796875 	 320.342651 
361 	 41.678688 	 283.323761 	 274.198151 	 1.278282 	 99745.671875 	 323.746277 
362 	 41.678688 	 283.323761 	 273.604858 	 0.690503 	 99688.429688 	 330.435822 
363 	 41.678688 	 283.323761 	 276.929230 	 2.485386 	 99853.492188 	 345.734863 
364 	 41.678688 	 283.323761 	 285.326874 	 4.164754 	 98891.351562 	 374.592407 
