# 0: Day of Year [-] 	 1: lat [deg] 	 2: lon [deg] 	 3: tas [K] 	 4: sfcWind [m s-1] 	 5: ps [Pa] 	 6: Total Downwelling Rad Flux [W m-2] 
0 	 41.678688 	 283.323761 	 275.197784 	 4.592794 	 98146.187500 	 343.501709 
1 	 41.678688 	 283.323761 	 267.118073 	 4.546754 	 98706.437500 	 312.473999 
2 	 41.678688 	 283.323761 	 265.315857 	 2.036945 	 100124.203125 	 291.743469 
3 	 41.678688 	 283.323761 	 270.848236 	 3.460926 	 100162.296875 	 338.024445 
4 	 41.678688 	 283.323761 	 276.659088 	 4.066171 	 99450.773438 	 320.370117 
5 	 41.678688 	 283.323761 	 285.701752 	 5.624955 	 98629.171875 	 378.938568 
6 	 41.678688 	 283.323761 	 278.631592 	 1.233814 	 97716.476562 	 348.633331 
7 	 41.678688 	 283.323761 	 274.803894 	 2.225015 	 97970.773438 	 352.079193 
8 	 41.678688 	 283.323761 	 270.525116 	 1.267642 	 99484.906250 	 295.333191 
9 	 41.678688 	 283.323761 	 272.186401 	 2.320313 	 99646.328125 	 322.217010 
10 	 41.678688 	 283.323761 	 277.172516 	 2.912066 	 97368.531250 	 362.439117 
11 	 41.678688 	 283.323761 	 270.733307 	 4.762697 	 96637.429688 	 352.764771 
12 	 41.678688 	 283.323761 	 267.421417 	 4.560956 	 97524.078125 	 328.292267 
13 	 41.678688 	 283.323761 	 264.624298 	 1.593632 	 99389.773438 	 291.443115 
14 	 41.678688 	 283.323761 	 272.115112 	 2.472752 	 99263.046875 	 346.961487 
15 	 41.678688 	 283.323761 	 275.239807 	 2.098928 	 99228.500000 	 357.548767 
16 	 41.678688 	 283.323761 	 281.604614 	 2.739943 	 99156.906250 	 382.067474 
17 	 41.678688 	 283.323761 	 278.292084 	 2.299091 	 99787.679688 	 369.447906 
18 	 41.678688 	 283.323761 	 274.191589 	 1.827315 	 100640.898438 	 349.793915 
19 	 41.678688 	 283.323761 	 276.627167 	 1.339724 	 100123.500000 	 343.639526 
20 	 41.678688 	 283.323761 	 274.864075 	 0.674031 	 100312.398438 	 382.707367 
21 	 41.678688 	 283.323761 	 277.526154 	 3.252503 	 100212.203125 	 371.713379 
22 	 41.678688 	 283.323761 	 282.317200 	 3.823909 	 99738.351562 	 379.381744 
23 	 41.678688 	 283.323761 	 282.401947 	 3.854251 	 98892.726562 	 432.857971 
24 	 41.678688 	 283.323761 	 272.925690 	 1.501723 	 98701.578125 	 331.736542 
25 	 41.678688 	 283.323761 	 271.811981 	 2.201080 	 98030.109375 	 339.105438 
26 	 41.678688 	 283.323761 	 270.432190 	 2.931895 	 97799.226562 	 322.244812 
27 	 41.678688 	 283.323761 	 272.714508 	 3.743627 	 96913.796875 	 336.420410 
28 	 41.678688 	 283.323761 	 270.807495 	 3.385540 	 97475.507812 	 357.538940 
29 	 41.678688 	 283.323761 	 270.573883 	 2.860855 	 98471.070312 	 329.002014 
30 	 41.678688 	 283.323761 	 273.441254 	 3.413110 	 98277.046875 	 399.304993 
31 	 41.678688 	 283.323761 	 269.886322 	 1.945408 	 99205.976562 	 340.613495 
32 	 41.678688 	 283.323761 	 268.396393 	 3.799988 	 99567.203125 	 360.975464 
33 	 41.678688 	 283.323761 	 269.994873 	 3.391031 	 98912.718750 	 347.148773 
34 	 41.678688 	 283.323761 	 270.342072 	 1.803529 	 98592.117188 	 350.423340 
35 	 41.678688 	 283.323761 	 271.622040 	 2.897287 	 98817.031250 	 359.346619 
36 	 41.678688 	 283.323761 	 272.575287 	 1.276644 	 99590.937500 	 370.197876 
37 	 41.678688 	 283.323761 	 273.930847 	 2.253801 	 99820.156250 	 368.124481 
38 	 41.678688 	 283.323761 	 278.496185 	 3.489189 	 99237.640625 	 345.343475 
39 	 41.678688 	 283.323761 	 275.769836 	 3.155240 	 98538.851562 	 353.530304 
40 	 41.678688 	 283.323761 	 273.709900 	 2.801092 	 98808.851562 	 380.902374 
41 	 41.678688 	 283.323761 	 278.155182 	 3.551419 	 98167.593750 	 436.361145 
42 	 41.678688 	 283.323761 	 277.020721 	 2.065229 	 98499.843750 	 399.482544 
43 	 41.678688 	 283.323761 	 275.787170 	 3.435714 	 99117.039062 	 345.159698 
44 	 41.678688 	 283.323761 	 282.253235 	 3.133017 	 97972.156250 	 472.216766 
45 	 41.678688 	 283.323761 	 275.699982 	 2.926961 	 97875.406250 	 378.655273 
46 	 41.678688 	 283.323761 	 274.544189 	 2.203096 	 98420.843750 	 408.387634 
47 	 41.678688 	 283.323761 	 281.688354 	 2.538816 	 98720.968750 	 436.950378 
48 	 41.678688 	 283.323761 	 283.542389 	 1.883123 	 99825.726562 	 458.607056 
49 	 41.678688 	 283.323761 	 285.202820 	 2.947134 	 100189.101562 	 463.342560 
50 	 41.678688 	 283.323761 	 286.207611 	 3.454459 	 100207.101562 	 432.085693 
51 	 41.678688 	 283.323761 	 287.366455 	 3.992438 	 99534.773438 	 442.138336 
52 	 41.678688 	 283.323761 	 287.898407 	 4.123363 	 99193.437500 	 441.350464 
53 	 41.678688 	 283.323761 	 287.831696 	 2.567878 	 99044.296875 	 512.660522 
54 	 41.678688 	 283.323761 	 282.032196 	 1.615260 	 99065.328125 	 398.011597 
55 	 41.678688 	 283.323761 	 288.072906 	 3.881250 	 97223.093750 	 421.598755 
56 	 41.678688 	 283.323761 	 277.920166 	 3.110733 	 98154.562500 	 442.113525 
57 	 41.678688 	 283.323761 	 278.067932 	 2.214705 	 99644.906250 	 447.824341 
58 	 41.678688 	 283.323761 	 283.645050 	 2.535088 	 99460.726562 	 456.823730 
59 	 41.678688 	 283.323761 	 285.825043 	 2.071788 	 99190.117188 	 452.963623 
60 	 41.678688 	 283.323761 	 286.331573 	 3.177425 	 98632.343750 	 436.008484 
61 	 41.678688 	 283.323761 	 275.979065 	 2.869391 	 99509.023438 	 442.399597 
62 	 41.678688 	 283.323761 	 275.859009 	 3.426925 	 99887.203125 	 365.989929 
63 	 41.678688 	 283.323761 	 282.872925 	 3.042578 	 98709.921875 	 401.921234 
64 	 41.678688 	 283.323761 	 275.677307 	 2.081015 	 99119.710938 	 351.011353 
65 	 41.678688 	 283.323761 	 276.241425 	 2.245880 	 99352.296875 	 413.956726 
66 	 41.678688 	 283.323761 	 276.065277 	 2.147053 	 99865.046875 	 354.974457 
67 	 41.678688 	 283.323761 	 283.994904 	 3.769698 	 98786.171875 	 505.578522 
68 	 41.678688 	 283.323761 	 281.289154 	 1.904046 	 99245.531250 	 479.543823 
69 	 41.678688 	 283.323761 	 283.864075 	 2.616141 	 99437.460938 	 449.689514 
70 	 41.678688 	 283.323761 	 289.798126 	 6.060060 	 98703.992188 	 451.116333 
71 	 41.678688 	 283.323761 	 289.154907 	 3.116182 	 98437.210938 	 496.491821 
72 	 41.678688 	 283.323761 	 280.583893 	 2.299325 	 99190.390625 	 492.863342 
73 	 41.678688 	 283.323761 	 279.435120 	 3.057064 	 98927.976562 	 344.178284 
74 	 41.678688 	 283.323761 	 277.726624 	 5.245413 	 97566.632812 	 476.353363 
75 	 41.678688 	 283.323761 	 276.652161 	 3.798575 	 98462.281250 	 416.810089 
76 	 41.678688 	 283.323761 	 286.685150 	 4.210030 	 97977.859375 	 531.609131 
77 	 41.678688 	 283.323761 	 285.474548 	 4.765421 	 97682.273438 	 415.106049 
78 	 41.678688 	 283.323761 	 272.702637 	 3.863956 	 99105.906250 	 462.422363 
79 	 41.678688 	 283.323761 	 273.254303 	 1.313839 	 100045.398438 	 475.030457 
80 	 41.678688 	 283.323761 	 280.513031 	 3.865792 	 99902.523438 	 509.380066 
81 	 41.678688 	 283.323761 	 286.578857 	 5.658728 	 99463.898438 	 477.729279 
82 	 41.678688 	 283.323761 	 286.937042 	 4.523063 	 98457.187500 	 504.935425 
83 	 41.678688 	 283.323761 	 281.506989 	 2.311533 	 98766.906250 	 503.634216 
84 	 41.678688 	 283.323761 	 286.211487 	 3.295629 	 99327.031250 	 539.885437 
85 	 41.678688 	 283.323761 	 286.122559 	 0.679683 	 99744.406250 	 548.385376 
86 	 41.678688 	 283.323761 	 288.389313 	 1.755154 	 99759.421875 	 557.195190 
87 	 41.678688 	 283.323761 	 289.333771 	 3.429103 	 99069.929688 	 558.951355 
88 	 41.678688 	 283.323761 	 276.553162 	 4.650966 	 100029.000000 	 509.317261 
89 	 41.678688 	 283.323761 	 278.844910 	 3.171744 	 100565.500000 	 515.061951 
90 	 41.678688 	 283.323761 	 284.243347 	 4.588550 	 99901.492188 	 426.322235 
91 	 41.678688 	 283.323761 	 286.513153 	 2.032415 	 99554.109375 	 500.395874 
92 	 41.678688 	 283.323761 	 288.927460 	 4.433871 	 99447.718750 	 460.689209 
93 	 41.678688 	 283.323761 	 286.494293 	 2.570948 	 98592.703125 	 431.048401 
94 	 41.678688 	 283.323761 	 279.650513 	 4.147946 	 97475.023438 	 456.042908 
95 	 41.678688 	 283.323761 	 276.781189 	 4.643386 	 98444.953125 	 524.897278 
96 	 41.678688 	 283.323761 	 281.365997 	 2.988014 	 99312.718750 	 542.969055 
97 	 41.678688 	 283.323761 	 289.296417 	 2.600376 	 99084.101562 	 538.116577 
98 	 41.678688 	 283.323761 	 289.770050 	 1.257498 	 99324.789062 	 594.042969 
99 	 41.678688 	 283.323761 	 291.139648 	 2.429310 	 99101.593750 	 598.267334 
100 	 41.678688 	 283.323761 	 291.133636 	 2.046755 	 98705.773438 	 551.837036 
101 	 41.678688 	 283.323761 	 289.692688 	 2.147954 	 98817.132812 	 598.139404 
102 	 41.678688 	 283.323761 	 290.253571 	 0.909948 	 98821.093750 	 606.879028 
103 	 41.678688 	 283.323761 	 293.357758 	 1.354288 	 98487.929688 	 620.958008 
104 	 41.678688 	 283.323761 	 292.705994 	 2.726966 	 98079.882812 	 618.474243 
105 	 41.678688 	 283.323761 	 287.874664 	 3.290434 	 97794.382812 	 583.776245 
106 	 41.678688 	 283.323761 	 282.419159 	 3.734298 	 97640.960938 	 536.278442 
107 	 41.678688 	 283.323761 	 280.430908 	 1.287159 	 98559.796875 	 547.909058 
108 	 41.678688 	 283.323761 	 288.819916 	 3.889426 	 97976.648438 	 532.916626 
109 	 41.678688 	 283.323761 	 287.209961 	 2.061268 	 97849.523438 	 597.798157 
110 	 41.678688 	 283.323761 	 295.617767 	 3.005652 	 97950.703125 	 652.003418 
111 	 41.678688 	 283.323761 	 298.241150 	 3.550426 	 98040.953125 	 660.398560 
112 	 41.678688 	 283.323761 	 294.601044 	 4.311646 	 97801.156250 	 529.074463 
113 	 41.678688 	 283.323761 	 283.475555 	 4.074138 	 98621.976562 	 580.579956 
114 	 41.678688 	 283.323761 	 282.740997 	 1.411480 	 99141.273438 	 547.014404 
115 	 41.678688 	 283.323761 	 287.871674 	 4.871927 	 98689.632812 	 500.835449 
116 	 41.678688 	 283.323761 	 293.039459 	 3.481886 	 97836.218750 	 452.927612 
117 	 41.678688 	 283.323761 	 286.167084 	 3.841943 	 98222.773438 	 570.064880 
118 	 41.678688 	 283.323761 	 285.449738 	 1.870022 	 98562.093750 	 607.331055 
119 	 41.678688 	 283.323761 	 286.744171 	 2.798195 	 98817.523438 	 457.839600 
120 	 41.678688 	 283.323761 	 286.371216 	 1.742021 	 99111.468750 	 577.525757 
121 	 41.678688 	 283.323761 	 291.216522 	 2.083921 	 99065.382812 	 628.777710 
122 	 41.678688 	 283.323761 	 294.223755 	 3.322900 	 98534.296875 	 615.429260 
123 	 41.678688 	 283.323761 	 290.317871 	 1.854325 	 98458.656250 	 628.001831 
124 	 41.678688 	 283.323761 	 292.245392 	 4.683377 	 97562.273438 	 644.261719 
125 	 41.678688 	 283.323761 	 285.158264 	 2.047248 	 98774.781250 	 562.445435 
126 	 41.678688 	 283.323761 	 293.099609 	 4.650962 	 98076.101562 	 575.112549 
127 	 41.678688 	 283.323761 	 286.879242 	 4.424192 	 98111.679688 	 617.497803 
128 	 41.678688 	 283.323761 	 281.111603 	 3.169839 	 98571.140625 	 586.884521 
129 	 41.678688 	 283.323761 	 279.247406 	 2.979165 	 98821.203125 	 551.061890 
130 	 41.678688 	 283.323761 	 279.041412 	 2.424247 	 99115.500000 	 539.952759 
131 	 41.678688 	 283.323761 	 280.303040 	 1.448029 	 99347.656250 	 595.945435 
132 	 41.678688 	 283.323761 	 284.101715 	 2.092479 	 99029.656250 	 612.313965 
133 	 41.678688 	 283.323761 	 286.143127 	 3.383441 	 98346.703125 	 455.263306 
134 	 41.678688 	 283.323761 	 280.174408 	 4.519040 	 98154.507812 	 591.461182 
135 	 41.678688 	 283.323761 	 281.349884 	 3.444351 	 98679.953125 	 621.091309 
136 	 41.678688 	 283.323761 	 282.907654 	 2.075442 	 98718.273438 	 528.846008 
137 	 41.678688 	 283.323761 	 292.154633 	 4.894200 	 97714.343750 	 607.556152 
138 	 41.678688 	 283.323761 	 289.272186 	 2.343747 	 98024.617188 	 591.539490 
139 	 41.678688 	 283.323761 	 290.291168 	 1.993101 	 98439.046875 	 656.147339 
140 	 41.678688 	 283.323761 	 288.014648 	 1.887225 	 98830.703125 	 603.269897 
141 	 41.678688 	 283.323761 	 288.194550 	 2.242072 	 99272.781250 	 564.770081 
142 	 41.678688 	 283.323761 	 293.846527 	 4.666198 	 98978.109375 	 647.359619 
143 	 41.678688 	 283.323761 	 297.205750 	 3.654834 	 98212.312500 	 699.781738 
144 	 41.678688 	 283.323761 	 297.086029 	 2.985352 	 98193.562500 	 663.911621 
145 	 41.678688 	 283.323761 	 296.238892 	 1.898574 	 98302.523438 	 620.957031 
146 	 41.678688 	 283.323761 	 295.599304 	 2.702836 	 98196.476562 	 565.781616 
147 	 41.678688 	 283.323761 	 294.951050 	 3.337754 	 98340.578125 	 482.065308 
148 	 41.678688 	 283.323761 	 290.963257 	 2.838923 	 99241.273438 	 607.783936 
149 	 41.678688 	 283.323761 	 291.124969 	 4.909521 	 99131.039062 	 682.236816 
150 	 41.678688 	 283.323761 	 295.136017 	 3.673065 	 98301.492188 	 657.720764 
151 	 41.678688 	 283.323761 	 293.524261 	 2.158072 	 98458.843750 	 528.508789 
152 	 41.678688 	 283.323761 	 291.914642 	 2.403029 	 98730.898438 	 675.956299 
153 	 41.678688 	 283.323761 	 293.262299 	 1.019222 	 99009.640625 	 671.156921 
154 	 41.678688 	 283.323761 	 295.846527 	 1.425624 	 99059.453125 	 662.610901 
155 	 41.678688 	 283.323761 	 296.391602 	 1.623804 	 99346.757812 	 684.092773 
156 	 41.678688 	 283.323761 	 295.438446 	 2.067670 	 99646.750000 	 619.147705 
157 	 41.678688 	 283.323761 	 294.445404 	 1.981203 	 99510.203125 	 650.725220 
158 	 41.678688 	 283.323761 	 293.241638 	 3.281159 	 99173.421875 	 599.830383 
159 	 41.678688 	 283.323761 	 295.619324 	 5.201991 	 98582.187500 	 649.805847 
160 	 41.678688 	 283.323761 	 296.137726 	 4.876600 	 98105.398438 	 514.702148 
161 	 41.678688 	 283.323761 	 292.480042 	 2.432894 	 98195.796875 	 539.233093 
162 	 41.678688 	 283.323761 	 292.291077 	 2.420334 	 98208.203125 	 676.783997 
163 	 41.678688 	 283.323761 	 289.492584 	 3.674801 	 98754.968750 	 668.702271 
164 	 41.678688 	 283.323761 	 287.817383 	 1.755241 	 99251.929688 	 644.788269 
165 	 41.678688 	 283.323761 	 291.040894 	 2.908305 	 98693.773438 	 651.290527 
166 	 41.678688 	 283.323761 	 292.222595 	 2.124392 	 98889.492188 	 682.330933 
167 	 41.678688 	 283.323761 	 296.033051 	 1.255886 	 99192.789062 	 694.425659 
168 	 41.678688 	 283.323761 	 300.849518 	 2.355503 	 98948.023438 	 748.052490 
169 	 41.678688 	 283.323761 	 299.368805 	 2.600390 	 98819.117188 	 696.041199 
170 	 41.678688 	 283.323761 	 299.038513 	 2.726595 	 98831.906250 	 711.175537 
171 	 41.678688 	 283.323761 	 299.325378 	 3.098696 	 98491.421875 	 699.414429 
172 	 41.678688 	 283.323761 	 296.273529 	 2.723861 	 98563.156250 	 712.534668 
173 	 41.678688 	 283.323761 	 296.135376 	 2.551255 	 98569.226562 	 705.457275 
174 	 41.678688 	 283.323761 	 300.211121 	 4.393967 	 98020.593750 	 711.142212 
175 	 41.678688 	 283.323761 	 297.506714 	 2.955529 	 97773.703125 	 675.766602 
176 	 41.678688 	 283.323761 	 295.208008 	 1.547747 	 98281.359375 	 663.614258 
177 	 41.678688 	 283.323761 	 295.703857 	 1.310347 	 98459.351562 	 689.128784 
178 	 41.678688 	 283.323761 	 296.890381 	 1.782519 	 98158.382812 	 724.662842 
179 	 41.678688 	 283.323761 	 297.472229 	 2.429765 	 97750.406250 	 543.623535 
180 	 41.678688 	 283.323761 	 294.390839 	 2.839203 	 98240.453125 	 699.620117 
181 	 41.678688 	 283.323761 	 293.097504 	 1.748357 	 98699.171875 	 681.812988 
182 	 41.678688 	 283.323761 	 296.519531 	 4.841341 	 98256.289062 	 641.243774 
183 	 41.678688 	 283.323761 	 294.328644 	 4.160723 	 98019.117188 	 719.014954 
184 	 41.678688 	 283.323761 	 289.904266 	 2.799161 	 98332.273438 	 663.735474 
185 	 41.678688 	 283.323761 	 290.614044 	 2.453906 	 98225.929688 	 607.282593 
186 	 41.678688 	 283.323761 	 291.711823 	 1.421849 	 98424.023438 	 600.173584 
187 	 41.678688 	 283.323761 	 295.070892 	 2.970669 	 98143.570312 	 569.779236 
188 	 41.678688 	 283.323761 	 293.433685 	 7.810387 	 96392.453125 	 629.077515 
189 	 41.678688 	 283.323761 	 291.656158 	 5.051363 	 96802.632812 	 564.499268 
190 	 41.678688 	 283.323761 	 292.514526 	 2.316815 	 98045.093750 	 681.165283 
191 	 41.678688 	 283.323761 	 293.459412 	 0.811501 	 98707.679688 	 688.011475 
192 	 41.678688 	 283.323761 	 296.706238 	 0.922747 	 98985.000000 	 686.864136 
193 	 41.678688 	 283.323761 	 299.137024 	 1.562227 	 98896.062500 	 711.636475 
194 	 41.678688 	 283.323761 	 301.903839 	 3.246846 	 98509.453125 	 733.505615 
195 	 41.678688 	 283.323761 	 301.903351 	 3.222882 	 98181.546875 	 732.333740 
196 	 41.678688 	 283.323761 	 301.296997 	 1.889009 	 98479.257812 	 723.183716 
197 	 41.678688 	 283.323761 	 303.920959 	 2.657556 	 98356.710938 	 706.400635 
198 	 41.678688 	 283.323761 	 304.193970 	 2.882429 	 98577.023438 	 724.926147 
199 	 41.678688 	 283.323761 	 305.899750 	 2.903955 	 98786.882812 	 721.961670 
200 	 41.678688 	 283.323761 	 304.552460 	 4.148214 	 98486.929688 	 730.086182 
201 	 41.678688 	 283.323761 	 301.062225 	 3.957787 	 98485.601562 	 545.682739 
202 	 41.678688 	 283.323761 	 293.567780 	 1.775421 	 98889.609375 	 548.526611 
203 	 41.678688 	 283.323761 	 294.867004 	 1.318544 	 98790.109375 	 620.653442 
204 	 41.678688 	 283.323761 	 296.825653 	 3.597226 	 98457.718750 	 644.772827 
205 	 41.678688 	 283.323761 	 298.449280 	 4.317911 	 98453.890625 	 540.066528 
206 	 41.678688 	 283.323761 	 294.059540 	 2.334276 	 98640.359375 	 455.750488 
207 	 41.678688 	 283.323761 	 294.148285 	 2.364998 	 98764.640625 	 676.610901 
208 	 41.678688 	 283.323761 	 295.565613 	 1.109163 	 98728.140625 	 669.670288 
209 	 41.678688 	 283.323761 	 296.152161 	 0.718447 	 98570.023438 	 695.376648 
210 	 41.678688 	 283.323761 	 299.317932 	 2.799947 	 98178.031250 	 684.183228 
211 	 41.678688 	 283.323761 	 297.214142 	 1.388606 	 98186.406250 	 581.366455 
212 	 41.678688 	 283.323761 	 298.262024 	 1.396084 	 98613.421875 	 706.088379 
213 	 41.678688 	 283.323761 	 298.065430 	 1.363775 	 98739.429688 	 696.866882 
214 	 41.678688 	 283.323761 	 303.580841 	 2.001828 	 98557.382812 	 729.501404 
215 	 41.678688 	 283.323761 	 304.476440 	 3.459487 	 98625.960938 	 729.188599 
216 	 41.678688 	 283.323761 	 301.129425 	 4.047857 	 98778.031250 	 691.623474 
217 	 41.678688 	 283.323761 	 300.453644 	 4.300180 	 98694.148438 	 688.728638 
218 	 41.678688 	 283.323761 	 301.343323 	 2.374014 	 98634.343750 	 712.621338 
219 	 41.678688 	 283.323761 	 301.142273 	 4.017220 	 98380.953125 	 700.722534 
220 	 41.678688 	 283.323761 	 298.577332 	 2.333513 	 98282.601562 	 633.997070 
221 	 41.678688 	 283.323761 	 296.984161 	 1.469394 	 98492.812500 	 687.511841 
222 	 41.678688 	 283.323761 	 297.516571 	 2.008079 	 98550.976562 	 629.914307 
223 	 41.678688 	 283.323761 	 298.332275 	 2.698280 	 98393.648438 	 534.862671 
224 	 41.678688 	 283.323761 	 299.207184 	 2.078641 	 98879.226562 	 639.094421 
225 	 41.678688 	 283.323761 	 300.505676 	 2.827202 	 98983.781250 	 655.444336 
226 	 41.678688 	 283.323761 	 299.433472 	 3.745172 	 99070.406250 	 543.039429 
227 	 41.678688 	 283.323761 	 299.926544 	 2.716460 	 99183.343750 	 651.598938 
228 	 41.678688 	 283.323761 	 299.657959 	 3.194012 	 98844.546875 	 642.807251 
229 	 41.678688 	 283.323761 	 302.507690 	 3.332568 	 98083.820312 	 708.408142 
230 	 41.678688 	 283.323761 	 298.729919 	 3.042625 	 98761.281250 	 679.904053 
231 	 41.678688 	 283.323761 	 298.312500 	 3.333409 	 98886.507812 	 672.403687 
232 	 41.678688 	 283.323761 	 302.692627 	 2.088925 	 98983.953125 	 661.461182 
233 	 41.678688 	 283.323761 	 302.398529 	 2.320557 	 98992.367188 	 656.555542 
234 	 41.678688 	 283.323761 	 303.704559 	 3.978228 	 98559.132812 	 689.328979 
235 	 41.678688 	 283.323761 	 301.166443 	 3.367056 	 98686.710938 	 671.961304 
236 	 41.678688 	 283.323761 	 292.597595 	 2.737121 	 99276.812500 	 610.560181 
237 	 41.678688 	 283.323761 	 290.845947 	 1.225669 	 99422.531250 	 540.398071 
238 	 41.678688 	 283.323761 	 295.750885 	 3.515219 	 99181.453125 	 651.092346 
239 	 41.678688 	 283.323761 	 301.550049 	 3.404387 	 98460.632812 	 671.017944 
240 	 41.678688 	 283.323761 	 302.140350 	 3.296196 	 98027.921875 	 618.996155 
241 	 41.678688 	 283.323761 	 300.852814 	 2.624928 	 98216.867188 	 640.945496 
242 	 41.678688 	 283.323761 	 298.436981 	 2.607897 	 98151.710938 	 533.784607 
243 	 41.678688 	 283.323761 	 290.336639 	 4.561192 	 98585.726562 	 502.039795 
244 	 41.678688 	 283.323761 	 288.607300 	 2.394315 	 99347.593750 	 590.789246 
245 	 41.678688 	 283.323761 	 288.101379 	 1.118064 	 99355.921875 	 583.877441 
246 	 41.678688 	 283.323761 	 292.571533 	 3.370542 	 98799.531250 	 466.339813 
247 	 41.678688 	 283.323761 	 299.274841 	 2.734447 	 98103.421875 	 566.989990 
248 	 41.678688 	 283.323761 	 292.859711 	 2.318581 	 98438.046875 	 608.004333 
249 	 41.678688 	 283.323761 	 290.148041 	 1.691725 	 99042.789062 	 577.302979 
250 	 41.678688 	 283.323761 	 289.511932 	 0.825601 	 99438.171875 	 580.352478 
251 	 41.678688 	 283.323761 	 294.449127 	 3.238435 	 99276.859375 	 608.322327 
252 	 41.678688 	 283.323761 	 298.467804 	 2.741806 	 99135.250000 	 534.172974 
253 	 41.678688 	 283.323761 	 299.393890 	 1.555515 	 99232.703125 	 649.887756 
254 	 41.678688 	 283.323761 	 298.657410 	 1.426778 	 98970.203125 	 634.575928 
255 	 41.678688 	 283.323761 	 297.779755 	 2.679719 	 98626.148438 	 611.067261 
256 	 41.678688 	 283.323761 	 297.668304 	 4.071108 	 98339.023438 	 534.508484 
257 	 41.678688 	 283.323761 	 295.311859 	 1.583954 	 98480.203125 	 485.725647 
258 	 41.678688 	 283.323761 	 292.178284 	 1.328965 	 99153.609375 	 576.296204 
259 	 41.678688 	 283.323761 	 292.741486 	 1.586415 	 99415.437500 	 584.147888 
260 	 41.678688 	 283.323761 	 293.554749 	 2.785134 	 99259.250000 	 573.858521 
261 	 41.678688 	 283.323761 	 295.254883 	 3.240685 	 98913.648438 	 590.542603 
262 	 41.678688 	 283.323761 	 296.651611 	 2.100373 	 98993.179688 	 616.013428 
263 	 41.678688 	 283.323761 	 297.547333 	 2.348484 	 98926.828125 	 583.887268 
264 	 41.678688 	 283.323761 	 293.250549 	 2.797153 	 99240.640625 	 568.073792 
265 	 41.678688 	 283.323761 	 289.825867 	 1.784928 	 99763.718750 	 548.884827 
266 	 41.678688 	 283.323761 	 288.606293 	 2.631733 	 99831.796875 	 484.392761 
267 	 41.678688 	 283.323761 	 292.316589 	 3.927002 	 99343.773438 	 555.202087 
268 	 41.678688 	 283.323761 	 290.785004 	 2.307343 	 99260.781250 	 534.889465 
269 	 41.678688 	 283.323761 	 285.332245 	 0.948601 	 99338.273438 	 513.597839 
270 	 41.678688 	 283.323761 	 286.242371 	 2.351941 	 99237.609375 	 509.335632 
271 	 41.678688 	 283.323761 	 295.108765 	 3.703188 	 97776.843750 	 559.132751 
272 	 41.678688 	 283.323761 	 288.162659 	 3.183282 	 97548.476562 	 500.963318 
273 	 41.678688 	 283.323761 	 282.050171 	 2.569701 	 98763.453125 	 476.439331 
274 	 41.678688 	 283.323761 	 280.310974 	 0.978773 	 99864.843750 	 484.665894 
275 	 41.678688 	 283.323761 	 281.765778 	 1.178695 	 100256.500000 	 488.651581 
276 	 41.678688 	 283.323761 	 285.145416 	 1.932712 	 100124.203125 	 492.501587 
277 	 41.678688 	 283.323761 	 287.280579 	 1.811635 	 100107.296875 	 508.808594 
278 	 41.678688 	 283.323761 	 290.616730 	 2.161096 	 99877.953125 	 529.007935 
279 	 41.678688 	 283.323761 	 290.386383 	 2.636851 	 99426.468750 	 468.509430 
280 	 41.678688 	 283.323761 	 291.009338 	 3.636938 	 98453.406250 	 452.764465 
281 	 41.678688 	 283.323761 	 284.848389 	 3.108894 	 97791.882812 	 486.183350 
282 	 41.678688 	 283.323761 	 282.896790 	 2.915712 	 98783.437500 	 490.430389 
283 	 41.678688 	 283.323761 	 288.038239 	 3.424587 	 98860.703125 	 463.080200 
284 	 41.678688 	 283.323761 	 281.429840 	 3.074075 	 99815.882812 	 438.157562 
285 	 41.678688 	 283.323761 	 276.334259 	 1.810593 	 100149.398438 	 391.262512 
286 	 41.678688 	 283.323761 	 283.029877 	 2.228925 	 99373.828125 	 390.083862 
287 	 41.678688 	 283.323761 	 283.481720 	 1.207983 	 99371.453125 	 470.453186 
288 	 41.678688 	 283.323761 	 283.031921 	 1.335101 	 99196.226562 	 461.833954 
289 	 41.678688 	 283.323761 	 288.334564 	 2.906703 	 98609.476562 	 471.140137 
290 	 41.678688 	 283.323761 	 290.403839 	 4.307122 	 97852.093750 	 461.651306 
291 	 41.678688 	 283.323761 	 283.210907 	 2.196744 	 99066.968750 	 452.658325 
292 	 41.678688 	 283.323761 	 283.084320 	 1.906652 	 99151.117188 	 457.303497 
293 	 41.678688 	 283.323761 	 284.716797 	 2.399366 	 98226.031250 	 387.412231 
294 	 41.678688 	 283.323761 	 278.979065 	 3.517903 	 98753.046875 	 444.793182 
295 	 41.678688 	 283.323761 	 277.868835 	 2.024689 	 99300.171875 	 426.768738 
296 	 41.678688 	 283.323761 	 283.323700 	 1.726963 	 99085.437500 	 436.483337 
297 	 41.678688 	 283.323761 	 285.538239 	 1.408736 	 99142.640625 	 448.497192 
298 	 41.678688 	 283.323761 	 285.449371 	 0.932351 	 98799.843750 	 457.560883 
299 	 41.678688 	 283.323761 	 285.659882 	 1.117347 	 99058.046875 	 461.223114 
300 	 41.678688 	 283.323761 	 284.805267 	 2.205191 	 99194.851562 	 419.811279 
301 	 41.678688 	 283.323761 	 285.196869 	 3.520804 	 98917.093750 	 415.809845 
302 	 41.678688 	 283.323761 	 287.559418 	 3.039237 	 99011.093750 	 480.585052 
303 	 41.678688 	 283.323761 	 290.098633 	 2.572976 	 99164.109375 	 466.689392 
304 	 41.678688 	 283.323761 	 290.466125 	 1.090473 	 99350.742188 	 446.356659 
305 	 41.678688 	 283.323761 	 290.319275 	 3.742678 	 98989.617188 	 408.043335 
306 	 41.678688 	 283.323761 	 283.531616 	 3.118370 	 98829.687500 	 425.557739 
307 	 41.678688 	 283.323761 	 282.916595 	 3.392011 	 99206.710938 	 416.635437 
308 	 41.678688 	 283.323761 	 280.628784 	 4.141505 	 98913.210938 	 395.139587 
309 	 41.678688 	 283.323761 	 274.408783 	 4.384908 	 99054.148438 	 389.639221 
310 	 41.678688 	 283.323761 	 276.505066 	 3.512279 	 99011.468750 	 389.531067 
311 	 41.678688 	 283.323761 	 283.303192 	 3.119197 	 98687.320312 	 402.662079 
312 	 41.678688 	 283.323761 	 281.491913 	 0.705845 	 99171.750000 	 392.966919 
313 	 41.678688 	 283.323761 	 279.286316 	 2.485405 	 99803.351562 	 355.109222 
314 	 41.678688 	 283.323761 	 285.461029 	 2.412060 	 100121.000000 	 424.003265 
315 	 41.678688 	 283.323761 	 289.498291 	 4.579333 	 99940.656250 	 442.888458 
316 	 41.678688 	 283.323761 	 289.113953 	 4.158961 	 98887.500000 	 461.698975 
317 	 41.678688 	 283.323761 	 282.122009 	 2.197002 	 98397.062500 	 390.912109 
318 	 41.678688 	 283.323761 	 281.468140 	 4.550505 	 96765.609375 	 403.594788 
319 	 41.678688 	 283.323761 	 278.411102 	 4.649134 	 97010.437500 	 400.131226 
320 	 41.678688 	 283.323761 	 283.034668 	 3.748999 	 97734.781250 	 410.693939 
321 	 41.678688 	 283.323761 	 285.286163 	 3.243900 	 98353.000000 	 377.704956 
322 	 41.678688 	 283.323761 	 282.807007 	 4.366064 	 99828.937500 	 363.067261 
323 	 41.678688 	 283.323761 	 289.575073 	 5.931296 	 98381.539062 	 392.475861 
324 	 41.678688 	 283.323761 	 279.581848 	 3.914329 	 98713.382812 	 369.648163 
325 	 41.678688 	 283.323761 	 276.621490 	 2.709398 	 99717.140625 	 366.406982 
326 	 41.678688 	 283.323761 	 277.754944 	 4.350352 	 99941.226562 	 366.259583 
327 	 41.678688 	 283.323761 	 275.211853 	 3.994510 	 99627.257812 	 364.539795 
328 	 41.678688 	 283.323761 	 270.882080 	 2.844189 	 100290.101562 	 357.411560 
329 	 41.678688 	 283.323761 	 274.761169 	 1.748771 	 100610.601562 	 354.386932 
330 	 41.678688 	 283.323761 	 276.276520 	 0.814225 	 100742.796875 	 359.620697 
331 	 41.678688 	 283.323761 	 277.805359 	 1.441538 	 100272.796875 	 348.090118 
332 	 41.678688 	 283.323761 	 279.964386 	 1.900320 	 99986.882812 	 344.197510 
333 	 41.678688 	 283.323761 	 280.732788 	 2.123011 	 100039.398438 	 375.935425 
334 	 41.678688 	 283.323761 	 284.164307 	 2.869245 	 99953.093750 	 393.693634 
335 	 41.678688 	 283.323761 	 286.683350 	 3.139646 	 99473.757812 	 412.702271 
336 	 41.678688 	 283.323761 	 280.214874 	 2.643025 	 99455.976562 	 352.675415 
337 	 41.678688 	 283.323761 	 274.094055 	 4.133933 	 99615.703125 	 328.529114 
338 	 41.678688 	 283.323761 	 270.954590 	 2.917643 	 99226.187500 	 336.241089 
339 	 41.678688 	 283.323761 	 270.473267 	 1.916999 	 98297.820312 	 323.057068 
340 	 41.678688 	 283.323761 	 269.659760 	 3.247637 	 98799.929688 	 322.678375 
341 	 41.678688 	 283.323761 	 270.385529 	 2.885432 	 99306.406250 	 320.533173 
342 	 41.678688 	 283.323761 	 273.623901 	 3.656288 	 98355.273438 	 350.635864 
343 	 41.678688 	 283.323761 	 274.626160 	 4.003701 	 97450.796875 	 362.473175 
344 	 41.678688 	 283.323761 	 269.142303 	 4.422009 	 98182.046875 	 320.680115 
345 	 41.678688 	 283.323761 	 268.736450 	 2.687964 	 99064.820312 	 273.033997 
346 	 41.678688 	 283.323761 	 276.978607 	 3.254937 	 98165.078125 	 345.217102 
347 	 41.678688 	 283.323761 	 279.377625 	 2.388338 	 98560.906250 	 352.389893 
348 	 41.678688 	 283.323761 	 282.152863 	 3.950397 	 98480.343750 	 368.846619 
349 	 41.678688 	 283.323761 	 281.221741 	 5.171698 	 97060.507812 	 359.579041 
350 	 41.678688 	 283.323761 	 273.574097 	 4.516545 	 98360.601562 	 360.161652 
351 	 41.678688 	 283.323761 	 272.218781 	 2.384571 	 99486.203125 	 293.256348 
352 	 41.678688 	 283.323761 	 280.063812 	 2.993279 	 98226.992188 	 333.275848 
353 	 41.678688 	 283.323761 	 279.361816 	 4.087824 	 96271.703125 	 370.264801 
354 	 41.678688 	 283.323761 	 275.381500 	 4.310239 	 96862.617188 	 350.762573 
355 	 41.678688 	 283.323761 	 275.475403 	 3.329640 	 97393.382812 	 371.494232 
356 	 41.678688 	 283.323761 	 273.768250 	 3.008617 	 98203.617188 	 361.206329 
357 	 41.678688 	 283.323761 	 272.048187 	 3.339876 	 98809.609375 	 353.441284 
358 	 41.678688 	 283.323761 	 274.551971 	 1.786631 	 99100.828125 	 341.117340 
359 	 41.678688 	 283.323761 	 277.003052 	 1.755136 	 99101.359375 	 343.079651 
360 	 41.678688 	 283.323761 	 279.753113 	 2.020554 	 99131.367188 	 364.326630 
361 	 41.678688 	 283.323761 	 280.843170 	 1.615340 	 99454.257812 	 386.354919 
362 	 41.678688 	 283.323761 	 286.122955 	 4.561537 	 98495.890625 	 387.636536 
363 	 41.678688 	 283.323761 	 279.062500 	 3.141934 	 97787.773438 	 341.250092 
364 	 41.678688 	 283.323761 	 275.099426 	 3.696737 	 98323.992188 	 343.881622 
