# 0: Day of Year [-] 	 1: lat [deg] 	 2: lon [deg] 	 3: tas [K] 	 4: sfcWind [m s-1] 	 5: ps [Pa] 	 6: Total Downwelling Rad Flux [W m-2] 
0 	 41.678688 	 283.323761 	 283.247681 	 4.875994 	 99092.328125 	 364.076721 
1 	 41.678688 	 283.323761 	 286.579559 	 3.829726 	 96976.742188 	 385.486511 
2 	 41.678688 	 283.323761 	 278.865479 	 2.850264 	 95648.976562 	 356.584381 
3 	 41.678688 	 283.323761 	 271.160553 	 3.264365 	 97449.437500 	 340.532562 
4 	 41.678688 	 283.323761 	 268.734344 	 2.989604 	 98856.210938 	 343.528137 
5 	 41.678688 	 283.323761 	 269.150055 	 1.492706 	 99748.296875 	 317.131653 
6 	 41.678688 	 283.323761 	 269.492157 	 2.006823 	 99240.210938 	 318.775330 
7 	 41.678688 	 283.323761 	 271.646179 	 2.333351 	 98042.796875 	 312.813171 
8 	 41.678688 	 283.323761 	 276.377991 	 2.264342 	 97223.929688 	 370.467407 
9 	 41.678688 	 283.323761 	 279.038635 	 2.901644 	 97352.718750 	 359.267456 
10 	 41.678688 	 283.323761 	 274.399750 	 1.390183 	 98340.546875 	 351.499481 
11 	 41.678688 	 283.323761 	 272.740631 	 2.374515 	 98761.007812 	 327.326385 
12 	 41.678688 	 283.323761 	 271.467194 	 1.100914 	 99119.703125 	 307.975555 
13 	 41.678688 	 283.323761 	 270.754761 	 1.947169 	 98496.367188 	 357.057068 
14 	 41.678688 	 283.323761 	 268.777252 	 2.901408 	 98843.546875 	 312.118042 
15 	 41.678688 	 283.323761 	 269.541046 	 3.711752 	 99314.289062 	 298.398041 
16 	 41.678688 	 283.323761 	 269.809631 	 3.026437 	 98619.898438 	 317.825195 
17 	 41.678688 	 283.323761 	 269.811249 	 2.867592 	 98846.632812 	 318.533508 
18 	 41.678688 	 283.323761 	 271.306854 	 3.291905 	 98645.882812 	 317.270020 
19 	 41.678688 	 283.323761 	 270.232971 	 1.193659 	 98459.101562 	 337.486725 
20 	 41.678688 	 283.323761 	 269.210724 	 3.350666 	 98052.296875 	 307.481567 
21 	 41.678688 	 283.323761 	 265.519012 	 3.260916 	 99021.703125 	 315.835785 
22 	 41.678688 	 283.323761 	 272.474396 	 3.794494 	 98029.796875 	 312.854980 
23 	 41.678688 	 283.323761 	 270.462067 	 3.625056 	 97517.468750 	 354.554138 
24 	 41.678688 	 283.323761 	 264.943085 	 2.028984 	 98979.867188 	 318.984192 
25 	 41.678688 	 283.323761 	 265.342804 	 3.495824 	 98480.726562 	 314.051697 
26 	 41.678688 	 283.323761 	 257.767365 	 3.212716 	 99413.117188 	 315.122345 
27 	 41.678688 	 283.323761 	 262.902222 	 3.494317 	 99371.968750 	 333.235138 
28 	 41.678688 	 283.323761 	 275.253693 	 3.707776 	 97413.273438 	 348.980743 
29 	 41.678688 	 283.323761 	 270.935944 	 2.792777 	 97806.398438 	 329.438080 
30 	 41.678688 	 283.323761 	 271.860229 	 2.028734 	 98453.367188 	 344.884369 
31 	 41.678688 	 283.323761 	 275.641571 	 2.306161 	 97655.046875 	 351.179962 
32 	 41.678688 	 283.323761 	 272.959473 	 6.061080 	 94651.312500 	 366.837891 
33 	 41.678688 	 283.323761 	 267.846985 	 6.281110 	 96757.390625 	 350.757935 
34 	 41.678688 	 283.323761 	 267.577301 	 4.840137 	 97643.960938 	 337.778168 
35 	 41.678688 	 283.323761 	 268.133514 	 3.498105 	 97909.531250 	 327.325317 
36 	 41.678688 	 283.323761 	 268.252411 	 3.092096 	 98504.101562 	 349.575562 
37 	 41.678688 	 283.323761 	 268.094238 	 2.157366 	 99758.406250 	 360.061584 
38 	 41.678688 	 283.323761 	 271.314789 	 3.495669 	 99636.023438 	 355.933868 
39 	 41.678688 	 283.323761 	 276.451599 	 2.710876 	 98965.718750 	 417.096771 
40 	 41.678688 	 283.323761 	 274.411743 	 2.447849 	 99595.609375 	 397.858154 
41 	 41.678688 	 283.323761 	 280.529907 	 3.960263 	 99278.296875 	 397.787323 
42 	 41.678688 	 283.323761 	 285.903595 	 5.178952 	 98662.226562 	 410.531921 
43 	 41.678688 	 283.323761 	 283.708466 	 2.532773 	 97600.007812 	 414.946625 
44 	 41.678688 	 283.323761 	 280.978119 	 1.641804 	 97193.539062 	 442.989929 
45 	 41.678688 	 283.323761 	 275.324463 	 3.398010 	 97349.539062 	 373.388336 
46 	 41.678688 	 283.323761 	 274.191986 	 4.665112 	 97816.773438 	 419.341705 
47 	 41.678688 	 283.323761 	 275.910370 	 2.156434 	 98108.210938 	 400.070557 
48 	 41.678688 	 283.323761 	 277.746765 	 2.296029 	 98046.687500 	 390.891266 
49 	 41.678688 	 283.323761 	 273.144867 	 2.106457 	 98396.148438 	 369.649902 
50 	 41.678688 	 283.323761 	 271.468689 	 5.202002 	 97450.539062 	 409.855103 
51 	 41.678688 	 283.323761 	 270.342316 	 4.236272 	 97850.703125 	 400.627350 
52 	 41.678688 	 283.323761 	 272.685577 	 2.887314 	 98657.117188 	 417.716064 
53 	 41.678688 	 283.323761 	 275.073303 	 2.718394 	 98602.156250 	 362.590881 
54 	 41.678688 	 283.323761 	 275.988800 	 3.204222 	 97843.382812 	 422.909485 
55 	 41.678688 	 283.323761 	 266.783936 	 4.584264 	 98124.531250 	 385.551392 
56 	 41.678688 	 283.323761 	 270.442780 	 1.932823 	 98822.140625 	 404.174011 
57 	 41.678688 	 283.323761 	 275.955444 	 2.097719 	 98551.007812 	 431.500977 
58 	 41.678688 	 283.323761 	 276.161743 	 2.123085 	 98089.296875 	 403.174194 
59 	 41.678688 	 283.323761 	 274.548523 	 3.371829 	 97980.203125 	 453.990112 
60 	 41.678688 	 283.323761 	 273.055145 	 2.252062 	 98773.382812 	 442.311096 
61 	 41.678688 	 283.323761 	 276.203796 	 2.065074 	 98419.171875 	 439.239502 
62 	 41.678688 	 283.323761 	 273.240662 	 3.636823 	 97744.906250 	 405.191010 
63 	 41.678688 	 283.323761 	 268.255951 	 3.169028 	 98985.710938 	 411.202362 
64 	 41.678688 	 283.323761 	 273.716431 	 3.512858 	 98835.546875 	 422.828186 
65 	 41.678688 	 283.323761 	 283.659515 	 4.006750 	 97574.382812 	 419.994568 
66 	 41.678688 	 283.323761 	 278.679474 	 5.858158 	 96180.367188 	 461.358276 
67 	 41.678688 	 283.323761 	 276.009064 	 4.609823 	 97896.750000 	 459.471313 
68 	 41.678688 	 283.323761 	 275.008453 	 2.306531 	 99354.820312 	 450.998871 
69 	 41.678688 	 283.323761 	 274.639557 	 3.456308 	 99311.210938 	 346.032593 
70 	 41.678688 	 283.323761 	 275.959717 	 3.137849 	 97695.078125 	 353.356262 
71 	 41.678688 	 283.323761 	 273.862823 	 3.976812 	 98250.382812 	 391.942902 
72 	 41.678688 	 283.323761 	 274.599823 	 2.075145 	 98836.117188 	 482.714783 
73 	 41.678688 	 283.323761 	 274.785309 	 2.162228 	 98591.640625 	 358.246765 
74 	 41.678688 	 283.323761 	 275.060272 	 2.456426 	 97440.382812 	 365.472626 
75 	 41.678688 	 283.323761 	 275.033020 	 1.983400 	 97145.093750 	 387.130371 
76 	 41.678688 	 283.323761 	 272.693634 	 2.789643 	 97252.359375 	 387.785583 
77 	 41.678688 	 283.323761 	 274.647217 	 4.452153 	 97338.101562 	 498.787048 
78 	 41.678688 	 283.323761 	 278.118683 	 3.235140 	 98033.093750 	 484.496826 
79 	 41.678688 	 283.323761 	 281.152740 	 2.040328 	 98555.843750 	 505.575317 
80 	 41.678688 	 283.323761 	 283.723358 	 4.774415 	 97987.757812 	 374.708771 
81 	 41.678688 	 283.323761 	 283.009827 	 4.716973 	 96260.812500 	 534.946655 
82 	 41.678688 	 283.323761 	 277.786163 	 4.399890 	 96577.023438 	 457.662048 
83 	 41.678688 	 283.323761 	 272.726929 	 4.350735 	 97074.289062 	 489.126190 
84 	 41.678688 	 283.323761 	 272.871796 	 2.043265 	 97289.726562 	 380.063599 
85 	 41.678688 	 283.323761 	 273.922699 	 4.382474 	 96832.859375 	 505.853210 
86 	 41.678688 	 283.323761 	 273.070923 	 3.525946 	 97322.757812 	 475.940063 
87 	 41.678688 	 283.323761 	 277.905884 	 3.864214 	 97680.476562 	 451.308075 
88 	 41.678688 	 283.323761 	 284.963806 	 4.390949 	 97485.773438 	 394.105011 
89 	 41.678688 	 283.323761 	 281.612732 	 1.648381 	 98373.296875 	 513.702942 
90 	 41.678688 	 283.323761 	 284.342102 	 2.960434 	 98066.093750 	 399.298340 
91 	 41.678688 	 283.323761 	 283.187653 	 4.369743 	 98724.398438 	 579.493958 
92 	 41.678688 	 283.323761 	 282.492065 	 2.025689 	 99563.578125 	 481.032104 
93 	 41.678688 	 283.323761 	 282.550507 	 3.829022 	 99600.906250 	 540.597656 
94 	 41.678688 	 283.323761 	 282.961975 	 4.746591 	 98559.296875 	 375.700348 
95 	 41.678688 	 283.323761 	 284.186249 	 4.434466 	 97352.406250 	 562.290833 
96 	 41.678688 	 283.323761 	 282.419891 	 1.898374 	 98399.257812 	 548.785217 
97 	 41.678688 	 283.323761 	 282.433136 	 3.740290 	 99165.562500 	 463.456970 
98 	 41.678688 	 283.323761 	 285.123688 	 6.155267 	 97736.343750 	 520.006348 
99 	 41.678688 	 283.323761 	 281.265076 	 2.638610 	 98323.453125 	 504.233459 
100 	 41.678688 	 283.323761 	 280.694336 	 2.115029 	 98903.343750 	 504.086731 
101 	 41.678688 	 283.323761 	 281.539124 	 2.801994 	 99180.468750 	 549.897583 
102 	 41.678688 	 283.323761 	 279.608673 	 2.546550 	 99228.781250 	 435.475037 
103 	 41.678688 	 283.323761 	 279.129669 	 2.358108 	 99208.726562 	 546.520996 
104 	 41.678688 	 283.323761 	 281.364685 	 1.686497 	 99328.601562 	 556.551880 
105 	 41.678688 	 283.323761 	 283.467865 	 1.212561 	 99003.421875 	 480.051819 
106 	 41.678688 	 283.323761 	 287.554779 	 2.862710 	 98326.171875 	 531.233337 
107 	 41.678688 	 283.323761 	 283.911865 	 3.713122 	 97999.382812 	 560.404907 
108 	 41.678688 	 283.323761 	 282.438934 	 3.125557 	 98337.843750 	 533.409180 
109 	 41.678688 	 283.323761 	 283.111969 	 3.460214 	 97733.273438 	 573.330200 
110 	 41.678688 	 283.323761 	 280.758850 	 2.458669 	 98026.359375 	 551.419922 
111 	 41.678688 	 283.323761 	 279.341858 	 2.720836 	 98597.203125 	 576.777100 
112 	 41.678688 	 283.323761 	 283.258026 	 2.147490 	 98465.296875 	 524.887329 
113 	 41.678688 	 283.323761 	 284.899811 	 1.575384 	 97683.382812 	 581.049866 
114 	 41.678688 	 283.323761 	 286.307983 	 4.099535 	 97480.851562 	 474.110596 
115 	 41.678688 	 283.323761 	 284.261200 	 3.752312 	 97570.500000 	 480.892487 
116 	 41.678688 	 283.323761 	 282.109283 	 2.615133 	 98233.226562 	 397.732819 
117 	 41.678688 	 283.323761 	 280.406555 	 5.128054 	 97321.257812 	 489.177429 
118 	 41.678688 	 283.323761 	 280.055817 	 3.734684 	 97294.828125 	 449.593994 
119 	 41.678688 	 283.323761 	 278.644836 	 3.892607 	 97370.468750 	 539.144775 
120 	 41.678688 	 283.323761 	 278.839600 	 2.822831 	 98037.773438 	 533.857300 
121 	 41.678688 	 283.323761 	 278.486420 	 1.728245 	 98566.531250 	 493.729553 
122 	 41.678688 	 283.323761 	 278.268738 	 2.997279 	 98160.390625 	 362.550690 
123 	 41.678688 	 283.323761 	 279.206696 	 3.995502 	 97787.226562 	 589.951355 
124 	 41.678688 	 283.323761 	 279.852844 	 2.220268 	 98158.492188 	 586.147339 
125 	 41.678688 	 283.323761 	 280.946106 	 1.508855 	 98235.968750 	 379.268951 
126 	 41.678688 	 283.323761 	 288.905243 	 2.407574 	 98123.906250 	 532.928589 
127 	 41.678688 	 283.323761 	 290.614655 	 1.239622 	 98513.960938 	 650.225098 
128 	 41.678688 	 283.323761 	 292.502136 	 2.645467 	 98257.601562 	 591.138916 
129 	 41.678688 	 283.323761 	 289.074280 	 3.638751 	 97501.242188 	 621.727600 
130 	 41.678688 	 283.323761 	 286.194336 	 3.165914 	 98382.007812 	 641.877258 
131 	 41.678688 	 283.323761 	 283.453064 	 0.883002 	 99171.500000 	 600.417542 
132 	 41.678688 	 283.323761 	 285.629639 	 0.968457 	 99701.890625 	 623.795410 
133 	 41.678688 	 283.323761 	 288.609863 	 3.520778 	 100233.703125 	 646.919556 
134 	 41.678688 	 283.323761 	 288.558868 	 3.788214 	 99995.859375 	 646.515991 
135 	 41.678688 	 283.323761 	 291.254120 	 2.894376 	 99013.937500 	 655.389221 
136 	 41.678688 	 283.323761 	 290.141327 	 1.892798 	 98468.367188 	 476.548950 
137 	 41.678688 	 283.323761 	 290.792236 	 0.997832 	 98472.750000 	 673.264099 
138 	 41.678688 	 283.323761 	 292.835022 	 2.327838 	 98194.789062 	 658.968384 
139 	 41.678688 	 283.323761 	 289.755585 	 1.634159 	 98502.132812 	 632.020691 
140 	 41.678688 	 283.323761 	 293.144012 	 3.006458 	 98360.710938 	 625.687256 
141 	 41.678688 	 283.323761 	 288.359924 	 3.014435 	 98718.937500 	 537.541016 
142 	 41.678688 	 283.323761 	 288.164886 	 2.283535 	 98963.742188 	 573.739319 
143 	 41.678688 	 283.323761 	 288.258820 	 2.786513 	 98480.343750 	 623.390320 
144 	 41.678688 	 283.323761 	 283.545807 	 3.633002 	 98617.960938 	 629.086365 
145 	 41.678688 	 283.323761 	 282.673370 	 2.537701 	 98945.453125 	 624.300781 
146 	 41.678688 	 283.323761 	 283.128204 	 2.143421 	 99112.468750 	 493.063690 
147 	 41.678688 	 283.323761 	 294.839844 	 4.599399 	 98006.492188 	 547.408203 
148 	 41.678688 	 283.323761 	 289.695801 	 2.398377 	 98577.726562 	 595.294067 
149 	 41.678688 	 283.323761 	 289.639343 	 3.642525 	 98542.242188 	 504.664185 
150 	 41.678688 	 283.323761 	 290.128174 	 3.594093 	 97693.296875 	 620.844971 
151 	 41.678688 	 283.323761 	 289.092529 	 2.157324 	 98601.007812 	 661.404358 
152 	 41.678688 	 283.323761 	 291.871338 	 4.651282 	 98440.296875 	 543.347778 
153 	 41.678688 	 283.323761 	 297.744232 	 2.185202 	 98056.250000 	 718.005615 
154 	 41.678688 	 283.323761 	 301.399445 	 3.077749 	 98110.093750 	 732.519043 
155 	 41.678688 	 283.323761 	 295.454712 	 3.545173 	 98333.023438 	 558.625488 
156 	 41.678688 	 283.323761 	 291.135803 	 2.111372 	 98945.468750 	 623.842896 
157 	 41.678688 	 283.323761 	 294.277985 	 3.095587 	 98587.226562 	 649.988770 
158 	 41.678688 	 283.323761 	 290.924866 	 3.705948 	 98788.406250 	 571.583740 
159 	 41.678688 	 283.323761 	 291.015533 	 5.219487 	 99058.898438 	 662.006348 
160 	 41.678688 	 283.323761 	 297.060303 	 5.245492 	 98238.023438 	 703.293030 
161 	 41.678688 	 283.323761 	 298.715027 	 4.618635 	 97762.117188 	 711.826843 
162 	 41.678688 	 283.323761 	 296.815308 	 3.328772 	 97782.078125 	 557.827637 
163 	 41.678688 	 283.323761 	 292.113129 	 2.257363 	 98221.523438 	 666.570862 
164 	 41.678688 	 283.323761 	 292.680084 	 2.252284 	 98485.289062 	 662.644531 
165 	 41.678688 	 283.323761 	 293.076721 	 2.530874 	 98613.187500 	 580.010071 
166 	 41.678688 	 283.323761 	 293.347687 	 2.066047 	 98908.523438 	 627.496155 
167 	 41.678688 	 283.323761 	 295.486786 	 1.316772 	 98735.671875 	 674.184570 
168 	 41.678688 	 283.323761 	 296.727600 	 1.336387 	 98745.078125 	 699.232788 
169 	 41.678688 	 283.323761 	 299.545532 	 2.527067 	 98296.953125 	 728.073120 
170 	 41.678688 	 283.323761 	 300.191711 	 2.370782 	 98191.312500 	 740.359985 
171 	 41.678688 	 283.323761 	 297.504517 	 2.021544 	 98662.289062 	 707.351990 
172 	 41.678688 	 283.323761 	 298.327271 	 0.728773 	 98744.070312 	 721.452637 
173 	 41.678688 	 283.323761 	 299.213470 	 2.961153 	 98681.906250 	 736.590515 
174 	 41.678688 	 283.323761 	 296.112122 	 1.714449 	 99145.609375 	 710.417969 
175 	 41.678688 	 283.323761 	 297.896820 	 0.944874 	 99058.726562 	 714.775879 
176 	 41.678688 	 283.323761 	 300.909393 	 1.240385 	 98657.773438 	 740.440796 
177 	 41.678688 	 283.323761 	 301.357239 	 1.058858 	 98535.203125 	 721.772949 
178 	 41.678688 	 283.323761 	 300.641724 	 1.642176 	 98408.039062 	 745.039673 
179 	 41.678688 	 283.323761 	 300.142578 	 2.230411 	 98185.476562 	 732.358032 
180 	 41.678688 	 283.323761 	 297.582336 	 2.953537 	 98504.109375 	 726.628662 
181 	 41.678688 	 283.323761 	 295.191010 	 2.384226 	 98550.789062 	 701.575073 
182 	 41.678688 	 283.323761 	 299.057800 	 3.844916 	 97799.023438 	 677.228271 
183 	 41.678688 	 283.323761 	 296.250000 	 2.699500 	 98038.062500 	 662.738892 
184 	 41.678688 	 283.323761 	 293.877747 	 2.926086 	 98816.929688 	 672.304565 
185 	 41.678688 	 283.323761 	 292.398132 	 3.455614 	 98768.039062 	 480.314087 
186 	 41.678688 	 283.323761 	 296.946320 	 1.518752 	 98490.906250 	 719.385864 
187 	 41.678688 	 283.323761 	 304.520386 	 4.052710 	 98019.757812 	 743.066040 
188 	 41.678688 	 283.323761 	 305.001678 	 3.179564 	 98106.523438 	 714.845093 
189 	 41.678688 	 283.323761 	 303.274963 	 2.458670 	 98615.898438 	 751.503113 
190 	 41.678688 	 283.323761 	 302.775879 	 2.492202 	 98749.460938 	 728.343689 
191 	 41.678688 	 283.323761 	 303.735046 	 3.059919 	 98505.289062 	 687.242798 
192 	 41.678688 	 283.323761 	 302.902802 	 3.130275 	 98416.500000 	 715.053284 
193 	 41.678688 	 283.323761 	 302.024597 	 3.052898 	 98247.007812 	 721.963379 
194 	 41.678688 	 283.323761 	 294.312531 	 3.277468 	 99047.593750 	 702.045654 
195 	 41.678688 	 283.323761 	 295.188782 	 2.203851 	 99510.968750 	 696.470093 
196 	 41.678688 	 283.323761 	 299.822327 	 3.943370 	 98639.156250 	 683.647949 
197 	 41.678688 	 283.323761 	 300.981476 	 4.081096 	 98162.398438 	 705.114563 
198 	 41.678688 	 283.323761 	 300.734833 	 3.145804 	 98162.406250 	 636.062256 
199 	 41.678688 	 283.323761 	 298.889801 	 2.208626 	 98362.742188 	 575.397949 
200 	 41.678688 	 283.323761 	 295.827057 	 1.646995 	 98459.093750 	 504.254852 
201 	 41.678688 	 283.323761 	 297.484497 	 3.180893 	 98382.796875 	 722.348999 
202 	 41.678688 	 283.323761 	 296.905518 	 2.014196 	 98292.671875 	 634.731689 
203 	 41.678688 	 283.323761 	 297.517731 	 2.359327 	 98231.031250 	 699.495728 
204 	 41.678688 	 283.323761 	 295.877289 	 2.607372 	 98372.351562 	 659.369751 
205 	 41.678688 	 283.323761 	 298.144379 	 2.750504 	 98380.937500 	 696.777161 
206 	 41.678688 	 283.323761 	 298.466095 	 1.146637 	 98357.906250 	 715.254456 
207 	 41.678688 	 283.323761 	 300.784515 	 2.651924 	 98171.539062 	 724.517212 
208 	 41.678688 	 283.323761 	 302.201721 	 2.806939 	 97915.320312 	 634.217041 
209 	 41.678688 	 283.323761 	 303.213287 	 2.817792 	 97964.437500 	 713.650452 
210 	 41.678688 	 283.323761 	 297.811188 	 2.775551 	 98517.109375 	 707.682678 
211 	 41.678688 	 283.323761 	 298.519531 	 2.771374 	 98623.117188 	 690.099060 
212 	 41.678688 	 283.323761 	 303.587463 	 3.397268 	 98105.289062 	 705.868408 
213 	 41.678688 	 283.323761 	 300.633362 	 1.875146 	 98537.453125 	 723.039551 
214 	 41.678688 	 283.323761 	 298.544373 	 1.282500 	 98921.773438 	 663.233643 
215 	 41.678688 	 283.323761 	 299.202576 	 2.288929 	 98021.937500 	 667.756592 
216 	 41.678688 	 283.323761 	 296.837128 	 3.533704 	 97251.726562 	 676.779419 
217 	 41.678688 	 283.323761 	 291.878418 	 2.564917 	 97799.320312 	 620.580322 
218 	 41.678688 	 283.323761 	 289.671783 	 2.427506 	 98358.273438 	 599.044861 
219 	 41.678688 	 283.323761 	 290.547485 	 1.829158 	 99061.570312 	 644.368958 
220 	 41.678688 	 283.323761 	 291.187195 	 2.049353 	 99603.390625 	 566.899414 
221 	 41.678688 	 283.323761 	 296.216431 	 3.256358 	 99377.898438 	 674.537903 
222 	 41.678688 	 283.323761 	 299.118439 	 3.208403 	 98785.617188 	 693.459229 
223 	 41.678688 	 283.323761 	 298.574524 	 2.318937 	 98549.898438 	 694.860962 
224 	 41.678688 	 283.323761 	 296.773193 	 1.723415 	 98828.343750 	 615.162720 
225 	 41.678688 	 283.323761 	 303.019684 	 3.449657 	 98526.242188 	 717.130859 
226 	 41.678688 	 283.323761 	 298.395630 	 2.010360 	 98850.656250 	 662.174927 
227 	 41.678688 	 283.323761 	 299.796448 	 1.531991 	 98731.937500 	 671.369507 
228 	 41.678688 	 283.323761 	 303.997833 	 3.238446 	 98454.093750 	 695.633911 
229 	 41.678688 	 283.323761 	 303.301056 	 2.833694 	 98615.382812 	 675.891968 
230 	 41.678688 	 283.323761 	 299.833984 	 1.874963 	 98936.226562 	 557.587097 
231 	 41.678688 	 283.323761 	 297.813385 	 2.157707 	 98831.562500 	 656.345703 
232 	 41.678688 	 283.323761 	 298.620575 	 2.443130 	 98552.992188 	 671.049988 
233 	 41.678688 	 283.323761 	 298.684753 	 2.190352 	 98708.773438 	 637.341675 
234 	 41.678688 	 283.323761 	 297.810760 	 3.746587 	 99254.351562 	 482.585938 
235 	 41.678688 	 283.323761 	 298.192474 	 1.047851 	 99229.046875 	 513.096130 
236 	 41.678688 	 283.323761 	 297.076416 	 2.536133 	 99491.539062 	 630.529602 
237 	 41.678688 	 283.323761 	 296.079895 	 0.987035 	 99763.226562 	 642.454468 
238 	 41.678688 	 283.323761 	 296.677643 	 1.693855 	 99741.710938 	 646.507996 
239 	 41.678688 	 283.323761 	 297.170807 	 1.090465 	 99269.992188 	 653.103516 
240 	 41.678688 	 283.323761 	 298.379181 	 1.070191 	 98873.429688 	 660.558533 
241 	 41.678688 	 283.323761 	 299.468140 	 1.386192 	 98718.343750 	 665.384399 
242 	 41.678688 	 283.323761 	 298.604034 	 0.933031 	 98885.312500 	 654.159790 
243 	 41.678688 	 283.323761 	 299.746399 	 1.992523 	 99100.101562 	 664.476501 
244 	 41.678688 	 283.323761 	 300.106964 	 2.200533 	 98932.101562 	 624.925293 
245 	 41.678688 	 283.323761 	 297.316071 	 1.484380 	 99024.109375 	 458.679718 
246 	 41.678688 	 283.323761 	 296.658691 	 1.047479 	 98886.062500 	 636.825989 
247 	 41.678688 	 283.323761 	 297.711121 	 0.602475 	 99117.937500 	 636.517456 
248 	 41.678688 	 283.323761 	 298.900574 	 1.854064 	 98889.867188 	 627.961121 
249 	 41.678688 	 283.323761 	 299.077606 	 2.446304 	 98623.226562 	 544.630371 
250 	 41.678688 	 283.323761 	 297.464874 	 2.294771 	 98469.429688 	 587.044800 
251 	 41.678688 	 283.323761 	 293.169281 	 3.064096 	 98702.492188 	 522.166016 
252 	 41.678688 	 283.323761 	 291.631500 	 2.235401 	 99191.367188 	 595.691467 
253 	 41.678688 	 283.323761 	 290.331116 	 2.261281 	 99461.617188 	 586.298767 
254 	 41.678688 	 283.323761 	 289.564484 	 2.066283 	 99616.562500 	 557.334656 
255 	 41.678688 	 283.323761 	 291.654663 	 3.296069 	 99281.437500 	 560.029541 
256 	 41.678688 	 283.323761 	 296.000183 	 2.758936 	 98721.703125 	 533.919189 
257 	 41.678688 	 283.323761 	 300.506561 	 2.293486 	 98216.359375 	 597.554688 
258 	 41.678688 	 283.323761 	 300.869415 	 2.613600 	 98179.507812 	 562.273315 
259 	 41.678688 	 283.323761 	 295.789001 	 1.877247 	 98783.843750 	 584.644592 
260 	 41.678688 	 283.323761 	 300.255707 	 2.706124 	 98601.867188 	 612.371582 
261 	 41.678688 	 283.323761 	 300.485687 	 3.311285 	 98321.351562 	 610.988647 
262 	 41.678688 	 283.323761 	 290.458282 	 2.571802 	 98586.953125 	 555.137146 
263 	 41.678688 	 283.323761 	 288.782867 	 1.087070 	 99079.359375 	 537.602295 
264 	 41.678688 	 283.323761 	 291.884552 	 1.659100 	 98695.937500 	 553.684509 
265 	 41.678688 	 283.323761 	 287.634003 	 3.088531 	 98444.882812 	 513.902832 
266 	 41.678688 	 283.323761 	 286.798248 	 3.219306 	 98273.671875 	 518.691284 
267 	 41.678688 	 283.323761 	 284.559265 	 2.666596 	 99107.718750 	 506.844421 
268 	 41.678688 	 283.323761 	 283.532257 	 2.052178 	 99534.179688 	 472.146118 
269 	 41.678688 	 283.323761 	 292.662109 	 2.412871 	 99127.960938 	 518.650940 
270 	 41.678688 	 283.323761 	 295.096649 	 3.410957 	 98829.460938 	 576.542725 
271 	 41.678688 	 283.323761 	 292.598022 	 1.496665 	 98926.343750 	 562.900879 
272 	 41.678688 	 283.323761 	 292.268921 	 2.634441 	 99120.390625 	 500.647430 
273 	 41.678688 	 283.323761 	 290.108307 	 2.728333 	 99434.859375 	 503.139893 
274 	 41.678688 	 283.323761 	 292.685242 	 2.866640 	 98913.648438 	 486.634521 
275 	 41.678688 	 283.323761 	 293.689362 	 2.867853 	 98390.046875 	 475.431396 
276 	 41.678688 	 283.323761 	 285.780853 	 2.106291 	 98768.882812 	 496.913757 
277 	 41.678688 	 283.323761 	 287.612183 	 2.688294 	 98929.453125 	 511.736450 
278 	 41.678688 	 283.323761 	 288.362030 	 2.802732 	 98350.898438 	 509.319214 
279 	 41.678688 	 283.323761 	 282.584869 	 1.036153 	 98939.773438 	 480.888489 
280 	 41.678688 	 283.323761 	 284.208038 	 2.268322 	 98848.867188 	 487.666931 
281 	 41.678688 	 283.323761 	 290.188965 	 5.549639 	 96966.617188 	 468.042694 
282 	 41.678688 	 283.323761 	 285.066528 	 4.102517 	 97577.882812 	 490.662659 
283 	 41.678688 	 283.323761 	 288.379578 	 2.736604 	 97774.859375 	 483.690643 
284 	 41.678688 	 283.323761 	 283.567688 	 2.309362 	 98640.171875 	 398.346222 
285 	 41.678688 	 283.323761 	 279.664856 	 2.408200 	 99455.093750 	 455.480469 
286 	 41.678688 	 283.323761 	 278.075348 	 2.199761 	 100076.601562 	 455.814697 
287 	 41.678688 	 283.323761 	 280.517944 	 2.890751 	 100229.500000 	 441.397369 
288 	 41.678688 	 283.323761 	 287.233551 	 5.000677 	 99558.929688 	 435.507233 
289 	 41.678688 	 283.323761 	 285.999817 	 3.759349 	 98966.773438 	 406.579865 
290 	 41.678688 	 283.323761 	 276.383392 	 3.894911 	 100110.203125 	 413.244415 
291 	 41.678688 	 283.323761 	 274.536804 	 1.927890 	 100378.101562 	 424.160156 
292 	 41.678688 	 283.323761 	 274.795746 	 1.080027 	 99877.718750 	 433.837891 
293 	 41.678688 	 283.323761 	 276.406189 	 1.619858 	 99225.320312 	 422.598389 
294 	 41.678688 	 283.323761 	 284.044098 	 3.703014 	 98277.890625 	 421.130890 
295 	 41.678688 	 283.323761 	 283.710602 	 4.784280 	 97146.187500 	 438.923157 
296 	 41.678688 	 283.323761 	 279.895294 	 5.078004 	 97285.703125 	 430.903687 
297 	 41.678688 	 283.323761 	 279.296082 	 3.787620 	 97997.406250 	 408.707550 
298 	 41.678688 	 283.323761 	 285.287292 	 5.238008 	 97521.179688 	 410.537262 
299 	 41.678688 	 283.323761 	 279.626221 	 2.130730 	 98974.179688 	 404.622925 
300 	 41.678688 	 283.323761 	 276.016632 	 1.647177 	 98894.828125 	 387.653900 
301 	 41.678688 	 283.323761 	 280.634979 	 2.538675 	 99279.226562 	 436.176941 
302 	 41.678688 	 283.323761 	 280.250061 	 3.779970 	 99014.687500 	 392.200775 
303 	 41.678688 	 283.323761 	 281.080322 	 2.422065 	 98602.078125 	 361.988831 
304 	 41.678688 	 283.323761 	 277.900208 	 2.926309 	 99001.171875 	 403.667694 
305 	 41.678688 	 283.323761 	 276.555573 	 2.688146 	 99073.406250 	 365.179016 
306 	 41.678688 	 283.323761 	 277.821655 	 1.938311 	 98490.039062 	 385.459412 
307 	 41.678688 	 283.323761 	 276.559143 	 2.192483 	 99151.812500 	 413.603943 
308 	 41.678688 	 283.323761 	 279.747253 	 4.387463 	 98787.679688 	 359.215912 
309 	 41.678688 	 283.323761 	 281.066498 	 2.188390 	 98674.117188 	 408.038940 
310 	 41.678688 	 283.323761 	 280.483582 	 4.522679 	 98447.093750 	 352.700043 
311 	 41.678688 	 283.323761 	 277.813965 	 1.653988 	 98584.492188 	 394.511353 
312 	 41.678688 	 283.323761 	 283.636932 	 4.516199 	 97955.117188 	 371.681641 
313 	 41.678688 	 283.323761 	 276.320221 	 2.572903 	 97980.906250 	 393.453613 
314 	 41.678688 	 283.323761 	 276.442047 	 3.514921 	 98418.671875 	 398.387390 
315 	 41.678688 	 283.323761 	 276.409027 	 3.971522 	 99400.570312 	 381.434296 
316 	 41.678688 	 283.323761 	 278.987244 	 3.978975 	 98790.031250 	 345.744690 
317 	 41.678688 	 283.323761 	 273.278564 	 3.280964 	 99594.273438 	 359.110718 
318 	 41.678688 	 283.323761 	 273.762634 	 3.740275 	 99307.343750 	 343.378967 
319 	 41.678688 	 283.323761 	 275.136597 	 3.819544 	 98909.742188 	 368.653748 
320 	 41.678688 	 283.323761 	 274.609863 	 3.269303 	 99360.968750 	 368.016144 
321 	 41.678688 	 283.323761 	 277.699646 	 4.317762 	 98860.328125 	 350.630951 
322 	 41.678688 	 283.323761 	 273.643616 	 1.736929 	 100066.500000 	 354.727478 
323 	 41.678688 	 283.323761 	 276.586731 	 2.851705 	 99485.976562 	 362.199097 
324 	 41.678688 	 283.323761 	 280.070160 	 1.757593 	 99115.617188 	 377.356689 
325 	 41.678688 	 283.323761 	 280.694031 	 1.233468 	 99290.796875 	 389.449860 
326 	 41.678688 	 283.323761 	 282.152802 	 4.118392 	 98716.531250 	 349.012146 
327 	 41.678688 	 283.323761 	 278.838074 	 4.561269 	 97180.296875 	 370.604401 
328 	 41.678688 	 283.323761 	 277.652435 	 3.613824 	 97620.203125 	 360.136047 
329 	 41.678688 	 283.323761 	 278.383209 	 1.554931 	 98460.148438 	 375.422943 
330 	 41.678688 	 283.323761 	 281.755829 	 3.165607 	 98559.851562 	 366.184204 
331 	 41.678688 	 283.323761 	 288.778687 	 6.731032 	 97875.687500 	 400.529938 
332 	 41.678688 	 283.323761 	 282.821167 	 3.986985 	 96335.156250 	 403.353455 
333 	 41.678688 	 283.323761 	 277.795959 	 3.430455 	 97241.367188 	 323.150543 
334 	 41.678688 	 283.323761 	 277.261169 	 6.169540 	 96855.703125 	 381.099823 
335 	 41.678688 	 283.323761 	 276.902039 	 4.314821 	 98002.429688 	 342.474548 
336 	 41.678688 	 283.323761 	 276.576477 	 2.477242 	 98441.906250 	 331.390198 
337 	 41.678688 	 283.323761 	 281.186249 	 2.679380 	 97277.359375 	 366.500275 
338 	 41.678688 	 283.323761 	 272.639221 	 2.059900 	 97339.632812 	 316.766388 
339 	 41.678688 	 283.323761 	 273.527344 	 3.659534 	 97817.882812 	 333.335297 
340 	 41.678688 	 283.323761 	 273.476929 	 2.150021 	 98226.656250 	 297.731049 
341 	 41.678688 	 283.323761 	 273.875397 	 3.437042 	 97721.250000 	 360.637268 
342 	 41.678688 	 283.323761 	 274.559448 	 2.737614 	 98251.906250 	 363.800659 
343 	 41.678688 	 283.323761 	 274.137268 	 2.818198 	 98059.390625 	 334.606506 
344 	 41.678688 	 283.323761 	 274.010590 	 3.148686 	 97943.851562 	 343.196320 
345 	 41.678688 	 283.323761 	 274.044830 	 3.321681 	 98439.453125 	 327.318787 
346 	 41.678688 	 283.323761 	 272.158691 	 1.542443 	 98659.117188 	 311.055725 
347 	 41.678688 	 283.323761 	 270.889221 	 2.820521 	 98784.750000 	 320.634674 
348 	 41.678688 	 283.323761 	 272.593353 	 3.587243 	 98230.718750 	 316.285278 
349 	 41.678688 	 283.323761 	 267.727173 	 1.442924 	 98406.992188 	 292.132050 
350 	 41.678688 	 283.323761 	 268.414032 	 1.696872 	 98691.093750 	 323.342285 
351 	 41.678688 	 283.323761 	 268.851013 	 2.087470 	 98461.250000 	 310.092682 
352 	 41.678688 	 283.323761 	 265.894073 	 3.243510 	 98556.460938 	 299.098633 
353 	 41.678688 	 283.323761 	 267.396545 	 2.858812 	 99358.078125 	 299.796509 
354 	 41.678688 	 283.323761 	 271.661926 	 3.275451 	 99597.843750 	 303.575897 
355 	 41.678688 	 283.323761 	 274.082764 	 2.466470 	 99989.187500 	 339.419128 
356 	 41.678688 	 283.323761 	 282.687439 	 5.048572 	 99031.273438 	 385.940125 
357 	 41.678688 	 283.323761 	 285.977539 	 3.085587 	 98154.312500 	 401.908539 
358 	 41.678688 	 283.323761 	 284.902222 	 3.559462 	 98322.671875 	 388.298431 
359 	 41.678688 	 283.323761 	 283.171600 	 5.885719 	 96521.359375 	 393.855560 
360 	 41.678688 	 283.323761 	 272.468933 	 3.436075 	 98185.796875 	 338.347534 
361 	 41.678688 	 283.323761 	 271.342133 	 0.790965 	 99173.070312 	 328.310791 
362 	 41.678688 	 283.323761 	 273.317566 	 1.832772 	 99417.562500 	 366.651642 
363 	 41.678688 	 283.323761 	 272.191986 	 2.199724 	 99937.710938 	 332.929993 
364 	 41.678688 	 283.323761 	 281.891571 	 5.678172 	 98624.453125 	 354.354828 
