# 0: Day of Year [-] 	 1: lat [deg] 	 2: lon [deg] 	 3: tas [K] 	 4: sfcWind [m s-1] 	 5: ps [Pa] 	 6: Total Downwelling Rad Flux [W m-2] 
0 	 41.678688 	 283.323761 	 265.356903 	 2.140697 	 99574.750000 	 289.350769 
1 	 41.678688 	 283.323761 	 270.793732 	 5.310375 	 97935.906250 	 350.671143 
2 	 41.678688 	 283.323761 	 269.165100 	 2.996308 	 97667.757812 	 312.702850 
3 	 41.678688 	 283.323761 	 272.757782 	 2.054556 	 97598.789062 	 325.734283 
4 	 41.678688 	 283.323761 	 270.546234 	 3.114298 	 98751.468750 	 352.615662 
5 	 41.678688 	 283.323761 	 269.989838 	 3.908965 	 99924.562500 	 333.264587 
6 	 41.678688 	 283.323761 	 279.339355 	 3.917448 	 99283.281250 	 378.002411 
7 	 41.678688 	 283.323761 	 279.188141 	 1.103855 	 100044.000000 	 388.889465 
8 	 41.678688 	 283.323761 	 279.184204 	 1.356269 	 100606.898438 	 359.524475 
9 	 41.678688 	 283.323761 	 275.303131 	 2.159487 	 100454.796875 	 358.528992 
10 	 41.678688 	 283.323761 	 272.836243 	 4.590795 	 99425.960938 	 358.361206 
11 	 41.678688 	 283.323761 	 271.600739 	 3.470978 	 99262.976562 	 338.580322 
12 	 41.678688 	 283.323761 	 275.984772 	 3.222331 	 98404.257812 	 342.296814 
13 	 41.678688 	 283.323761 	 273.175751 	 1.048127 	 98719.070312 	 333.107239 
14 	 41.678688 	 283.323761 	 275.218964 	 1.759128 	 98739.101562 	 325.140625 
15 	 41.678688 	 283.323761 	 274.144165 	 1.182340 	 98888.710938 	 352.970428 
16 	 41.678688 	 283.323761 	 272.372528 	 1.736688 	 99387.382812 	 348.013245 
17 	 41.678688 	 283.323761 	 274.616089 	 3.690933 	 99380.937500 	 313.682770 
18 	 41.678688 	 283.323761 	 280.080505 	 4.868951 	 99067.281250 	 392.492096 
19 	 41.678688 	 283.323761 	 277.904694 	 2.679063 	 99304.656250 	 372.591248 
20 	 41.678688 	 283.323761 	 275.414154 	 1.772054 	 99743.226562 	 362.606903 
21 	 41.678688 	 283.323761 	 280.175995 	 2.919057 	 99724.539062 	 355.505432 
22 	 41.678688 	 283.323761 	 280.000031 	 2.847926 	 98896.273438 	 416.795135 
23 	 41.678688 	 283.323761 	 277.790253 	 3.008077 	 98820.117188 	 371.201782 
24 	 41.678688 	 283.323761 	 275.651581 	 2.288572 	 99047.953125 	 364.295532 
25 	 41.678688 	 283.323761 	 281.694946 	 4.152967 	 97339.906250 	 373.267303 
26 	 41.678688 	 283.323761 	 276.938202 	 3.042810 	 97721.468750 	 385.031006 
27 	 41.678688 	 283.323761 	 275.492065 	 2.186363 	 98041.203125 	 376.656525 
28 	 41.678688 	 283.323761 	 272.269989 	 2.725617 	 97980.070312 	 347.833588 
29 	 41.678688 	 283.323761 	 266.633881 	 2.773442 	 98747.062500 	 339.770721 
30 	 41.678688 	 283.323761 	 268.851410 	 3.026762 	 99069.382812 	 346.008850 
31 	 41.678688 	 283.323761 	 271.379211 	 2.913901 	 99000.460938 	 319.988831 
32 	 41.678688 	 283.323761 	 272.719513 	 1.896249 	 99310.882812 	 345.014648 
33 	 41.678688 	 283.323761 	 280.442688 	 4.223215 	 97772.421875 	 365.352325 
34 	 41.678688 	 283.323761 	 270.623169 	 4.862800 	 96236.093750 	 366.772034 
35 	 41.678688 	 283.323761 	 268.094513 	 6.117923 	 97393.843750 	 381.340210 
36 	 41.678688 	 283.323761 	 268.811310 	 2.499750 	 99439.929688 	 353.422791 
37 	 41.678688 	 283.323761 	 272.458801 	 3.644083 	 98945.953125 	 361.789978 
38 	 41.678688 	 283.323761 	 267.996643 	 2.598812 	 99156.679688 	 363.463989 
39 	 41.678688 	 283.323761 	 275.610901 	 4.360913 	 98133.226562 	 380.187836 
40 	 41.678688 	 283.323761 	 272.428925 	 4.600185 	 98086.632812 	 364.029724 
41 	 41.678688 	 283.323761 	 274.138641 	 3.122193 	 98558.468750 	 387.320679 
42 	 41.678688 	 283.323761 	 277.312836 	 3.121805 	 98012.226562 	 414.268158 
43 	 41.678688 	 283.323761 	 273.522858 	 4.294587 	 97410.703125 	 431.058502 
44 	 41.678688 	 283.323761 	 263.142761 	 3.479489 	 98587.437500 	 347.136597 
45 	 41.678688 	 283.323761 	 268.393738 	 3.262319 	 99294.882812 	 379.436951 
46 	 41.678688 	 283.323761 	 273.206879 	 2.944088 	 98883.882812 	 339.276703 
47 	 41.678688 	 283.323761 	 271.105835 	 2.397235 	 98243.468750 	 354.449219 
48 	 41.678688 	 283.323761 	 267.375153 	 3.202754 	 98082.320312 	 332.529602 
49 	 41.678688 	 283.323761 	 262.475739 	 5.712057 	 96601.843750 	 354.600220 
50 	 41.678688 	 283.323761 	 266.251160 	 4.112050 	 97827.132812 	 385.623688 
51 	 41.678688 	 283.323761 	 268.984558 	 2.472426 	 99015.390625 	 386.002625 
52 	 41.678688 	 283.323761 	 273.025848 	 2.890097 	 99201.828125 	 418.616730 
53 	 41.678688 	 283.323761 	 276.502472 	 3.302136 	 99442.203125 	 405.807587 
54 	 41.678688 	 283.323761 	 282.125519 	 4.452757 	 98442.562500 	 367.674164 
55 	 41.678688 	 283.323761 	 281.065430 	 4.112206 	 97072.148438 	 437.610657 
56 	 41.678688 	 283.323761 	 275.365295 	 2.548977 	 98220.101562 	 381.151550 
57 	 41.678688 	 283.323761 	 275.478394 	 3.817112 	 97944.921875 	 448.308167 
58 	 41.678688 	 283.323761 	 272.544739 	 2.731712 	 98851.671875 	 404.369141 
59 	 41.678688 	 283.323761 	 279.946350 	 3.724152 	 98431.906250 	 432.762024 
60 	 41.678688 	 283.323761 	 280.053253 	 2.844856 	 98481.507812 	 439.562164 
61 	 41.678688 	 283.323761 	 278.833252 	 3.824255 	 98231.406250 	 464.019958 
62 	 41.678688 	 283.323761 	 273.629639 	 2.294657 	 98993.593750 	 351.490723 
63 	 41.678688 	 283.323761 	 280.131500 	 2.954984 	 98128.601562 	 371.593811 
64 	 41.678688 	 283.323761 	 277.989532 	 3.333383 	 98700.046875 	 495.932953 
65 	 41.678688 	 283.323761 	 277.251953 	 2.656032 	 99448.023438 	 389.154846 
66 	 41.678688 	 283.323761 	 278.145599 	 2.428593 	 99780.171875 	 408.100281 
67 	 41.678688 	 283.323761 	 277.997894 	 3.427432 	 99347.593750 	 436.361389 
68 	 41.678688 	 283.323761 	 284.919220 	 3.866123 	 98339.773438 	 456.850128 
69 	 41.678688 	 283.323761 	 284.614838 	 2.895112 	 97577.093750 	 490.302246 
70 	 41.678688 	 283.323761 	 283.402618 	 3.541879 	 97673.859375 	 395.552795 
71 	 41.678688 	 283.323761 	 279.201874 	 3.847772 	 97353.843750 	 381.821167 
72 	 41.678688 	 283.323761 	 275.562195 	 3.939579 	 98944.578125 	 461.452484 
73 	 41.678688 	 283.323761 	 277.979492 	 1.897205 	 99541.328125 	 467.882050 
74 	 41.678688 	 283.323761 	 284.721222 	 1.737294 	 99399.593750 	 478.465851 
75 	 41.678688 	 283.323761 	 283.771973 	 2.692891 	 98691.898438 	 362.387909 
76 	 41.678688 	 283.323761 	 283.410614 	 2.303517 	 97725.117188 	 412.377625 
77 	 41.678688 	 283.323761 	 282.516937 	 3.785820 	 97027.812500 	 373.691193 
78 	 41.678688 	 283.323761 	 276.362122 	 1.705928 	 98363.179688 	 476.750427 
79 	 41.678688 	 283.323761 	 277.997437 	 3.156557 	 97912.976562 	 402.400391 
80 	 41.678688 	 283.323761 	 275.763245 	 3.851850 	 97356.117188 	 442.789429 
81 	 41.678688 	 283.323761 	 275.584564 	 4.260039 	 98359.703125 	 498.551178 
82 	 41.678688 	 283.323761 	 278.024048 	 2.066444 	 99396.539062 	 477.357208 
83 	 41.678688 	 283.323761 	 285.388885 	 3.995655 	 99159.601562 	 537.435974 
84 	 41.678688 	 283.323761 	 289.096283 	 1.581555 	 99327.968750 	 558.859802 
85 	 41.678688 	 283.323761 	 288.625824 	 2.684815 	 99023.867188 	 562.400146 
86 	 41.678688 	 283.323761 	 281.569122 	 3.387127 	 98951.242188 	 531.690857 
87 	 41.678688 	 283.323761 	 282.377136 	 1.615594 	 99135.523438 	 534.640259 
88 	 41.678688 	 283.323761 	 285.693176 	 3.524591 	 98225.781250 	 494.096008 
89 	 41.678688 	 283.323761 	 286.963867 	 3.795017 	 97432.210938 	 518.011475 
90 	 41.678688 	 283.323761 	 279.118317 	 2.634006 	 98737.226562 	 523.432800 
91 	 41.678688 	 283.323761 	 279.236877 	 1.680516 	 99696.773438 	 526.776306 
92 	 41.678688 	 283.323761 	 285.922211 	 4.081548 	 99647.820312 	 557.335571 
93 	 41.678688 	 283.323761 	 287.605255 	 4.683233 	 98943.976562 	 487.046570 
94 	 41.678688 	 283.323761 	 288.309418 	 3.661559 	 97691.523438 	 448.769043 
95 	 41.678688 	 283.323761 	 282.194855 	 2.686278 	 97711.593750 	 520.265625 
96 	 41.678688 	 283.323761 	 277.806549 	 3.583106 	 98390.976562 	 547.400635 
97 	 41.678688 	 283.323761 	 279.531281 	 2.791866 	 99429.460938 	 512.810547 
98 	 41.678688 	 283.323761 	 287.878448 	 4.546916 	 99407.726562 	 582.625000 
99 	 41.678688 	 283.323761 	 291.236176 	 3.906098 	 98979.906250 	 518.506531 
100 	 41.678688 	 283.323761 	 293.405365 	 2.483459 	 98903.773438 	 602.806091 
101 	 41.678688 	 283.323761 	 295.370941 	 3.005016 	 98849.140625 	 565.572205 
102 	 41.678688 	 283.323761 	 295.625488 	 3.086086 	 98372.546875 	 568.113403 
103 	 41.678688 	 283.323761 	 285.478088 	 3.943542 	 98655.796875 	 496.011169 
104 	 41.678688 	 283.323761 	 284.537231 	 2.936679 	 99484.140625 	 592.879883 
105 	 41.678688 	 283.323761 	 284.404877 	 1.832847 	 99389.320312 	 572.967773 
106 	 41.678688 	 283.323761 	 288.058868 	 0.886522 	 98903.210938 	 592.157471 
107 	 41.678688 	 283.323761 	 291.530853 	 2.002445 	 98325.906250 	 521.820679 
108 	 41.678688 	 283.323761 	 291.762970 	 1.305731 	 98350.656250 	 612.683472 
109 	 41.678688 	 283.323761 	 291.956848 	 3.497443 	 98434.093750 	 578.025085 
110 	 41.678688 	 283.323761 	 287.176544 	 2.544095 	 98839.773438 	 574.381409 
111 	 41.678688 	 283.323761 	 288.107605 	 2.411976 	 99366.859375 	 598.378052 
112 	 41.678688 	 283.323761 	 293.109924 	 4.507238 	 98654.250000 	 634.878296 
113 	 41.678688 	 283.323761 	 294.236542 	 4.045168 	 97746.539062 	 544.476929 
114 	 41.678688 	 283.323761 	 284.158905 	 3.968688 	 98567.507812 	 597.420593 
115 	 41.678688 	 283.323761 	 283.778320 	 2.140233 	 99664.078125 	 583.972046 
116 	 41.678688 	 283.323761 	 289.451416 	 4.278669 	 99457.101562 	 569.491821 
117 	 41.678688 	 283.323761 	 289.167023 	 4.177497 	 98387.406250 	 425.082214 
118 	 41.678688 	 283.323761 	 281.284363 	 3.815603 	 97564.796875 	 533.390320 
119 	 41.678688 	 283.323761 	 279.466309 	 2.292178 	 98202.656250 	 480.281677 
120 	 41.678688 	 283.323761 	 281.894623 	 3.998816 	 98022.218750 	 402.744965 
121 	 41.678688 	 283.323761 	 281.878693 	 2.626972 	 97059.398438 	 420.888824 
122 	 41.678688 	 283.323761 	 280.245056 	 3.565449 	 97523.687500 	 503.077576 
123 	 41.678688 	 283.323761 	 282.029327 	 3.717876 	 98226.359375 	 602.460205 
124 	 41.678688 	 283.323761 	 286.298767 	 2.013271 	 98942.156250 	 616.654907 
125 	 41.678688 	 283.323761 	 289.377594 	 2.336564 	 99577.882812 	 634.092163 
126 	 41.678688 	 283.323761 	 291.380737 	 3.819695 	 99504.312500 	 629.134460 
127 	 41.678688 	 283.323761 	 291.632172 	 5.087625 	 99257.226562 	 509.193115 
128 	 41.678688 	 283.323761 	 292.408081 	 1.254172 	 99122.617188 	 613.566772 
129 	 41.678688 	 283.323761 	 292.875061 	 1.169737 	 99351.062500 	 561.199707 
130 	 41.678688 	 283.323761 	 294.389984 	 1.812373 	 99317.562500 	 638.359924 
131 	 41.678688 	 283.323761 	 294.919189 	 1.412351 	 99029.179688 	 655.776062 
132 	 41.678688 	 283.323761 	 294.505829 	 0.721811 	 99211.031250 	 647.559326 
133 	 41.678688 	 283.323761 	 295.290283 	 1.189545 	 99241.546875 	 589.777710 
134 	 41.678688 	 283.323761 	 295.175842 	 1.409428 	 98712.226562 	 651.735962 
135 	 41.678688 	 283.323761 	 294.179657 	 1.035020 	 98504.953125 	 623.434631 
136 	 41.678688 	 283.323761 	 293.953796 	 1.207933 	 98266.546875 	 548.294556 
137 	 41.678688 	 283.323761 	 292.548889 	 3.269325 	 98622.093750 	 619.932617 
138 	 41.678688 	 283.323761 	 289.408478 	 2.814896 	 99046.937500 	 531.627319 
139 	 41.678688 	 283.323761 	 292.522827 	 1.207244 	 98696.031250 	 676.866760 
140 	 41.678688 	 283.323761 	 293.598328 	 2.920523 	 98274.726562 	 681.006958 
141 	 41.678688 	 283.323761 	 288.068420 	 3.027155 	 99123.546875 	 596.442505 
142 	 41.678688 	 283.323761 	 287.654755 	 1.432973 	 99493.476562 	 646.764099 
143 	 41.678688 	 283.323761 	 293.117981 	 2.050014 	 99171.601562 	 670.424683 
144 	 41.678688 	 283.323761 	 300.358337 	 3.001384 	 98575.242188 	 720.910767 
145 	 41.678688 	 283.323761 	 298.483459 	 2.911218 	 98361.343750 	 690.520630 
146 	 41.678688 	 283.323761 	 297.927460 	 1.788639 	 98872.070312 	 694.806519 
147 	 41.678688 	 283.323761 	 295.561066 	 4.649272 	 98057.617188 	 586.903809 
148 	 41.678688 	 283.323761 	 285.659149 	 5.729534 	 98151.093750 	 564.415405 
149 	 41.678688 	 283.323761 	 285.444275 	 4.271646 	 98596.273438 	 618.123413 
150 	 41.678688 	 283.323761 	 287.576447 	 2.767667 	 99122.906250 	 652.593506 
151 	 41.678688 	 283.323761 	 293.142700 	 3.013059 	 98970.632812 	 679.853027 
152 	 41.678688 	 283.323761 	 298.423340 	 2.914663 	 98503.281250 	 705.544250 
153 	 41.678688 	 283.323761 	 298.167053 	 2.643975 	 98221.750000 	 654.158813 
154 	 41.678688 	 283.323761 	 294.426605 	 2.642519 	 98150.062500 	 605.321411 
155 	 41.678688 	 283.323761 	 290.859619 	 2.758629 	 98444.046875 	 654.145325 
156 	 41.678688 	 283.323761 	 290.303253 	 1.832667 	 98985.703125 	 675.387207 
157 	 41.678688 	 283.323761 	 292.106720 	 1.830143 	 99126.132812 	 689.061768 
158 	 41.678688 	 283.323761 	 295.661194 	 2.924276 	 98588.609375 	 585.944580 
159 	 41.678688 	 283.323761 	 297.371979 	 2.818623 	 98185.046875 	 640.590454 
160 	 41.678688 	 283.323761 	 296.835022 	 3.003567 	 97918.109375 	 636.541382 
161 	 41.678688 	 283.323761 	 293.403015 	 3.421988 	 98112.523438 	 675.092224 
162 	 41.678688 	 283.323761 	 293.765137 	 1.852184 	 98709.968750 	 682.725891 
163 	 41.678688 	 283.323761 	 295.273651 	 0.788855 	 99275.812500 	 696.789429 
164 	 41.678688 	 283.323761 	 298.064117 	 1.853762 	 99481.640625 	 712.565796 
165 	 41.678688 	 283.323761 	 297.402527 	 2.668956 	 99486.773438 	 715.891785 
166 	 41.678688 	 283.323761 	 297.429779 	 3.124240 	 99167.062500 	 698.199524 
167 	 41.678688 	 283.323761 	 297.351959 	 2.470442 	 98766.171875 	 648.558228 
168 	 41.678688 	 283.323761 	 292.735229 	 2.343834 	 99009.593750 	 574.379578 
169 	 41.678688 	 283.323761 	 293.175568 	 0.996953 	 99013.773438 	 612.761719 
170 	 41.678688 	 283.323761 	 295.147369 	 1.187146 	 99003.476562 	 691.968140 
171 	 41.678688 	 283.323761 	 297.223297 	 4.100533 	 98354.312500 	 659.239990 
172 	 41.678688 	 283.323761 	 296.092468 	 1.433125 	 98605.953125 	 704.185425 
173 	 41.678688 	 283.323761 	 296.962189 	 1.182637 	 98959.656250 	 657.839355 
174 	 41.678688 	 283.323761 	 298.962830 	 2.307705 	 98913.742188 	 684.030029 
175 	 41.678688 	 283.323761 	 297.667572 	 3.086720 	 98475.953125 	 640.134094 
176 	 41.678688 	 283.323761 	 296.549683 	 1.515773 	 98153.500000 	 664.049744 
177 	 41.678688 	 283.323761 	 297.011078 	 1.021926 	 98113.742188 	 690.962769 
178 	 41.678688 	 283.323761 	 294.819550 	 1.303804 	 98300.453125 	 570.122986 
179 	 41.678688 	 283.323761 	 294.277588 	 2.870984 	 98548.867188 	 704.511841 
180 	 41.678688 	 283.323761 	 293.488495 	 1.163971 	 98687.203125 	 689.387817 
181 	 41.678688 	 283.323761 	 299.646240 	 2.406189 	 98152.476562 	 729.169678 
182 	 41.678688 	 283.323761 	 302.723389 	 3.320345 	 97864.890625 	 741.258179 
183 	 41.678688 	 283.323761 	 301.259338 	 1.963152 	 98443.359375 	 732.111816 
184 	 41.678688 	 283.323761 	 301.062073 	 2.511460 	 98611.203125 	 685.663757 
185 	 41.678688 	 283.323761 	 298.408966 	 2.767771 	 98917.476562 	 714.573792 
186 	 41.678688 	 283.323761 	 297.751312 	 1.287271 	 99262.789062 	 665.089783 
187 	 41.678688 	 283.323761 	 301.499390 	 2.714779 	 98935.976562 	 740.535034 
188 	 41.678688 	 283.323761 	 302.670166 	 3.066138 	 98366.757812 	 689.733276 
189 	 41.678688 	 283.323761 	 297.885986 	 2.750991 	 98580.117188 	 675.660034 
190 	 41.678688 	 283.323761 	 295.725555 	 0.801077 	 98889.703125 	 693.363770 
191 	 41.678688 	 283.323761 	 298.470184 	 1.031928 	 98907.507812 	 675.849365 
192 	 41.678688 	 283.323761 	 301.577026 	 3.960029 	 98288.507812 	 703.511719 
193 	 41.678688 	 283.323761 	 300.566681 	 4.362495 	 97874.968750 	 694.227783 
194 	 41.678688 	 283.323761 	 289.521729 	 2.529974 	 99108.859375 	 646.874939 
195 	 41.678688 	 283.323761 	 290.871735 	 1.673529 	 99560.726562 	 670.546082 
196 	 41.678688 	 283.323761 	 296.646088 	 5.651823 	 99095.703125 	 659.543579 
197 	 41.678688 	 283.323761 	 299.827301 	 4.495385 	 98102.523438 	 658.085815 
198 	 41.678688 	 283.323761 	 294.619263 	 2.682894 	 98818.617188 	 701.094360 
199 	 41.678688 	 283.323761 	 295.522064 	 1.672852 	 99012.460938 	 690.180969 
200 	 41.678688 	 283.323761 	 297.914307 	 3.037754 	 98716.117188 	 666.360840 
201 	 41.678688 	 283.323761 	 298.306549 	 4.062500 	 98339.546875 	 569.273926 
202 	 41.678688 	 283.323761 	 297.375732 	 2.185841 	 98750.398438 	 665.093506 
203 	 41.678688 	 283.323761 	 296.047974 	 1.035863 	 99032.257812 	 587.770325 
204 	 41.678688 	 283.323761 	 298.232758 	 1.831792 	 98666.750000 	 724.959961 
205 	 41.678688 	 283.323761 	 297.668243 	 2.389618 	 98787.523438 	 655.087524 
206 	 41.678688 	 283.323761 	 295.393311 	 1.303303 	 99286.453125 	 572.310181 
207 	 41.678688 	 283.323761 	 297.448029 	 2.420402 	 99057.070312 	 559.039185 
208 	 41.678688 	 283.323761 	 297.348175 	 3.039267 	 98650.859375 	 678.646851 
209 	 41.678688 	 283.323761 	 295.287872 	 3.960231 	 98206.601562 	 566.368286 
210 	 41.678688 	 283.323761 	 289.849152 	 2.604764 	 98983.187500 	 589.590698 
211 	 41.678688 	 283.323761 	 293.092773 	 1.634907 	 99004.921875 	 567.101196 
212 	 41.678688 	 283.323761 	 296.736359 	 3.049695 	 98848.992188 	 595.699707 
213 	 41.678688 	 283.323761 	 296.438629 	 2.056848 	 98818.406250 	 663.215210 
214 	 41.678688 	 283.323761 	 297.646118 	 3.400305 	 98663.062500 	 662.451538 
215 	 41.678688 	 283.323761 	 297.400940 	 4.219511 	 98479.476562 	 601.810425 
216 	 41.678688 	 283.323761 	 295.358276 	 2.763967 	 98602.257812 	 627.303467 
217 	 41.678688 	 283.323761 	 296.613739 	 1.494935 	 98727.250000 	 695.558350 
218 	 41.678688 	 283.323761 	 297.471191 	 2.822947 	 98573.226562 	 658.189453 
219 	 41.678688 	 283.323761 	 295.580566 	 3.825943 	 98284.671875 	 695.742432 
220 	 41.678688 	 283.323761 	 292.445709 	 1.682524 	 98756.718750 	 658.350342 
221 	 41.678688 	 283.323761 	 293.187500 	 1.502467 	 99132.632812 	 657.094971 
222 	 41.678688 	 283.323761 	 295.173492 	 2.272081 	 99181.750000 	 606.669250 
223 	 41.678688 	 283.323761 	 295.349823 	 3.016823 	 98913.421875 	 671.384094 
224 	 41.678688 	 283.323761 	 296.025696 	 6.269417 	 97944.273438 	 652.778381 
225 	 41.678688 	 283.323761 	 295.143066 	 3.098263 	 97934.593750 	 658.065247 
226 	 41.678688 	 283.323761 	 293.687683 	 2.713275 	 98335.257812 	 587.397705 
227 	 41.678688 	 283.323761 	 294.588501 	 1.943129 	 98556.523438 	 643.972778 
228 	 41.678688 	 283.323761 	 295.259705 	 1.570938 	 98468.062500 	 654.803345 
229 	 41.678688 	 283.323761 	 298.654266 	 3.257581 	 98278.242188 	 651.117554 
230 	 41.678688 	 283.323761 	 299.595062 	 2.342207 	 98348.007812 	 690.514404 
231 	 41.678688 	 283.323761 	 298.800110 	 0.891664 	 98738.320312 	 668.606445 
232 	 41.678688 	 283.323761 	 295.778015 	 1.505898 	 98927.890625 	 519.221191 
233 	 41.678688 	 283.323761 	 295.843445 	 2.551464 	 99359.359375 	 662.460144 
234 	 41.678688 	 283.323761 	 296.086395 	 1.537952 	 99565.078125 	 654.866394 
235 	 41.678688 	 283.323761 	 297.682434 	 2.262230 	 99386.679688 	 673.156555 
236 	 41.678688 	 283.323761 	 298.529297 	 1.952787 	 99081.828125 	 667.107178 
237 	 41.678688 	 283.323761 	 298.610504 	 1.449923 	 98896.601562 	 662.276978 
238 	 41.678688 	 283.323761 	 298.453918 	 1.856223 	 98757.703125 	 631.482666 
239 	 41.678688 	 283.323761 	 296.761658 	 1.088529 	 99172.906250 	 643.835205 
240 	 41.678688 	 283.323761 	 300.431488 	 2.349667 	 98998.187500 	 677.091248 
241 	 41.678688 	 283.323761 	 299.945251 	 2.145185 	 98865.000000 	 653.691284 
242 	 41.678688 	 283.323761 	 299.907043 	 2.144562 	 98627.750000 	 648.734131 
243 	 41.678688 	 283.323761 	 298.644165 	 2.017249 	 98529.218750 	 603.666748 
244 	 41.678688 	 283.323761 	 296.896667 	 0.617180 	 99247.671875 	 604.113831 
245 	 41.678688 	 283.323761 	 295.770325 	 1.638129 	 99562.820312 	 634.637817 
246 	 41.678688 	 283.323761 	 295.711731 	 1.938467 	 99447.367188 	 599.670776 
247 	 41.678688 	 283.323761 	 295.378387 	 1.163875 	 99114.421875 	 626.475220 
248 	 41.678688 	 283.323761 	 296.035522 	 1.068351 	 98606.320312 	 636.399414 
249 	 41.678688 	 283.323761 	 294.572418 	 1.568378 	 98817.953125 	 610.942627 
250 	 41.678688 	 283.323761 	 295.345001 	 1.222079 	 98812.617188 	 532.088013 
251 	 41.678688 	 283.323761 	 295.234100 	 1.158368 	 98926.210938 	 546.332703 
252 	 41.678688 	 283.323761 	 295.100189 	 1.830039 	 99117.320312 	 525.836304 
253 	 41.678688 	 283.323761 	 296.386322 	 1.361266 	 99022.421875 	 601.790405 
254 	 41.678688 	 283.323761 	 299.082062 	 2.679316 	 98496.820312 	 640.415833 
255 	 41.678688 	 283.323761 	 298.052368 	 3.166742 	 98021.406250 	 616.562805 
256 	 41.678688 	 283.323761 	 289.673370 	 2.774223 	 98621.976562 	 532.260376 
257 	 41.678688 	 283.323761 	 286.900909 	 1.781514 	 98904.679688 	 554.669861 
258 	 41.678688 	 283.323761 	 292.040741 	 2.118505 	 99007.242188 	 585.610352 
259 	 41.678688 	 283.323761 	 296.169861 	 2.790321 	 98858.781250 	 588.182007 
260 	 41.678688 	 283.323761 	 296.947449 	 3.430118 	 98328.906250 	 600.724792 
261 	 41.678688 	 283.323761 	 295.866516 	 3.740701 	 98270.796875 	 599.949219 
262 	 41.678688 	 283.323761 	 296.254425 	 2.582191 	 98490.406250 	 577.182373 
263 	 41.678688 	 283.323761 	 292.278961 	 2.718687 	 98628.203125 	 480.116180 
264 	 41.678688 	 283.323761 	 289.751892 	 2.534108 	 99351.429688 	 540.773071 
265 	 41.678688 	 283.323761 	 289.594299 	 1.342232 	 99778.710938 	 542.631958 
266 	 41.678688 	 283.323761 	 293.264313 	 2.705646 	 99766.703125 	 557.108032 
267 	 41.678688 	 283.323761 	 293.774780 	 3.189840 	 99512.203125 	 562.352600 
268 	 41.678688 	 283.323761 	 294.309418 	 2.283830 	 99286.359375 	 536.577759 
269 	 41.678688 	 283.323761 	 293.361603 	 0.740805 	 99499.117188 	 569.853821 
270 	 41.678688 	 283.323761 	 292.874634 	 2.078023 	 99183.609375 	 485.340210 
271 	 41.678688 	 283.323761 	 292.992249 	 2.937766 	 98765.289062 	 463.930573 
272 	 41.678688 	 283.323761 	 289.784424 	 0.905108 	 98730.609375 	 446.552338 
273 	 41.678688 	 283.323761 	 288.784241 	 1.690301 	 98649.492188 	 459.580933 
274 	 41.678688 	 283.323761 	 290.412964 	 1.423887 	 99099.453125 	 468.264771 
275 	 41.678688 	 283.323761 	 291.900238 	 1.648618 	 99089.398438 	 542.202881 
276 	 41.678688 	 283.323761 	 287.265961 	 3.677033 	 99106.773438 	 422.954987 
277 	 41.678688 	 283.323761 	 283.682922 	 3.488278 	 99367.757812 	 517.720032 
278 	 41.678688 	 283.323761 	 283.452911 	 2.255153 	 99306.750000 	 478.500793 
279 	 41.678688 	 283.323761 	 284.686981 	 0.764136 	 99839.492188 	 496.660950 
280 	 41.678688 	 283.323761 	 287.464386 	 2.285912 	 99966.976562 	 486.754578 
281 	 41.678688 	 283.323761 	 289.496674 	 2.983988 	 99701.281250 	 518.290466 
282 	 41.678688 	 283.323761 	 289.658905 	 2.718403 	 99583.179688 	 489.473694 
283 	 41.678688 	 283.323761 	 291.208374 	 3.536129 	 99744.296875 	 470.834076 
284 	 41.678688 	 283.323761 	 293.695190 	 4.864114 	 99264.359375 	 538.228516 
285 	 41.678688 	 283.323761 	 289.095917 	 3.379528 	 98951.843750 	 521.791748 
286 	 41.678688 	 283.323761 	 281.299194 	 1.884187 	 100029.000000 	 444.736572 
287 	 41.678688 	 283.323761 	 282.276184 	 2.004181 	 100421.796875 	 474.492584 
288 	 41.678688 	 283.323761 	 286.302185 	 4.545332 	 99525.726562 	 469.446533 
289 	 41.678688 	 283.323761 	 285.112610 	 3.976550 	 98347.843750 	 407.166504 
290 	 41.678688 	 283.323761 	 278.221283 	 3.727911 	 99377.828125 	 450.332855 
291 	 41.678688 	 283.323761 	 276.999542 	 2.026619 	 100408.203125 	 405.081116 
292 	 41.678688 	 283.323761 	 281.652740 	 3.198330 	 100452.601562 	 470.712708 
293 	 41.678688 	 283.323761 	 284.121399 	 2.215587 	 100244.898438 	 431.025177 
294 	 41.678688 	 283.323761 	 286.339783 	 1.812086 	 99974.843750 	 476.320190 
295 	 41.678688 	 283.323761 	 288.050140 	 2.098664 	 99789.289062 	 477.117218 
296 	 41.678688 	 283.323761 	 289.090393 	 1.340998 	 99584.140625 	 485.881866 
297 	 41.678688 	 283.323761 	 289.318573 	 1.533759 	 99187.679688 	 464.897583 
298 	 41.678688 	 283.323761 	 288.609772 	 1.722716 	 99130.382812 	 421.153900 
299 	 41.678688 	 283.323761 	 289.272827 	 3.188079 	 98871.796875 	 411.569611 
300 	 41.678688 	 283.323761 	 289.846039 	 4.542171 	 97887.148438 	 413.089478 
301 	 41.678688 	 283.323761 	 279.271240 	 3.692675 	 97545.250000 	 412.437500 
302 	 41.678688 	 283.323761 	 279.587738 	 3.794513 	 97934.132812 	 406.180237 
303 	 41.678688 	 283.323761 	 283.443726 	 2.429927 	 98593.859375 	 415.946655 
304 	 41.678688 	 283.323761 	 280.378540 	 2.012354 	 98831.203125 	 391.615967 
305 	 41.678688 	 283.323761 	 279.965881 	 2.456280 	 99153.687500 	 419.756653 
306 	 41.678688 	 283.323761 	 279.284515 	 1.890203 	 99160.976562 	 427.343231 
307 	 41.678688 	 283.323761 	 282.383270 	 3.392826 	 98266.796875 	 436.316071 
308 	 41.678688 	 283.323761 	 284.259705 	 2.870674 	 97936.093750 	 428.143951 
309 	 41.678688 	 283.323761 	 288.650940 	 2.330969 	 97726.476562 	 421.513458 
310 	 41.678688 	 283.323761 	 290.887207 	 1.892235 	 98101.882812 	 457.319519 
311 	 41.678688 	 283.323761 	 289.438782 	 3.563929 	 98436.593750 	 445.263092 
312 	 41.678688 	 283.323761 	 288.332062 	 4.102864 	 97098.789062 	 417.322662 
313 	 41.678688 	 283.323761 	 276.997620 	 6.219937 	 96093.421875 	 370.953644 
314 	 41.678688 	 283.323761 	 277.173096 	 4.264081 	 98146.859375 	 397.677490 
315 	 41.678688 	 283.323761 	 278.301758 	 1.921119 	 99610.093750 	 396.990875 
316 	 41.678688 	 283.323761 	 280.875610 	 3.487318 	 99633.101562 	 409.085205 
317 	 41.678688 	 283.323761 	 282.554688 	 3.179360 	 98997.929688 	 409.100586 
318 	 41.678688 	 283.323761 	 276.807922 	 1.835848 	 99327.546875 	 364.206665 
319 	 41.678688 	 283.323761 	 282.804962 	 4.526315 	 97943.953125 	 352.370605 
320 	 41.678688 	 283.323761 	 276.417603 	 3.702662 	 97472.609375 	 360.226288 
321 	 41.678688 	 283.323761 	 272.484009 	 3.491530 	 98627.593750 	 364.534668 
322 	 41.678688 	 283.323761 	 273.248688 	 3.483641 	 99366.562500 	 348.438293 
323 	 41.678688 	 283.323761 	 279.620514 	 4.270337 	 98999.562500 	 383.817169 
324 	 41.678688 	 283.323761 	 275.059601 	 2.435853 	 100132.898438 	 375.579834 
325 	 41.678688 	 283.323761 	 275.926758 	 4.405426 	 100257.203125 	 327.990967 
326 	 41.678688 	 283.323761 	 284.900665 	 4.559008 	 99098.648438 	 382.460236 
327 	 41.678688 	 283.323761 	 283.582062 	 1.085577 	 98556.882812 	 400.745697 
328 	 41.678688 	 283.323761 	 278.998474 	 2.309922 	 98562.593750 	 377.192413 
329 	 41.678688 	 283.323761 	 275.348297 	 2.328111 	 99259.468750 	 374.871704 
330 	 41.678688 	 283.323761 	 272.635681 	 2.534190 	 99890.289062 	 315.033234 
331 	 41.678688 	 283.323761 	 279.005768 	 4.418420 	 99158.531250 	 340.448761 
332 	 41.678688 	 283.323761 	 280.232391 	 3.127618 	 97832.437500 	 397.732300 
333 	 41.678688 	 283.323761 	 275.183716 	 2.382245 	 98478.476562 	 336.407227 
334 	 41.678688 	 283.323761 	 275.247253 	 2.466667 	 98628.492188 	 341.136993 
335 	 41.678688 	 283.323761 	 278.595093 	 2.165087 	 97762.953125 	 361.318268 
336 	 41.678688 	 283.323761 	 276.762177 	 3.502737 	 97634.710938 	 361.574158 
337 	 41.678688 	 283.323761 	 270.349457 	 1.853611 	 98894.101562 	 304.650482 
338 	 41.678688 	 283.323761 	 269.240997 	 1.407871 	 99658.359375 	 328.588623 
339 	 41.678688 	 283.323761 	 272.623718 	 3.744080 	 99773.789062 	 320.328278 
340 	 41.678688 	 283.323761 	 280.452271 	 4.564096 	 99717.367188 	 360.262512 
341 	 41.678688 	 283.323761 	 288.266296 	 7.233491 	 98721.421875 	 396.958435 
342 	 41.678688 	 283.323761 	 281.237366 	 3.501414 	 97484.843750 	 368.357330 
343 	 41.678688 	 283.323761 	 276.259369 	 3.275995 	 98728.226562 	 365.359558 
344 	 41.678688 	 283.323761 	 277.882782 	 2.876549 	 99393.921875 	 349.827637 
345 	 41.678688 	 283.323761 	 275.763550 	 3.553215 	 98471.062500 	 304.879456 
346 	 41.678688 	 283.323761 	 276.200134 	 4.904132 	 97225.476562 	 368.320801 
347 	 41.678688 	 283.323761 	 275.270081 	 5.209763 	 96595.937500 	 325.123535 
348 	 41.678688 	 283.323761 	 273.015350 	 5.826667 	 96569.820312 	 350.374512 
349 	 41.678688 	 283.323761 	 271.702698 	 3.389636 	 98407.742188 	 318.829285 
350 	 41.678688 	 283.323761 	 275.989136 	 5.418217 	 97534.289062 	 337.326385 
351 	 41.678688 	 283.323761 	 278.518280 	 3.550833 	 98557.726562 	 336.223053 
352 	 41.678688 	 283.323761 	 279.322235 	 3.906338 	 98658.859375 	 328.576599 
353 	 41.678688 	 283.323761 	 277.948364 	 5.506313 	 97452.476562 	 373.830933 
354 	 41.678688 	 283.323761 	 272.263306 	 3.584912 	 98201.023438 	 351.867706 
355 	 41.678688 	 283.323761 	 277.848114 	 4.999460 	 97309.718750 	 343.032318 
356 	 41.678688 	 283.323761 	 274.361908 	 3.224062 	 98072.406250 	 344.229797 
357 	 41.678688 	 283.323761 	 271.115997 	 1.728531 	 99200.601562 	 319.188202 
358 	 41.678688 	 283.323761 	 271.360229 	 1.344721 	 99180.539062 	 338.237366 
359 	 41.678688 	 283.323761 	 273.589081 	 2.206583 	 98353.546875 	 345.185089 
360 	 41.678688 	 283.323761 	 273.130066 	 1.695024 	 97969.031250 	 324.763947 
361 	 41.678688 	 283.323761 	 273.048553 	 2.688077 	 98352.546875 	 344.204468 
362 	 41.678688 	 283.323761 	 273.935089 	 4.288047 	 97628.726562 	 349.838379 
363 	 41.678688 	 283.323761 	 272.535767 	 5.992007 	 97065.460938 	 336.201172 
364 	 41.678688 	 283.323761 	 272.704956 	 3.087751 	 97633.109375 	 323.520630 
