# 0: Day of Year [-] 	 1: lat [deg] 	 2: lon [deg] 	 3: tas [K] 	 4: sfcWind [m s-1] 	 5: ps [Pa] 	 6: Total Downwelling Rad Flux [W m-2] 
0 	 41.678688 	 283.323761 	 270.857910 	 1.323874 	 98000.843750 	 329.764862 
1 	 41.678688 	 283.323761 	 267.891754 	 3.934805 	 98218.132812 	 342.089539 
2 	 41.678688 	 283.323761 	 268.942627 	 3.625420 	 99237.320312 	 312.767334 
3 	 41.678688 	 283.323761 	 277.628052 	 3.771102 	 98013.687500 	 358.181152 
4 	 41.678688 	 283.323761 	 273.978821 	 2.382488 	 97665.039062 	 318.752319 
5 	 41.678688 	 283.323761 	 266.218842 	 4.306886 	 98508.710938 	 325.579193 
6 	 41.678688 	 283.323761 	 266.139862 	 2.764353 	 99879.593750 	 312.894440 
7 	 41.678688 	 283.323761 	 275.562500 	 5.424216 	 98763.843750 	 320.073547 
8 	 41.678688 	 283.323761 	 274.804474 	 2.514714 	 97575.773438 	 370.063995 
9 	 41.678688 	 283.323761 	 272.265564 	 3.072086 	 98243.851562 	 358.618958 
10 	 41.678688 	 283.323761 	 272.069000 	 2.156554 	 99372.820312 	 326.353882 
11 	 41.678688 	 283.323761 	 276.118744 	 3.643576 	 98945.781250 	 335.765808 
12 	 41.678688 	 283.323761 	 276.982330 	 2.402170 	 98731.710938 	 349.078247 
13 	 41.678688 	 283.323761 	 283.781769 	 6.085848 	 97656.726562 	 374.703888 
14 	 41.678688 	 283.323761 	 274.386871 	 2.719904 	 98544.023438 	 343.641296 
15 	 41.678688 	 283.323761 	 270.780731 	 1.570177 	 99248.101562 	 339.046387 
16 	 41.678688 	 283.323761 	 272.982880 	 3.398184 	 98484.726562 	 338.464355 
17 	 41.678688 	 283.323761 	 278.681915 	 4.242369 	 98192.210938 	 371.394684 
18 	 41.678688 	 283.323761 	 278.637787 	 2.147101 	 98105.632812 	 324.200012 
19 	 41.678688 	 283.323761 	 275.964386 	 5.793133 	 97479.046875 	 387.172607 
20 	 41.678688 	 283.323761 	 274.965363 	 3.262524 	 98975.703125 	 353.599274 
21 	 41.678688 	 283.323761 	 278.439392 	 5.147734 	 98811.351562 	 344.438263 
22 	 41.678688 	 283.323761 	 280.769653 	 4.432063 	 97972.039062 	 406.811157 
23 	 41.678688 	 283.323761 	 271.848877 	 3.171043 	 99059.429688 	 354.141815 
24 	 41.678688 	 283.323761 	 268.083191 	 1.143561 	 100068.796875 	 303.087738 
25 	 41.678688 	 283.323761 	 270.822052 	 2.350579 	 99914.281250 	 332.760284 
26 	 41.678688 	 283.323761 	 278.839203 	 2.802991 	 98935.718750 	 350.337646 
27 	 41.678688 	 283.323761 	 274.232819 	 4.320744 	 98686.953125 	 404.656128 
28 	 41.678688 	 283.323761 	 271.922516 	 2.922982 	 100189.703125 	 310.739685 
29 	 41.678688 	 283.323761 	 283.843933 	 5.761216 	 99103.843750 	 373.513580 
30 	 41.678688 	 283.323761 	 281.478638 	 3.045281 	 97578.773438 	 395.338165 
31 	 41.678688 	 283.323761 	 276.245972 	 2.850064 	 98607.132812 	 373.109924 
32 	 41.678688 	 283.323761 	 279.123993 	 3.114136 	 97937.539062 	 361.228455 
33 	 41.678688 	 283.323761 	 273.021088 	 2.843873 	 97826.460938 	 351.819824 
34 	 41.678688 	 283.323761 	 272.737213 	 2.276678 	 98335.742188 	 333.945984 
35 	 41.678688 	 283.323761 	 279.555634 	 4.613266 	 98097.851562 	 369.479065 
36 	 41.678688 	 283.323761 	 275.892212 	 2.824530 	 97225.687500 	 410.246490 
37 	 41.678688 	 283.323761 	 273.581543 	 5.198684 	 96517.203125 	 413.425385 
38 	 41.678688 	 283.323761 	 274.260132 	 3.234113 	 97506.546875 	 382.067261 
39 	 41.678688 	 283.323761 	 277.781616 	 2.673447 	 97737.851562 	 336.592224 
40 	 41.678688 	 283.323761 	 273.799530 	 3.281108 	 96875.046875 	 379.064301 
41 	 41.678688 	 283.323761 	 272.309692 	 3.843506 	 96812.406250 	 348.554749 
42 	 41.678688 	 283.323761 	 272.657196 	 4.369708 	 96973.671875 	 403.381134 
43 	 41.678688 	 283.323761 	 277.835419 	 3.972090 	 97128.109375 	 376.977661 
44 	 41.678688 	 283.323761 	 269.786438 	 4.088670 	 98110.453125 	 399.741364 
45 	 41.678688 	 283.323761 	 269.123474 	 2.511108 	 99012.531250 	 379.593781 
46 	 41.678688 	 283.323761 	 277.025665 	 5.576887 	 97390.156250 	 371.350983 
47 	 41.678688 	 283.323761 	 270.289032 	 3.392161 	 98506.117188 	 389.975098 
48 	 41.678688 	 283.323761 	 273.864685 	 2.248450 	 98658.062500 	 395.250183 
49 	 41.678688 	 283.323761 	 273.745575 	 3.121368 	 98931.562500 	 350.075500 
50 	 41.678688 	 283.323761 	 279.600922 	 4.251361 	 96521.890625 	 371.504730 
51 	 41.678688 	 283.323761 	 275.407196 	 5.151342 	 96692.281250 	 396.180237 
52 	 41.678688 	 283.323761 	 273.878601 	 3.927313 	 98261.117188 	 403.296936 
53 	 41.678688 	 283.323761 	 277.082581 	 4.356959 	 97630.429688 	 387.495880 
54 	 41.678688 	 283.323761 	 273.839203 	 4.216037 	 97727.640625 	 428.647247 
55 	 41.678688 	 283.323761 	 271.795258 	 2.202553 	 99078.273438 	 407.649719 
56 	 41.678688 	 283.323761 	 276.706573 	 2.957939 	 99437.023438 	 429.285706 
57 	 41.678688 	 283.323761 	 284.211334 	 4.038297 	 98968.320312 	 452.640167 
58 	 41.678688 	 283.323761 	 288.818756 	 4.353638 	 98792.109375 	 466.912262 
59 	 41.678688 	 283.323761 	 290.184570 	 6.311901 	 98581.796875 	 450.706177 
60 	 41.678688 	 283.323761 	 284.898956 	 1.842648 	 98161.226562 	 456.260040 
61 	 41.678688 	 283.323761 	 280.462219 	 2.810112 	 98150.406250 	 390.018433 
62 	 41.678688 	 283.323761 	 277.968781 	 3.220474 	 98519.226562 	 483.536102 
63 	 41.678688 	 283.323761 	 280.730896 	 1.855793 	 99021.976562 	 463.950439 
64 	 41.678688 	 283.323761 	 283.882019 	 2.209932 	 99262.976562 	 485.023926 
65 	 41.678688 	 283.323761 	 286.363129 	 3.396872 	 98745.406250 	 440.859802 
66 	 41.678688 	 283.323761 	 280.938873 	 3.947986 	 98315.117188 	 428.216217 
67 	 41.678688 	 283.323761 	 276.488403 	 1.782193 	 99114.078125 	 452.354065 
68 	 41.678688 	 283.323761 	 280.870483 	 4.715372 	 99192.500000 	 437.008911 
69 	 41.678688 	 283.323761 	 283.433441 	 3.008896 	 98533.937500 	 498.534241 
70 	 41.678688 	 283.323761 	 281.327362 	 1.124029 	 98452.406250 	 416.651428 
71 	 41.678688 	 283.323761 	 277.974823 	 2.447415 	 97368.453125 	 362.839783 
72 	 41.678688 	 283.323761 	 275.988861 	 4.039363 	 96885.640625 	 461.268433 
73 	 41.678688 	 283.323761 	 280.670624 	 3.434911 	 97668.687500 	 493.770020 
74 	 41.678688 	 283.323761 	 281.696869 	 1.151878 	 98552.640625 	 501.977905 
75 	 41.678688 	 283.323761 	 286.621490 	 2.354853 	 98464.296875 	 403.683685 
76 	 41.678688 	 283.323761 	 283.121704 	 2.676134 	 97842.757812 	 502.687958 
77 	 41.678688 	 283.323761 	 278.259766 	 2.609646 	 98102.539062 	 396.211304 
78 	 41.678688 	 283.323761 	 277.981201 	 3.948630 	 98925.390625 	 427.577118 
79 	 41.678688 	 283.323761 	 278.886993 	 2.675624 	 99697.132812 	 509.235901 
80 	 41.678688 	 283.323761 	 281.832428 	 1.100292 	 99239.898438 	 503.138672 
81 	 41.678688 	 283.323761 	 286.035645 	 2.816978 	 98371.343750 	 385.144379 
82 	 41.678688 	 283.323761 	 287.100555 	 4.144219 	 97436.460938 	 482.951599 
83 	 41.678688 	 283.323761 	 282.806580 	 3.103879 	 97490.421875 	 422.388123 
84 	 41.678688 	 283.323761 	 278.267670 	 3.053683 	 99013.757812 	 526.148438 
85 	 41.678688 	 283.323761 	 279.288239 	 4.603996 	 99813.140625 	 435.765564 
86 	 41.678688 	 283.323761 	 287.670898 	 5.301939 	 98831.039062 	 476.795837 
87 	 41.678688 	 283.323761 	 289.833679 	 4.644104 	 97408.593750 	 511.273865 
88 	 41.678688 	 283.323761 	 280.556946 	 3.285450 	 97134.226562 	 454.835449 
89 	 41.678688 	 283.323761 	 280.479675 	 3.741104 	 97568.273438 	 502.396301 
90 	 41.678688 	 283.323761 	 285.596649 	 2.854465 	 97873.296875 	 542.696716 
91 	 41.678688 	 283.323761 	 291.823608 	 3.257683 	 97728.773438 	 470.022980 
92 	 41.678688 	 283.323761 	 287.553253 	 2.809624 	 98152.750000 	 533.731201 
93 	 41.678688 	 283.323761 	 281.469757 	 1.983228 	 98975.953125 	 502.141235 
94 	 41.678688 	 283.323761 	 288.917114 	 3.103032 	 98285.867188 	 460.628174 
95 	 41.678688 	 283.323761 	 285.054291 	 2.029217 	 98885.398438 	 477.069458 
96 	 41.678688 	 283.323761 	 290.244110 	 5.989542 	 98154.117188 	 485.934448 
97 	 41.678688 	 283.323761 	 280.140900 	 5.675372 	 97963.742188 	 517.154907 
98 	 41.678688 	 283.323761 	 275.886841 	 2.850720 	 99532.109375 	 521.597046 
99 	 41.678688 	 283.323761 	 278.749939 	 5.014295 	 100043.601562 	 379.820465 
100 	 41.678688 	 283.323761 	 287.259857 	 4.889764 	 98658.421875 	 544.543945 
101 	 41.678688 	 283.323761 	 282.820862 	 2.883259 	 99574.796875 	 568.837463 
102 	 41.678688 	 283.323761 	 291.045166 	 7.320255 	 98282.703125 	 497.966278 
103 	 41.678688 	 283.323761 	 290.177734 	 5.405864 	 97894.843750 	 431.736176 
104 	 41.678688 	 283.323761 	 280.558533 	 2.780649 	 98747.546875 	 379.417725 
105 	 41.678688 	 283.323761 	 283.762390 	 4.616884 	 97685.843750 	 390.043671 
106 	 41.678688 	 283.323761 	 281.443726 	 5.090804 	 97359.679688 	 536.859375 
107 	 41.678688 	 283.323761 	 284.092529 	 2.749642 	 98362.093750 	 572.119629 
108 	 41.678688 	 283.323761 	 286.036926 	 0.832700 	 98821.117188 	 583.683289 
109 	 41.678688 	 283.323761 	 290.567017 	 2.834354 	 98836.398438 	 617.030151 
110 	 41.678688 	 283.323761 	 288.308289 	 3.446645 	 98112.609375 	 554.593445 
111 	 41.678688 	 283.323761 	 286.607544 	 4.399842 	 97479.867188 	 554.221436 
112 	 41.678688 	 283.323761 	 282.000000 	 4.380663 	 98007.476562 	 591.354614 
113 	 41.678688 	 283.323761 	 281.828644 	 1.900993 	 99002.156250 	 510.357147 
114 	 41.678688 	 283.323761 	 287.068970 	 3.526402 	 98302.750000 	 527.409973 
115 	 41.678688 	 283.323761 	 281.261353 	 5.520736 	 96529.976562 	 408.545197 
116 	 41.678688 	 283.323761 	 277.169800 	 4.501100 	 97753.140625 	 560.479492 
117 	 41.678688 	 283.323761 	 280.437988 	 2.964637 	 98357.687500 	 562.281128 
118 	 41.678688 	 283.323761 	 280.875549 	 2.417029 	 98229.062500 	 389.277496 
119 	 41.678688 	 283.323761 	 283.704071 	 4.434807 	 96756.992188 	 542.741577 
120 	 41.678688 	 283.323761 	 283.720734 	 3.071130 	 97573.546875 	 551.246582 
121 	 41.678688 	 283.323761 	 286.998260 	 4.204119 	 96713.710938 	 438.523590 
122 	 41.678688 	 283.323761 	 283.222473 	 4.769341 	 96639.039062 	 508.230591 
123 	 41.678688 	 283.323761 	 283.525024 	 4.772629 	 97474.546875 	 562.153076 
124 	 41.678688 	 283.323761 	 284.761749 	 4.177534 	 98015.882812 	 541.594971 
125 	 41.678688 	 283.323761 	 281.963837 	 3.689618 	 98469.539062 	 514.164001 
126 	 41.678688 	 283.323761 	 281.023621 	 1.864566 	 98964.273438 	 593.706665 
127 	 41.678688 	 283.323761 	 281.153595 	 2.515879 	 98837.570312 	 426.117920 
128 	 41.678688 	 283.323761 	 282.380798 	 2.864226 	 98730.757812 	 557.023315 
129 	 41.678688 	 283.323761 	 281.586975 	 3.346694 	 98797.132812 	 508.258270 
130 	 41.678688 	 283.323761 	 282.197113 	 1.635666 	 99301.296875 	 584.952148 
131 	 41.678688 	 283.323761 	 285.091919 	 1.188919 	 99308.273438 	 557.970337 
132 	 41.678688 	 283.323761 	 285.459229 	 0.911616 	 99640.398438 	 632.051147 
133 	 41.678688 	 283.323761 	 288.221893 	 3.043153 	 99735.859375 	 629.505615 
134 	 41.678688 	 283.323761 	 289.317139 	 4.164143 	 99003.453125 	 638.957520 
135 	 41.678688 	 283.323761 	 287.414978 	 2.955850 	 98458.046875 	 639.338928 
136 	 41.678688 	 283.323761 	 285.658325 	 1.622611 	 98614.648438 	 627.764282 
137 	 41.678688 	 283.323761 	 289.631256 	 2.604792 	 98368.820312 	 574.478088 
138 	 41.678688 	 283.323761 	 291.894775 	 1.110431 	 98611.453125 	 571.500488 
139 	 41.678688 	 283.323761 	 295.249817 	 2.718946 	 98984.226562 	 685.412781 
140 	 41.678688 	 283.323761 	 291.104706 	 3.532618 	 99469.523438 	 534.468018 
141 	 41.678688 	 283.323761 	 295.444763 	 3.102605 	 98855.406250 	 623.512573 
142 	 41.678688 	 283.323761 	 294.806732 	 1.627861 	 98697.226562 	 649.810913 
143 	 41.678688 	 283.323761 	 295.101196 	 1.049504 	 98645.210938 	 671.708740 
144 	 41.678688 	 283.323761 	 296.875397 	 1.136254 	 98822.210938 	 682.851562 
145 	 41.678688 	 283.323761 	 298.686829 	 3.278669 	 98450.000000 	 687.269897 
146 	 41.678688 	 283.323761 	 296.931061 	 2.417397 	 98653.617188 	 676.731689 
147 	 41.678688 	 283.323761 	 292.703400 	 3.618912 	 99093.421875 	 524.376282 
148 	 41.678688 	 283.323761 	 295.482147 	 4.032059 	 98409.078125 	 586.097168 
149 	 41.678688 	 283.323761 	 295.318726 	 3.835963 	 97940.218750 	 616.561157 
150 	 41.678688 	 283.323761 	 289.078094 	 3.241839 	 98394.671875 	 536.385559 
151 	 41.678688 	 283.323761 	 286.609985 	 3.087655 	 98568.210938 	 466.163635 
152 	 41.678688 	 283.323761 	 286.468414 	 4.108717 	 98777.523438 	 652.698120 
153 	 41.678688 	 283.323761 	 285.395721 	 1.574476 	 99110.203125 	 495.543365 
154 	 41.678688 	 283.323761 	 290.851776 	 2.686120 	 98618.367188 	 691.678894 
155 	 41.678688 	 283.323761 	 289.489227 	 1.829192 	 98640.812500 	 665.598999 
156 	 41.678688 	 283.323761 	 286.827332 	 4.488178 	 98173.937500 	 656.319397 
157 	 41.678688 	 283.323761 	 283.251770 	 2.747844 	 98335.648438 	 617.388306 
158 	 41.678688 	 283.323761 	 283.073120 	 2.592907 	 98766.843750 	 618.416382 
159 	 41.678688 	 283.323761 	 285.285156 	 1.170010 	 99389.007812 	 649.259644 
160 	 41.678688 	 283.323761 	 289.478668 	 2.842694 	 99515.257812 	 653.063354 
161 	 41.678688 	 283.323761 	 290.765076 	 4.885293 	 99403.750000 	 497.492615 
162 	 41.678688 	 283.323761 	 293.936310 	 5.662727 	 98630.453125 	 559.996460 
163 	 41.678688 	 283.323761 	 297.455017 	 4.176622 	 98252.828125 	 716.574341 
164 	 41.678688 	 283.323761 	 297.365295 	 3.627096 	 98189.726562 	 722.417847 
165 	 41.678688 	 283.323761 	 299.966278 	 4.316306 	 98314.226562 	 712.962646 
166 	 41.678688 	 283.323761 	 296.489685 	 3.843816 	 97846.476562 	 690.746765 
167 	 41.678688 	 283.323761 	 290.999481 	 2.553939 	 98825.210938 	 672.764160 
168 	 41.678688 	 283.323761 	 290.912354 	 2.700498 	 99327.070312 	 637.386780 
169 	 41.678688 	 283.323761 	 296.333984 	 4.557321 	 98671.453125 	 612.080078 
170 	 41.678688 	 283.323761 	 294.625427 	 2.423412 	 98548.476562 	 656.082520 
171 	 41.678688 	 283.323761 	 290.011963 	 2.249297 	 98914.906250 	 424.222321 
172 	 41.678688 	 283.323761 	 291.671997 	 2.765736 	 98530.921875 	 706.690308 
173 	 41.678688 	 283.323761 	 293.483795 	 2.313011 	 98759.781250 	 692.788818 
174 	 41.678688 	 283.323761 	 290.077881 	 2.107237 	 99066.968750 	 666.897461 
175 	 41.678688 	 283.323761 	 289.230530 	 1.924546 	 99315.500000 	 560.135132 
176 	 41.678688 	 283.323761 	 291.930542 	 2.832856 	 99345.656250 	 677.298767 
177 	 41.678688 	 283.323761 	 291.990601 	 3.338124 	 98844.640625 	 679.950684 
178 	 41.678688 	 283.323761 	 292.317230 	 1.569144 	 99027.296875 	 630.097534 
179 	 41.678688 	 283.323761 	 294.435181 	 2.517808 	 98790.132812 	 693.955261 
180 	 41.678688 	 283.323761 	 298.829559 	 3.831529 	 98198.039062 	 700.798950 
181 	 41.678688 	 283.323761 	 294.917145 	 2.290119 	 98138.320312 	 643.577820 
182 	 41.678688 	 283.323761 	 290.189789 	 4.225302 	 98590.078125 	 665.005737 
183 	 41.678688 	 283.323761 	 290.214417 	 1.209778 	 99066.460938 	 624.940308 
184 	 41.678688 	 283.323761 	 293.084167 	 1.342337 	 99120.789062 	 694.596191 
185 	 41.678688 	 283.323761 	 292.972839 	 2.425799 	 98416.226562 	 511.858582 
186 	 41.678688 	 283.323761 	 294.272064 	 0.917111 	 98232.796875 	 602.826233 
187 	 41.678688 	 283.323761 	 295.514038 	 2.325428 	 98387.796875 	 688.897827 
188 	 41.678688 	 283.323761 	 295.411194 	 0.693895 	 98683.578125 	 703.402161 
189 	 41.678688 	 283.323761 	 297.788147 	 2.559525 	 98786.562500 	 713.388733 
190 	 41.678688 	 283.323761 	 299.493408 	 4.162825 	 98316.171875 	 645.011536 
191 	 41.678688 	 283.323761 	 300.625824 	 2.570148 	 97933.476562 	 740.132080 
192 	 41.678688 	 283.323761 	 296.611816 	 3.221170 	 98726.843750 	 696.728333 
193 	 41.678688 	 283.323761 	 294.993317 	 1.933319 	 98895.960938 	 687.979126 
194 	 41.678688 	 283.323761 	 296.499756 	 4.175012 	 98438.671875 	 704.198364 
195 	 41.678688 	 283.323761 	 299.195099 	 2.836650 	 97567.570312 	 666.041565 
196 	 41.678688 	 283.323761 	 294.035339 	 3.443149 	 97239.257812 	 687.155762 
197 	 41.678688 	 283.323761 	 295.759399 	 2.488726 	 97822.296875 	 682.543274 
198 	 41.678688 	 283.323761 	 294.744598 	 2.077324 	 98199.906250 	 635.324524 
199 	 41.678688 	 283.323761 	 295.614868 	 1.445837 	 98531.750000 	 667.403992 
200 	 41.678688 	 283.323761 	 297.731781 	 5.557028 	 98812.117188 	 554.934509 
201 	 41.678688 	 283.323761 	 297.959656 	 3.485196 	 98786.679688 	 604.922974 
202 	 41.678688 	 283.323761 	 298.492676 	 3.002262 	 98776.609375 	 656.618469 
203 	 41.678688 	 283.323761 	 297.742554 	 2.455429 	 98598.023438 	 571.345886 
204 	 41.678688 	 283.323761 	 297.176605 	 1.512609 	 98536.570312 	 580.137634 
205 	 41.678688 	 283.323761 	 297.297211 	 1.160643 	 98447.921875 	 706.619873 
206 	 41.678688 	 283.323761 	 299.237244 	 1.866369 	 98267.523438 	 708.054443 
207 	 41.678688 	 283.323761 	 298.650787 	 2.275416 	 98339.648438 	 723.663269 
208 	 41.678688 	 283.323761 	 298.786163 	 2.500063 	 98368.187500 	 716.778198 
209 	 41.678688 	 283.323761 	 299.728516 	 4.692914 	 97817.312500 	 698.816284 
210 	 41.678688 	 283.323761 	 295.203857 	 3.543721 	 97915.328125 	 685.346619 
211 	 41.678688 	 283.323761 	 295.560516 	 4.372250 	 98199.742188 	 687.280518 
212 	 41.678688 	 283.323761 	 297.002655 	 2.143415 	 98628.632812 	 694.035645 
213 	 41.678688 	 283.323761 	 299.991760 	 1.511092 	 98250.781250 	 702.800293 
214 	 41.678688 	 283.323761 	 300.701416 	 2.536403 	 97746.226562 	 695.113403 
215 	 41.678688 	 283.323761 	 293.790649 	 2.450445 	 97811.820312 	 596.337219 
216 	 41.678688 	 283.323761 	 296.525635 	 4.047478 	 98133.828125 	 688.800781 
217 	 41.678688 	 283.323761 	 297.033081 	 1.843469 	 98742.859375 	 684.369751 
218 	 41.678688 	 283.323761 	 298.502991 	 1.035094 	 98698.007812 	 690.742554 
219 	 41.678688 	 283.323761 	 299.050629 	 2.236206 	 98143.976562 	 687.262817 
220 	 41.678688 	 283.323761 	 298.027496 	 1.748039 	 97984.226562 	 657.926270 
221 	 41.678688 	 283.323761 	 298.287170 	 3.071631 	 97976.492188 	 582.751953 
222 	 41.678688 	 283.323761 	 299.216980 	 3.641068 	 97967.476562 	 677.606201 
223 	 41.678688 	 283.323761 	 294.347504 	 3.911696 	 98540.750000 	 674.226562 
224 	 41.678688 	 283.323761 	 288.023560 	 1.827488 	 99333.398438 	 488.334259 
225 	 41.678688 	 283.323761 	 289.566162 	 1.315421 	 99415.867188 	 628.716797 
226 	 41.678688 	 283.323761 	 292.083160 	 2.120145 	 99324.062500 	 625.717163 
227 	 41.678688 	 283.323761 	 295.126434 	 2.856343 	 98836.726562 	 654.040039 
228 	 41.678688 	 283.323761 	 293.544647 	 2.696711 	 98773.703125 	 652.368530 
229 	 41.678688 	 283.323761 	 291.925232 	 1.164004 	 99291.320312 	 641.133789 
230 	 41.678688 	 283.323761 	 296.551483 	 1.998952 	 99046.890625 	 659.072876 
231 	 41.678688 	 283.323761 	 296.767426 	 2.034332 	 98627.382812 	 649.340942 
232 	 41.678688 	 283.323761 	 299.202545 	 3.476198 	 98191.539062 	 631.002441 
233 	 41.678688 	 283.323761 	 300.205475 	 2.108369 	 98427.468750 	 664.089111 
234 	 41.678688 	 283.323761 	 302.304535 	 4.079811 	 98201.429688 	 676.326416 
235 	 41.678688 	 283.323761 	 297.535309 	 3.061375 	 98367.257812 	 557.444397 
236 	 41.678688 	 283.323761 	 292.543854 	 2.863741 	 99244.132812 	 630.624573 
237 	 41.678688 	 283.323761 	 290.727234 	 1.283726 	 99431.906250 	 617.732056 
238 	 41.678688 	 283.323761 	 291.261017 	 1.085182 	 99794.921875 	 620.148132 
239 	 41.678688 	 283.323761 	 293.316467 	 1.704897 	 99559.593750 	 625.851807 
240 	 41.678688 	 283.323761 	 295.212189 	 1.420145 	 98666.039062 	 637.882812 
241 	 41.678688 	 283.323761 	 297.041809 	 3.102826 	 97976.742188 	 570.632629 
242 	 41.678688 	 283.323761 	 292.005402 	 3.437049 	 98296.546875 	 600.507080 
243 	 41.678688 	 283.323761 	 290.765045 	 1.125030 	 99074.562500 	 598.881592 
244 	 41.678688 	 283.323761 	 294.478790 	 1.654335 	 99424.843750 	 625.934204 
245 	 41.678688 	 283.323761 	 299.433441 	 2.024101 	 99150.046875 	 641.290955 
246 	 41.678688 	 283.323761 	 298.549561 	 2.028590 	 98826.648438 	 629.334106 
247 	 41.678688 	 283.323761 	 298.285919 	 2.648596 	 98499.007812 	 546.101868 
248 	 41.678688 	 283.323761 	 293.899384 	 1.959468 	 98922.546875 	 569.961426 
249 	 41.678688 	 283.323761 	 298.090759 	 2.438957 	 98405.437500 	 590.461426 
250 	 41.678688 	 283.323761 	 294.791260 	 1.558301 	 98745.390625 	 601.393005 
251 	 41.678688 	 283.323761 	 293.490753 	 1.150535 	 99275.828125 	 594.533020 
252 	 41.678688 	 283.323761 	 295.739014 	 3.062460 	 99044.492188 	 544.837158 
253 	 41.678688 	 283.323761 	 294.828400 	 2.390561 	 98373.070312 	 591.104614 
254 	 41.678688 	 283.323761 	 292.846252 	 2.090675 	 98161.242188 	 520.932251 
255 	 41.678688 	 283.323761 	 291.599182 	 2.330648 	 98176.468750 	 558.061584 
256 	 41.678688 	 283.323761 	 292.071838 	 1.668513 	 98639.718750 	 571.084839 
257 	 41.678688 	 283.323761 	 289.706512 	 1.767219 	 98956.023438 	 563.260986 
258 	 41.678688 	 283.323761 	 288.719208 	 1.468208 	 98985.757812 	 554.419373 
259 	 41.678688 	 283.323761 	 295.472504 	 2.208848 	 98421.328125 	 561.155945 
260 	 41.678688 	 283.323761 	 297.751892 	 2.196158 	 98266.476562 	 556.884094 
261 	 41.678688 	 283.323761 	 297.161224 	 1.493154 	 98387.218750 	 600.464661 
262 	 41.678688 	 283.323761 	 297.405151 	 2.176992 	 98730.382812 	 538.305176 
263 	 41.678688 	 283.323761 	 293.813690 	 1.878828 	 99034.976562 	 516.043335 
264 	 41.678688 	 283.323761 	 293.591461 	 2.554177 	 98621.203125 	 501.543549 
265 	 41.678688 	 283.323761 	 291.942780 	 3.191830 	 97773.476562 	 566.846558 
266 	 41.678688 	 283.323761 	 285.892853 	 2.559755 	 98009.226562 	 450.890106 
267 	 41.678688 	 283.323761 	 285.599426 	 2.815659 	 98251.046875 	 498.646667 
268 	 41.678688 	 283.323761 	 287.969360 	 1.632647 	 98052.640625 	 553.415649 
269 	 41.678688 	 283.323761 	 289.212830 	 0.467564 	 97964.929688 	 546.533691 
270 	 41.678688 	 283.323761 	 290.886108 	 2.121295 	 98104.882812 	 548.703491 
271 	 41.678688 	 283.323761 	 295.497314 	 2.721335 	 98102.273438 	 566.468567 
272 	 41.678688 	 283.323761 	 296.542084 	 2.882741 	 98567.421875 	 569.977112 
273 	 41.678688 	 283.323761 	 295.104492 	 2.542456 	 99217.726562 	 549.492554 
274 	 41.678688 	 283.323761 	 294.558167 	 3.574822 	 99289.046875 	 517.125549 
275 	 41.678688 	 283.323761 	 289.165802 	 3.115989 	 98920.398438 	 484.189087 
276 	 41.678688 	 283.323761 	 284.462128 	 1.553197 	 99532.976562 	 493.841492 
277 	 41.678688 	 283.323761 	 288.276947 	 4.443339 	 99482.546875 	 506.845886 
278 	 41.678688 	 283.323761 	 292.260651 	 3.443344 	 99023.976562 	 500.094727 
279 	 41.678688 	 283.323761 	 293.465271 	 3.125982 	 98611.429688 	 538.856079 
280 	 41.678688 	 283.323761 	 293.312500 	 2.580432 	 98631.796875 	 479.330231 
281 	 41.678688 	 283.323761 	 287.717468 	 1.959267 	 99365.859375 	 397.526917 
282 	 41.678688 	 283.323761 	 290.449219 	 3.662748 	 99525.851562 	 450.197388 
283 	 41.678688 	 283.323761 	 294.298004 	 5.353672 	 98882.093750 	 501.228577 
284 	 41.678688 	 283.323761 	 285.744354 	 1.276547 	 98963.460938 	 381.989349 
285 	 41.678688 	 283.323761 	 285.099854 	 2.721721 	 98044.070312 	 470.298645 
286 	 41.678688 	 283.323761 	 279.700623 	 2.563896 	 98351.343750 	 393.710205 
287 	 41.678688 	 283.323761 	 276.929321 	 2.619586 	 99446.398438 	 442.365021 
288 	 41.678688 	 283.323761 	 277.301361 	 0.435998 	 100476.101562 	 456.093323 
289 	 41.678688 	 283.323761 	 278.436798 	 0.629432 	 100120.203125 	 451.563080 
290 	 41.678688 	 283.323761 	 281.385315 	 1.143609 	 99659.796875 	 457.832397 
291 	 41.678688 	 283.323761 	 283.685913 	 2.220406 	 99468.757812 	 451.842102 
292 	 41.678688 	 283.323761 	 285.643402 	 3.142861 	 99000.109375 	 417.641418 
293 	 41.678688 	 283.323761 	 286.075500 	 2.901593 	 98253.460938 	 431.031433 
294 	 41.678688 	 283.323761 	 283.838959 	 2.359167 	 99328.703125 	 441.359467 
295 	 41.678688 	 283.323761 	 280.720612 	 0.751646 	 99407.351562 	 430.395691 
296 	 41.678688 	 283.323761 	 280.605377 	 0.658392 	 99087.882812 	 428.093384 
297 	 41.678688 	 283.323761 	 282.987762 	 1.487517 	 98856.171875 	 439.711670 
298 	 41.678688 	 283.323761 	 285.558258 	 3.123090 	 98381.039062 	 405.672607 
299 	 41.678688 	 283.323761 	 280.819397 	 3.640076 	 98381.156250 	 372.302094 
300 	 41.678688 	 283.323761 	 278.156799 	 3.698776 	 98965.687500 	 413.618042 
301 	 41.678688 	 283.323761 	 278.924255 	 2.267606 	 99987.203125 	 418.732788 
302 	 41.678688 	 283.323761 	 282.679565 	 4.159959 	 100003.203125 	 436.183960 
303 	 41.678688 	 283.323761 	 284.248810 	 3.626344 	 99657.710938 	 406.485718 
304 	 41.678688 	 283.323761 	 287.956421 	 2.902378 	 98952.570312 	 456.814667 
305 	 41.678688 	 283.323761 	 287.912506 	 3.746953 	 99001.632812 	 421.443298 
306 	 41.678688 	 283.323761 	 281.532501 	 5.742868 	 98211.250000 	 441.171661 
307 	 41.678688 	 283.323761 	 277.697968 	 1.889961 	 99862.531250 	 427.200378 
308 	 41.678688 	 283.323761 	 278.755463 	 3.196591 	 99746.140625 	 348.314178 
309 	 41.678688 	 283.323761 	 282.969330 	 1.194012 	 98744.328125 	 405.333557 
310 	 41.678688 	 283.323761 	 280.783661 	 2.558575 	 98180.867188 	 398.443970 
311 	 41.678688 	 283.323761 	 278.415955 	 3.717000 	 98289.078125 	 375.028748 
312 	 41.678688 	 283.323761 	 276.256683 	 4.296799 	 98313.726562 	 395.388519 
313 	 41.678688 	 283.323761 	 272.439484 	 3.151028 	 99746.656250 	 386.255951 
314 	 41.678688 	 283.323761 	 273.149261 	 3.617049 	 99876.937500 	 374.387421 
315 	 41.678688 	 283.323761 	 279.392517 	 3.057393 	 99482.976562 	 338.291565 
316 	 41.678688 	 283.323761 	 281.634033 	 4.757109 	 99222.421875 	 375.165161 
317 	 41.678688 	 283.323761 	 275.518921 	 5.142674 	 98390.976562 	 391.842560 
318 	 41.678688 	 283.323761 	 269.265137 	 2.442051 	 99774.906250 	 321.889313 
319 	 41.678688 	 283.323761 	 268.634674 	 1.029918 	 100642.601562 	 336.807007 
320 	 41.678688 	 283.323761 	 270.395416 	 2.421968 	 100691.703125 	 334.754822 
321 	 41.678688 	 283.323761 	 278.044189 	 1.896111 	 99477.640625 	 395.389740 
322 	 41.678688 	 283.323761 	 278.214569 	 1.421270 	 99264.781250 	 401.459930 
323 	 41.678688 	 283.323761 	 285.155518 	 5.469841 	 98478.359375 	 410.708313 
324 	 41.678688 	 283.323761 	 282.602997 	 1.698092 	 97874.968750 	 389.235535 
325 	 41.678688 	 283.323761 	 271.488068 	 4.525558 	 97748.750000 	 360.542694 
326 	 41.678688 	 283.323761 	 269.079926 	 3.267135 	 99076.539062 	 290.610382 
327 	 41.678688 	 283.323761 	 269.041809 	 1.814024 	 99802.500000 	 323.905579 
328 	 41.678688 	 283.323761 	 271.971527 	 2.253689 	 99970.148438 	 371.919098 
329 	 41.678688 	 283.323761 	 272.150177 	 1.779931 	 99822.382812 	 343.470795 
330 	 41.678688 	 283.323761 	 277.246552 	 2.774148 	 99036.187500 	 366.102478 
331 	 41.678688 	 283.323761 	 276.027618 	 2.892658 	 98890.070312 	 384.849365 
332 	 41.678688 	 283.323761 	 272.258026 	 3.394830 	 99770.843750 	 347.049988 
333 	 41.678688 	 283.323761 	 280.636536 	 2.632348 	 98597.828125 	 375.940399 
334 	 41.678688 	 283.323761 	 276.036469 	 2.631478 	 98226.531250 	 369.139771 
335 	 41.678688 	 283.323761 	 276.727448 	 1.927778 	 97765.359375 	 346.211212 
336 	 41.678688 	 283.323761 	 273.361542 	 2.363491 	 98638.117188 	 363.118805 
337 	 41.678688 	 283.323761 	 272.517151 	 2.671894 	 99240.351562 	 338.922791 
338 	 41.678688 	 283.323761 	 276.658020 	 2.461416 	 99006.906250 	 374.732697 
339 	 41.678688 	 283.323761 	 280.636475 	 3.463032 	 98510.992188 	 364.158661 
340 	 41.678688 	 283.323761 	 283.971222 	 4.887813 	 97560.250000 	 376.905365 
341 	 41.678688 	 283.323761 	 275.738281 	 4.003852 	 98601.382812 	 367.741577 
342 	 41.678688 	 283.323761 	 270.495819 	 1.007486 	 100084.000000 	 317.471405 
343 	 41.678688 	 283.323761 	 274.888611 	 2.476786 	 100340.101562 	 313.072266 
344 	 41.678688 	 283.323761 	 283.423737 	 3.074300 	 98835.898438 	 379.734131 
345 	 41.678688 	 283.323761 	 278.329163 	 5.490446 	 96646.882812 	 382.484070 
346 	 41.678688 	 283.323761 	 277.232483 	 3.813140 	 97286.007812 	 346.765106 
347 	 41.678688 	 283.323761 	 280.540161 	 2.569786 	 98137.523438 	 351.321899 
348 	 41.678688 	 283.323761 	 279.868896 	 2.759626 	 99019.531250 	 359.349976 
349 	 41.678688 	 283.323761 	 281.838776 	 3.054893 	 99318.890625 	 352.685211 
350 	 41.678688 	 283.323761 	 284.836578 	 3.704990 	 99378.640625 	 380.126312 
351 	 41.678688 	 283.323761 	 286.879547 	 4.503313 	 98249.062500 	 414.182098 
352 	 41.678688 	 283.323761 	 278.691986 	 4.250197 	 98467.687500 	 370.038971 
353 	 41.678688 	 283.323761 	 275.954468 	 2.488444 	 99695.187500 	 341.267395 
354 	 41.678688 	 283.323761 	 280.529724 	 2.402676 	 99089.023438 	 348.848816 
355 	 41.678688 	 283.323761 	 277.132568 	 2.088588 	 98964.523438 	 344.562805 
356 	 41.678688 	 283.323761 	 275.312073 	 2.147051 	 98877.468750 	 339.622375 
357 	 41.678688 	 283.323761 	 274.612549 	 2.818825 	 99287.906250 	 324.666443 
358 	 41.678688 	 283.323761 	 272.634308 	 4.535306 	 99945.523438 	 310.294464 
359 	 41.678688 	 283.323761 	 279.563599 	 3.753186 	 98289.937500 	 344.927826 
360 	 41.678688 	 283.323761 	 273.209778 	 1.999799 	 97380.679688 	 326.896606 
361 	 41.678688 	 283.323761 	 271.670166 	 2.334369 	 97365.750000 	 313.206512 
362 	 41.678688 	 283.323761 	 269.341675 	 2.970314 	 98007.609375 	 308.049591 
363 	 41.678688 	 283.323761 	 270.128448 	 3.084229 	 98443.156250 	 308.524994 
364 	 41.678688 	 283.323761 	 270.507965 	 2.593879 	 98575.562500 	 319.388611 
