# 0: Day of Year [-] 	 1: lat [deg] 	 2: lon [deg] 	 3: tas [K] 	 4: sfcWind [m s-1] 	 5: ps [Pa] 	 6: Total Downwelling Rad Flux [W m-2] 
0 	 41.678688 	 283.323761 	 271.854584 	 1.100607 	 98916.703125 	 310.370148 
1 	 41.678688 	 283.323761 	 270.990143 	 2.098668 	 97548.867188 	 306.589539 
2 	 41.678688 	 283.323761 	 268.755768 	 5.076856 	 97111.382812 	 311.624969 
3 	 41.678688 	 283.323761 	 268.942108 	 4.742723 	 97556.851562 	 298.853546 
4 	 41.678688 	 283.323761 	 267.474335 	 4.086627 	 98043.976562 	 307.492554 
5 	 41.678688 	 283.323761 	 267.699707 	 2.698158 	 98274.367188 	 320.075714 
6 	 41.678688 	 283.323761 	 269.462280 	 2.807161 	 98509.507812 	 317.298645 
7 	 41.678688 	 283.323761 	 267.978455 	 2.395619 	 99651.539062 	 305.460480 
8 	 41.678688 	 283.323761 	 274.658966 	 2.994298 	 98520.710938 	 319.717957 
9 	 41.678688 	 283.323761 	 275.515961 	 2.511964 	 97782.656250 	 390.839478 
10 	 41.678688 	 283.323761 	 274.500885 	 2.434345 	 97628.546875 	 335.314362 
11 	 41.678688 	 283.323761 	 267.322266 	 4.567176 	 97094.992188 	 337.359528 
12 	 41.678688 	 283.323761 	 263.791779 	 2.857904 	 97776.687500 	 258.878540 
13 	 41.678688 	 283.323761 	 267.036835 	 1.703573 	 98893.976562 	 327.149841 
14 	 41.678688 	 283.323761 	 272.187408 	 2.514092 	 99262.976562 	 357.125305 
15 	 41.678688 	 283.323761 	 273.893799 	 2.700134 	 99367.617188 	 340.900543 
16 	 41.678688 	 283.323761 	 276.495514 	 3.459892 	 98604.437500 	 353.330719 
17 	 41.678688 	 283.323761 	 272.634583 	 1.007535 	 98661.210938 	 315.080414 
18 	 41.678688 	 283.323761 	 271.916321 	 1.536489 	 98548.023438 	 353.862091 
19 	 41.678688 	 283.323761 	 274.316650 	 2.997763 	 98119.296875 	 362.029388 
20 	 41.678688 	 283.323761 	 277.469818 	 2.787738 	 98000.929688 	 369.830963 
21 	 41.678688 	 283.323761 	 280.511871 	 3.561572 	 97610.593750 	 372.080811 
22 	 41.678688 	 283.323761 	 278.659698 	 5.958618 	 95085.070312 	 359.387817 
23 	 41.678688 	 283.323761 	 267.393280 	 7.363105 	 94510.218750 	 329.690186 
24 	 41.678688 	 283.323761 	 266.428741 	 4.722531 	 96904.187500 	 324.266357 
25 	 41.678688 	 283.323761 	 264.670837 	 2.521049 	 97736.250000 	 346.043304 
26 	 41.678688 	 283.323761 	 268.689850 	 3.443830 	 98140.546875 	 355.752991 
27 	 41.678688 	 283.323761 	 267.771332 	 3.905658 	 98536.648438 	 333.406586 
28 	 41.678688 	 283.323761 	 266.017365 	 3.073147 	 99515.453125 	 331.871735 
29 	 41.678688 	 283.323761 	 267.519836 	 3.120653 	 99583.273438 	 319.735687 
30 	 41.678688 	 283.323761 	 278.284119 	 4.751063 	 97864.023438 	 381.279999 
31 	 41.678688 	 283.323761 	 271.540131 	 3.903661 	 98214.382812 	 379.430145 
32 	 41.678688 	 283.323761 	 269.647858 	 2.109525 	 99249.203125 	 354.807037 
33 	 41.678688 	 283.323761 	 267.921234 	 1.263934 	 99340.687500 	 361.070618 
34 	 41.678688 	 283.323761 	 277.209229 	 3.026415 	 98400.023438 	 398.048370 
35 	 41.678688 	 283.323761 	 279.836639 	 3.131778 	 97935.523438 	 404.613220 
36 	 41.678688 	 283.323761 	 277.932373 	 3.623308 	 97473.609375 	 359.711243 
37 	 41.678688 	 283.323761 	 273.164703 	 3.126038 	 98493.882812 	 400.451538 
38 	 41.678688 	 283.323761 	 273.652222 	 3.475453 	 98846.156250 	 374.068665 
39 	 41.678688 	 283.323761 	 280.035736 	 3.239486 	 98375.273438 	 424.119385 
40 	 41.678688 	 283.323761 	 266.616943 	 4.086589 	 99434.789062 	 384.245239 
41 	 41.678688 	 283.323761 	 266.639221 	 1.589722 	 100066.796875 	 336.744263 
42 	 41.678688 	 283.323761 	 270.117615 	 3.684373 	 99259.742188 	 317.203400 
43 	 41.678688 	 283.323761 	 269.098816 	 6.945456 	 97329.406250 	 379.953735 
44 	 41.678688 	 283.323761 	 268.432312 	 2.275417 	 97452.929688 	 350.758606 
45 	 41.678688 	 283.323761 	 272.928772 	 1.386205 	 97972.218750 	 403.454834 
46 	 41.678688 	 283.323761 	 272.016449 	 1.137374 	 99291.312500 	 399.551605 
47 	 41.678688 	 283.323761 	 273.977386 	 2.541320 	 99417.976562 	 346.552917 
48 	 41.678688 	 283.323761 	 275.952759 	 2.088869 	 98882.898438 	 453.798737 
49 	 41.678688 	 283.323761 	 277.090271 	 3.792142 	 97842.281250 	 357.513428 
50 	 41.678688 	 283.323761 	 275.323303 	 3.867487 	 97582.148438 	 392.895752 
51 	 41.678688 	 283.323761 	 272.287323 	 3.376710 	 98209.546875 	 410.926056 
52 	 41.678688 	 283.323761 	 275.318420 	 1.788801 	 98521.960938 	 423.823425 
53 	 41.678688 	 283.323761 	 283.625366 	 2.717435 	 98353.476562 	 420.327515 
54 	 41.678688 	 283.323761 	 287.459869 	 4.228062 	 97932.007812 	 422.436584 
55 	 41.678688 	 283.323761 	 283.021240 	 2.893758 	 98350.031250 	 451.508728 
56 	 41.678688 	 283.323761 	 281.606018 	 3.315342 	 98198.132812 	 352.164612 
57 	 41.678688 	 283.323761 	 276.354858 	 4.423570 	 97317.031250 	 419.115784 
58 	 41.678688 	 283.323761 	 272.463348 	 3.660338 	 97757.148438 	 385.002563 
59 	 41.678688 	 283.323761 	 273.257629 	 3.703289 	 98337.781250 	 434.330963 
60 	 41.678688 	 283.323761 	 279.798035 	 3.245072 	 99039.671875 	 428.612579 
61 	 41.678688 	 283.323761 	 284.780304 	 3.572950 	 98611.578125 	 398.691010 
62 	 41.678688 	 283.323761 	 272.730774 	 4.475632 	 99154.812500 	 425.095490 
63 	 41.678688 	 283.323761 	 269.525787 	 3.375429 	 100187.601562 	 395.141357 
64 	 41.678688 	 283.323761 	 280.641418 	 4.015565 	 98987.070312 	 442.650116 
65 	 41.678688 	 283.323761 	 286.444824 	 3.313350 	 98925.500000 	 517.467041 
66 	 41.678688 	 283.323761 	 289.487061 	 3.490500 	 98663.937500 	 505.156189 
67 	 41.678688 	 283.323761 	 290.138855 	 2.968360 	 98817.710938 	 519.357727 
68 	 41.678688 	 283.323761 	 288.493195 	 3.993117 	 98579.398438 	 426.535217 
69 	 41.678688 	 283.323761 	 275.838928 	 2.722964 	 99502.273438 	 457.575806 
70 	 41.678688 	 283.323761 	 280.692413 	 3.755690 	 99180.312500 	 461.431396 
71 	 41.678688 	 283.323761 	 287.277252 	 4.405326 	 98141.507812 	 401.185486 
72 	 41.678688 	 283.323761 	 278.462402 	 2.696779 	 99902.726562 	 472.582031 
73 	 41.678688 	 283.323761 	 281.930664 	 4.962882 	 99993.343750 	 456.560944 
74 	 41.678688 	 283.323761 	 289.490631 	 4.474775 	 98909.632812 	 521.658569 
75 	 41.678688 	 283.323761 	 290.931122 	 2.265690 	 98702.296875 	 548.561218 
76 	 41.678688 	 283.323761 	 291.025909 	 2.677080 	 98954.953125 	 559.577881 
77 	 41.678688 	 283.323761 	 291.481323 	 5.457903 	 98410.703125 	 456.371765 
78 	 41.678688 	 283.323761 	 284.626587 	 4.558357 	 96942.289062 	 477.048889 
79 	 41.678688 	 283.323761 	 277.874084 	 3.598923 	 97397.640625 	 429.600861 
80 	 41.678688 	 283.323761 	 276.835785 	 2.350645 	 97228.359375 	 445.173523 
81 	 41.678688 	 283.323761 	 279.059082 	 3.506618 	 97309.523438 	 444.615997 
82 	 41.678688 	 283.323761 	 280.671204 	 3.193842 	 97780.898438 	 492.332153 
83 	 41.678688 	 283.323761 	 280.450623 	 2.119751 	 99229.492188 	 397.055817 
84 	 41.678688 	 283.323761 	 280.755493 	 1.134505 	 100101.203125 	 517.686523 
85 	 41.678688 	 283.323761 	 281.470337 	 1.401437 	 100009.703125 	 506.000793 
86 	 41.678688 	 283.323761 	 283.867706 	 2.405665 	 99580.867188 	 409.119720 
87 	 41.678688 	 283.323761 	 287.308716 	 1.521641 	 99192.007812 	 548.730591 
88 	 41.678688 	 283.323761 	 288.696564 	 2.441666 	 98854.687500 	 511.433594 
89 	 41.678688 	 283.323761 	 291.898468 	 2.224728 	 98828.617188 	 594.456421 
90 	 41.678688 	 283.323761 	 290.945221 	 3.279372 	 98669.437500 	 451.116516 
91 	 41.678688 	 283.323761 	 290.333496 	 3.809004 	 98175.609375 	 427.042358 
92 	 41.678688 	 283.323761 	 283.131165 	 3.273395 	 98657.320312 	 524.387939 
93 	 41.678688 	 283.323761 	 280.640625 	 4.932918 	 98053.031250 	 482.437012 
94 	 41.678688 	 283.323761 	 277.783661 	 3.430312 	 98835.937500 	 534.958679 
95 	 41.678688 	 283.323761 	 287.044250 	 3.447405 	 98509.078125 	 563.190674 
96 	 41.678688 	 283.323761 	 289.794525 	 3.589338 	 97851.226562 	 440.294220 
97 	 41.678688 	 283.323761 	 283.817322 	 2.400978 	 98851.468750 	 557.880249 
98 	 41.678688 	 283.323761 	 285.746979 	 3.646771 	 99169.820312 	 567.072144 
99 	 41.678688 	 283.323761 	 288.151520 	 3.593840 	 98679.281250 	 612.845703 
100 	 41.678688 	 283.323761 	 286.341187 	 1.982155 	 99119.796875 	 571.499023 
101 	 41.678688 	 283.323761 	 289.650238 	 4.108844 	 98269.476562 	 555.123718 
102 	 41.678688 	 283.323761 	 283.481781 	 2.620507 	 99063.156250 	 560.412964 
103 	 41.678688 	 283.323761 	 284.951172 	 3.157663 	 99783.750000 	 571.477783 
104 	 41.678688 	 283.323761 	 289.933350 	 4.733285 	 99579.117188 	 607.683350 
105 	 41.678688 	 283.323761 	 291.074890 	 4.493799 	 99315.023438 	 602.356689 
106 	 41.678688 	 283.323761 	 291.159393 	 3.983726 	 98910.601562 	 447.313690 
107 	 41.678688 	 283.323761 	 284.557465 	 3.283613 	 99191.773438 	 595.759521 
108 	 41.678688 	 283.323761 	 284.394196 	 2.729934 	 99823.820312 	 574.908264 
109 	 41.678688 	 283.323761 	 285.929382 	 2.867497 	 99846.601562 	 469.973236 
110 	 41.678688 	 283.323761 	 288.908936 	 3.169931 	 99613.500000 	 565.912659 
111 	 41.678688 	 283.323761 	 291.642548 	 3.047414 	 99344.601562 	 501.890717 
112 	 41.678688 	 283.323761 	 295.349243 	 3.410127 	 98938.406250 	 646.041382 
113 	 41.678688 	 283.323761 	 297.718781 	 3.810104 	 98530.523438 	 629.230225 
114 	 41.678688 	 283.323761 	 295.701660 	 3.300689 	 98175.742188 	 636.947205 
115 	 41.678688 	 283.323761 	 287.196259 	 3.379125 	 98482.507812 	 621.190979 
116 	 41.678688 	 283.323761 	 284.751312 	 2.195747 	 98907.460938 	 596.764160 
117 	 41.678688 	 283.323761 	 283.988159 	 2.654532 	 98929.226562 	 533.567932 
118 	 41.678688 	 283.323761 	 284.553680 	 3.537275 	 98427.890625 	 571.003845 
119 	 41.678688 	 283.323761 	 282.181641 	 2.099141 	 99261.281250 	 585.082397 
120 	 41.678688 	 283.323761 	 289.709930 	 4.004905 	 98454.226562 	 608.177612 
121 	 41.678688 	 283.323761 	 280.753937 	 4.108428 	 99460.843750 	 550.829773 
122 	 41.678688 	 283.323761 	 283.529053 	 3.235550 	 99694.546875 	 447.782715 
123 	 41.678688 	 283.323761 	 287.519562 	 4.091176 	 99236.250000 	 419.727203 
124 	 41.678688 	 283.323761 	 293.564514 	 4.595702 	 98610.953125 	 658.264160 
125 	 41.678688 	 283.323761 	 292.150360 	 4.541499 	 98078.156250 	 663.436157 
126 	 41.678688 	 283.323761 	 287.938507 	 1.650337 	 98950.117188 	 622.452515 
127 	 41.678688 	 283.323761 	 291.439789 	 1.795690 	 99046.476562 	 654.259766 
128 	 41.678688 	 283.323761 	 293.215698 	 0.468257 	 98895.203125 	 637.747070 
129 	 41.678688 	 283.323761 	 295.993591 	 1.700852 	 98848.023438 	 689.045288 
130 	 41.678688 	 283.323761 	 292.217499 	 3.645021 	 98674.632812 	 664.596802 
131 	 41.678688 	 283.323761 	 286.872375 	 2.170324 	 99652.273438 	 624.236572 
132 	 41.678688 	 283.323761 	 288.452759 	 3.289542 	 99937.343750 	 634.626465 
133 	 41.678688 	 283.323761 	 292.755798 	 3.925503 	 99358.687500 	 640.211304 
134 	 41.678688 	 283.323761 	 298.595428 	 1.552856 	 98867.140625 	 704.464600 
135 	 41.678688 	 283.323761 	 301.931976 	 2.383795 	 98740.312500 	 704.264465 
136 	 41.678688 	 283.323761 	 300.469513 	 1.998753 	 98978.421875 	 701.062866 
137 	 41.678688 	 283.323761 	 301.533203 	 1.855190 	 98997.421875 	 706.900818 
138 	 41.678688 	 283.323761 	 300.086395 	 2.314506 	 98910.578125 	 683.801147 
139 	 41.678688 	 283.323761 	 298.907440 	 2.911006 	 98395.531250 	 699.603882 
140 	 41.678688 	 283.323761 	 296.531281 	 4.002864 	 97853.031250 	 590.413574 
141 	 41.678688 	 283.323761 	 283.980804 	 3.592309 	 98104.570312 	 592.595093 
142 	 41.678688 	 283.323761 	 285.960449 	 3.160059 	 98707.773438 	 633.510498 
143 	 41.678688 	 283.323761 	 294.496521 	 4.838328 	 97984.382812 	 575.888672 
144 	 41.678688 	 283.323761 	 290.422546 	 2.727671 	 97615.960938 	 665.553955 
145 	 41.678688 	 283.323761 	 286.452637 	 2.534743 	 98259.203125 	 645.519897 
146 	 41.678688 	 283.323761 	 288.198669 	 1.869413 	 98866.250000 	 646.460205 
147 	 41.678688 	 283.323761 	 293.334625 	 1.721043 	 99100.960938 	 680.729980 
148 	 41.678688 	 283.323761 	 296.248535 	 1.467386 	 99154.953125 	 678.116455 
149 	 41.678688 	 283.323761 	 298.952423 	 3.589975 	 98738.710938 	 694.899658 
150 	 41.678688 	 283.323761 	 296.345184 	 3.849821 	 98346.843750 	 562.620117 
151 	 41.678688 	 283.323761 	 291.718475 	 2.543689 	 98588.148438 	 539.164246 
152 	 41.678688 	 283.323761 	 290.532684 	 2.985082 	 99042.882812 	 668.310669 
153 	 41.678688 	 283.323761 	 291.208191 	 3.264179 	 99230.367188 	 652.453369 
154 	 41.678688 	 283.323761 	 296.016388 	 5.522828 	 98226.296875 	 600.001343 
155 	 41.678688 	 283.323761 	 287.933594 	 5.054139 	 97786.789062 	 450.400726 
156 	 41.678688 	 283.323761 	 291.428040 	 3.345396 	 98535.101562 	 670.772339 
157 	 41.678688 	 283.323761 	 290.363251 	 1.068818 	 98625.796875 	 585.526855 
158 	 41.678688 	 283.323761 	 293.309357 	 0.977620 	 98339.820312 	 692.685242 
159 	 41.678688 	 283.323761 	 293.211487 	 1.583613 	 98960.429688 	 687.175415 
160 	 41.678688 	 283.323761 	 294.246765 	 2.485027 	 99562.156250 	 688.675781 
161 	 41.678688 	 283.323761 	 296.011261 	 2.454357 	 99679.226562 	 705.798340 
162 	 41.678688 	 283.323761 	 296.750000 	 2.282374 	 99415.117188 	 704.327148 
163 	 41.678688 	 283.323761 	 297.685516 	 2.938325 	 98882.351562 	 686.539978 
164 	 41.678688 	 283.323761 	 299.949097 	 3.248283 	 98530.406250 	 726.017334 
165 	 41.678688 	 283.323761 	 299.914032 	 5.088024 	 98111.546875 	 723.560181 
166 	 41.678688 	 283.323761 	 298.448364 	 2.360805 	 98199.453125 	 699.862427 
167 	 41.678688 	 283.323761 	 295.057251 	 3.554590 	 98757.843750 	 691.873474 
168 	 41.678688 	 283.323761 	 296.681641 	 2.471102 	 98701.750000 	 706.471069 
169 	 41.678688 	 283.323761 	 299.295349 	 3.477948 	 98229.507812 	 663.121948 
170 	 41.678688 	 283.323761 	 296.060486 	 2.098191 	 98544.968750 	 708.113708 
171 	 41.678688 	 283.323761 	 294.432892 	 1.642936 	 98641.671875 	 649.497314 
172 	 41.678688 	 283.323761 	 294.478180 	 3.322541 	 98971.656250 	 696.029785 
173 	 41.678688 	 283.323761 	 295.300232 	 0.977342 	 99093.867188 	 703.761719 
174 	 41.678688 	 283.323761 	 297.448608 	 0.535683 	 98617.703125 	 718.269775 
175 	 41.678688 	 283.323761 	 300.371521 	 1.646004 	 97948.007812 	 730.987488 
176 	 41.678688 	 283.323761 	 298.172546 	 2.558323 	 97538.437500 	 710.562622 
177 	 41.678688 	 283.323761 	 295.140320 	 1.458451 	 98040.843750 	 694.232910 
178 	 41.678688 	 283.323761 	 294.885071 	 3.278562 	 97795.671875 	 636.593323 
179 	 41.678688 	 283.323761 	 292.918213 	 3.775354 	 97834.156250 	 692.503113 
180 	 41.678688 	 283.323761 	 290.047516 	 2.729556 	 98258.843750 	 661.045654 
181 	 41.678688 	 283.323761 	 289.993286 	 2.300571 	 98398.148438 	 666.104614 
182 	 41.678688 	 283.323761 	 289.023071 	 2.586015 	 98474.078125 	 596.415527 
183 	 41.678688 	 283.323761 	 290.985748 	 0.974483 	 98561.492188 	 552.571777 
184 	 41.678688 	 283.323761 	 292.209991 	 2.333723 	 98963.937500 	 655.381714 
185 	 41.678688 	 283.323761 	 292.055267 	 1.724625 	 99014.937500 	 668.548340 
186 	 41.678688 	 283.323761 	 291.360229 	 3.705294 	 99185.281250 	 683.865356 
187 	 41.678688 	 283.323761 	 291.236877 	 1.799561 	 99219.859375 	 679.165710 
188 	 41.678688 	 283.323761 	 294.828674 	 1.903546 	 99144.757812 	 700.065308 
189 	 41.678688 	 283.323761 	 296.898682 	 1.002055 	 98807.117188 	 706.270447 
190 	 41.678688 	 283.323761 	 297.412201 	 1.381811 	 98761.046875 	 714.574463 
191 	 41.678688 	 283.323761 	 299.863312 	 2.132749 	 98563.023438 	 704.732056 
192 	 41.678688 	 283.323761 	 301.520294 	 3.349794 	 98132.617188 	 677.854492 
193 	 41.678688 	 283.323761 	 296.542206 	 3.531574 	 98066.046875 	 607.258362 
194 	 41.678688 	 283.323761 	 295.738800 	 2.005961 	 98454.140625 	 696.069580 
195 	 41.678688 	 283.323761 	 296.783051 	 0.861983 	 98414.890625 	 705.223755 
196 	 41.678688 	 283.323761 	 297.339905 	 1.508629 	 98354.906250 	 677.988159 
197 	 41.678688 	 283.323761 	 296.877869 	 2.546764 	 98623.851562 	 732.926025 
198 	 41.678688 	 283.323761 	 295.456329 	 1.703126 	 99135.789062 	 623.011230 
199 	 41.678688 	 283.323761 	 297.919434 	 0.775824 	 98948.117188 	 702.428711 
200 	 41.678688 	 283.323761 	 301.751312 	 2.264751 	 98470.226562 	 716.716187 
201 	 41.678688 	 283.323761 	 304.277435 	 3.141384 	 98210.132812 	 728.032104 
202 	 41.678688 	 283.323761 	 302.838684 	 2.392684 	 98370.187500 	 672.886230 
203 	 41.678688 	 283.323761 	 301.026276 	 1.812548 	 98646.117188 	 706.434998 
204 	 41.678688 	 283.323761 	 301.256012 	 2.663487 	 99072.671875 	 714.094360 
205 	 41.678688 	 283.323761 	 301.073700 	 3.662563 	 99143.179688 	 725.616089 
206 	 41.678688 	 283.323761 	 299.901978 	 2.794183 	 98772.546875 	 671.349365 
207 	 41.678688 	 283.323761 	 300.791199 	 2.308158 	 98716.203125 	 677.210938 
208 	 41.678688 	 283.323761 	 299.030365 	 1.151889 	 98925.226562 	 653.347473 
209 	 41.678688 	 283.323761 	 301.446381 	 2.989270 	 98496.117188 	 681.854248 
210 	 41.678688 	 283.323761 	 301.692841 	 3.779456 	 97978.898438 	 663.250854 
211 	 41.678688 	 283.323761 	 297.819855 	 3.621623 	 97769.492188 	 700.360596 
212 	 41.678688 	 283.323761 	 293.700470 	 2.532522 	 98598.781250 	 668.928467 
213 	 41.678688 	 283.323761 	 296.765747 	 2.834159 	 98751.992188 	 606.467346 
214 	 41.678688 	 283.323761 	 297.160248 	 4.779352 	 98331.476562 	 685.105774 
215 	 41.678688 	 283.323761 	 296.668335 	 2.029620 	 98664.476562 	 677.365173 
216 	 41.678688 	 283.323761 	 297.407104 	 3.374653 	 98375.710938 	 607.382263 
217 	 41.678688 	 283.323761 	 300.146332 	 3.140597 	 97749.382812 	 687.055420 
218 	 41.678688 	 283.323761 	 297.335754 	 1.588417 	 98216.843750 	 666.505615 
219 	 41.678688 	 283.323761 	 294.925507 	 2.162829 	 99061.648438 	 667.173462 
220 	 41.678688 	 283.323761 	 300.238129 	 3.269893 	 99221.046875 	 684.034180 
221 	 41.678688 	 283.323761 	 298.323914 	 3.180131 	 98938.632812 	 687.689087 
222 	 41.678688 	 283.323761 	 295.225189 	 1.598419 	 99119.328125 	 551.181458 
223 	 41.678688 	 283.323761 	 298.379639 	 2.608319 	 98825.460938 	 552.849365 
224 	 41.678688 	 283.323761 	 300.615509 	 2.908351 	 98583.203125 	 700.761353 
225 	 41.678688 	 283.323761 	 298.025421 	 2.001300 	 98789.242188 	 669.936890 
226 	 41.678688 	 283.323761 	 299.724365 	 1.920875 	 98437.226562 	 597.425903 
227 	 41.678688 	 283.323761 	 302.422180 	 3.453119 	 98103.359375 	 713.727844 
228 	 41.678688 	 283.323761 	 298.183044 	 3.148814 	 98887.140625 	 661.214050 
229 	 41.678688 	 283.323761 	 300.267914 	 1.216706 	 99042.492188 	 665.407410 
230 	 41.678688 	 283.323761 	 304.413055 	 1.935391 	 98785.578125 	 689.696533 
231 	 41.678688 	 283.323761 	 300.683197 	 1.835560 	 99000.937500 	 686.401184 
232 	 41.678688 	 283.323761 	 301.953735 	 1.728224 	 99126.273438 	 690.679199 
233 	 41.678688 	 283.323761 	 301.022705 	 1.335653 	 98968.250000 	 675.475098 
234 	 41.678688 	 283.323761 	 303.507019 	 2.736006 	 98610.296875 	 696.149231 
235 	 41.678688 	 283.323761 	 300.447845 	 0.796559 	 98488.023438 	 616.312927 
236 	 41.678688 	 283.323761 	 297.144012 	 2.540627 	 98198.273438 	 492.120148 
237 	 41.678688 	 283.323761 	 293.733795 	 4.328025 	 99164.476562 	 627.156433 
238 	 41.678688 	 283.323761 	 292.918610 	 1.080123 	 99729.203125 	 617.177490 
239 	 41.678688 	 283.323761 	 297.673218 	 2.199863 	 99367.492188 	 627.816956 
240 	 41.678688 	 283.323761 	 301.064514 	 1.296075 	 98852.367188 	 640.484192 
241 	 41.678688 	 283.323761 	 302.989441 	 1.992694 	 98756.546875 	 658.928589 
242 	 41.678688 	 283.323761 	 304.568146 	 3.325871 	 98736.953125 	 659.490234 
243 	 41.678688 	 283.323761 	 302.196655 	 2.700358 	 98537.796875 	 640.368408 
244 	 41.678688 	 283.323761 	 297.694183 	 2.729362 	 98503.976562 	 631.614380 
245 	 41.678688 	 283.323761 	 296.898376 	 1.674784 	 98728.617188 	 617.373352 
246 	 41.678688 	 283.323761 	 301.084900 	 1.221015 	 98993.382812 	 643.737854 
247 	 41.678688 	 283.323761 	 303.413452 	 1.188826 	 99190.273438 	 643.531982 
248 	 41.678688 	 283.323761 	 301.306152 	 2.359100 	 99380.968750 	 646.649170 
249 	 41.678688 	 283.323761 	 298.939758 	 2.229038 	 99209.906250 	 576.468018 
250 	 41.678688 	 283.323761 	 297.099335 	 2.119682 	 99191.312500 	 587.276489 
251 	 41.678688 	 283.323761 	 296.884186 	 1.245579 	 99251.906250 	 530.900269 
252 	 41.678688 	 283.323761 	 296.074341 	 1.737950 	 99612.531250 	 575.054321 
253 	 41.678688 	 283.323761 	 294.486877 	 1.904123 	 100021.500000 	 590.922974 
254 	 41.678688 	 283.323761 	 294.274719 	 1.248196 	 99674.406250 	 602.802246 
255 	 41.678688 	 283.323761 	 295.394287 	 0.841595 	 99107.687500 	 606.894653 
256 	 41.678688 	 283.323761 	 297.909149 	 0.866463 	 98825.593750 	 612.058838 
257 	 41.678688 	 283.323761 	 299.867920 	 2.180818 	 98717.296875 	 589.326477 
258 	 41.678688 	 283.323761 	 301.158539 	 3.272503 	 98104.453125 	 603.302979 
259 	 41.678688 	 283.323761 	 287.375702 	 4.560124 	 98519.953125 	 565.668091 
260 	 41.678688 	 283.323761 	 282.892822 	 2.414593 	 99650.320312 	 520.082520 
261 	 41.678688 	 283.323761 	 284.557129 	 0.947778 	 100382.101562 	 528.268372 
262 	 41.678688 	 283.323761 	 289.064728 	 2.280118 	 100224.296875 	 542.771729 
263 	 41.678688 	 283.323761 	 293.189270 	 3.629794 	 99258.359375 	 523.337769 
264 	 41.678688 	 283.323761 	 292.961243 	 2.819745 	 98954.093750 	 566.377563 
265 	 41.678688 	 283.323761 	 290.023499 	 1.745955 	 99739.703125 	 544.977478 
266 	 41.678688 	 283.323761 	 291.448975 	 1.653459 	 99297.773438 	 551.080505 
267 	 41.678688 	 283.323761 	 295.416962 	 2.560281 	 98925.320312 	 550.915771 
268 	 41.678688 	 283.323761 	 297.663757 	 4.592939 	 98374.953125 	 565.544556 
269 	 41.678688 	 283.323761 	 295.759552 	 2.564584 	 98337.773438 	 558.917114 
270 	 41.678688 	 283.323761 	 290.594604 	 1.366046 	 98626.406250 	 528.571960 
271 	 41.678688 	 283.323761 	 292.645416 	 2.894306 	 98131.257812 	 464.930420 
272 	 41.678688 	 283.323761 	 284.512665 	 4.171571 	 98296.328125 	 378.333221 
273 	 41.678688 	 283.323761 	 285.546173 	 5.043071 	 98393.609375 	 519.630188 
274 	 41.678688 	 283.323761 	 291.511108 	 2.647525 	 98628.820312 	 521.853699 
275 	 41.678688 	 283.323761 	 296.120941 	 2.863610 	 98709.796875 	 513.640869 
276 	 41.678688 	 283.323761 	 291.840576 	 1.981286 	 99917.156250 	 515.515259 
277 	 41.678688 	 283.323761 	 296.134369 	 4.043492 	 99631.718750 	 526.112671 
278 	 41.678688 	 283.323761 	 298.588959 	 2.619078 	 99339.703125 	 526.964355 
279 	 41.678688 	 283.323761 	 296.037872 	 1.328968 	 99548.453125 	 532.858887 
280 	 41.678688 	 283.323761 	 298.437836 	 1.131371 	 99345.492188 	 549.093262 
281 	 41.678688 	 283.323761 	 298.574310 	 0.694533 	 99553.546875 	 556.675781 
282 	 41.678688 	 283.323761 	 297.945312 	 1.769954 	 99405.953125 	 545.364807 
283 	 41.678688 	 283.323761 	 298.151062 	 1.906581 	 99322.132812 	 473.093506 
284 	 41.678688 	 283.323761 	 297.248291 	 1.334660 	 99829.453125 	 534.199402 
285 	 41.678688 	 283.323761 	 297.516022 	 1.526736 	 100008.703125 	 529.115173 
286 	 41.678688 	 283.323761 	 296.953735 	 1.719845 	 99833.687500 	 528.903503 
287 	 41.678688 	 283.323761 	 295.303223 	 1.718726 	 99752.546875 	 526.266113 
288 	 41.678688 	 283.323761 	 294.012146 	 1.672631 	 99447.710938 	 509.329041 
289 	 41.678688 	 283.323761 	 293.768616 	 1.191023 	 99729.039062 	 510.098389 
290 	 41.678688 	 283.323761 	 292.660461 	 3.543335 	 99739.476562 	 428.420105 
291 	 41.678688 	 283.323761 	 289.424744 	 5.257803 	 98409.070312 	 440.409851 
292 	 41.678688 	 283.323761 	 278.481659 	 3.227043 	 99461.078125 	 433.566406 
293 	 41.678688 	 283.323761 	 276.958252 	 0.702686 	 99483.578125 	 429.542725 
294 	 41.678688 	 283.323761 	 283.426636 	 2.410833 	 98952.640625 	 450.228790 
295 	 41.678688 	 283.323761 	 280.381378 	 2.654935 	 98311.171875 	 352.470306 
296 	 41.678688 	 283.323761 	 275.438538 	 4.667738 	 98776.007812 	 363.565094 
297 	 41.678688 	 283.323761 	 276.513336 	 2.553527 	 100032.000000 	 437.637451 
298 	 41.678688 	 283.323761 	 276.101593 	 1.713442 	 100512.203125 	 393.205261 
299 	 41.678688 	 283.323761 	 283.144501 	 3.859934 	 100152.796875 	 432.072845 
300 	 41.678688 	 283.323761 	 287.403717 	 4.658897 	 99671.351562 	 446.800873 
301 	 41.678688 	 283.323761 	 290.027863 	 3.266603 	 99464.992188 	 450.788055 
302 	 41.678688 	 283.323761 	 291.487671 	 4.402405 	 99241.812500 	 482.910522 
303 	 41.678688 	 283.323761 	 289.344879 	 3.076945 	 98633.351562 	 377.096283 
304 	 41.678688 	 283.323761 	 277.633057 	 3.915290 	 99036.406250 	 427.830566 
305 	 41.678688 	 283.323761 	 274.586395 	 2.476704 	 99948.531250 	 385.811005 
306 	 41.678688 	 283.323761 	 276.926819 	 2.739236 	 100325.203125 	 389.325378 
307 	 41.678688 	 283.323761 	 282.535431 	 4.570093 	 99593.203125 	 366.764343 
308 	 41.678688 	 283.323761 	 286.197693 	 4.075214 	 98275.320312 	 423.936432 
309 	 41.678688 	 283.323761 	 281.874329 	 3.466250 	 98309.148438 	 403.869965 
310 	 41.678688 	 283.323761 	 279.939117 	 1.797297 	 99220.281250 	 426.235046 
311 	 41.678688 	 283.323761 	 282.336792 	 3.798404 	 99272.796875 	 409.911377 
312 	 41.678688 	 283.323761 	 287.588989 	 2.736236 	 98984.781250 	 418.665649 
313 	 41.678688 	 283.323761 	 284.840729 	 1.197758 	 98972.679688 	 408.214203 
314 	 41.678688 	 283.323761 	 282.962555 	 0.668308 	 99328.742188 	 419.138916 
315 	 41.678688 	 283.323761 	 283.727875 	 0.764708 	 99544.281250 	 423.501465 
316 	 41.678688 	 283.323761 	 285.552094 	 1.185079 	 99532.898438 	 420.417877 
317 	 41.678688 	 283.323761 	 283.650787 	 1.856990 	 99677.460938 	 404.478760 
318 	 41.678688 	 283.323761 	 280.652466 	 2.130701 	 100433.000000 	 406.211639 
319 	 41.678688 	 283.323761 	 279.272522 	 2.676559 	 100668.203125 	 339.660950 
320 	 41.678688 	 283.323761 	 284.480713 	 3.551911 	 99988.359375 	 392.314270 
321 	 41.678688 	 283.323761 	 289.801422 	 5.413802 	 99154.062500 	 420.796753 
322 	 41.678688 	 283.323761 	 292.136627 	 5.000004 	 98076.546875 	 455.794800 
323 	 41.678688 	 283.323761 	 284.292206 	 4.098542 	 98019.656250 	 442.290680 
324 	 41.678688 	 283.323761 	 279.348663 	 3.247978 	 99104.757812 	 402.968140 
325 	 41.678688 	 283.323761 	 280.382080 	 2.278126 	 99398.820312 	 387.167786 
326 	 41.678688 	 283.323761 	 282.443817 	 2.595521 	 98901.242188 	 365.997437 
327 	 41.678688 	 283.323761 	 274.955048 	 2.312261 	 99613.351562 	 361.076355 
328 	 41.678688 	 283.323761 	 274.556732 	 2.311587 	 100187.203125 	 338.298889 
329 	 41.678688 	 283.323761 	 280.388580 	 5.717927 	 98166.156250 	 367.935120 
330 	 41.678688 	 283.323761 	 271.904236 	 3.398463 	 98098.726562 	 338.783417 
331 	 41.678688 	 283.323761 	 274.402252 	 4.170863 	 98145.328125 	 339.249908 
332 	 41.678688 	 283.323761 	 275.913635 	 3.109436 	 98159.367188 	 373.441528 
333 	 41.678688 	 283.323761 	 270.017609 	 2.961201 	 98574.000000 	 324.155640 
334 	 41.678688 	 283.323761 	 275.352448 	 2.632466 	 99031.273438 	 351.320740 
335 	 41.678688 	 283.323761 	 276.358459 	 2.568997 	 99920.546875 	 364.263702 
336 	 41.678688 	 283.323761 	 282.575134 	 3.228420 	 99353.468750 	 386.562042 
337 	 41.678688 	 283.323761 	 287.588745 	 4.312057 	 98701.750000 	 377.116028 
338 	 41.678688 	 283.323761 	 288.187836 	 5.050675 	 97876.328125 	 377.805786 
339 	 41.678688 	 283.323761 	 274.981537 	 4.497036 	 98513.101562 	 364.088623 
340 	 41.678688 	 283.323761 	 268.660095 	 3.011702 	 100229.898438 	 313.692627 
341 	 41.678688 	 283.323761 	 270.252075 	 1.783284 	 100037.203125 	 296.026672 
342 	 41.678688 	 283.323761 	 271.395752 	 1.374490 	 100112.398438 	 307.722992 
343 	 41.678688 	 283.323761 	 274.672211 	 4.713393 	 99627.960938 	 322.343140 
344 	 41.678688 	 283.323761 	 275.874237 	 3.852084 	 98149.539062 	 381.081940 
345 	 41.678688 	 283.323761 	 270.519409 	 1.306280 	 99293.031250 	 323.321564 
346 	 41.678688 	 283.323761 	 273.020142 	 2.172046 	 98876.023438 	 323.873138 
347 	 41.678688 	 283.323761 	 273.564575 	 2.241639 	 98286.343750 	 330.713501 
348 	 41.678688 	 283.323761 	 269.993195 	 2.707606 	 98773.343750 	 343.523865 
349 	 41.678688 	 283.323761 	 268.337036 	 1.979726 	 99508.406250 	 295.960480 
350 	 41.678688 	 283.323761 	 277.322357 	 4.012878 	 97872.601562 	 380.911377 
351 	 41.678688 	 283.323761 	 274.413910 	 3.538905 	 97862.906250 	 354.688538 
352 	 41.678688 	 283.323761 	 271.074463 	 1.852643 	 99054.257812 	 322.979065 
353 	 41.678688 	 283.323761 	 271.570862 	 2.548342 	 98528.226562 	 313.740295 
354 	 41.678688 	 283.323761 	 267.882507 	 5.861670 	 97064.656250 	 320.862122 
355 	 41.678688 	 283.323761 	 262.031219 	 3.596646 	 99142.062500 	 287.944641 
356 	 41.678688 	 283.323761 	 264.906219 	 3.406510 	 99702.500000 	 268.257477 
357 	 41.678688 	 283.323761 	 272.992554 	 3.817753 	 98481.031250 	 337.383423 
358 	 41.678688 	 283.323761 	 271.431763 	 2.532387 	 98200.632812 	 355.292297 
359 	 41.678688 	 283.323761 	 264.009125 	 2.110384 	 99165.382812 	 285.281494 
360 	 41.678688 	 283.323761 	 272.504242 	 5.622247 	 97855.328125 	 353.297119 
361 	 41.678688 	 283.323761 	 275.332428 	 3.886452 	 98014.882812 	 350.104065 
362 	 41.678688 	 283.323761 	 269.406403 	 2.839923 	 100158.101562 	 317.660309 
363 	 41.678688 	 283.323761 	 280.356384 	 4.356256 	 99513.406250 	 354.685455 
364 	 41.678688 	 283.323761 	 281.522247 	 3.024757 	 98150.906250 	 361.966858 
