# 0: Day of Year [-] 	 1: lat [deg] 	 2: lon [deg] 	 3: tas [K] 	 4: sfcWind [m s-1] 	 5: ps [Pa] 	 6: Total Downwelling Rad Flux [W m-2] 
0 	 41.678688 	 283.323761 	 280.277069 	 5.473058 	 99416.703125 	 356.560577 
1 	 41.678688 	 283.323761 	 277.482178 	 3.539709 	 97989.578125 	 381.180786 
2 	 41.678688 	 283.323761 	 274.724213 	 3.338793 	 98149.882812 	 329.085236 
3 	 41.678688 	 283.323761 	 273.921082 	 0.743106 	 98261.570312 	 338.232330 
4 	 41.678688 	 283.323761 	 274.426453 	 1.318573 	 97810.593750 	 331.853760 
5 	 41.678688 	 283.323761 	 273.030426 	 3.471768 	 97618.046875 	 348.110992 
6 	 41.678688 	 283.323761 	 270.813354 	 1.770052 	 98473.476562 	 311.136871 
7 	 41.678688 	 283.323761 	 273.745087 	 1.408778 	 98561.781250 	 336.446381 
8 	 41.678688 	 283.323761 	 269.152191 	 3.525173 	 98707.023438 	 330.952332 
9 	 41.678688 	 283.323761 	 267.897644 	 3.099294 	 99160.718750 	 327.489014 
10 	 41.678688 	 283.323761 	 268.585968 	 1.705815 	 99149.500000 	 291.280640 
11 	 41.678688 	 283.323761 	 270.851807 	 2.147017 	 98554.273438 	 335.690918 
12 	 41.678688 	 283.323761 	 272.580261 	 1.254727 	 97941.726562 	 354.601349 
13 	 41.678688 	 283.323761 	 269.814209 	 3.076359 	 97736.382812 	 362.308533 
14 	 41.678688 	 283.323761 	 264.959015 	 2.411446 	 98989.992188 	 269.509338 
15 	 41.678688 	 283.323761 	 267.921356 	 2.232514 	 98230.750000 	 300.288086 
16 	 41.678688 	 283.323761 	 267.553558 	 4.790792 	 97265.429688 	 326.567322 
17 	 41.678688 	 283.323761 	 265.703827 	 3.408544 	 98476.500000 	 306.707703 
18 	 41.678688 	 283.323761 	 263.082306 	 2.272755 	 99421.953125 	 306.400848 
19 	 41.678688 	 283.323761 	 265.218414 	 2.691864 	 99973.156250 	 282.895203 
20 	 41.678688 	 283.323761 	 270.327026 	 2.645197 	 99115.570312 	 334.406830 
21 	 41.678688 	 283.323761 	 269.956726 	 4.603500 	 98215.679688 	 383.345398 
22 	 41.678688 	 283.323761 	 271.377777 	 2.296920 	 99123.898438 	 371.272858 
23 	 41.678688 	 283.323761 	 267.109955 	 0.973802 	 100048.703125 	 333.351624 
24 	 41.678688 	 283.323761 	 274.188660 	 3.097481 	 100069.898438 	 365.426880 
25 	 41.678688 	 283.323761 	 277.094360 	 2.060046 	 99710.218750 	 386.586853 
26 	 41.678688 	 283.323761 	 271.661957 	 1.732911 	 99763.867188 	 338.969116 
27 	 41.678688 	 283.323761 	 274.483856 	 2.778245 	 98620.296875 	 367.040558 
28 	 41.678688 	 283.323761 	 266.619080 	 2.459378 	 98821.328125 	 342.609680 
29 	 41.678688 	 283.323761 	 276.582153 	 4.846325 	 97417.507812 	 378.796082 
30 	 41.678688 	 283.323761 	 275.234100 	 2.416076 	 97526.742188 	 360.794189 
31 	 41.678688 	 283.323761 	 269.347809 	 3.211943 	 98529.429688 	 385.238007 
32 	 41.678688 	 283.323761 	 265.080566 	 1.164151 	 99408.406250 	 315.230652 
33 	 41.678688 	 283.323761 	 267.752380 	 1.742628 	 99320.078125 	 331.272003 
34 	 41.678688 	 283.323761 	 274.441223 	 3.440155 	 98595.257812 	 400.676270 
35 	 41.678688 	 283.323761 	 274.421204 	 1.993918 	 98691.171875 	 382.804077 
36 	 41.678688 	 283.323761 	 278.128815 	 3.506452 	 98143.289062 	 358.593933 
37 	 41.678688 	 283.323761 	 276.293976 	 3.590110 	 98493.453125 	 361.396759 
38 	 41.678688 	 283.323761 	 276.294617 	 4.228137 	 97190.718750 	 390.917236 
39 	 41.678688 	 283.323761 	 268.913116 	 4.806817 	 97275.726562 	 392.197449 
40 	 41.678688 	 283.323761 	 267.960876 	 4.037212 	 97783.773438 	 366.827637 
41 	 41.678688 	 283.323761 	 270.790009 	 1.395042 	 97741.531250 	 318.135620 
42 	 41.678688 	 283.323761 	 272.864594 	 1.980233 	 98241.046875 	 401.894531 
43 	 41.678688 	 283.323761 	 275.169891 	 3.114019 	 98660.976562 	 392.549377 
44 	 41.678688 	 283.323761 	 273.921753 	 2.810440 	 99222.609375 	 414.141754 
45 	 41.678688 	 283.323761 	 277.260712 	 3.522021 	 98568.710938 	 436.144531 
46 	 41.678688 	 283.323761 	 274.464172 	 0.839665 	 99560.078125 	 400.393860 
47 	 41.678688 	 283.323761 	 278.084229 	 3.299220 	 100152.500000 	 389.378174 
48 	 41.678688 	 283.323761 	 281.460663 	 5.005637 	 99912.039062 	 390.178528 
49 	 41.678688 	 283.323761 	 286.110809 	 4.740480 	 98469.062500 	 406.112549 
50 	 41.678688 	 283.323761 	 286.288025 	 1.958789 	 97303.367188 	 435.565979 
51 	 41.678688 	 283.323761 	 278.386414 	 2.809355 	 96804.843750 	 336.661072 
52 	 41.678688 	 283.323761 	 274.115692 	 3.093293 	 97841.843750 	 415.558838 
53 	 41.678688 	 283.323761 	 271.387512 	 3.075401 	 98429.703125 	 392.353821 
54 	 41.678688 	 283.323761 	 269.282379 	 2.704999 	 99531.046875 	 400.043793 
55 	 41.678688 	 283.323761 	 274.534546 	 4.579531 	 99536.031250 	 413.952515 
56 	 41.678688 	 283.323761 	 283.792725 	 3.171221 	 99083.117188 	 443.198547 
57 	 41.678688 	 283.323761 	 280.333221 	 2.103464 	 99879.367188 	 369.442719 
58 	 41.678688 	 283.323761 	 285.002258 	 4.540280 	 99386.843750 	 455.471619 
59 	 41.678688 	 283.323761 	 287.145569 	 4.444416 	 98450.343750 	 401.263031 
60 	 41.678688 	 283.323761 	 279.773438 	 3.399307 	 98454.171875 	 481.377197 
61 	 41.678688 	 283.323761 	 278.275208 	 1.279194 	 99413.460938 	 442.908966 
62 	 41.678688 	 283.323761 	 279.738373 	 2.286975 	 99403.453125 	 456.918823 
63 	 41.678688 	 283.323761 	 279.468445 	 2.471711 	 98821.882812 	 473.638702 
64 	 41.678688 	 283.323761 	 280.198883 	 1.999579 	 98296.609375 	 465.389923 
65 	 41.678688 	 283.323761 	 284.733032 	 2.040195 	 98083.203125 	 476.426880 
66 	 41.678688 	 283.323761 	 287.083496 	 2.173167 	 98145.281250 	 494.023895 
67 	 41.678688 	 283.323761 	 286.649719 	 3.926035 	 97664.609375 	 503.431580 
68 	 41.678688 	 283.323761 	 274.541321 	 4.660776 	 98101.250000 	 450.463440 
69 	 41.678688 	 283.323761 	 272.879578 	 1.614977 	 99605.507812 	 443.674866 
70 	 41.678688 	 283.323761 	 276.558624 	 4.732299 	 99625.726562 	 380.525208 
71 	 41.678688 	 283.323761 	 282.246643 	 4.144423 	 98493.453125 	 388.397919 
72 	 41.678688 	 283.323761 	 278.678253 	 3.656107 	 97420.742188 	 391.565552 
73 	 41.678688 	 283.323761 	 272.267639 	 5.312057 	 97444.406250 	 450.323975 
74 	 41.678688 	 283.323761 	 272.725464 	 4.196319 	 98776.882812 	 451.063721 
75 	 41.678688 	 283.323761 	 274.632080 	 1.668780 	 99879.648438 	 408.040588 
76 	 41.678688 	 283.323761 	 278.917175 	 2.533843 	 99619.937500 	 382.305634 
77 	 41.678688 	 283.323761 	 281.743683 	 0.907278 	 99588.007812 	 513.397461 
78 	 41.678688 	 283.323761 	 287.216400 	 3.469121 	 99433.437500 	 472.047974 
79 	 41.678688 	 283.323761 	 288.922028 	 4.741220 	 98313.343750 	 481.016968 
80 	 41.678688 	 283.323761 	 284.374207 	 4.819592 	 97489.382812 	 433.961304 
81 	 41.678688 	 283.323761 	 276.167145 	 3.846061 	 98331.226562 	 479.503906 
82 	 41.678688 	 283.323761 	 276.934998 	 1.997863 	 99553.820312 	 491.215576 
83 	 41.678688 	 283.323761 	 280.166229 	 1.939277 	 99830.820312 	 510.689575 
84 	 41.678688 	 283.323761 	 284.160675 	 2.745244 	 99360.882812 	 527.063599 
85 	 41.678688 	 283.323761 	 286.756927 	 3.364768 	 98507.460938 	 477.678589 
86 	 41.678688 	 283.323761 	 287.921997 	 2.769617 	 98329.843750 	 572.214600 
87 	 41.678688 	 283.323761 	 292.351990 	 4.305127 	 97913.710938 	 481.249084 
88 	 41.678688 	 283.323761 	 292.370026 	 5.609014 	 97797.546875 	 521.330383 
89 	 41.678688 	 283.323761 	 288.619659 	 2.597829 	 98668.523438 	 562.867065 
90 	 41.678688 	 283.323761 	 288.475403 	 5.574226 	 98007.320312 	 459.380676 
91 	 41.678688 	 283.323761 	 277.360809 	 3.259286 	 98715.906250 	 507.194580 
92 	 41.678688 	 283.323761 	 280.345581 	 3.318864 	 99084.906250 	 418.299957 
93 	 41.678688 	 283.323761 	 277.571625 	 2.831700 	 98815.046875 	 548.915894 
94 	 41.678688 	 283.323761 	 277.649414 	 2.636127 	 98407.742188 	 514.913696 
95 	 41.678688 	 283.323761 	 283.726379 	 3.592806 	 98040.242188 	 421.895203 
96 	 41.678688 	 283.323761 	 280.302948 	 1.637488 	 98865.742188 	 544.224121 
97 	 41.678688 	 283.323761 	 283.290649 	 4.010095 	 98734.476562 	 389.560852 
98 	 41.678688 	 283.323761 	 284.481781 	 2.596257 	 96940.609375 	 470.408752 
99 	 41.678688 	 283.323761 	 285.372864 	 2.562204 	 97974.242188 	 564.258728 
100 	 41.678688 	 283.323761 	 291.653595 	 4.162225 	 98205.273438 	 577.978699 
101 	 41.678688 	 283.323761 	 291.971222 	 1.992494 	 98269.507812 	 434.562103 
102 	 41.678688 	 283.323761 	 287.617218 	 2.748137 	 98405.851562 	 501.487122 
103 	 41.678688 	 283.323761 	 281.585999 	 3.614357 	 99655.976562 	 590.849609 
104 	 41.678688 	 283.323761 	 283.478394 	 3.246410 	 100149.000000 	 474.929565 
105 	 41.678688 	 283.323761 	 289.506378 	 5.111956 	 99315.718750 	 577.373108 
106 	 41.678688 	 283.323761 	 291.862427 	 3.651641 	 99189.523438 	 517.455261 
107 	 41.678688 	 283.323761 	 291.580963 	 4.976068 	 98688.703125 	 476.225189 
108 	 41.678688 	 283.323761 	 289.901825 	 4.201021 	 97814.828125 	 528.360596 
109 	 41.678688 	 283.323761 	 282.239349 	 2.981548 	 98254.757812 	 443.748810 
110 	 41.678688 	 283.323761 	 279.315491 	 4.967595 	 96523.406250 	 391.298798 
111 	 41.678688 	 283.323761 	 280.483795 	 5.720839 	 97996.007812 	 587.714111 
112 	 41.678688 	 283.323761 	 280.796600 	 2.051433 	 98729.648438 	 431.797546 
113 	 41.678688 	 283.323761 	 288.130981 	 2.080409 	 98634.710938 	 528.911072 
114 	 41.678688 	 283.323761 	 293.425079 	 1.970958 	 98751.546875 	 629.864136 
115 	 41.678688 	 283.323761 	 291.356293 	 1.541269 	 98822.726562 	 550.670532 
116 	 41.678688 	 283.323761 	 290.620758 	 3.057339 	 98395.953125 	 476.050598 
117 	 41.678688 	 283.323761 	 286.261536 	 3.576106 	 98706.757812 	 636.768555 
118 	 41.678688 	 283.323761 	 288.018890 	 1.151104 	 99042.367188 	 625.411560 
119 	 41.678688 	 283.323761 	 294.156372 	 2.209887 	 98665.750000 	 653.967346 
120 	 41.678688 	 283.323761 	 295.099548 	 2.170654 	 98185.398438 	 666.448242 
121 	 41.678688 	 283.323761 	 294.925110 	 3.321633 	 97692.203125 	 630.367371 
122 	 41.678688 	 283.323761 	 283.244263 	 3.067419 	 98590.890625 	 436.234192 
123 	 41.678688 	 283.323761 	 282.103149 	 1.909807 	 98820.093750 	 427.371826 
124 	 41.678688 	 283.323761 	 285.052094 	 2.133915 	 98015.398438 	 616.225220 
125 	 41.678688 	 283.323761 	 280.915405 	 3.691723 	 97812.601562 	 484.817505 
126 	 41.678688 	 283.323761 	 279.990753 	 4.243982 	 98340.226562 	 583.058594 
127 	 41.678688 	 283.323761 	 280.646942 	 2.753988 	 98865.523438 	 568.238525 
128 	 41.678688 	 283.323761 	 288.104126 	 3.788209 	 97704.710938 	 599.576233 
129 	 41.678688 	 283.323761 	 282.451233 	 3.731200 	 98831.718750 	 606.963806 
130 	 41.678688 	 283.323761 	 282.714203 	 1.462528 	 99749.203125 	 598.970337 
131 	 41.678688 	 283.323761 	 291.054718 	 3.654475 	 98963.710938 	 564.720581 
132 	 41.678688 	 283.323761 	 294.214508 	 3.703166 	 97921.773438 	 607.583069 
133 	 41.678688 	 283.323761 	 291.811829 	 3.517381 	 97835.429688 	 642.263062 
134 	 41.678688 	 283.323761 	 294.333679 	 3.655543 	 97631.296875 	 663.823792 
135 	 41.678688 	 283.323761 	 288.345795 	 3.828031 	 97719.718750 	 657.957092 
136 	 41.678688 	 283.323761 	 285.903870 	 2.371880 	 98734.648438 	 421.338165 
137 	 41.678688 	 283.323761 	 295.176056 	 4.135667 	 98109.109375 	 627.184937 
138 	 41.678688 	 283.323761 	 287.636047 	 3.258233 	 98453.539062 	 543.207092 
139 	 41.678688 	 283.323761 	 283.146454 	 1.938120 	 99634.468750 	 632.471680 
140 	 41.678688 	 283.323761 	 287.170715 	 2.815749 	 99330.109375 	 639.493286 
141 	 41.678688 	 283.323761 	 287.125977 	 2.932751 	 99001.046875 	 622.421875 
142 	 41.678688 	 283.323761 	 285.757690 	 0.906704 	 99439.507812 	 634.459839 
143 	 41.678688 	 283.323761 	 288.725067 	 2.012686 	 99629.953125 	 641.342896 
144 	 41.678688 	 283.323761 	 292.961029 	 3.617628 	 99750.992188 	 680.462891 
145 	 41.678688 	 283.323761 	 294.498810 	 2.841151 	 99529.101562 	 691.330688 
146 	 41.678688 	 283.323761 	 295.565674 	 1.730817 	 98934.421875 	 673.280884 
147 	 41.678688 	 283.323761 	 296.329193 	 3.121496 	 98243.789062 	 691.423096 
148 	 41.678688 	 283.323761 	 295.812439 	 3.104255 	 98231.710938 	 589.783264 
149 	 41.678688 	 283.323761 	 294.911560 	 2.261913 	 98524.296875 	 638.072571 
150 	 41.678688 	 283.323761 	 295.045105 	 2.563392 	 98585.390625 	 654.881531 
151 	 41.678688 	 283.323761 	 296.725433 	 2.645259 	 98372.703125 	 644.250977 
152 	 41.678688 	 283.323761 	 298.406921 	 4.106223 	 97813.203125 	 689.144165 
153 	 41.678688 	 283.323761 	 290.189758 	 4.213982 	 98344.117188 	 669.775757 
154 	 41.678688 	 283.323761 	 290.633118 	 2.583530 	 98617.156250 	 671.065491 
155 	 41.678688 	 283.323761 	 298.468109 	 4.367066 	 97966.953125 	 728.295959 
156 	 41.678688 	 283.323761 	 301.087128 	 3.642961 	 97894.617188 	 729.184937 
157 	 41.678688 	 283.323761 	 298.292511 	 2.797203 	 98149.882812 	 686.123047 
158 	 41.678688 	 283.323761 	 297.737976 	 3.764236 	 97742.171875 	 627.043213 
159 	 41.678688 	 283.323761 	 289.943970 	 3.455146 	 98115.132812 	 659.867676 
160 	 41.678688 	 283.323761 	 289.841309 	 2.082752 	 98719.023438 	 603.615234 
161 	 41.678688 	 283.323761 	 297.640991 	 5.912739 	 97850.460938 	 725.301697 
162 	 41.678688 	 283.323761 	 292.061737 	 1.794977 	 98424.828125 	 653.223206 
163 	 41.678688 	 283.323761 	 293.135223 	 2.510169 	 98529.390625 	 627.264404 
164 	 41.678688 	 283.323761 	 292.332794 	 4.408119 	 97785.453125 	 693.321045 
165 	 41.678688 	 283.323761 	 291.094208 	 1.760926 	 98794.460938 	 672.791748 
166 	 41.678688 	 283.323761 	 292.657379 	 0.818351 	 99071.453125 	 668.536743 
167 	 41.678688 	 283.323761 	 294.872681 	 0.573428 	 99206.492188 	 708.183960 
168 	 41.678688 	 283.323761 	 296.619415 	 1.216429 	 99051.273438 	 714.796143 
169 	 41.678688 	 283.323761 	 300.111084 	 2.818762 	 98600.546875 	 742.655518 
170 	 41.678688 	 283.323761 	 303.438904 	 4.226693 	 98297.046875 	 691.996460 
171 	 41.678688 	 283.323761 	 302.911530 	 3.956279 	 97993.320312 	 599.291260 
172 	 41.678688 	 283.323761 	 295.982697 	 2.261016 	 97833.796875 	 716.191345 
173 	 41.678688 	 283.323761 	 294.274078 	 2.886783 	 97935.312500 	 696.654175 
174 	 41.678688 	 283.323761 	 296.607391 	 1.324008 	 98234.796875 	 718.008057 
175 	 41.678688 	 283.323761 	 298.489075 	 2.783956 	 98019.921875 	 722.847168 
176 	 41.678688 	 283.323761 	 294.107941 	 1.541381 	 98380.382812 	 567.456543 
177 	 41.678688 	 283.323761 	 295.348175 	 2.570105 	 98185.226562 	 711.166504 
178 	 41.678688 	 283.323761 	 293.531281 	 1.509090 	 98589.296875 	 695.658936 
179 	 41.678688 	 283.323761 	 295.101562 	 1.111794 	 98686.976562 	 704.212402 
180 	 41.678688 	 283.323761 	 297.434113 	 2.710177 	 98611.992188 	 706.479797 
181 	 41.678688 	 283.323761 	 297.036865 	 1.862501 	 98672.867188 	 693.735229 
182 	 41.678688 	 283.323761 	 298.680847 	 3.552376 	 98769.617188 	 725.415894 
183 	 41.678688 	 283.323761 	 297.254517 	 5.461697 	 98697.867188 	 638.151062 
184 	 41.678688 	 283.323761 	 297.523743 	 3.608661 	 98040.210938 	 601.515625 
185 	 41.678688 	 283.323761 	 300.015747 	 2.589151 	 98062.289062 	 755.232544 
186 	 41.678688 	 283.323761 	 299.515076 	 1.739816 	 98144.726562 	 712.095947 
187 	 41.678688 	 283.323761 	 300.330170 	 2.754715 	 97814.812500 	 717.908936 
188 	 41.678688 	 283.323761 	 298.822052 	 2.995146 	 98155.117188 	 703.101685 
189 	 41.678688 	 283.323761 	 298.809753 	 1.602326 	 98367.640625 	 667.729370 
190 	 41.678688 	 283.323761 	 305.593414 	 3.122943 	 97624.117188 	 739.660034 
191 	 41.678688 	 283.323761 	 301.519714 	 4.999933 	 97352.757812 	 738.216797 
192 	 41.678688 	 283.323761 	 292.601593 	 3.519976 	 97912.929688 	 672.115356 
193 	 41.678688 	 283.323761 	 294.494812 	 1.842391 	 98084.523438 	 695.833313 
194 	 41.678688 	 283.323761 	 299.259583 	 2.474941 	 97964.812500 	 722.118408 
195 	 41.678688 	 283.323761 	 299.257690 	 1.953584 	 98016.781250 	 726.936035 
196 	 41.678688 	 283.323761 	 298.823608 	 1.120572 	 98426.359375 	 715.338013 
197 	 41.678688 	 283.323761 	 299.526917 	 2.888998 	 98084.406250 	 713.650635 
198 	 41.678688 	 283.323761 	 296.484924 	 1.276267 	 98606.039062 	 683.831055 
199 	 41.678688 	 283.323761 	 295.945801 	 2.610752 	 98471.218750 	 668.354004 
200 	 41.678688 	 283.323761 	 297.642700 	 3.618984 	 97914.382812 	 601.481934 
201 	 41.678688 	 283.323761 	 295.178925 	 2.521661 	 98375.703125 	 688.177612 
202 	 41.678688 	 283.323761 	 297.901123 	 3.481622 	 97667.171875 	 507.195221 
203 	 41.678688 	 283.323761 	 289.700256 	 2.109234 	 98368.117188 	 658.695068 
204 	 41.678688 	 283.323761 	 289.326477 	 1.159295 	 98856.453125 	 624.472351 
205 	 41.678688 	 283.323761 	 290.615082 	 0.654471 	 99428.281250 	 644.653809 
206 	 41.678688 	 283.323761 	 295.145447 	 4.503592 	 99424.882812 	 629.859375 
207 	 41.678688 	 283.323761 	 296.578674 	 6.386221 	 98779.039062 	 689.895996 
208 	 41.678688 	 283.323761 	 296.774933 	 1.978914 	 98311.726562 	 634.299316 
209 	 41.678688 	 283.323761 	 296.206726 	 3.195322 	 98349.250000 	 541.144043 
210 	 41.678688 	 283.323761 	 291.473022 	 3.332811 	 99009.601562 	 689.189575 
211 	 41.678688 	 283.323761 	 292.940491 	 1.428819 	 99113.437500 	 664.074158 
212 	 41.678688 	 283.323761 	 296.582947 	 3.107483 	 98930.203125 	 590.576904 
213 	 41.678688 	 283.323761 	 298.590363 	 1.792786 	 98713.187500 	 653.483643 
214 	 41.678688 	 283.323761 	 300.417389 	 5.180129 	 98472.203125 	 551.093750 
215 	 41.678688 	 283.323761 	 296.077301 	 2.953943 	 98539.171875 	 678.167419 
216 	 41.678688 	 283.323761 	 296.210327 	 1.273457 	 98564.742188 	 675.194519 
217 	 41.678688 	 283.323761 	 297.129120 	 2.205213 	 98453.156250 	 707.113159 
218 	 41.678688 	 283.323761 	 292.922577 	 2.324613 	 98634.156250 	 655.128113 
219 	 41.678688 	 283.323761 	 293.070679 	 0.722819 	 98872.117188 	 660.112549 
220 	 41.678688 	 283.323761 	 296.390717 	 1.041307 	 98735.796875 	 675.180908 
221 	 41.678688 	 283.323761 	 297.900879 	 2.104652 	 98428.937500 	 671.529785 
222 	 41.678688 	 283.323761 	 302.002136 	 3.326030 	 98101.882812 	 667.848511 
223 	 41.678688 	 283.323761 	 296.192596 	 2.588601 	 98474.273438 	 662.075073 
224 	 41.678688 	 283.323761 	 294.752533 	 3.201799 	 98858.398438 	 616.978882 
225 	 41.678688 	 283.323761 	 295.302307 	 1.368029 	 98662.757812 	 664.579529 
226 	 41.678688 	 283.323761 	 297.887238 	 1.511738 	 98591.570312 	 631.995667 
227 	 41.678688 	 283.323761 	 298.215118 	 1.404622 	 98767.132812 	 677.393921 
228 	 41.678688 	 283.323761 	 302.179382 	 4.684717 	 98054.593750 	 679.614136 
229 	 41.678688 	 283.323761 	 297.438263 	 3.823970 	 97918.890625 	 673.854248 
230 	 41.678688 	 283.323761 	 291.043823 	 1.272005 	 98564.007812 	 607.840393 
231 	 41.678688 	 283.323761 	 293.799652 	 2.112500 	 98751.171875 	 615.244995 
232 	 41.678688 	 283.323761 	 296.059875 	 4.656765 	 98435.390625 	 505.473022 
233 	 41.678688 	 283.323761 	 298.574707 	 2.326359 	 98441.070312 	 676.339844 
234 	 41.678688 	 283.323761 	 298.619690 	 1.505332 	 98862.953125 	 668.947632 
235 	 41.678688 	 283.323761 	 300.754730 	 4.378326 	 98834.882812 	 608.097778 
236 	 41.678688 	 283.323761 	 299.265717 	 4.868645 	 98137.976562 	 541.626648 
237 	 41.678688 	 283.323761 	 295.426849 	 1.972955 	 97666.031250 	 626.111938 
238 	 41.678688 	 283.323761 	 293.097534 	 1.674383 	 97767.156250 	 624.267944 
239 	 41.678688 	 283.323761 	 293.750122 	 2.625347 	 97737.179688 	 576.631897 
240 	 41.678688 	 283.323761 	 289.395782 	 3.769373 	 97433.710938 	 525.825684 
241 	 41.678688 	 283.323761 	 289.734680 	 5.216484 	 97550.343750 	 485.845062 
242 	 41.678688 	 283.323761 	 290.755005 	 2.769706 	 98446.390625 	 530.059143 
243 	 41.678688 	 283.323761 	 289.876312 	 1.423867 	 99136.101562 	 582.412720 
244 	 41.678688 	 283.323761 	 291.101135 	 0.938718 	 99523.937500 	 601.500061 
245 	 41.678688 	 283.323761 	 293.629761 	 1.324399 	 99623.312500 	 618.639282 
246 	 41.678688 	 283.323761 	 294.640869 	 2.067434 	 99402.078125 	 584.189453 
247 	 41.678688 	 283.323761 	 295.842194 	 1.868682 	 99057.507812 	 614.099182 
248 	 41.678688 	 283.323761 	 299.105865 	 1.936435 	 98630.906250 	 587.516602 
249 	 41.678688 	 283.323761 	 301.305389 	 2.069595 	 98485.203125 	 632.032593 
250 	 41.678688 	 283.323761 	 298.475433 	 1.512245 	 98932.468750 	 636.428101 
251 	 41.678688 	 283.323761 	 297.913940 	 2.828024 	 99252.250000 	 627.786377 
252 	 41.678688 	 283.323761 	 297.559326 	 2.940938 	 99349.046875 	 616.249634 
253 	 41.678688 	 283.323761 	 297.894409 	 3.070319 	 99247.929688 	 555.710449 
254 	 41.678688 	 283.323761 	 297.945496 	 1.813101 	 99218.953125 	 633.251770 
255 	 41.678688 	 283.323761 	 294.409668 	 1.805135 	 99412.210938 	 539.146545 
256 	 41.678688 	 283.323761 	 292.353760 	 1.000692 	 99321.546875 	 589.795166 
257 	 41.678688 	 283.323761 	 291.399170 	 0.690800 	 99323.953125 	 577.090515 
258 	 41.678688 	 283.323761 	 292.040161 	 0.369625 	 99245.773438 	 578.746094 
259 	 41.678688 	 283.323761 	 295.686737 	 1.623681 	 99087.578125 	 590.197205 
260 	 41.678688 	 283.323761 	 296.766754 	 1.643526 	 99027.718750 	 514.076721 
261 	 41.678688 	 283.323761 	 297.459564 	 1.476242 	 99109.101562 	 598.921936 
262 	 41.678688 	 283.323761 	 297.253143 	 1.196388 	 99313.531250 	 589.471680 
263 	 41.678688 	 283.323761 	 298.252563 	 1.629082 	 99250.843750 	 600.183167 
264 	 41.678688 	 283.323761 	 300.150513 	 2.490656 	 99052.023438 	 579.212158 
265 	 41.678688 	 283.323761 	 300.567474 	 2.815124 	 98867.421875 	 592.139954 
266 	 41.678688 	 283.323761 	 298.311310 	 1.628856 	 99344.859375 	 583.502014 
267 	 41.678688 	 283.323761 	 300.162781 	 3.218302 	 98971.140625 	 555.250916 
268 	 41.678688 	 283.323761 	 292.578979 	 2.575554 	 99645.578125 	 563.277649 
269 	 41.678688 	 283.323761 	 290.049530 	 2.464756 	 100116.203125 	 534.487793 
270 	 41.678688 	 283.323761 	 293.396301 	 4.038867 	 99305.929688 	 528.859314 
271 	 41.678688 	 283.323761 	 296.055725 	 2.160331 	 98693.453125 	 561.408020 
272 	 41.678688 	 283.323761 	 295.655182 	 1.881714 	 98757.523438 	 557.150696 
273 	 41.678688 	 283.323761 	 293.611145 	 1.935921 	 99084.757812 	 570.124268 
274 	 41.678688 	 283.323761 	 296.620972 	 2.610614 	 99070.382812 	 543.120483 
275 	 41.678688 	 283.323761 	 297.129944 	 3.340889 	 98722.703125 	 506.568451 
276 	 41.678688 	 283.323761 	 292.298584 	 3.964893 	 98268.570312 	 472.815460 
277 	 41.678688 	 283.323761 	 284.952332 	 2.639203 	 99471.046875 	 492.062500 
278 	 41.678688 	 283.323761 	 290.355927 	 4.429043 	 98770.156250 	 511.841309 
279 	 41.678688 	 283.323761 	 297.632019 	 2.836135 	 97874.453125 	 568.824829 
280 	 41.678688 	 283.323761 	 293.680542 	 2.282122 	 97827.906250 	 501.283020 
281 	 41.678688 	 283.323761 	 283.766388 	 4.018160 	 98649.257812 	 447.010864 
282 	 41.678688 	 283.323761 	 277.791107 	 3.769848 	 99952.859375 	 462.132172 
283 	 41.678688 	 283.323761 	 279.096252 	 1.861288 	 99948.312500 	 455.410736 
284 	 41.678688 	 283.323761 	 289.634827 	 3.977889 	 98781.507812 	 476.689270 
285 	 41.678688 	 283.323761 	 291.812500 	 2.508134 	 98509.343750 	 487.897980 
286 	 41.678688 	 283.323761 	 290.349365 	 1.885524 	 98900.351562 	 501.453491 
287 	 41.678688 	 283.323761 	 295.031708 	 2.851907 	 98891.882812 	 518.742554 
288 	 41.678688 	 283.323761 	 294.590820 	 2.538167 	 98772.359375 	 455.575378 
289 	 41.678688 	 283.323761 	 293.670654 	 1.947153 	 98551.742188 	 514.846191 
290 	 41.678688 	 283.323761 	 297.216949 	 2.808437 	 98529.929688 	 529.772888 
291 	 41.678688 	 283.323761 	 296.609650 	 3.013157 	 98563.437500 	 514.750610 
292 	 41.678688 	 283.323761 	 294.189911 	 5.153663 	 97748.140625 	 451.392731 
293 	 41.678688 	 283.323761 	 279.014740 	 4.641884 	 97021.320312 	 410.585266 
294 	 41.678688 	 283.323761 	 276.110626 	 4.365513 	 97940.156250 	 422.597412 
295 	 41.678688 	 283.323761 	 278.848785 	 3.553224 	 98946.468750 	 337.482361 
296 	 41.678688 	 283.323761 	 284.958923 	 2.537580 	 99348.562500 	 403.143036 
297 	 41.678688 	 283.323761 	 281.056366 	 0.763039 	 100014.101562 	 440.449402 
298 	 41.678688 	 283.323761 	 283.384766 	 2.943994 	 100256.898438 	 432.161133 
299 	 41.678688 	 283.323761 	 290.795837 	 3.959676 	 99547.617188 	 473.793091 
300 	 41.678688 	 283.323761 	 285.369598 	 2.312724 	 99661.656250 	 385.569092 
301 	 41.678688 	 283.323761 	 286.508301 	 2.114623 	 98938.156250 	 441.075806 
302 	 41.678688 	 283.323761 	 283.445923 	 1.256474 	 98615.281250 	 420.207306 
303 	 41.678688 	 283.323761 	 285.100555 	 2.860863 	 98489.242188 	 431.277161 
304 	 41.678688 	 283.323761 	 280.436127 	 1.685842 	 99404.890625 	 409.524719 
305 	 41.678688 	 283.323761 	 283.927795 	 2.665255 	 99113.273438 	 425.052856 
306 	 41.678688 	 283.323761 	 286.952026 	 1.651645 	 99277.812500 	 451.644135 
307 	 41.678688 	 283.323761 	 290.505096 	 3.747667 	 99056.257812 	 412.782867 
308 	 41.678688 	 283.323761 	 281.675934 	 4.308874 	 98604.031250 	 371.784241 
309 	 41.678688 	 283.323761 	 276.754242 	 4.810922 	 98248.140625 	 367.087250 
310 	 41.678688 	 283.323761 	 277.651245 	 2.718573 	 98905.593750 	 383.364868 
311 	 41.678688 	 283.323761 	 276.798035 	 1.679346 	 98922.632812 	 385.809143 
312 	 41.678688 	 283.323761 	 280.398468 	 3.303167 	 98480.703125 	 402.179871 
313 	 41.678688 	 283.323761 	 281.128662 	 1.252679 	 98308.882812 	 403.247650 
314 	 41.678688 	 283.323761 	 282.937439 	 4.495498 	 97750.992188 	 406.638489 
315 	 41.678688 	 283.323761 	 278.486359 	 6.354929 	 97569.132812 	 403.031006 
316 	 41.678688 	 283.323761 	 276.114075 	 3.480074 	 99001.796875 	 350.226471 
317 	 41.678688 	 283.323761 	 279.947662 	 5.092195 	 97868.250000 	 370.147766 
318 	 41.678688 	 283.323761 	 278.701538 	 3.917621 	 97970.632812 	 382.276855 
319 	 41.678688 	 283.323761 	 277.924561 	 4.930479 	 98221.718750 	 369.110992 
320 	 41.678688 	 283.323761 	 274.590210 	 2.482308 	 99111.343750 	 362.238281 
321 	 41.678688 	 283.323761 	 279.848083 	 2.635350 	 98887.726562 	 374.818451 
322 	 41.678688 	 283.323761 	 280.642944 	 1.919219 	 99250.070312 	 394.746887 
323 	 41.678688 	 283.323761 	 283.374054 	 2.972147 	 98954.148438 	 391.392975 
324 	 41.678688 	 283.323761 	 285.954010 	 5.264891 	 97591.218750 	 386.453369 
325 	 41.678688 	 283.323761 	 275.266571 	 4.043866 	 96401.406250 	 333.913269 
326 	 41.678688 	 283.323761 	 274.275696 	 4.352444 	 96821.078125 	 347.646332 
327 	 41.678688 	 283.323761 	 275.195709 	 4.906618 	 96952.546875 	 345.209839 
328 	 41.678688 	 283.323761 	 272.747955 	 4.587877 	 98086.937500 	 366.006683 
329 	 41.678688 	 283.323761 	 271.086060 	 1.833120 	 99422.703125 	 305.703949 
330 	 41.678688 	 283.323761 	 276.846191 	 3.421765 	 99192.648438 	 333.767883 
331 	 41.678688 	 283.323761 	 274.622711 	 3.297346 	 97610.937500 	 344.657593 
332 	 41.678688 	 283.323761 	 276.092072 	 4.682648 	 97823.539062 	 385.250549 
333 	 41.678688 	 283.323761 	 274.921844 	 2.529260 	 98574.601562 	 355.605560 
334 	 41.678688 	 283.323761 	 279.808533 	 2.814196 	 98671.320312 	 362.071442 
335 	 41.678688 	 283.323761 	 282.179321 	 2.398557 	 98292.398438 	 373.114380 
336 	 41.678688 	 283.323761 	 278.773438 	 3.118635 	 98759.687500 	 359.251984 
337 	 41.678688 	 283.323761 	 282.013336 	 5.520823 	 97300.117188 	 372.984802 
338 	 41.678688 	 283.323761 	 278.196625 	 5.060473 	 97568.882812 	 364.930969 
339 	 41.678688 	 283.323761 	 274.070831 	 4.091281 	 97958.101562 	 343.449463 
340 	 41.678688 	 283.323761 	 272.938782 	 2.628468 	 98546.460938 	 338.364410 
341 	 41.678688 	 283.323761 	 272.362274 	 1.168579 	 99311.437500 	 328.359314 
342 	 41.678688 	 283.323761 	 277.924255 	 3.248400 	 98788.437500 	 350.731049 
343 	 41.678688 	 283.323761 	 280.599976 	 1.476778 	 97290.156250 	 381.041321 
344 	 41.678688 	 283.323761 	 274.453094 	 4.060316 	 96999.156250 	 367.864594 
345 	 41.678688 	 283.323761 	 273.807312 	 4.234645 	 97658.421875 	 319.277618 
346 	 41.678688 	 283.323761 	 273.408844 	 4.228990 	 97585.023438 	 321.346558 
347 	 41.678688 	 283.323761 	 271.006714 	 4.197942 	 97606.906250 	 333.627075 
348 	 41.678688 	 283.323761 	 271.189331 	 4.114745 	 98105.203125 	 343.272736 
349 	 41.678688 	 283.323761 	 268.980072 	 2.397395 	 99189.257812 	 307.933929 
350 	 41.678688 	 283.323761 	 270.832489 	 2.879511 	 99127.523438 	 302.604736 
351 	 41.678688 	 283.323761 	 272.760956 	 4.475290 	 97557.828125 	 349.847198 
352 	 41.678688 	 283.323761 	 269.872772 	 1.996862 	 98967.726562 	 317.920044 
353 	 41.678688 	 283.323761 	 270.331177 	 1.388921 	 99684.117188 	 336.749725 
354 	 41.678688 	 283.323761 	 269.453796 	 1.607649 	 99671.890625 	 312.713013 
355 	 41.678688 	 283.323761 	 270.862030 	 3.126743 	 99290.453125 	 344.782806 
356 	 41.678688 	 283.323761 	 271.446686 	 2.524764 	 98922.453125 	 324.501526 
357 	 41.678688 	 283.323761 	 271.808075 	 1.378530 	 99049.179688 	 286.410675 
358 	 41.678688 	 283.323761 	 277.579224 	 4.381859 	 99168.476562 	 331.149200 
359 	 41.678688 	 283.323761 	 281.509338 	 4.197666 	 97691.937500 	 402.045135 
360 	 41.678688 	 283.323761 	 273.971497 	 1.186410 	 98812.203125 	 354.259338 
361 	 41.678688 	 283.323761 	 271.518707 	 1.129386 	 98943.906250 	 333.148499 
362 	 41.678688 	 283.323761 	 271.932739 	 1.370977 	 98926.593750 	 329.730530 
363 	 41.678688 	 283.323761 	 275.175812 	 2.105707 	 98736.078125 	 354.881897 
364 	 41.678688 	 283.323761 	 275.638428 	 3.330990 	 98321.210938 	 330.966370 
