# 0: Day of Year [-] 	 1: lat [deg] 	 2: lon [deg] 	 3: tas [K] 	 4: sfcWind [m s-1] 	 5: ps [Pa] 	 6: Total Downwelling Rad Flux [W m-2] 
0 	 41.678688 	 283.323761 	 270.447144 	 1.353089 	 98482.523438 	 319.838928 
1 	 41.678688 	 283.323761 	 270.834473 	 1.599663 	 98603.531250 	 317.059326 
2 	 41.678688 	 283.323761 	 270.926575 	 3.510786 	 98909.468750 	 287.229584 
3 	 41.678688 	 283.323761 	 274.348633 	 3.078599 	 98657.703125 	 354.890198 
4 	 41.678688 	 283.323761 	 274.188782 	 2.704150 	 98755.453125 	 329.088806 
5 	 41.678688 	 283.323761 	 278.698883 	 4.169714 	 98571.179688 	 356.188904 
6 	 41.678688 	 283.323761 	 281.336639 	 3.363666 	 98351.773438 	 360.911682 
7 	 41.678688 	 283.323761 	 278.331055 	 2.798366 	 98886.257812 	 397.506012 
8 	 41.678688 	 283.323761 	 281.786407 	 3.177566 	 98284.820312 	 412.053558 
9 	 41.678688 	 283.323761 	 272.605743 	 2.898253 	 98666.281250 	 343.392181 
10 	 41.678688 	 283.323761 	 270.192932 	 4.465664 	 98100.851562 	 327.357483 
11 	 41.678688 	 283.323761 	 272.336792 	 3.110045 	 98436.398438 	 336.532562 
12 	 41.678688 	 283.323761 	 273.571655 	 3.911272 	 98358.382812 	 339.340149 
13 	 41.678688 	 283.323761 	 267.727539 	 3.387254 	 98021.781250 	 313.970123 
14 	 41.678688 	 283.323761 	 267.046417 	 3.315876 	 98064.117188 	 295.241486 
15 	 41.678688 	 283.323761 	 266.656769 	 3.770457 	 98476.226562 	 323.278534 
16 	 41.678688 	 283.323761 	 265.026062 	 1.746885 	 100437.000000 	 309.603180 
17 	 41.678688 	 283.323761 	 273.389313 	 4.863797 	 100463.000000 	 324.483521 
18 	 41.678688 	 283.323761 	 281.675629 	 3.589311 	 99305.062500 	 367.547913 
19 	 41.678688 	 283.323761 	 274.231049 	 2.754439 	 99266.351562 	 339.912018 
20 	 41.678688 	 283.323761 	 274.633972 	 2.104870 	 99314.718750 	 363.642761 
21 	 41.678688 	 283.323761 	 278.177704 	 5.059394 	 97487.343750 	 385.530579 
22 	 41.678688 	 283.323761 	 270.095551 	 2.303175 	 99352.281250 	 325.929138 
23 	 41.678688 	 283.323761 	 269.499969 	 0.679785 	 99658.718750 	 330.104675 
24 	 41.678688 	 283.323761 	 271.079712 	 0.553528 	 99284.351562 	 339.020630 
25 	 41.678688 	 283.323761 	 274.274963 	 1.560224 	 98492.312500 	 362.584839 
26 	 41.678688 	 283.323761 	 275.181488 	 2.891289 	 98198.312500 	 359.251068 
27 	 41.678688 	 283.323761 	 273.440948 	 1.970536 	 98959.843750 	 355.952026 
28 	 41.678688 	 283.323761 	 281.203705 	 5.632645 	 98222.859375 	 343.605652 
29 	 41.678688 	 283.323761 	 275.186798 	 3.288503 	 97368.750000 	 369.381042 
30 	 41.678688 	 283.323761 	 271.371979 	 3.815244 	 97967.796875 	 354.245361 
31 	 41.678688 	 283.323761 	 273.841949 	 2.517720 	 98706.929688 	 354.089539 
32 	 41.678688 	 283.323761 	 269.028290 	 2.063251 	 98515.398438 	 344.643372 
33 	 41.678688 	 283.323761 	 269.291290 	 2.154193 	 98475.687500 	 349.503510 
34 	 41.678688 	 283.323761 	 271.897919 	 2.325447 	 98572.210938 	 380.220642 
35 	 41.678688 	 283.323761 	 274.637207 	 1.485462 	 99352.726562 	 381.945679 
36 	 41.678688 	 283.323761 	 274.875000 	 1.546238 	 99232.843750 	 388.629272 
37 	 41.678688 	 283.323761 	 273.858093 	 1.021007 	 98553.710938 	 311.690674 
38 	 41.678688 	 283.323761 	 270.917938 	 1.940733 	 98080.828125 	 367.689880 
39 	 41.678688 	 283.323761 	 268.516632 	 3.111986 	 97520.882812 	 381.438873 
40 	 41.678688 	 283.323761 	 271.221680 	 4.191042 	 97346.218750 	 350.764557 
41 	 41.678688 	 283.323761 	 270.209534 	 3.462568 	 98464.593750 	 364.920715 
42 	 41.678688 	 283.323761 	 274.401031 	 2.675123 	 98572.476562 	 372.984924 
43 	 41.678688 	 283.323761 	 271.327911 	 3.613194 	 98345.343750 	 403.459503 
44 	 41.678688 	 283.323761 	 265.826569 	 1.898507 	 99851.937500 	 353.260681 
45 	 41.678688 	 283.323761 	 271.933838 	 4.334602 	 99817.812500 	 377.069092 
46 	 41.678688 	 283.323761 	 279.183167 	 5.069488 	 98986.546875 	 361.897522 
47 	 41.678688 	 283.323761 	 281.043274 	 3.906747 	 98014.007812 	 380.835083 
48 	 41.678688 	 283.323761 	 273.752045 	 2.831527 	 98041.703125 	 379.703064 
49 	 41.678688 	 283.323761 	 272.599670 	 4.079997 	 97194.617188 	 417.756409 
50 	 41.678688 	 283.323761 	 273.382080 	 4.682782 	 97224.773438 	 397.971619 
51 	 41.678688 	 283.323761 	 276.411804 	 2.786387 	 97583.523438 	 378.406494 
52 	 41.678688 	 283.323761 	 278.850647 	 3.601722 	 97322.656250 	 437.047791 
53 	 41.678688 	 283.323761 	 272.922150 	 3.224933 	 96943.320312 	 343.226318 
54 	 41.678688 	 283.323761 	 270.015625 	 4.025421 	 96705.156250 	 419.665527 
55 	 41.678688 	 283.323761 	 273.152557 	 2.487581 	 97322.078125 	 341.978424 
56 	 41.678688 	 283.323761 	 270.359558 	 3.196184 	 98006.773438 	 418.960388 
57 	 41.678688 	 283.323761 	 276.125916 	 3.312419 	 98646.289062 	 417.455444 
58 	 41.678688 	 283.323761 	 285.547211 	 5.937697 	 97782.187500 	 408.557281 
59 	 41.678688 	 283.323761 	 278.633942 	 3.364905 	 97001.617188 	 410.568817 
60 	 41.678688 	 283.323761 	 272.225647 	 3.767427 	 97814.726562 	 390.118011 
61 	 41.678688 	 283.323761 	 271.790466 	 2.558197 	 98675.609375 	 423.578552 
62 	 41.678688 	 283.323761 	 274.131592 	 3.274446 	 98304.320312 	 359.379822 
63 	 41.678688 	 283.323761 	 275.423462 	 2.157453 	 97416.453125 	 425.446716 
64 	 41.678688 	 283.323761 	 277.161835 	 2.841924 	 97207.953125 	 445.154724 
65 	 41.678688 	 283.323761 	 275.519531 	 4.967535 	 97610.156250 	 477.570099 
66 	 41.678688 	 283.323761 	 276.537445 	 2.656533 	 98747.117188 	 448.762756 
67 	 41.678688 	 283.323761 	 277.322937 	 2.370551 	 99024.382812 	 463.164429 
68 	 41.678688 	 283.323761 	 282.752289 	 4.626613 	 98420.351562 	 365.703888 
69 	 41.678688 	 283.323761 	 281.076599 	 2.017900 	 97717.171875 	 461.274078 
70 	 41.678688 	 283.323761 	 276.138611 	 5.343618 	 97186.617188 	 363.530029 
71 	 41.678688 	 283.323761 	 275.870972 	 2.584562 	 97186.726562 	 490.493561 
72 	 41.678688 	 283.323761 	 276.458527 	 2.382750 	 97617.687500 	 468.395386 
73 	 41.678688 	 283.323761 	 274.411102 	 1.276689 	 97761.203125 	 344.641541 
74 	 41.678688 	 283.323761 	 274.948792 	 1.777556 	 97747.929688 	 356.890411 
75 	 41.678688 	 283.323761 	 272.712341 	 3.923867 	 98547.093750 	 482.440796 
76 	 41.678688 	 283.323761 	 273.150848 	 1.751103 	 99276.203125 	 394.907257 
77 	 41.678688 	 283.323761 	 283.469757 	 4.682427 	 98873.281250 	 455.869202 
78 	 41.678688 	 283.323761 	 287.893250 	 3.822786 	 98433.179688 	 414.090027 
79 	 41.678688 	 283.323761 	 286.266479 	 4.347832 	 97935.382812 	 489.505859 
80 	 41.678688 	 283.323761 	 275.104919 	 4.130754 	 98167.367188 	 488.130981 
81 	 41.678688 	 283.323761 	 273.836639 	 3.567837 	 98799.460938 	 490.204468 
82 	 41.678688 	 283.323761 	 279.489471 	 3.655622 	 98668.117188 	 460.230347 
83 	 41.678688 	 283.323761 	 279.068878 	 2.984720 	 98298.140625 	 462.086670 
84 	 41.678688 	 283.323761 	 275.315521 	 3.869386 	 98656.882812 	 479.570282 
85 	 41.678688 	 283.323761 	 277.997833 	 2.327378 	 98584.882812 	 442.540405 
86 	 41.678688 	 283.323761 	 282.422119 	 1.731709 	 98615.132812 	 473.345001 
87 	 41.678688 	 283.323761 	 289.423553 	 3.524844 	 98310.812500 	 524.813354 
88 	 41.678688 	 283.323761 	 287.652740 	 1.436443 	 98208.023438 	 406.125671 
89 	 41.678688 	 283.323761 	 282.759491 	 1.345035 	 98572.046875 	 489.023743 
90 	 41.678688 	 283.323761 	 280.418884 	 1.782443 	 98606.859375 	 388.522705 
91 	 41.678688 	 283.323761 	 287.396454 	 5.976895 	 97096.109375 	 429.834442 
92 	 41.678688 	 283.323761 	 277.700439 	 5.596066 	 96199.203125 	 377.895905 
93 	 41.678688 	 283.323761 	 275.089996 	 4.872240 	 97281.617188 	 517.647400 
94 	 41.678688 	 283.323761 	 276.203705 	 1.695704 	 98604.343750 	 518.706665 
95 	 41.678688 	 283.323761 	 277.807922 	 0.748599 	 98650.093750 	 510.578735 
96 	 41.678688 	 283.323761 	 280.962524 	 1.180742 	 98324.937500 	 508.219971 
97 	 41.678688 	 283.323761 	 280.501251 	 2.586509 	 98201.289062 	 534.843262 
98 	 41.678688 	 283.323761 	 283.507904 	 2.363142 	 98213.367188 	 535.593811 
99 	 41.678688 	 283.323761 	 285.904785 	 3.254256 	 97380.546875 	 445.732422 
100 	 41.678688 	 283.323761 	 280.499603 	 2.934265 	 97537.007812 	 452.567413 
101 	 41.678688 	 283.323761 	 280.649567 	 3.989548 	 97032.351562 	 404.630249 
102 	 41.678688 	 283.323761 	 281.793182 	 4.667627 	 97335.820312 	 554.946777 
103 	 41.678688 	 283.323761 	 283.606903 	 3.245002 	 97722.656250 	 508.822662 
104 	 41.678688 	 283.323761 	 288.248779 	 1.836705 	 98087.132812 	 603.948120 
105 	 41.678688 	 283.323761 	 292.722565 	 2.413807 	 98069.773438 	 574.641296 
106 	 41.678688 	 283.323761 	 289.429108 	 2.263442 	 98527.273438 	 594.171631 
107 	 41.678688 	 283.323761 	 284.277130 	 1.312925 	 99102.492188 	 567.293091 
108 	 41.678688 	 283.323761 	 287.262970 	 2.501257 	 99215.796875 	 586.081909 
109 	 41.678688 	 283.323761 	 291.086121 	 4.846030 	 98967.789062 	 530.229736 
110 	 41.678688 	 283.323761 	 284.569489 	 4.920542 	 98108.156250 	 414.777313 
111 	 41.678688 	 283.323761 	 278.757935 	 4.299334 	 97448.101562 	 445.683960 
112 	 41.678688 	 283.323761 	 278.748199 	 4.818655 	 97232.117188 	 412.864777 
113 	 41.678688 	 283.323761 	 283.569519 	 2.250384 	 98032.039062 	 525.066711 
114 	 41.678688 	 283.323761 	 285.600800 	 2.309994 	 97964.523438 	 445.979980 
115 	 41.678688 	 283.323761 	 283.086090 	 1.625761 	 98364.039062 	 529.246765 
116 	 41.678688 	 283.323761 	 284.004028 	 1.794057 	 98088.601562 	 586.097778 
117 	 41.678688 	 283.323761 	 281.822601 	 3.279338 	 97620.687500 	 465.009216 
118 	 41.678688 	 283.323761 	 280.673492 	 6.192045 	 97579.046875 	 535.508789 
119 	 41.678688 	 283.323761 	 282.753601 	 4.675747 	 98306.726562 	 614.300537 
120 	 41.678688 	 283.323761 	 284.645203 	 2.641688 	 98735.453125 	 602.447510 
121 	 41.678688 	 283.323761 	 286.301910 	 1.895154 	 98872.671875 	 602.500854 
122 	 41.678688 	 283.323761 	 284.429199 	 2.248161 	 98753.890625 	 594.662598 
123 	 41.678688 	 283.323761 	 282.190796 	 1.414743 	 98381.679688 	 364.818909 
124 	 41.678688 	 283.323761 	 281.674774 	 2.539241 	 97320.796875 	 561.955078 
125 	 41.678688 	 283.323761 	 280.679596 	 4.949172 	 97519.656250 	 570.354309 
126 	 41.678688 	 283.323761 	 282.593597 	 2.755124 	 98331.460938 	 594.563538 
127 	 41.678688 	 283.323761 	 284.969574 	 3.314153 	 98164.656250 	 463.867096 
128 	 41.678688 	 283.323761 	 285.283203 	 2.842600 	 96667.031250 	 514.448975 
129 	 41.678688 	 283.323761 	 281.822357 	 4.044152 	 96918.250000 	 426.909698 
130 	 41.678688 	 283.323761 	 283.119232 	 2.462774 	 98565.351562 	 626.260986 
131 	 41.678688 	 283.323761 	 284.785767 	 2.117495 	 99219.117188 	 598.866821 
132 	 41.678688 	 283.323761 	 289.282471 	 3.201519 	 98967.718750 	 589.913574 
133 	 41.678688 	 283.323761 	 293.899323 	 2.748950 	 98904.398438 	 664.155640 
134 	 41.678688 	 283.323761 	 299.011536 	 2.592705 	 98416.093750 	 714.521912 
135 	 41.678688 	 283.323761 	 297.332153 	 2.098660 	 98397.039062 	 690.848389 
136 	 41.678688 	 283.323761 	 294.815674 	 2.382927 	 98895.726562 	 669.869263 
137 	 41.678688 	 283.323761 	 296.406189 	 4.159820 	 98251.156250 	 683.770081 
138 	 41.678688 	 283.323761 	 298.618378 	 3.100868 	 97739.093750 	 634.594299 
139 	 41.678688 	 283.323761 	 297.206818 	 3.263668 	 97372.046875 	 598.680847 
140 	 41.678688 	 283.323761 	 288.145111 	 4.097526 	 97413.101562 	 484.038208 
141 	 41.678688 	 283.323761 	 282.228577 	 3.977761 	 98462.453125 	 600.238281 
142 	 41.678688 	 283.323761 	 280.769653 	 0.771733 	 99150.890625 	 581.158203 
143 	 41.678688 	 283.323761 	 283.902771 	 1.430868 	 99299.062500 	 607.254272 
144 	 41.678688 	 283.323761 	 284.737030 	 1.415291 	 99467.710938 	 624.687561 
145 	 41.678688 	 283.323761 	 285.618988 	 1.424182 	 99435.781250 	 638.520874 
146 	 41.678688 	 283.323761 	 289.098206 	 1.560456 	 98935.929688 	 615.700439 
147 	 41.678688 	 283.323761 	 295.151306 	 2.479062 	 98422.273438 	 677.678711 
148 	 41.678688 	 283.323761 	 297.211700 	 2.322745 	 98089.132812 	 694.385010 
149 	 41.678688 	 283.323761 	 296.759674 	 1.446243 	 98621.000000 	 689.802124 
150 	 41.678688 	 283.323761 	 297.433014 	 4.212334 	 98929.226562 	 694.447693 
151 	 41.678688 	 283.323761 	 296.267639 	 3.161636 	 98832.476562 	 674.824341 
152 	 41.678688 	 283.323761 	 296.130310 	 1.344657 	 98880.507812 	 638.475159 
153 	 41.678688 	 283.323761 	 296.843964 	 1.387573 	 98814.226562 	 685.123291 
154 	 41.678688 	 283.323761 	 297.733612 	 1.635691 	 98624.343750 	 706.853516 
155 	 41.678688 	 283.323761 	 297.650604 	 1.032747 	 98392.359375 	 718.457642 
156 	 41.678688 	 283.323761 	 297.464783 	 3.513942 	 98140.296875 	 707.580811 
157 	 41.678688 	 283.323761 	 291.115143 	 2.704868 	 98889.656250 	 672.379517 
158 	 41.678688 	 283.323761 	 290.792847 	 2.227838 	 99346.546875 	 594.047974 
159 	 41.678688 	 283.323761 	 293.521851 	 2.963655 	 99175.078125 	 693.915894 
160 	 41.678688 	 283.323761 	 296.452637 	 3.720653 	 98206.617188 	 704.564697 
161 	 41.678688 	 283.323761 	 291.746735 	 3.138751 	 97930.906250 	 514.485718 
162 	 41.678688 	 283.323761 	 290.408875 	 4.248940 	 98177.546875 	 677.418213 
163 	 41.678688 	 283.323761 	 290.929779 	 2.328414 	 98250.156250 	 634.658081 
164 	 41.678688 	 283.323761 	 298.126678 	 1.537179 	 98104.367188 	 716.897339 
165 	 41.678688 	 283.323761 	 303.684937 	 2.812057 	 98181.093750 	 708.838379 
166 	 41.678688 	 283.323761 	 302.883575 	 2.569209 	 98497.726562 	 741.385010 
167 	 41.678688 	 283.323761 	 304.385376 	 3.239176 	 98389.640625 	 708.164124 
168 	 41.678688 	 283.323761 	 304.535248 	 4.317189 	 98124.093750 	 735.984375 
169 	 41.678688 	 283.323761 	 302.405518 	 4.103517 	 98078.421875 	 723.465942 
170 	 41.678688 	 283.323761 	 295.465424 	 2.316485 	 99256.796875 	 690.725037 
171 	 41.678688 	 283.323761 	 297.446259 	 2.994927 	 99476.937500 	 667.437012 
172 	 41.678688 	 283.323761 	 298.455414 	 1.693397 	 99191.906250 	 589.051697 
173 	 41.678688 	 283.323761 	 297.447845 	 2.564930 	 98672.773438 	 672.150146 
174 	 41.678688 	 283.323761 	 297.432892 	 4.322064 	 98097.281250 	 719.312866 
175 	 41.678688 	 283.323761 	 293.333191 	 4.545547 	 97977.773438 	 688.481079 
176 	 41.678688 	 283.323761 	 290.656311 	 1.427729 	 98944.046875 	 675.927002 
177 	 41.678688 	 283.323761 	 294.800537 	 3.475063 	 98692.507812 	 683.833496 
178 	 41.678688 	 283.323761 	 301.281891 	 4.269049 	 97977.539062 	 655.927612 
179 	 41.678688 	 283.323761 	 303.088409 	 2.282110 	 98271.617188 	 747.339905 
180 	 41.678688 	 283.323761 	 301.642853 	 1.905222 	 98519.421875 	 720.386597 
181 	 41.678688 	 283.323761 	 300.108398 	 2.036721 	 98562.406250 	 592.915527 
182 	 41.678688 	 283.323761 	 302.166473 	 1.537138 	 98664.343750 	 738.534058 
183 	 41.678688 	 283.323761 	 302.721832 	 2.298668 	 98711.851562 	 704.617432 
184 	 41.678688 	 283.323761 	 301.518005 	 3.450017 	 98658.093750 	 690.343140 
185 	 41.678688 	 283.323761 	 297.044098 	 2.209739 	 98708.210938 	 707.497681 
186 	 41.678688 	 283.323761 	 297.157410 	 1.831467 	 99070.312500 	 650.140991 
187 	 41.678688 	 283.323761 	 301.462372 	 4.795767 	 98612.148438 	 726.696411 
188 	 41.678688 	 283.323761 	 299.151154 	 3.443605 	 98507.500000 	 601.670837 
189 	 41.678688 	 283.323761 	 295.930908 	 2.689004 	 99047.976562 	 655.205933 
190 	 41.678688 	 283.323761 	 296.250885 	 1.210904 	 99258.109375 	 703.254517 
191 	 41.678688 	 283.323761 	 296.164459 	 1.447141 	 99095.187500 	 636.988525 
192 	 41.678688 	 283.323761 	 299.994995 	 1.831048 	 98630.406250 	 744.617065 
193 	 41.678688 	 283.323761 	 298.148438 	 1.827098 	 98788.382812 	 718.458862 
194 	 41.678688 	 283.323761 	 297.068207 	 1.110468 	 98619.593750 	 665.358643 
195 	 41.678688 	 283.323761 	 298.893860 	 3.128481 	 97933.437500 	 679.340881 
196 	 41.678688 	 283.323761 	 299.672455 	 4.219176 	 97416.109375 	 655.255676 
197 	 41.678688 	 283.323761 	 295.334717 	 1.965842 	 97340.890625 	 509.017273 
198 	 41.678688 	 283.323761 	 293.776886 	 2.284794 	 97835.687500 	 629.655884 
199 	 41.678688 	 283.323761 	 293.572906 	 1.536668 	 98565.031250 	 684.539673 
200 	 41.678688 	 283.323761 	 299.878662 	 4.277814 	 98030.976562 	 726.119446 
201 	 41.678688 	 283.323761 	 298.575073 	 3.334945 	 97848.773438 	 647.008484 
202 	 41.678688 	 283.323761 	 296.266296 	 3.106345 	 97628.039062 	 514.137756 
203 	 41.678688 	 283.323761 	 294.382904 	 2.010571 	 97753.453125 	 632.182373 
204 	 41.678688 	 283.323761 	 291.541016 	 1.540969 	 98564.117188 	 654.316895 
205 	 41.678688 	 283.323761 	 293.597961 	 1.507201 	 98923.203125 	 662.968689 
206 	 41.678688 	 283.323761 	 294.240692 	 3.262791 	 99040.937500 	 547.470459 
207 	 41.678688 	 283.323761 	 298.095123 	 3.131626 	 98844.226562 	 690.915222 
208 	 41.678688 	 283.323761 	 294.597168 	 1.665232 	 99026.843750 	 612.430969 
209 	 41.678688 	 283.323761 	 297.933441 	 3.337791 	 98752.523438 	 658.358337 
210 	 41.678688 	 283.323761 	 298.091705 	 2.889627 	 98775.023438 	 681.665039 
211 	 41.678688 	 283.323761 	 298.012665 	 2.694439 	 98762.546875 	 595.072998 
212 	 41.678688 	 283.323761 	 296.086273 	 2.465394 	 98632.398438 	 642.519287 
213 	 41.678688 	 283.323761 	 295.994537 	 1.885169 	 98371.968750 	 667.106934 
214 	 41.678688 	 283.323761 	 297.938934 	 2.228930 	 98524.703125 	 695.044800 
215 	 41.678688 	 283.323761 	 296.529022 	 1.343338 	 98952.632812 	 680.951721 
216 	 41.678688 	 283.323761 	 299.326263 	 1.687025 	 98812.250000 	 702.468384 
217 	 41.678688 	 283.323761 	 299.009033 	 2.917682 	 98215.773438 	 649.890381 
218 	 41.678688 	 283.323761 	 300.544250 	 3.242029 	 97560.726562 	 674.869446 
219 	 41.678688 	 283.323761 	 294.169525 	 4.894959 	 98116.429688 	 658.052246 
220 	 41.678688 	 283.323761 	 293.289886 	 2.758811 	 98545.132812 	 655.422363 
221 	 41.678688 	 283.323761 	 292.515076 	 2.891382 	 98518.250000 	 660.041992 
222 	 41.678688 	 283.323761 	 292.516052 	 1.630498 	 98526.328125 	 652.409790 
223 	 41.678688 	 283.323761 	 294.422729 	 1.274587 	 98662.523438 	 652.581299 
224 	 41.678688 	 283.323761 	 295.296753 	 0.878682 	 98506.843750 	 652.504517 
225 	 41.678688 	 283.323761 	 296.773499 	 1.105984 	 98571.109375 	 668.027466 
226 	 41.678688 	 283.323761 	 297.566132 	 2.389619 	 98467.242188 	 675.601807 
227 	 41.678688 	 283.323761 	 298.260284 	 2.388392 	 98316.148438 	 679.625732 
228 	 41.678688 	 283.323761 	 299.487091 	 2.563955 	 98178.429688 	 670.289917 
229 	 41.678688 	 283.323761 	 300.006866 	 2.953212 	 98341.843750 	 663.106079 
230 	 41.678688 	 283.323761 	 295.365814 	 1.797873 	 98715.859375 	 559.451721 
231 	 41.678688 	 283.323761 	 290.316681 	 1.904919 	 99194.046875 	 468.415771 
232 	 41.678688 	 283.323761 	 291.591522 	 1.567623 	 99531.312500 	 617.810669 
233 	 41.678688 	 283.323761 	 293.095337 	 1.672113 	 99429.953125 	 588.111450 
234 	 41.678688 	 283.323761 	 297.448334 	 3.243955 	 98974.226562 	 643.128540 
235 	 41.678688 	 283.323761 	 300.820892 	 4.258926 	 98277.093750 	 688.630310 
236 	 41.678688 	 283.323761 	 296.656647 	 2.097437 	 98503.218750 	 568.850342 
237 	 41.678688 	 283.323761 	 296.491211 	 2.441981 	 99073.726562 	 610.405762 
238 	 41.678688 	 283.323761 	 301.626617 	 4.000483 	 98243.093750 	 631.131226 
239 	 41.678688 	 283.323761 	 300.086395 	 3.301472 	 97963.703125 	 630.082214 
240 	 41.678688 	 283.323761 	 296.423798 	 2.773321 	 97954.632812 	 631.686829 
241 	 41.678688 	 283.323761 	 290.517548 	 2.186446 	 98674.726562 	 594.558472 
242 	 41.678688 	 283.323761 	 287.699707 	 1.057252 	 99042.453125 	 590.780640 
243 	 41.678688 	 283.323761 	 288.628326 	 1.986813 	 99098.367188 	 430.522095 
244 	 41.678688 	 283.323761 	 293.415649 	 2.490679 	 98482.281250 	 525.188538 
245 	 41.678688 	 283.323761 	 293.261353 	 1.667097 	 99076.937500 	 606.774902 
246 	 41.678688 	 283.323761 	 299.239044 	 3.115119 	 99006.070312 	 652.494629 
247 	 41.678688 	 283.323761 	 300.077972 	 2.395036 	 98619.109375 	 646.172791 
248 	 41.678688 	 283.323761 	 292.720551 	 2.417078 	 99368.820312 	 535.468994 
249 	 41.678688 	 283.323761 	 293.638794 	 3.595688 	 99321.476562 	 529.640259 
250 	 41.678688 	 283.323761 	 298.077026 	 3.843963 	 98639.203125 	 635.505249 
251 	 41.678688 	 283.323761 	 295.763855 	 2.696506 	 98643.679688 	 590.949951 
252 	 41.678688 	 283.323761 	 290.996277 	 2.358434 	 99035.703125 	 598.924133 
253 	 41.678688 	 283.323761 	 289.577209 	 0.898631 	 99187.679688 	 576.727051 
254 	 41.678688 	 283.323761 	 291.194305 	 1.594359 	 99143.406250 	 588.245728 
255 	 41.678688 	 283.323761 	 293.993591 	 2.642375 	 98942.703125 	 518.169434 
256 	 41.678688 	 283.323761 	 292.819397 	 2.382098 	 99177.203125 	 571.569458 
257 	 41.678688 	 283.323761 	 288.411652 	 1.281955 	 99219.289062 	 556.659607 
258 	 41.678688 	 283.323761 	 288.381836 	 0.627439 	 99221.468750 	 557.103760 
259 	 41.678688 	 283.323761 	 289.046600 	 0.266382 	 99438.859375 	 567.438843 
260 	 41.678688 	 283.323761 	 290.885071 	 0.808986 	 99619.023438 	 579.488037 
261 	 41.678688 	 283.323761 	 293.171387 	 1.515561 	 99366.296875 	 581.501709 
262 	 41.678688 	 283.323761 	 293.226868 	 2.706290 	 98851.898438 	 569.892090 
263 	 41.678688 	 283.323761 	 284.908844 	 3.897051 	 99457.156250 	 524.238708 
264 	 41.678688 	 283.323761 	 281.550507 	 1.186806 	 99785.250000 	 507.009644 
265 	 41.678688 	 283.323761 	 283.419312 	 1.347363 	 99406.546875 	 509.488373 
266 	 41.678688 	 283.323761 	 286.387543 	 1.581432 	 99045.492188 	 515.882385 
267 	 41.678688 	 283.323761 	 294.482849 	 2.829011 	 98361.062500 	 549.092407 
268 	 41.678688 	 283.323761 	 296.997314 	 2.415121 	 98423.367188 	 547.607239 
269 	 41.678688 	 283.323761 	 296.876801 	 1.165275 	 99093.523438 	 584.482300 
270 	 41.678688 	 283.323761 	 295.380402 	 1.150679 	 99580.640625 	 569.975464 
271 	 41.678688 	 283.323761 	 294.501404 	 1.430948 	 99756.992188 	 512.278320 
272 	 41.678688 	 283.323761 	 294.323303 	 2.536577 	 99699.156250 	 515.278564 
273 	 41.678688 	 283.323761 	 290.761108 	 2.436315 	 99468.046875 	 503.000793 
274 	 41.678688 	 283.323761 	 292.577545 	 3.334551 	 98816.500000 	 522.345215 
275 	 41.678688 	 283.323761 	 287.080322 	 3.310185 	 98212.796875 	 526.371643 
276 	 41.678688 	 283.323761 	 282.595337 	 2.055260 	 98640.468750 	 477.291687 
277 	 41.678688 	 283.323761 	 283.579956 	 1.321353 	 98568.898438 	 495.113464 
278 	 41.678688 	 283.323761 	 284.509277 	 1.560992 	 98461.296875 	 477.961487 
279 	 41.678688 	 283.323761 	 286.516205 	 3.275440 	 97948.156250 	 493.090881 
280 	 41.678688 	 283.323761 	 279.161530 	 2.238122 	 98153.140625 	 434.460632 
281 	 41.678688 	 283.323761 	 280.214294 	 3.404302 	 98241.640625 	 470.263184 
282 	 41.678688 	 283.323761 	 282.142303 	 3.930365 	 97614.093750 	 450.405640 
283 	 41.678688 	 283.323761 	 282.942657 	 3.184565 	 98568.898438 	 466.780182 
284 	 41.678688 	 283.323761 	 283.806793 	 1.923577 	 99099.023438 	 481.282623 
285 	 41.678688 	 283.323761 	 286.255005 	 2.209526 	 98813.382812 	 477.600159 
286 	 41.678688 	 283.323761 	 281.989410 	 1.321277 	 99459.882812 	 463.239990 
287 	 41.678688 	 283.323761 	 281.264984 	 0.852345 	 99791.710938 	 467.962402 
288 	 41.678688 	 283.323761 	 284.894714 	 2.889697 	 99607.968750 	 414.779053 
289 	 41.678688 	 283.323761 	 289.530731 	 3.397406 	 99051.171875 	 497.908478 
290 	 41.678688 	 283.323761 	 288.244293 	 2.656546 	 98449.250000 	 490.532898 
291 	 41.678688 	 283.323761 	 279.893341 	 3.278605 	 98607.351562 	 399.797424 
292 	 41.678688 	 283.323761 	 275.497589 	 1.303967 	 99264.500000 	 424.321808 
293 	 41.678688 	 283.323761 	 278.831940 	 3.186299 	 98561.476562 	 330.949768 
294 	 41.678688 	 283.323761 	 278.555115 	 3.001037 	 97278.156250 	 400.405640 
295 	 41.678688 	 283.323761 	 279.204102 	 3.443143 	 97940.351562 	 376.772888 
296 	 41.678688 	 283.323761 	 278.634155 	 3.386322 	 98395.398438 	 410.039368 
297 	 41.678688 	 283.323761 	 275.308014 	 3.268151 	 98795.296875 	 392.648926 
298 	 41.678688 	 283.323761 	 274.544403 	 2.264702 	 99193.906250 	 370.153168 
299 	 41.678688 	 283.323761 	 280.517548 	 3.423954 	 98593.750000 	 434.419495 
300 	 41.678688 	 283.323761 	 278.669495 	 2.797343 	 98678.382812 	 393.378021 
301 	 41.678688 	 283.323761 	 278.146606 	 1.608138 	 98716.828125 	 413.025787 
302 	 41.678688 	 283.323761 	 276.318237 	 2.687199 	 98737.882812 	 397.746613 
303 	 41.678688 	 283.323761 	 278.179840 	 3.303307 	 99023.648438 	 428.181702 
304 	 41.678688 	 283.323761 	 281.648132 	 3.236660 	 98448.007812 	 386.965179 
305 	 41.678688 	 283.323761 	 278.771332 	 2.120990 	 98749.953125 	 420.046478 
306 	 41.678688 	 283.323761 	 280.030823 	 4.312546 	 98282.882812 	 396.602386 
307 	 41.678688 	 283.323761 	 274.986053 	 3.409273 	 99215.781250 	 372.530426 
308 	 41.678688 	 283.323761 	 276.486206 	 2.774623 	 99386.750000 	 392.154785 
309 	 41.678688 	 283.323761 	 282.922546 	 3.596881 	 99057.257812 	 412.545197 
310 	 41.678688 	 283.323761 	 286.267151 	 4.126999 	 98619.593750 	 421.086365 
311 	 41.678688 	 283.323761 	 287.046295 	 3.122123 	 98553.500000 	 378.132843 
312 	 41.678688 	 283.323761 	 282.590576 	 3.723439 	 99039.656250 	 392.797760 
313 	 41.678688 	 283.323761 	 278.193451 	 5.616060 	 97765.617188 	 400.873138 
314 	 41.678688 	 283.323761 	 274.507660 	 3.038136 	 98682.273438 	 369.947296 
315 	 41.678688 	 283.323761 	 278.860504 	 2.916085 	 98394.976562 	 385.650970 
316 	 41.678688 	 283.323761 	 280.900543 	 3.542137 	 98074.531250 	 367.857330 
317 	 41.678688 	 283.323761 	 284.314362 	 3.945565 	 97710.609375 	 369.723846 
318 	 41.678688 	 283.323761 	 278.221619 	 3.319520 	 98868.820312 	 373.038635 
319 	 41.678688 	 283.323761 	 274.366852 	 1.648871 	 100470.398438 	 365.015076 
320 	 41.678688 	 283.323761 	 279.099030 	 2.756360 	 99833.906250 	 348.921204 
321 	 41.678688 	 283.323761 	 278.085999 	 1.375848 	 99794.656250 	 382.132446 
322 	 41.678688 	 283.323761 	 284.411530 	 4.046667 	 98755.273438 	 375.225891 
323 	 41.678688 	 283.323761 	 284.393188 	 3.233133 	 98683.992188 	 417.510498 
324 	 41.678688 	 283.323761 	 275.255737 	 2.657741 	 99587.023438 	 324.143646 
325 	 41.678688 	 283.323761 	 276.604034 	 3.862532 	 98547.226562 	 347.625427 
326 	 41.678688 	 283.323761 	 274.744202 	 3.572955 	 98848.906250 	 363.292175 
327 	 41.678688 	 283.323761 	 275.662079 	 1.988022 	 98905.078125 	 355.775726 
328 	 41.678688 	 283.323761 	 275.925781 	 3.906551 	 98448.296875 	 306.003998 
329 	 41.678688 	 283.323761 	 278.024658 	 3.256954 	 97558.460938 	 329.395569 
330 	 41.678688 	 283.323761 	 276.614014 	 4.985403 	 96672.453125 	 350.766998 
331 	 41.678688 	 283.323761 	 274.900360 	 4.208529 	 97961.476562 	 352.469330 
332 	 41.678688 	 283.323761 	 277.057892 	 3.251586 	 98604.921875 	 312.601288 
333 	 41.678688 	 283.323761 	 281.705383 	 2.191478 	 98576.960938 	 380.950653 
334 	 41.678688 	 283.323761 	 275.600586 	 1.898917 	 99280.328125 	 321.028687 
335 	 41.678688 	 283.323761 	 278.176392 	 1.963656 	 97771.578125 	 354.407654 
336 	 41.678688 	 283.323761 	 274.683258 	 1.970922 	 98487.539062 	 364.394379 
337 	 41.678688 	 283.323761 	 273.201172 	 3.272525 	 98824.453125 	 327.679596 
338 	 41.678688 	 283.323761 	 275.894623 	 4.309217 	 98729.000000 	 352.349213 
339 	 41.678688 	 283.323761 	 275.096710 	 2.067837 	 99866.421875 	 350.370056 
340 	 41.678688 	 283.323761 	 276.107910 	 3.747385 	 99686.820312 	 311.498749 
341 	 41.678688 	 283.323761 	 280.042603 	 2.130360 	 99178.593750 	 383.539490 
342 	 41.678688 	 283.323761 	 281.500397 	 2.336235 	 99187.609375 	 365.690399 
343 	 41.678688 	 283.323761 	 280.891327 	 3.586234 	 98253.882812 	 389.907349 
344 	 41.678688 	 283.323761 	 271.923035 	 2.547464 	 98498.101562 	 330.098358 
345 	 41.678688 	 283.323761 	 275.280121 	 4.736786 	 97920.328125 	 323.370453 
346 	 41.678688 	 283.323761 	 270.517334 	 3.542598 	 99081.382812 	 317.686859 
347 	 41.678688 	 283.323761 	 272.588959 	 2.168993 	 99861.132812 	 331.542908 
348 	 41.678688 	 283.323761 	 279.307007 	 3.164467 	 99362.148438 	 371.241272 
349 	 41.678688 	 283.323761 	 277.764984 	 2.912013 	 99136.609375 	 314.899841 
350 	 41.678688 	 283.323761 	 268.129700 	 3.249444 	 99635.562500 	 304.328247 
351 	 41.678688 	 283.323761 	 269.274048 	 2.651320 	 99781.929688 	 319.880280 
352 	 41.678688 	 283.323761 	 272.787170 	 3.308418 	 98363.226562 	 331.171570 
353 	 41.678688 	 283.323761 	 273.218872 	 4.944425 	 97297.421875 	 351.407227 
354 	 41.678688 	 283.323761 	 270.146698 	 1.868140 	 97969.617188 	 286.000610 
355 	 41.678688 	 283.323761 	 272.519836 	 2.477567 	 98079.390625 	 351.502014 
356 	 41.678688 	 283.323761 	 270.190796 	 2.771941 	 99119.117188 	 322.592407 
357 	 41.678688 	 283.323761 	 275.015167 	 4.435151 	 98548.656250 	 358.151367 
358 	 41.678688 	 283.323761 	 271.914886 	 3.971240 	 98253.000000 	 313.230560 
359 	 41.678688 	 283.323761 	 269.773529 	 2.147262 	 98663.578125 	 320.350983 
360 	 41.678688 	 283.323761 	 275.612793 	 3.964122 	 97977.773438 	 340.420044 
361 	 41.678688 	 283.323761 	 279.102264 	 6.120202 	 96323.640625 	 350.627960 
362 	 41.678688 	 283.323761 	 272.073029 	 2.884409 	 98057.382812 	 322.548279 
363 	 41.678688 	 283.323761 	 277.766174 	 3.845392 	 98238.171875 	 368.365601 
364 	 41.678688 	 283.323761 	 278.005005 	 3.924351 	 97872.320312 	 345.637573 
