# 0: Day of Year [-] 	 1: lat [deg] 	 2: lon [deg] 	 3: tas [K] 	 4: sfcWind [m s-1] 	 5: ps [Pa] 	 6: Total Downwelling Rad Flux [W m-2] 
0 	 41.678688 	 283.323761 	 268.917053 	 3.824702 	 98832.382812 	 334.121948 
1 	 41.678688 	 283.323761 	 268.545410 	 3.248248 	 98285.968750 	 299.614716 
2 	 41.678688 	 283.323761 	 265.285950 	 3.483775 	 98582.601562 	 321.092560 
3 	 41.678688 	 283.323761 	 272.508850 	 4.982121 	 98088.601562 	 346.784637 
4 	 41.678688 	 283.323761 	 272.137512 	 3.218738 	 98130.843750 	 351.501373 
5 	 41.678688 	 283.323761 	 265.355072 	 1.488675 	 98991.781250 	 295.790955 
6 	 41.678688 	 283.323761 	 266.017334 	 3.305761 	 99125.039062 	 298.117462 
7 	 41.678688 	 283.323761 	 269.385315 	 2.472724 	 99532.898438 	 302.667114 
8 	 41.678688 	 283.323761 	 265.674896 	 1.401390 	 99924.679688 	 310.775574 
9 	 41.678688 	 283.323761 	 273.251923 	 3.746468 	 98969.703125 	 314.752838 
10 	 41.678688 	 283.323761 	 272.229004 	 3.627670 	 97661.640625 	 361.366211 
11 	 41.678688 	 283.323761 	 261.963226 	 2.266536 	 98029.156250 	 289.520294 
12 	 41.678688 	 283.323761 	 261.829498 	 3.109021 	 98667.898438 	 306.557800 
13 	 41.678688 	 283.323761 	 267.841003 	 4.276458 	 98904.171875 	 318.638092 
14 	 41.678688 	 283.323761 	 276.163849 	 5.365573 	 97540.156250 	 330.327850 
15 	 41.678688 	 283.323761 	 270.501099 	 4.893839 	 96983.593750 	 325.731567 
16 	 41.678688 	 283.323761 	 268.608368 	 3.248593 	 98847.640625 	 328.342529 
17 	 41.678688 	 283.323761 	 273.683563 	 3.509449 	 98874.203125 	 366.348633 
18 	 41.678688 	 283.323761 	 270.571960 	 2.014200 	 99847.109375 	 330.966431 
19 	 41.678688 	 283.323761 	 276.976013 	 4.091083 	 99272.929688 	 364.305634 
20 	 41.678688 	 283.323761 	 268.535919 	 4.955500 	 98312.546875 	 353.258362 
21 	 41.678688 	 283.323761 	 262.713409 	 2.430970 	 98551.812500 	 269.019989 
22 	 41.678688 	 283.323761 	 260.509674 	 2.579406 	 99220.750000 	 319.212463 
23 	 41.678688 	 283.323761 	 273.708862 	 3.570827 	 98527.703125 	 379.474915 
24 	 41.678688 	 283.323761 	 282.548218 	 2.760460 	 98335.546875 	 384.699799 
25 	 41.678688 	 283.323761 	 279.325073 	 1.259786 	 98668.398438 	 378.365784 
26 	 41.678688 	 283.323761 	 279.995148 	 2.592047 	 99053.281250 	 387.830963 
27 	 41.678688 	 283.323761 	 282.197113 	 5.166719 	 97703.500000 	 390.062592 
28 	 41.678688 	 283.323761 	 272.155884 	 3.696522 	 98632.296875 	 367.873535 
29 	 41.678688 	 283.323761 	 274.718781 	 3.531376 	 98924.726562 	 364.400635 
30 	 41.678688 	 283.323761 	 275.465149 	 2.166877 	 98851.687500 	 325.731689 
31 	 41.678688 	 283.323761 	 267.355164 	 5.026282 	 97097.859375 	 299.576324 
32 	 41.678688 	 283.323761 	 262.251953 	 6.628762 	 96827.382812 	 342.548889 
33 	 41.678688 	 283.323761 	 265.404572 	 2.804423 	 98497.953125 	 334.634460 
34 	 41.678688 	 283.323761 	 265.896973 	 2.825336 	 99944.882812 	 317.534729 
35 	 41.678688 	 283.323761 	 276.742371 	 2.221145 	 98784.851562 	 406.660034 
36 	 41.678688 	 283.323761 	 273.690674 	 1.857448 	 99401.687500 	 381.205933 
37 	 41.678688 	 283.323761 	 278.614319 	 4.230424 	 99520.960938 	 361.611450 
38 	 41.678688 	 283.323761 	 279.098969 	 3.673704 	 97771.156250 	 400.675293 
39 	 41.678688 	 283.323761 	 269.981171 	 3.456251 	 98562.093750 	 377.372986 
40 	 41.678688 	 283.323761 	 269.048706 	 1.886087 	 99859.421875 	 356.009949 
41 	 41.678688 	 283.323761 	 271.901154 	 2.610598 	 100046.203125 	 344.533142 
42 	 41.678688 	 283.323761 	 275.286316 	 2.267387 	 99313.023438 	 394.431702 
43 	 41.678688 	 283.323761 	 274.582245 	 0.608789 	 99295.109375 	 405.166412 
44 	 41.678688 	 283.323761 	 275.266174 	 0.821590 	 99431.140625 	 418.265442 
45 	 41.678688 	 283.323761 	 274.958771 	 0.970521 	 99548.679688 	 342.117035 
46 	 41.678688 	 283.323761 	 277.920776 	 1.246704 	 99559.007812 	 422.681641 
47 	 41.678688 	 283.323761 	 280.696747 	 2.355382 	 99717.898438 	 358.387207 
48 	 41.678688 	 283.323761 	 282.906525 	 3.464033 	 99871.562500 	 405.333130 
49 	 41.678688 	 283.323761 	 285.500549 	 5.294022 	 99451.773438 	 397.329163 
50 	 41.678688 	 283.323761 	 282.366974 	 1.317144 	 98995.351562 	 472.666870 
51 	 41.678688 	 283.323761 	 278.577179 	 1.074125 	 99375.796875 	 441.051483 
52 	 41.678688 	 283.323761 	 281.275970 	 3.531807 	 99216.531250 	 405.882629 
53 	 41.678688 	 283.323761 	 282.276031 	 2.647238 	 98398.617188 	 455.709900 
54 	 41.678688 	 283.323761 	 276.410187 	 1.219050 	 98320.531250 	 386.733826 
55 	 41.678688 	 283.323761 	 273.981964 	 3.430163 	 98988.242188 	 380.289246 
56 	 41.678688 	 283.323761 	 272.496796 	 1.782003 	 99649.226562 	 409.775757 
57 	 41.678688 	 283.323761 	 276.097717 	 1.987156 	 99230.812500 	 419.265900 
58 	 41.678688 	 283.323761 	 276.401367 	 2.068114 	 98810.687500 	 399.356567 
59 	 41.678688 	 283.323761 	 273.520172 	 2.652037 	 99108.507812 	 411.971466 
60 	 41.678688 	 283.323761 	 276.107208 	 2.388417 	 99388.250000 	 468.260986 
61 	 41.678688 	 283.323761 	 278.592194 	 1.990102 	 99536.757812 	 449.216156 
62 	 41.678688 	 283.323761 	 278.252411 	 1.717632 	 99792.218750 	 432.219330 
63 	 41.678688 	 283.323761 	 277.497559 	 3.828779 	 98442.789062 	 383.784851 
64 	 41.678688 	 283.323761 	 275.056702 	 4.627379 	 98391.953125 	 474.833862 
65 	 41.678688 	 283.323761 	 278.745239 	 2.830492 	 98557.210938 	 458.114441 
66 	 41.678688 	 283.323761 	 280.013031 	 2.105735 	 98383.523438 	 398.265686 
67 	 41.678688 	 283.323761 	 280.397339 	 3.166995 	 98006.210938 	 410.244751 
68 	 41.678688 	 283.323761 	 277.340210 	 2.526647 	 99215.156250 	 461.617157 
69 	 41.678688 	 283.323761 	 279.034882 	 4.111863 	 99301.023438 	 370.148743 
70 	 41.678688 	 283.323761 	 283.223602 	 4.100890 	 97263.960938 	 487.991486 
71 	 41.678688 	 283.323761 	 281.158051 	 1.849668 	 97616.906250 	 426.774475 
72 	 41.678688 	 283.323761 	 277.216431 	 3.057913 	 96843.960938 	 405.168213 
73 	 41.678688 	 283.323761 	 271.567413 	 4.112763 	 97829.250000 	 447.443054 
74 	 41.678688 	 283.323761 	 274.606873 	 3.768172 	 98970.656250 	 382.630676 
75 	 41.678688 	 283.323761 	 279.741608 	 5.230381 	 98264.968750 	 356.770844 
76 	 41.678688 	 283.323761 	 270.926605 	 3.435518 	 98938.882812 	 454.581299 
77 	 41.678688 	 283.323761 	 272.894836 	 2.352342 	 99638.296875 	 458.918701 
78 	 41.678688 	 283.323761 	 282.664581 	 4.228882 	 99056.882812 	 507.752502 
79 	 41.678688 	 283.323761 	 285.543335 	 3.990980 	 98230.710938 	 451.541962 
80 	 41.678688 	 283.323761 	 284.911865 	 3.618928 	 97297.593750 	 534.544617 
81 	 41.678688 	 283.323761 	 276.746552 	 3.912389 	 97495.507812 	 422.903107 
82 	 41.678688 	 283.323761 	 272.804779 	 2.434522 	 98234.023438 	 477.023193 
83 	 41.678688 	 283.323761 	 275.519562 	 1.512627 	 98028.109375 	 376.599884 
84 	 41.678688 	 283.323761 	 277.589355 	 1.799345 	 98499.429688 	 507.540741 
85 	 41.678688 	 283.323761 	 279.423645 	 2.530835 	 98709.242188 	 436.041656 
86 	 41.678688 	 283.323761 	 283.293976 	 2.982811 	 97114.382812 	 406.759766 
87 	 41.678688 	 283.323761 	 278.773468 	 3.013394 	 97476.929688 	 435.151306 
88 	 41.678688 	 283.323761 	 274.524506 	 2.281756 	 99328.000000 	 441.579285 
89 	 41.678688 	 283.323761 	 278.418915 	 3.718579 	 98862.218750 	 375.349060 
90 	 41.678688 	 283.323761 	 280.637634 	 3.623877 	 96344.226562 	 440.934204 
91 	 41.678688 	 283.323761 	 280.301575 	 3.857969 	 97005.187500 	 518.704163 
92 	 41.678688 	 283.323761 	 287.771759 	 4.452861 	 97483.171875 	 560.437561 
93 	 41.678688 	 283.323761 	 287.944519 	 5.260087 	 97485.351562 	 493.391144 
94 	 41.678688 	 283.323761 	 277.743896 	 4.552988 	 97427.953125 	 484.822998 
95 	 41.678688 	 283.323761 	 275.585144 	 3.965429 	 97780.257812 	 449.522522 
96 	 41.678688 	 283.323761 	 274.323029 	 2.423185 	 98843.976562 	 431.441772 
97 	 41.678688 	 283.323761 	 278.788757 	 2.205813 	 98764.578125 	 380.331085 
98 	 41.678688 	 283.323761 	 278.574921 	 3.164156 	 98914.437500 	 570.290405 
99 	 41.678688 	 283.323761 	 281.341888 	 1.164714 	 99031.906250 	 545.840637 
100 	 41.678688 	 283.323761 	 289.217957 	 1.996612 	 99184.156250 	 606.969604 
101 	 41.678688 	 283.323761 	 290.731873 	 4.027919 	 99078.781250 	 561.691772 
102 	 41.678688 	 283.323761 	 280.688538 	 4.026397 	 99580.117188 	 555.292542 
103 	 41.678688 	 283.323761 	 279.369720 	 1.354038 	 100082.101562 	 546.060913 
104 	 41.678688 	 283.323761 	 285.542633 	 3.175089 	 99126.656250 	 573.425049 
105 	 41.678688 	 283.323761 	 279.005371 	 3.302541 	 98949.976562 	 377.350464 
106 	 41.678688 	 283.323761 	 277.156036 	 1.770394 	 98646.187500 	 365.971191 
107 	 41.678688 	 283.323761 	 282.244537 	 2.488810 	 98372.593750 	 598.023438 
108 	 41.678688 	 283.323761 	 284.136597 	 4.339225 	 97347.703125 	 510.204773 
109 	 41.678688 	 283.323761 	 275.370026 	 5.076124 	 97896.117188 	 530.809753 
110 	 41.678688 	 283.323761 	 279.666473 	 3.866339 	 98776.632812 	 532.501343 
111 	 41.678688 	 283.323761 	 286.173798 	 3.066684 	 98588.687500 	 416.653992 
112 	 41.678688 	 283.323761 	 281.961243 	 1.706954 	 99524.437500 	 477.486267 
113 	 41.678688 	 283.323761 	 284.396759 	 2.310219 	 100344.398438 	 603.559937 
114 	 41.678688 	 283.323761 	 286.198578 	 3.954170 	 100271.898438 	 564.180359 
115 	 41.678688 	 283.323761 	 289.226166 	 4.793137 	 98682.273438 	 426.417114 
116 	 41.678688 	 283.323761 	 286.782440 	 2.681762 	 97941.140625 	 546.425842 
117 	 41.678688 	 283.323761 	 282.020172 	 3.718909 	 97608.117188 	 576.541870 
118 	 41.678688 	 283.323761 	 283.279633 	 3.733452 	 98519.843750 	 603.046143 
119 	 41.678688 	 283.323761 	 282.888306 	 0.781796 	 98924.429688 	 587.419434 
120 	 41.678688 	 283.323761 	 287.556335 	 1.208162 	 98708.039062 	 614.393188 
121 	 41.678688 	 283.323761 	 291.745605 	 2.611988 	 98584.906250 	 621.634033 
122 	 41.678688 	 283.323761 	 291.302429 	 4.019001 	 98150.523438 	 598.097656 
123 	 41.678688 	 283.323761 	 285.205963 	 2.401694 	 98914.976562 	 595.529419 
124 	 41.678688 	 283.323761 	 289.608398 	 4.168473 	 98133.992188 	 615.592041 
125 	 41.678688 	 283.323761 	 291.494202 	 4.307314 	 97082.468750 	 623.877197 
126 	 41.678688 	 283.323761 	 281.294128 	 4.337252 	 98419.320312 	 619.703430 
127 	 41.678688 	 283.323761 	 282.577789 	 1.865265 	 99154.421875 	 591.288330 
128 	 41.678688 	 283.323761 	 287.618378 	 3.241329 	 98556.210938 	 581.180664 
129 	 41.678688 	 283.323761 	 285.343414 	 3.256383 	 98857.796875 	 614.997192 
130 	 41.678688 	 283.323761 	 283.643829 	 1.328223 	 99386.921875 	 602.472290 
131 	 41.678688 	 283.323761 	 292.141022 	 2.206655 	 98957.703125 	 645.837280 
132 	 41.678688 	 283.323761 	 297.515961 	 3.569685 	 98190.773438 	 660.714600 
133 	 41.678688 	 283.323761 	 297.641266 	 1.917605 	 98684.859375 	 666.786865 
134 	 41.678688 	 283.323761 	 295.398438 	 1.588251 	 98907.656250 	 647.150146 
135 	 41.678688 	 283.323761 	 289.657928 	 3.510165 	 98683.570312 	 651.040405 
136 	 41.678688 	 283.323761 	 289.868805 	 3.034108 	 98741.773438 	 634.317627 
137 	 41.678688 	 283.323761 	 293.150696 	 3.658498 	 98277.226562 	 648.220459 
138 	 41.678688 	 283.323761 	 295.990112 	 3.046036 	 98256.492188 	 669.741089 
139 	 41.678688 	 283.323761 	 298.300201 	 2.546837 	 98191.976562 	 689.720947 
140 	 41.678688 	 283.323761 	 298.240021 	 2.787267 	 97994.031250 	 682.233765 
141 	 41.678688 	 283.323761 	 294.923737 	 1.523295 	 98034.250000 	 581.008972 
142 	 41.678688 	 283.323761 	 293.643463 	 1.888710 	 97924.617188 	 642.105591 
143 	 41.678688 	 283.323761 	 293.368683 	 1.001368 	 97555.312500 	 472.437927 
144 	 41.678688 	 283.323761 	 291.808228 	 2.905001 	 98025.960938 	 665.544800 
145 	 41.678688 	 283.323761 	 287.740601 	 3.353167 	 98916.031250 	 602.265137 
146 	 41.678688 	 283.323761 	 287.077820 	 4.628999 	 99340.226562 	 573.761414 
147 	 41.678688 	 283.323761 	 292.165070 	 4.323532 	 99122.531250 	 511.910583 
148 	 41.678688 	 283.323761 	 292.717743 	 3.952842 	 98875.171875 	 541.575439 
149 	 41.678688 	 283.323761 	 293.027344 	 1.173687 	 98419.992188 	 673.571655 
150 	 41.678688 	 283.323761 	 295.155396 	 1.809850 	 97644.507812 	 709.738770 
151 	 41.678688 	 283.323761 	 292.891632 	 3.153145 	 97914.281250 	 680.316772 
152 	 41.678688 	 283.323761 	 289.805359 	 1.506911 	 98881.781250 	 640.102783 
153 	 41.678688 	 283.323761 	 292.679504 	 3.320210 	 99319.703125 	 683.743652 
154 	 41.678688 	 283.323761 	 295.547028 	 2.264949 	 98993.679688 	 679.419800 
155 	 41.678688 	 283.323761 	 296.863739 	 2.362605 	 98669.023438 	 693.424072 
156 	 41.678688 	 283.323761 	 298.226105 	 4.001101 	 98245.156250 	 716.223816 
157 	 41.678688 	 283.323761 	 293.986359 	 3.739311 	 97728.546875 	 549.667725 
158 	 41.678688 	 283.323761 	 290.623566 	 3.638189 	 97921.882812 	 676.910583 
159 	 41.678688 	 283.323761 	 289.112762 	 3.525280 	 98169.953125 	 640.440430 
160 	 41.678688 	 283.323761 	 289.185364 	 1.809230 	 98730.882812 	 668.302734 
161 	 41.678688 	 283.323761 	 292.889618 	 2.741606 	 98892.132812 	 517.738037 
162 	 41.678688 	 283.323761 	 298.902100 	 3.760718 	 98460.312500 	 713.718384 
163 	 41.678688 	 283.323761 	 302.577301 	 4.797411 	 98272.960938 	 689.697266 
164 	 41.678688 	 283.323761 	 294.919525 	 2.760855 	 99021.812500 	 700.484070 
165 	 41.678688 	 283.323761 	 295.157471 	 2.765872 	 99096.023438 	 627.338501 
166 	 41.678688 	 283.323761 	 302.081177 	 5.171559 	 97945.890625 	 694.625671 
167 	 41.678688 	 283.323761 	 293.873749 	 2.599281 	 98735.140625 	 691.817993 
168 	 41.678688 	 283.323761 	 292.979858 	 1.528654 	 99264.796875 	 678.176147 
169 	 41.678688 	 283.323761 	 299.406128 	 3.444227 	 98915.273438 	 705.845459 
170 	 41.678688 	 283.323761 	 304.324982 	 2.996653 	 98631.960938 	 746.835327 
171 	 41.678688 	 283.323761 	 301.599518 	 1.899970 	 98521.906250 	 718.086914 
172 	 41.678688 	 283.323761 	 299.345367 	 2.447411 	 98706.890625 	 725.015015 
173 	 41.678688 	 283.323761 	 299.164398 	 3.353770 	 98435.109375 	 702.813171 
174 	 41.678688 	 283.323761 	 303.713379 	 3.767943 	 97841.531250 	 737.488770 
175 	 41.678688 	 283.323761 	 296.786530 	 3.551553 	 97964.468750 	 554.068970 
176 	 41.678688 	 283.323761 	 290.507141 	 2.525191 	 98795.406250 	 673.308716 
177 	 41.678688 	 283.323761 	 290.748413 	 1.122076 	 98950.601562 	 580.951111 
178 	 41.678688 	 283.323761 	 295.775421 	 5.686644 	 97942.656250 	 585.117432 
179 	 41.678688 	 283.323761 	 292.788910 	 3.973943 	 97610.507812 	 623.231689 
180 	 41.678688 	 283.323761 	 288.608459 	 1.689554 	 98445.640625 	 628.313354 
181 	 41.678688 	 283.323761 	 289.410889 	 1.722339 	 98616.609375 	 649.510620 
182 	 41.678688 	 283.323761 	 291.684052 	 3.349020 	 98653.421875 	 592.738098 
183 	 41.678688 	 283.323761 	 298.997314 	 1.489345 	 98250.937500 	 687.428162 
184 	 41.678688 	 283.323761 	 295.398712 	 2.314749 	 98550.843750 	 614.079529 
185 	 41.678688 	 283.323761 	 295.928802 	 1.740300 	 98761.906250 	 717.091309 
186 	 41.678688 	 283.323761 	 299.735779 	 3.161274 	 98302.921875 	 720.225464 
187 	 41.678688 	 283.323761 	 302.928619 	 3.257375 	 97707.460938 	 742.675720 
188 	 41.678688 	 283.323761 	 297.463562 	 3.337651 	 97965.859375 	 707.607056 
189 	 41.678688 	 283.323761 	 294.135834 	 2.597060 	 98386.953125 	 689.508545 
190 	 41.678688 	 283.323761 	 293.394135 	 4.130781 	 98289.242188 	 690.389038 
191 	 41.678688 	 283.323761 	 292.462585 	 2.020540 	 98405.500000 	 599.731445 
192 	 41.678688 	 283.323761 	 293.841187 	 2.509299 	 97894.117188 	 668.000427 
193 	 41.678688 	 283.323761 	 289.389587 	 4.111727 	 97888.351562 	 644.515259 
194 	 41.678688 	 283.323761 	 290.335846 	 3.856478 	 98136.023438 	 597.102661 
195 	 41.678688 	 283.323761 	 292.880280 	 2.158417 	 98801.796875 	 676.777832 
196 	 41.678688 	 283.323761 	 295.954163 	 1.944934 	 98772.023438 	 688.253906 
197 	 41.678688 	 283.323761 	 297.815796 	 2.559157 	 98095.687500 	 715.568604 
198 	 41.678688 	 283.323761 	 298.872864 	 1.341692 	 97843.546875 	 695.433716 
199 	 41.678688 	 283.323761 	 300.044189 	 2.272064 	 97651.296875 	 687.064575 
200 	 41.678688 	 283.323761 	 297.390961 	 1.742340 	 97981.171875 	 704.017700 
201 	 41.678688 	 283.323761 	 296.949158 	 2.047691 	 98323.593750 	 680.402832 
202 	 41.678688 	 283.323761 	 294.216248 	 2.304268 	 98390.648438 	 643.064697 
203 	 41.678688 	 283.323761 	 292.682709 	 2.260907 	 98632.421875 	 672.755127 
204 	 41.678688 	 283.323761 	 295.011230 	 2.439771 	 98668.062500 	 613.386230 
205 	 41.678688 	 283.323761 	 303.585541 	 4.512327 	 98011.117188 	 715.273071 
206 	 41.678688 	 283.323761 	 299.523834 	 2.799579 	 97966.453125 	 701.264893 
207 	 41.678688 	 283.323761 	 296.026917 	 1.576101 	 98565.671875 	 621.976685 
208 	 41.678688 	 283.323761 	 298.831024 	 4.195762 	 98331.773438 	 594.894653 
209 	 41.678688 	 283.323761 	 301.668579 	 2.596470 	 98521.960938 	 710.813843 
210 	 41.678688 	 283.323761 	 300.613312 	 1.757771 	 98811.726562 	 645.614136 
211 	 41.678688 	 283.323761 	 299.269470 	 2.385178 	 99150.273438 	 611.307495 
212 	 41.678688 	 283.323761 	 299.277802 	 2.262498 	 99111.148438 	 601.558105 
213 	 41.678688 	 283.323761 	 298.230408 	 3.071774 	 98770.523438 	 593.001404 
214 	 41.678688 	 283.323761 	 295.774017 	 2.007805 	 98709.546875 	 596.522461 
215 	 41.678688 	 283.323761 	 295.971008 	 2.299937 	 98755.523438 	 666.544189 
216 	 41.678688 	 283.323761 	 297.451843 	 2.952961 	 98664.750000 	 679.101807 
217 	 41.678688 	 283.323761 	 297.011169 	 3.175418 	 98467.726562 	 634.254639 
218 	 41.678688 	 283.323761 	 297.895538 	 2.941138 	 98566.703125 	 613.389038 
219 	 41.678688 	 283.323761 	 297.342407 	 3.139004 	 98596.906250 	 575.212036 
220 	 41.678688 	 283.323761 	 296.432739 	 2.741907 	 98445.687500 	 677.736389 
221 	 41.678688 	 283.323761 	 296.000671 	 2.766073 	 98252.171875 	 633.197083 
222 	 41.678688 	 283.323761 	 293.944214 	 2.772940 	 97916.046875 	 591.372375 
223 	 41.678688 	 283.323761 	 290.084900 	 3.097307 	 98619.523438 	 640.081665 
224 	 41.678688 	 283.323761 	 292.645660 	 2.403632 	 99035.343750 	 647.995178 
225 	 41.678688 	 283.323761 	 295.661804 	 2.224621 	 99084.187500 	 654.284607 
226 	 41.678688 	 283.323761 	 295.054169 	 2.227937 	 98738.781250 	 648.241699 
227 	 41.678688 	 283.323761 	 298.459686 	 3.748590 	 98236.953125 	 652.081543 
228 	 41.678688 	 283.323761 	 300.075195 	 2.706832 	 98305.093750 	 599.114258 
229 	 41.678688 	 283.323761 	 301.636047 	 2.969463 	 98264.046875 	 679.559875 
230 	 41.678688 	 283.323761 	 299.473328 	 2.787189 	 98393.757812 	 565.929749 
231 	 41.678688 	 283.323761 	 297.565948 	 1.423490 	 98784.781250 	 646.366943 
232 	 41.678688 	 283.323761 	 299.316254 	 1.388367 	 98795.898438 	 668.638123 
233 	 41.678688 	 283.323761 	 299.242920 	 1.261782 	 98788.179688 	 665.568237 
234 	 41.678688 	 283.323761 	 298.873810 	 1.634990 	 99295.328125 	 650.058105 
235 	 41.678688 	 283.323761 	 302.410675 	 1.621428 	 99058.929688 	 673.567932 
236 	 41.678688 	 283.323761 	 304.207550 	 2.801379 	 98808.468750 	 658.204590 
237 	 41.678688 	 283.323761 	 303.611694 	 2.705327 	 98652.859375 	 661.191406 
238 	 41.678688 	 283.323761 	 302.783020 	 3.501239 	 98218.671875 	 662.782227 
239 	 41.678688 	 283.323761 	 298.683533 	 5.108508 	 97956.132812 	 647.146484 
240 	 41.678688 	 283.323761 	 291.074738 	 2.975606 	 99079.281250 	 599.167969 
241 	 41.678688 	 283.323761 	 290.650970 	 1.501795 	 99290.031250 	 590.982117 
242 	 41.678688 	 283.323761 	 297.096008 	 1.748554 	 98698.296875 	 614.900269 
243 	 41.678688 	 283.323761 	 300.288513 	 2.167328 	 98697.812500 	 583.084106 
244 	 41.678688 	 283.323761 	 299.394836 	 1.502301 	 99162.562500 	 633.578003 
245 	 41.678688 	 283.323761 	 302.076569 	 2.126660 	 98775.460938 	 609.332886 
246 	 41.678688 	 283.323761 	 303.607025 	 2.502344 	 98635.460938 	 629.458862 
247 	 41.678688 	 283.323761 	 303.296295 	 1.627228 	 98962.132812 	 632.304260 
248 	 41.678688 	 283.323761 	 302.578278 	 1.082774 	 99306.367188 	 586.850098 
249 	 41.678688 	 283.323761 	 301.722137 	 1.802398 	 99074.757812 	 621.876831 
250 	 41.678688 	 283.323761 	 303.276794 	 2.395833 	 98672.117188 	 627.618164 
251 	 41.678688 	 283.323761 	 303.442657 	 1.907973 	 98748.226562 	 604.623657 
252 	 41.678688 	 283.323761 	 303.026733 	 1.129785 	 98907.406250 	 604.631470 
253 	 41.678688 	 283.323761 	 302.330017 	 1.138840 	 98843.593750 	 596.103638 
254 	 41.678688 	 283.323761 	 300.032440 	 2.018565 	 98960.859375 	 610.252686 
255 	 41.678688 	 283.323761 	 299.220673 	 1.104110 	 98980.453125 	 561.748840 
256 	 41.678688 	 283.323761 	 301.300537 	 1.227515 	 99054.617188 	 621.496399 
257 	 41.678688 	 283.323761 	 299.050262 	 1.291310 	 99413.460938 	 596.846375 
258 	 41.678688 	 283.323761 	 298.906525 	 3.334581 	 99259.296875 	 605.104126 
259 	 41.678688 	 283.323761 	 298.471222 	 3.158535 	 98440.523438 	 578.364136 
260 	 41.678688 	 283.323761 	 295.218994 	 1.679188 	 98426.679688 	 566.120056 
261 	 41.678688 	 283.323761 	 296.622955 	 2.410271 	 98420.882812 	 568.050720 
262 	 41.678688 	 283.323761 	 295.764893 	 1.762423 	 98658.906250 	 584.451843 
263 	 41.678688 	 283.323761 	 291.524231 	 3.113576 	 98605.578125 	 519.359741 
264 	 41.678688 	 283.323761 	 284.010651 	 3.315932 	 97789.390625 	 413.055115 
265 	 41.678688 	 283.323761 	 281.763519 	 2.982900 	 98789.296875 	 455.955994 
266 	 41.678688 	 283.323761 	 285.011780 	 3.064108 	 99152.609375 	 517.092102 
267 	 41.678688 	 283.323761 	 292.908691 	 3.044948 	 99168.492188 	 546.220520 
268 	 41.678688 	 283.323761 	 296.315369 	 2.554390 	 99387.546875 	 556.336548 
269 	 41.678688 	 283.323761 	 293.783936 	 2.453016 	 99562.476562 	 521.641907 
270 	 41.678688 	 283.323761 	 296.258087 	 2.735354 	 98953.648438 	 550.031738 
271 	 41.678688 	 283.323761 	 285.769531 	 2.696198 	 99030.820312 	 421.827087 
272 	 41.678688 	 283.323761 	 283.039185 	 1.651273 	 99471.382812 	 443.265900 
273 	 41.678688 	 283.323761 	 289.076508 	 2.870227 	 98923.843750 	 541.233276 
274 	 41.678688 	 283.323761 	 294.728271 	 2.987292 	 98519.070312 	 546.940125 
275 	 41.678688 	 283.323761 	 284.328064 	 3.621078 	 99049.351562 	 462.613190 
276 	 41.678688 	 283.323761 	 282.579620 	 3.908694 	 99554.812500 	 488.864075 
277 	 41.678688 	 283.323761 	 293.665527 	 4.359079 	 98491.671875 	 449.316101 
278 	 41.678688 	 283.323761 	 296.608948 	 4.632591 	 98140.156250 	 544.304688 
279 	 41.678688 	 283.323761 	 292.004028 	 3.114307 	 98103.906250 	 504.553864 
280 	 41.678688 	 283.323761 	 281.949799 	 3.951428 	 98158.859375 	 361.200043 
281 	 41.678688 	 283.323761 	 276.033966 	 5.453774 	 98003.132812 	 357.831299 
282 	 41.678688 	 283.323761 	 278.907959 	 6.339671 	 97007.687500 	 478.675659 
283 	 41.678688 	 283.323761 	 283.772827 	 2.303085 	 98041.906250 	 448.148712 
284 	 41.678688 	 283.323761 	 286.140320 	 2.868637 	 98389.976562 	 487.019104 
285 	 41.678688 	 283.323761 	 289.483307 	 3.003071 	 98224.398438 	 424.162231 
286 	 41.678688 	 283.323761 	 290.908173 	 1.833475 	 98663.953125 	 488.341949 
287 	 41.678688 	 283.323761 	 292.019897 	 2.367325 	 99078.726562 	 508.879517 
288 	 41.678688 	 283.323761 	 291.301636 	 4.047071 	 98955.648438 	 431.726257 
289 	 41.678688 	 283.323761 	 289.489777 	 5.964959 	 97868.062500 	 414.440125 
290 	 41.678688 	 283.323761 	 277.626190 	 3.173678 	 97783.656250 	 407.872681 
291 	 41.678688 	 283.323761 	 278.467804 	 3.703232 	 97610.101562 	 447.730103 
292 	 41.678688 	 283.323761 	 277.952087 	 3.478438 	 98314.906250 	 386.653412 
293 	 41.678688 	 283.323761 	 280.956604 	 2.913665 	 98757.406250 	 453.091125 
294 	 41.678688 	 283.323761 	 279.012177 	 1.777629 	 99489.382812 	 415.296387 
295 	 41.678688 	 283.323761 	 277.265961 	 1.787831 	 99671.617188 	 424.167480 
296 	 41.678688 	 283.323761 	 282.230988 	 3.010111 	 99180.500000 	 402.390381 
297 	 41.678688 	 283.323761 	 285.009491 	 3.971077 	 98427.273438 	 389.999939 
298 	 41.678688 	 283.323761 	 281.933319 	 3.354025 	 96521.742188 	 369.741272 
299 	 41.678688 	 283.323761 	 277.976196 	 5.363546 	 97251.796875 	 361.507050 
300 	 41.678688 	 283.323761 	 279.995911 	 3.361303 	 98305.492188 	 401.089539 
301 	 41.678688 	 283.323761 	 279.250397 	 1.929196 	 98985.648438 	 357.009277 
302 	 41.678688 	 283.323761 	 278.856079 	 2.224141 	 99523.109375 	 391.224243 
303 	 41.678688 	 283.323761 	 277.902374 	 0.752631 	 99440.218750 	 380.805298 
304 	 41.678688 	 283.323761 	 278.450806 	 2.583695 	 99000.500000 	 365.286072 
305 	 41.678688 	 283.323761 	 279.661499 	 3.567022 	 97343.773438 	 382.261810 
306 	 41.678688 	 283.323761 	 277.712524 	 4.836122 	 97123.093750 	 405.008850 
307 	 41.678688 	 283.323761 	 278.123474 	 4.599141 	 98385.203125 	 403.791260 
308 	 41.678688 	 283.323761 	 275.166748 	 1.655102 	 99570.546875 	 375.217010 
309 	 41.678688 	 283.323761 	 281.621002 	 2.902736 	 99068.453125 	 395.845703 
310 	 41.678688 	 283.323761 	 278.060394 	 1.325952 	 98920.359375 	 406.903259 
311 	 41.678688 	 283.323761 	 276.938904 	 1.483942 	 99193.281250 	 389.721283 
312 	 41.678688 	 283.323761 	 280.430206 	 3.661259 	 99099.382812 	 350.649139 
313 	 41.678688 	 283.323761 	 286.599518 	 3.972898 	 97671.781250 	 397.528381 
314 	 41.678688 	 283.323761 	 275.185791 	 5.068548 	 96816.093750 	 361.635284 
315 	 41.678688 	 283.323761 	 276.692139 	 5.284919 	 97601.601562 	 368.782410 
316 	 41.678688 	 283.323761 	 275.323120 	 4.678804 	 98689.859375 	 377.442566 
317 	 41.678688 	 283.323761 	 275.108093 	 2.295969 	 99810.453125 	 364.913574 
318 	 41.678688 	 283.323761 	 274.097351 	 0.832108 	 100342.296875 	 362.386536 
319 	 41.678688 	 283.323761 	 272.443176 	 0.918554 	 100271.898438 	 359.611877 
320 	 41.678688 	 283.323761 	 275.238220 	 1.868750 	 99755.773438 	 368.102539 
321 	 41.678688 	 283.323761 	 273.831299 	 1.210546 	 99248.140625 	 318.270599 
322 	 41.678688 	 283.323761 	 275.063934 	 1.261407 	 99142.343750 	 367.137177 
323 	 41.678688 	 283.323761 	 277.965576 	 3.017772 	 98420.523438 	 337.492523 
324 	 41.678688 	 283.323761 	 278.365936 	 3.859360 	 97706.406250 	 383.144104 
325 	 41.678688 	 283.323761 	 279.012299 	 3.448323 	 98124.156250 	 385.849426 
326 	 41.678688 	 283.323761 	 279.697357 	 2.260534 	 98848.226562 	 378.223267 
327 	 41.678688 	 283.323761 	 277.911407 	 2.506568 	 99316.859375 	 343.760315 
328 	 41.678688 	 283.323761 	 282.746277 	 3.652390 	 98801.093750 	 414.850830 
329 	 41.678688 	 283.323761 	 280.576172 	 1.531658 	 98971.539062 	 345.728424 
330 	 41.678688 	 283.323761 	 275.904816 	 3.001782 	 98718.507812 	 351.673096 
331 	 41.678688 	 283.323761 	 273.513885 	 3.098180 	 99031.421875 	 349.280701 
332 	 41.678688 	 283.323761 	 270.795837 	 1.695481 	 100190.296875 	 348.612823 
333 	 41.678688 	 283.323761 	 271.709625 	 3.068608 	 100341.601562 	 342.192078 
334 	 41.678688 	 283.323761 	 282.208496 	 4.905537 	 98815.148438 	 368.127319 
335 	 41.678688 	 283.323761 	 281.497162 	 1.477812 	 98631.601562 	 395.276672 
336 	 41.678688 	 283.323761 	 282.828888 	 4.119469 	 98731.867188 	 381.450256 
337 	 41.678688 	 283.323761 	 282.094452 	 5.377831 	 96870.539062 	 394.940094 
338 	 41.678688 	 283.323761 	 274.741150 	 4.106368 	 98040.726562 	 319.796906 
339 	 41.678688 	 283.323761 	 277.823212 	 2.705985 	 98489.406250 	 367.743439 
340 	 41.678688 	 283.323761 	 280.354279 	 5.432175 	 98046.460938 	 351.319763 
341 	 41.678688 	 283.323761 	 273.483490 	 4.027692 	 97254.960938 	 345.576569 
342 	 41.678688 	 283.323761 	 266.281891 	 4.297451 	 97364.921875 	 288.472351 
343 	 41.678688 	 283.323761 	 264.329163 	 4.237935 	 97916.296875 	 283.739624 
344 	 41.678688 	 283.323761 	 265.940338 	 3.844252 	 98933.250000 	 274.836212 
345 	 41.678688 	 283.323761 	 274.162842 	 3.666199 	 98429.312500 	 367.873535 
346 	 41.678688 	 283.323761 	 275.575226 	 4.479451 	 98896.578125 	 352.357483 
347 	 41.678688 	 283.323761 	 283.836945 	 5.283477 	 97747.953125 	 386.044861 
348 	 41.678688 	 283.323761 	 274.216003 	 4.724106 	 97607.867188 	 352.497772 
349 	 41.678688 	 283.323761 	 273.227966 	 4.560513 	 98327.648438 	 316.571167 
350 	 41.678688 	 283.323761 	 273.021271 	 2.486408 	 99660.140625 	 328.468811 
351 	 41.678688 	 283.323761 	 276.449677 	 4.881560 	 99717.523438 	 320.529907 
352 	 41.678688 	 283.323761 	 282.761719 	 5.101959 	 97457.828125 	 360.277863 
353 	 41.678688 	 283.323761 	 270.707153 	 3.799298 	 97982.757812 	 319.230042 
354 	 41.678688 	 283.323761 	 269.114960 	 3.847628 	 98712.367188 	 272.632904 
355 	 41.678688 	 283.323761 	 268.365631 	 3.984369 	 97400.953125 	 323.703735 
356 	 41.678688 	 283.323761 	 264.809601 	 4.169036 	 97798.976562 	 291.162842 
357 	 41.678688 	 283.323761 	 265.416290 	 1.752070 	 99026.843750 	 292.939575 
358 	 41.678688 	 283.323761 	 272.208069 	 3.899900 	 99196.023438 	 328.748230 
359 	 41.678688 	 283.323761 	 278.919128 	 2.640824 	 98946.796875 	 352.300659 
360 	 41.678688 	 283.323761 	 275.250763 	 3.334174 	 99756.429688 	 336.960480 
361 	 41.678688 	 283.323761 	 279.452545 	 3.232378 	 98986.273438 	 369.860138 
362 	 41.678688 	 283.323761 	 279.952820 	 2.743780 	 98518.429688 	 354.336853 
363 	 41.678688 	 283.323761 	 277.589081 	 1.764354 	 98122.296875 	 336.060638 
364 	 41.678688 	 283.323761 	 270.710480 	 2.371681 	 98817.343750 	 332.511047 
