# 0: Day of Year [-] 	 1: lat [deg] 	 2: lon [deg] 	 3: tas [K] 	 4: sfcWind [m s-1] 	 5: ps [Pa] 	 6: Total Downwelling Rad Flux [W m-2] 
0 	 41.678688 	 283.323761 	 273.092590 	 3.263986 	 99657.953125 	 333.772705 
1 	 41.678688 	 283.323761 	 281.892395 	 3.476249 	 98479.179688 	 375.753693 
2 	 41.678688 	 283.323761 	 277.277435 	 2.490600 	 97745.476562 	 364.449982 
3 	 41.678688 	 283.323761 	 270.428772 	 1.892428 	 98429.523438 	 310.126038 
4 	 41.678688 	 283.323761 	 269.547394 	 4.394842 	 98418.250000 	 334.997833 
5 	 41.678688 	 283.323761 	 269.422485 	 4.089885 	 98979.132812 	 311.377808 
6 	 41.678688 	 283.323761 	 271.955780 	 1.934870 	 99080.851562 	 315.334778 
7 	 41.678688 	 283.323761 	 273.104340 	 2.317196 	 98705.453125 	 316.239655 
8 	 41.678688 	 283.323761 	 273.046417 	 2.509870 	 97132.976562 	 351.647003 
9 	 41.678688 	 283.323761 	 271.152618 	 4.174245 	 96624.367188 	 347.217712 
10 	 41.678688 	 283.323761 	 269.737610 	 4.621736 	 97099.062500 	 324.844788 
11 	 41.678688 	 283.323761 	 272.091217 	 3.273496 	 97757.976562 	 338.078857 
12 	 41.678688 	 283.323761 	 271.111633 	 1.725164 	 98373.007812 	 366.463745 
13 	 41.678688 	 283.323761 	 268.761047 	 1.671145 	 98994.710938 	 315.016144 
14 	 41.678688 	 283.323761 	 273.423737 	 2.324475 	 98566.656250 	 365.122253 
15 	 41.678688 	 283.323761 	 272.364258 	 1.311802 	 98433.328125 	 357.671692 
16 	 41.678688 	 283.323761 	 273.043060 	 2.230523 	 98394.343750 	 311.723663 
17 	 41.678688 	 283.323761 	 272.698334 	 2.416797 	 98636.953125 	 317.799072 
18 	 41.678688 	 283.323761 	 272.461578 	 2.015568 	 97992.617188 	 342.003967 
19 	 41.678688 	 283.323761 	 271.879364 	 3.094461 	 97525.218750 	 353.424042 
20 	 41.678688 	 283.323761 	 270.236908 	 1.342626 	 98597.093750 	 345.206909 
21 	 41.678688 	 283.323761 	 268.541718 	 2.339039 	 98484.070312 	 300.522736 
22 	 41.678688 	 283.323761 	 269.028137 	 1.513449 	 98267.117188 	 348.476196 
23 	 41.678688 	 283.323761 	 268.698090 	 0.765796 	 98459.226562 	 316.280640 
24 	 41.678688 	 283.323761 	 270.013092 	 2.516008 	 98707.570312 	 366.638428 
25 	 41.678688 	 283.323761 	 269.259644 	 2.514179 	 99108.929688 	 335.095520 
26 	 41.678688 	 283.323761 	 272.691803 	 2.469163 	 98838.656250 	 379.691101 
27 	 41.678688 	 283.323761 	 270.899902 	 1.632099 	 98886.781250 	 341.652954 
28 	 41.678688 	 283.323761 	 272.020721 	 2.065144 	 98252.773438 	 366.266632 
29 	 41.678688 	 283.323761 	 274.642151 	 1.485530 	 97772.906250 	 379.376587 
30 	 41.678688 	 283.323761 	 272.343292 	 1.805210 	 97234.882812 	 350.172455 
31 	 41.678688 	 283.323761 	 270.965118 	 1.073939 	 96590.531250 	 333.706299 
32 	 41.678688 	 283.323761 	 268.318207 	 4.344065 	 96122.070312 	 378.390198 
33 	 41.678688 	 283.323761 	 268.360931 	 4.772570 	 96627.500000 	 330.913086 
34 	 41.678688 	 283.323761 	 269.044495 	 2.450512 	 98190.000000 	 352.018890 
35 	 41.678688 	 283.323761 	 272.131073 	 1.913072 	 98932.203125 	 343.450348 
36 	 41.678688 	 283.323761 	 275.807281 	 2.153599 	 98433.156250 	 392.980103 
37 	 41.678688 	 283.323761 	 275.465576 	 1.735861 	 97795.328125 	 348.561646 
38 	 41.678688 	 283.323761 	 270.597992 	 2.727060 	 97140.546875 	 358.484863 
39 	 41.678688 	 283.323761 	 267.763824 	 3.538444 	 96768.429688 	 339.213837 
40 	 41.678688 	 283.323761 	 271.872040 	 4.338646 	 96551.468750 	 382.934021 
41 	 41.678688 	 283.323761 	 271.734497 	 4.191612 	 97044.523438 	 412.439026 
42 	 41.678688 	 283.323761 	 270.223572 	 3.942702 	 97739.632812 	 380.474609 
43 	 41.678688 	 283.323761 	 268.230713 	 2.389453 	 98272.250000 	 375.047424 
44 	 41.678688 	 283.323761 	 268.568939 	 1.659997 	 98189.882812 	 374.051636 
45 	 41.678688 	 283.323761 	 270.007294 	 1.065417 	 98439.273438 	 351.890747 
46 	 41.678688 	 283.323761 	 271.100922 	 1.948472 	 98077.710938 	 414.871643 
47 	 41.678688 	 283.323761 	 268.894928 	 5.556015 	 95951.828125 	 324.864197 
48 	 41.678688 	 283.323761 	 271.630920 	 5.062404 	 95449.226562 	 351.002716 
49 	 41.678688 	 283.323761 	 272.799133 	 2.759408 	 97032.476562 	 393.598663 
50 	 41.678688 	 283.323761 	 272.317932 	 1.539640 	 97741.117188 	 376.879883 
51 	 41.678688 	 283.323761 	 272.069244 	 2.109333 	 98186.187500 	 332.260437 
52 	 41.678688 	 283.323761 	 271.021362 	 1.686659 	 98705.242188 	 436.922852 
53 	 41.678688 	 283.323761 	 268.570740 	 1.551837 	 98849.046875 	 400.400482 
54 	 41.678688 	 283.323761 	 270.600220 	 2.720121 	 98969.226562 	 400.763672 
55 	 41.678688 	 283.323761 	 271.757751 	 1.748786 	 99580.023438 	 407.614746 
56 	 41.678688 	 283.323761 	 273.140991 	 1.693882 	 99357.617188 	 411.224670 
57 	 41.678688 	 283.323761 	 279.296631 	 1.551317 	 99169.976562 	 455.323395 
58 	 41.678688 	 283.323761 	 281.796234 	 3.344397 	 99215.671875 	 423.446716 
59 	 41.678688 	 283.323761 	 285.718140 	 4.573527 	 97533.093750 	 422.934204 
60 	 41.678688 	 283.323761 	 281.838318 	 4.121533 	 97108.046875 	 436.548096 
61 	 41.678688 	 283.323761 	 278.573456 	 3.042264 	 97541.281250 	 420.726013 
62 	 41.678688 	 283.323761 	 275.057465 	 2.774716 	 97238.453125 	 381.897400 
63 	 41.678688 	 283.323761 	 275.808350 	 3.154170 	 96268.078125 	 372.010620 
64 	 41.678688 	 283.323761 	 275.160370 	 4.063871 	 96517.843750 	 458.090515 
65 	 41.678688 	 283.323761 	 273.373474 	 3.304147 	 97096.187500 	 442.970459 
66 	 41.678688 	 283.323761 	 272.227112 	 2.612401 	 97229.617188 	 421.877960 
67 	 41.678688 	 283.323761 	 272.456726 	 2.954144 	 96681.218750 	 350.006470 
68 	 41.678688 	 283.323761 	 271.676849 	 2.440293 	 96359.937500 	 347.935577 
69 	 41.678688 	 283.323761 	 271.652069 	 2.934038 	 96914.867188 	 436.564758 
70 	 41.678688 	 283.323761 	 271.238281 	 2.952229 	 97315.601562 	 428.078308 
71 	 41.678688 	 283.323761 	 270.457123 	 2.803757 	 97588.921875 	 473.890503 
72 	 41.678688 	 283.323761 	 268.728882 	 3.263230 	 97690.968750 	 467.078674 
73 	 41.678688 	 283.323761 	 271.321869 	 2.557986 	 98356.796875 	 456.386963 
74 	 41.678688 	 283.323761 	 276.222565 	 4.121521 	 98323.281250 	 412.787262 
75 	 41.678688 	 283.323761 	 275.277435 	 3.811679 	 97422.492188 	 485.485840 
76 	 41.678688 	 283.323761 	 272.398224 	 4.868674 	 96716.890625 	 419.448425 
77 	 41.678688 	 283.323761 	 274.447388 	 3.810766 	 96976.242188 	 437.127625 
78 	 41.678688 	 283.323761 	 277.097595 	 2.299984 	 97472.937500 	 452.221130 
79 	 41.678688 	 283.323761 	 273.570129 	 3.785415 	 97929.781250 	 467.342255 
80 	 41.678688 	 283.323761 	 275.828522 	 3.062997 	 98642.726562 	 486.482788 
81 	 41.678688 	 283.323761 	 285.311920 	 5.355144 	 97822.031250 	 443.118713 
82 	 41.678688 	 283.323761 	 289.864807 	 3.673071 	 97768.437500 	 469.170807 
83 	 41.678688 	 283.323761 	 291.271057 	 4.378409 	 97609.781250 	 437.812744 
84 	 41.678688 	 283.323761 	 289.326202 	 2.637233 	 96693.390625 	 433.443359 
85 	 41.678688 	 283.323761 	 280.178345 	 2.776274 	 96348.343750 	 427.502625 
86 	 41.678688 	 283.323761 	 276.806946 	 4.175040 	 96921.093750 	 514.408447 
87 	 41.678688 	 283.323761 	 273.145538 	 4.284575 	 98585.953125 	 451.941223 
88 	 41.678688 	 283.323761 	 275.142487 	 2.766308 	 99546.609375 	 496.346893 
89 	 41.678688 	 283.323761 	 278.581573 	 2.824667 	 99085.953125 	 385.156952 
90 	 41.678688 	 283.323761 	 282.314056 	 2.193416 	 97542.453125 	 532.978516 
91 	 41.678688 	 283.323761 	 280.560699 	 3.342612 	 97387.726562 	 542.344971 
92 	 41.678688 	 283.323761 	 277.718353 	 3.698888 	 98159.382812 	 479.709320 
93 	 41.678688 	 283.323761 	 277.327087 	 2.779415 	 98774.171875 	 516.860718 
94 	 41.678688 	 283.323761 	 279.525757 	 3.099142 	 99290.070312 	 419.499908 
95 	 41.678688 	 283.323761 	 288.209229 	 6.417310 	 98161.281250 	 397.742157 
96 	 41.678688 	 283.323761 	 282.020203 	 3.145742 	 97514.468750 	 480.857666 
97 	 41.678688 	 283.323761 	 281.414276 	 2.723850 	 98658.976562 	 530.271667 
98 	 41.678688 	 283.323761 	 285.530731 	 2.697491 	 99099.242188 	 437.816864 
99 	 41.678688 	 283.323761 	 288.301056 	 4.385882 	 98798.429688 	 513.567139 
100 	 41.678688 	 283.323761 	 287.481049 	 3.733174 	 98853.117188 	 423.602570 
101 	 41.678688 	 283.323761 	 289.673187 	 2.651883 	 99520.023438 	 515.406982 
102 	 41.678688 	 283.323761 	 289.631256 	 1.673687 	 99724.203125 	 532.711060 
103 	 41.678688 	 283.323761 	 288.412598 	 1.710091 	 99341.796875 	 509.044312 
104 	 41.678688 	 283.323761 	 288.318298 	 3.756515 	 98290.453125 	 462.673187 
105 	 41.678688 	 283.323761 	 282.396027 	 4.546069 	 97826.156250 	 537.109985 
106 	 41.678688 	 283.323761 	 282.535675 	 4.858870 	 98189.390625 	 594.274719 
107 	 41.678688 	 283.323761 	 285.300873 	 2.877422 	 98339.468750 	 567.860474 
108 	 41.678688 	 283.323761 	 289.133698 	 2.485244 	 98264.570312 	 494.778687 
109 	 41.678688 	 283.323761 	 289.065491 	 2.057792 	 98231.156250 	 552.978638 
110 	 41.678688 	 283.323761 	 281.280945 	 4.200450 	 98473.906250 	 566.292358 
111 	 41.678688 	 283.323761 	 286.643982 	 3.406645 	 98320.750000 	 592.064575 
112 	 41.678688 	 283.323761 	 293.693268 	 3.861879 	 97807.437500 	 604.792175 
113 	 41.678688 	 283.323761 	 292.768066 	 2.989567 	 97929.453125 	 619.789307 
114 	 41.678688 	 283.323761 	 290.912323 	 1.573510 	 98480.039062 	 621.481323 
115 	 41.678688 	 283.323761 	 296.294800 	 3.337620 	 98355.773438 	 636.642334 
116 	 41.678688 	 283.323761 	 294.933411 	 3.402295 	 98047.453125 	 533.122253 
117 	 41.678688 	 283.323761 	 287.956512 	 4.197173 	 97747.867188 	 565.185181 
118 	 41.678688 	 283.323761 	 284.465607 	 2.705961 	 97759.039062 	 568.492310 
119 	 41.678688 	 283.323761 	 283.117737 	 2.222116 	 97921.406250 	 471.059113 
120 	 41.678688 	 283.323761 	 284.048767 	 2.311310 	 98206.640625 	 533.871948 
121 	 41.678688 	 283.323761 	 288.331024 	 3.753062 	 98415.796875 	 598.091675 
122 	 41.678688 	 283.323761 	 286.012756 	 2.792134 	 98462.226562 	 616.832031 
123 	 41.678688 	 283.323761 	 285.487488 	 2.335318 	 98419.070312 	 550.061096 
124 	 41.678688 	 283.323761 	 283.826630 	 2.459253 	 98322.906250 	 582.183899 
125 	 41.678688 	 283.323761 	 284.844421 	 1.778712 	 98354.093750 	 548.800964 
126 	 41.678688 	 283.323761 	 285.376770 	 2.953786 	 98237.343750 	 636.411133 
127 	 41.678688 	 283.323761 	 281.658112 	 2.053641 	 98663.968750 	 597.540283 
128 	 41.678688 	 283.323761 	 283.014679 	 0.833408 	 98838.906250 	 612.764587 
129 	 41.678688 	 283.323761 	 288.209473 	 2.908085 	 98595.976562 	 622.307617 
130 	 41.678688 	 283.323761 	 294.208313 	 3.144799 	 98332.656250 	 665.453125 
131 	 41.678688 	 283.323761 	 295.683960 	 2.434736 	 98342.929688 	 662.998840 
132 	 41.678688 	 283.323761 	 295.369476 	 3.160487 	 98436.289062 	 573.567444 
133 	 41.678688 	 283.323761 	 296.341431 	 3.101051 	 98349.242188 	 613.327026 
134 	 41.678688 	 283.323761 	 296.081268 	 1.438463 	 98182.671875 	 540.698975 
135 	 41.678688 	 283.323761 	 296.426453 	 2.924303 	 98179.656250 	 606.987000 
136 	 41.678688 	 283.323761 	 295.433624 	 2.990860 	 97957.656250 	 674.835815 
137 	 41.678688 	 283.323761 	 287.905060 	 3.210537 	 98567.148438 	 541.879456 
138 	 41.678688 	 283.323761 	 286.289917 	 3.489926 	 98986.179688 	 591.014404 
139 	 41.678688 	 283.323761 	 287.496490 	 4.983998 	 99040.492188 	 637.334839 
140 	 41.678688 	 283.323761 	 289.899261 	 3.477647 	 99018.429688 	 654.089355 
141 	 41.678688 	 283.323761 	 291.991455 	 1.269709 	 98792.773438 	 678.892456 
142 	 41.678688 	 283.323761 	 292.148376 	 5.335636 	 97903.117188 	 637.837280 
143 	 41.678688 	 283.323761 	 284.106903 	 4.961866 	 98315.453125 	 616.255249 
144 	 41.678688 	 283.323761 	 285.860107 	 4.300606 	 98409.843750 	 648.894531 
145 	 41.678688 	 283.323761 	 288.717041 	 2.047700 	 98702.429688 	 653.328735 
146 	 41.678688 	 283.323761 	 291.189270 	 2.332357 	 98194.492188 	 661.573547 
147 	 41.678688 	 283.323761 	 291.699066 	 4.932510 	 97442.460938 	 564.908813 
148 	 41.678688 	 283.323761 	 287.656281 	 3.121579 	 98126.023438 	 640.967224 
149 	 41.678688 	 283.323761 	 287.752991 	 2.633604 	 97972.429688 	 529.920410 
150 	 41.678688 	 283.323761 	 290.393951 	 1.718593 	 98213.406250 	 672.540283 
151 	 41.678688 	 283.323761 	 294.811218 	 2.505156 	 98488.937500 	 693.866455 
152 	 41.678688 	 283.323761 	 300.589752 	 3.581925 	 98019.976562 	 723.707336 
153 	 41.678688 	 283.323761 	 294.598267 	 4.435625 	 97912.687500 	 711.653503 
154 	 41.678688 	 283.323761 	 293.332367 	 4.253069 	 98706.226562 	 687.556152 
155 	 41.678688 	 283.323761 	 291.919250 	 1.700868 	 98860.601562 	 588.832275 
156 	 41.678688 	 283.323761 	 295.425201 	 1.804525 	 98766.226562 	 660.176392 
157 	 41.678688 	 283.323761 	 297.503296 	 3.999425 	 98790.937500 	 708.904297 
158 	 41.678688 	 283.323761 	 296.751434 	 4.382274 	 98610.476562 	 709.542358 
159 	 41.678688 	 283.323761 	 291.961761 	 2.231845 	 99475.226562 	 656.274170 
160 	 41.678688 	 283.323761 	 298.100891 	 3.781485 	 98732.929688 	 700.814087 
161 	 41.678688 	 283.323761 	 298.496460 	 1.258826 	 98831.546875 	 685.139648 
162 	 41.678688 	 283.323761 	 297.459808 	 3.290180 	 99091.453125 	 716.474854 
163 	 41.678688 	 283.323761 	 302.743713 	 3.707528 	 98564.960938 	 716.890137 
164 	 41.678688 	 283.323761 	 305.132111 	 3.523065 	 98211.843750 	 650.871399 
165 	 41.678688 	 283.323761 	 303.481720 	 3.248516 	 98185.492188 	 735.010132 
166 	 41.678688 	 283.323761 	 303.398102 	 3.415822 	 98035.898438 	 669.478943 
167 	 41.678688 	 283.323761 	 301.815948 	 2.567172 	 98359.703125 	 632.931946 
168 	 41.678688 	 283.323761 	 298.566193 	 1.995399 	 99020.656250 	 725.047607 
169 	 41.678688 	 283.323761 	 298.534271 	 2.111245 	 99329.031250 	 706.787231 
170 	 41.678688 	 283.323761 	 297.897308 	 3.618860 	 99277.617188 	 658.945923 
171 	 41.678688 	 283.323761 	 299.692505 	 2.182094 	 99020.781250 	 728.189270 
172 	 41.678688 	 283.323761 	 300.063232 	 1.723877 	 98836.726562 	 735.368103 
173 	 41.678688 	 283.323761 	 301.509216 	 2.004337 	 98576.906250 	 723.982178 
174 	 41.678688 	 283.323761 	 300.027008 	 2.300098 	 98480.187500 	 728.572083 
175 	 41.678688 	 283.323761 	 300.703766 	 2.988660 	 98383.687500 	 726.665039 
176 	 41.678688 	 283.323761 	 299.168976 	 3.452617 	 98293.281250 	 602.935181 
177 	 41.678688 	 283.323761 	 299.355988 	 2.915956 	 98029.617188 	 732.979614 
178 	 41.678688 	 283.323761 	 297.531860 	 1.178636 	 98038.992188 	 670.546997 
179 	 41.678688 	 283.323761 	 293.626343 	 4.563713 	 98067.593750 	 698.147522 
180 	 41.678688 	 283.323761 	 290.454041 	 3.558482 	 99036.320312 	 676.828796 
181 	 41.678688 	 283.323761 	 290.237335 	 1.540661 	 99545.093750 	 608.237427 
182 	 41.678688 	 283.323761 	 295.957794 	 5.539267 	 99463.687500 	 681.329285 
183 	 41.678688 	 283.323761 	 301.179413 	 5.701486 	 98849.906250 	 742.395264 
184 	 41.678688 	 283.323761 	 304.042999 	 4.346200 	 98197.507812 	 732.756714 
185 	 41.678688 	 283.323761 	 297.869812 	 1.805461 	 98858.929688 	 712.548645 
186 	 41.678688 	 283.323761 	 297.582977 	 2.648788 	 98521.703125 	 731.406494 
187 	 41.678688 	 283.323761 	 294.806427 	 1.762817 	 98859.640625 	 695.137268 
188 	 41.678688 	 283.323761 	 296.743195 	 1.420469 	 98818.953125 	 673.398376 
189 	 41.678688 	 283.323761 	 299.828796 	 4.139836 	 97951.593750 	 577.020020 
190 	 41.678688 	 283.323761 	 293.788361 	 1.837551 	 98332.328125 	 619.938538 
191 	 41.678688 	 283.323761 	 293.738800 	 1.188597 	 98940.531250 	 659.505615 
192 	 41.678688 	 283.323761 	 294.490112 	 1.826835 	 99517.679688 	 613.414490 
193 	 41.678688 	 283.323761 	 295.794891 	 3.415042 	 99005.312500 	 492.344360 
194 	 41.678688 	 283.323761 	 295.158264 	 3.390277 	 98452.046875 	 679.378296 
195 	 41.678688 	 283.323761 	 296.460541 	 0.998986 	 98739.453125 	 693.351257 
196 	 41.678688 	 283.323761 	 298.477112 	 2.202088 	 98604.609375 	 720.171997 
197 	 41.678688 	 283.323761 	 301.431305 	 2.953583 	 98425.742188 	 729.954590 
198 	 41.678688 	 283.323761 	 296.683167 	 1.845789 	 98297.226562 	 591.851318 
199 	 41.678688 	 283.323761 	 297.145874 	 1.997505 	 98386.906250 	 685.887695 
200 	 41.678688 	 283.323761 	 295.796875 	 2.857899 	 97991.531250 	 633.284424 
201 	 41.678688 	 283.323761 	 294.190674 	 2.327171 	 98299.726562 	 610.873474 
202 	 41.678688 	 283.323761 	 293.971100 	 3.305964 	 98341.398438 	 666.108215 
203 	 41.678688 	 283.323761 	 294.731873 	 1.132839 	 99005.382812 	 690.859192 
204 	 41.678688 	 283.323761 	 296.874329 	 0.616167 	 99206.117188 	 711.774292 
205 	 41.678688 	 283.323761 	 298.004944 	 1.434419 	 98965.156250 	 705.297852 
206 	 41.678688 	 283.323761 	 297.552521 	 1.785678 	 98778.726562 	 640.011414 
207 	 41.678688 	 283.323761 	 298.942963 	 1.822168 	 98778.140625 	 634.605408 
208 	 41.678688 	 283.323761 	 300.126953 	 2.183951 	 98741.398438 	 707.566162 
209 	 41.678688 	 283.323761 	 299.970642 	 2.521264 	 98593.796875 	 654.436584 
210 	 41.678688 	 283.323761 	 300.343018 	 3.286000 	 98152.796875 	 695.023926 
211 	 41.678688 	 283.323761 	 300.080750 	 3.210195 	 97967.226562 	 686.555725 
212 	 41.678688 	 283.323761 	 299.675110 	 3.011610 	 98322.226562 	 659.068970 
213 	 41.678688 	 283.323761 	 297.732208 	 2.577117 	 98804.359375 	 655.931702 
214 	 41.678688 	 283.323761 	 299.457092 	 2.786954 	 99005.468750 	 708.089355 
215 	 41.678688 	 283.323761 	 299.292938 	 3.339353 	 98875.093750 	 669.434692 
216 	 41.678688 	 283.323761 	 298.516510 	 3.147581 	 98847.132812 	 657.861389 
217 	 41.678688 	 283.323761 	 297.932129 	 2.705122 	 98907.101562 	 587.675232 
218 	 41.678688 	 283.323761 	 300.127228 	 1.996402 	 98772.726562 	 686.483948 
219 	 41.678688 	 283.323761 	 301.179504 	 1.849654 	 98717.570312 	 712.049988 
220 	 41.678688 	 283.323761 	 302.815704 	 1.138107 	 98881.851562 	 713.809814 
221 	 41.678688 	 283.323761 	 301.945404 	 1.391450 	 98702.320312 	 705.130737 
222 	 41.678688 	 283.323761 	 303.011444 	 2.917655 	 98330.570312 	 716.137085 
223 	 41.678688 	 283.323761 	 302.779968 	 3.109884 	 98379.359375 	 712.034607 
224 	 41.678688 	 283.323761 	 296.903503 	 1.488213 	 99065.117188 	 667.374390 
225 	 41.678688 	 283.323761 	 295.982574 	 1.772439 	 99156.546875 	 548.814636 
226 	 41.678688 	 283.323761 	 299.362244 	 3.115471 	 98619.937500 	 669.664795 
227 	 41.678688 	 283.323761 	 297.460236 	 2.955560 	 98424.132812 	 587.413818 
228 	 41.678688 	 283.323761 	 295.222992 	 3.395473 	 98602.031250 	 656.240417 
229 	 41.678688 	 283.323761 	 291.903076 	 1.126680 	 98359.453125 	 506.841553 
230 	 41.678688 	 283.323761 	 294.921906 	 2.738006 	 97801.796875 	 564.799194 
231 	 41.678688 	 283.323761 	 294.110809 	 4.151192 	 97857.546875 	 669.666504 
232 	 41.678688 	 283.323761 	 293.389496 	 1.642451 	 98653.781250 	 586.318481 
233 	 41.678688 	 283.323761 	 297.212677 	 3.843814 	 98807.296875 	 592.259399 
234 	 41.678688 	 283.323761 	 296.702484 	 1.480544 	 98607.968750 	 638.673950 
235 	 41.678688 	 283.323761 	 297.476532 	 3.564864 	 98368.046875 	 627.647644 
236 	 41.678688 	 283.323761 	 292.475189 	 3.090079 	 98861.289062 	 638.643433 
237 	 41.678688 	 283.323761 	 290.387970 	 1.530429 	 99455.218750 	 613.861572 
238 	 41.678688 	 283.323761 	 294.449249 	 2.135351 	 99312.007812 	 634.473511 
239 	 41.678688 	 283.323761 	 296.375092 	 2.421522 	 98899.390625 	 599.210205 
240 	 41.678688 	 283.323761 	 297.859711 	 2.190961 	 98554.390625 	 622.049927 
241 	 41.678688 	 283.323761 	 301.237427 	 2.283012 	 98486.453125 	 665.794312 
242 	 41.678688 	 283.323761 	 299.016876 	 1.689589 	 98721.328125 	 654.347900 
243 	 41.678688 	 283.323761 	 305.486206 	 4.012998 	 98354.718750 	 681.101685 
244 	 41.678688 	 283.323761 	 298.560303 	 1.635335 	 99048.976562 	 642.114441 
245 	 41.678688 	 283.323761 	 295.315735 	 1.317387 	 98966.007812 	 527.708984 
246 	 41.678688 	 283.323761 	 299.150299 	 2.821532 	 98409.781250 	 649.562988 
247 	 41.678688 	 283.323761 	 299.356506 	 2.580308 	 98358.218750 	 638.285889 
248 	 41.678688 	 283.323761 	 299.787628 	 3.392223 	 98374.656250 	 520.147766 
249 	 41.678688 	 283.323761 	 300.438171 	 2.817114 	 98521.429688 	 634.872864 
250 	 41.678688 	 283.323761 	 293.726318 	 1.652187 	 99358.242188 	 606.409729 
251 	 41.678688 	 283.323761 	 292.822937 	 1.589245 	 99753.148438 	 601.890076 
252 	 41.678688 	 283.323761 	 296.323273 	 3.239617 	 99339.156250 	 618.857971 
253 	 41.678688 	 283.323761 	 297.114166 	 2.226023 	 98714.289062 	 459.202667 
254 	 41.678688 	 283.323761 	 297.851562 	 0.762680 	 98766.953125 	 629.573975 
255 	 41.678688 	 283.323761 	 300.281006 	 1.215522 	 98786.007812 	 635.246521 
256 	 41.678688 	 283.323761 	 300.392792 	 1.257037 	 98605.023438 	 623.275940 
257 	 41.678688 	 283.323761 	 298.287750 	 1.778417 	 99298.187500 	 614.684082 
258 	 41.678688 	 283.323761 	 296.672668 	 2.826091 	 99544.976562 	 558.966125 
259 	 41.678688 	 283.323761 	 297.166962 	 1.673602 	 99145.460938 	 610.985168 
260 	 41.678688 	 283.323761 	 295.176056 	 1.695505 	 98866.031250 	 495.169403 
261 	 41.678688 	 283.323761 	 294.744110 	 2.391043 	 98537.367188 	 553.256348 
262 	 41.678688 	 283.323761 	 287.546783 	 3.103474 	 99143.648438 	 532.880432 
263 	 41.678688 	 283.323761 	 286.310455 	 2.262377 	 99465.171875 	 538.198669 
264 	 41.678688 	 283.323761 	 293.259125 	 3.284480 	 98618.093750 	 541.723267 
265 	 41.678688 	 283.323761 	 292.357819 	 1.214106 	 98986.750000 	 549.612915 
266 	 41.678688 	 283.323761 	 296.128265 	 3.555169 	 99006.281250 	 565.490723 
267 	 41.678688 	 283.323761 	 298.744659 	 3.523509 	 98237.851562 	 529.927856 
268 	 41.678688 	 283.323761 	 287.854462 	 2.755456 	 97451.296875 	 503.740845 
269 	 41.678688 	 283.323761 	 284.860382 	 2.174185 	 97567.929688 	 482.553040 
270 	 41.678688 	 283.323761 	 284.431671 	 2.106880 	 98775.156250 	 530.496582 
271 	 41.678688 	 283.323761 	 286.039886 	 2.885427 	 99369.046875 	 434.208252 
272 	 41.678688 	 283.323761 	 286.597748 	 1.831265 	 99200.882812 	 473.632141 
273 	 41.678688 	 283.323761 	 284.873749 	 1.051192 	 99249.023438 	 511.640320 
274 	 41.678688 	 283.323761 	 284.601532 	 0.892174 	 99343.351562 	 497.908264 
275 	 41.678688 	 283.323761 	 285.453247 	 1.789454 	 99317.929688 	 411.135162 
276 	 41.678688 	 283.323761 	 284.677216 	 1.977216 	 99393.226562 	 422.939758 
277 	 41.678688 	 283.323761 	 282.907898 	 1.910999 	 99877.218750 	 497.295166 
278 	 41.678688 	 283.323761 	 283.770447 	 3.701042 	 100087.500000 	 395.694305 
279 	 41.678688 	 283.323761 	 290.799774 	 4.374003 	 99701.343750 	 518.574768 
280 	 41.678688 	 283.323761 	 293.488831 	 4.072741 	 99654.273438 	 542.481323 
281 	 41.678688 	 283.323761 	 292.471161 	 5.720074 	 99257.789062 	 460.321228 
282 	 41.678688 	 283.323761 	 283.827637 	 2.018200 	 99704.867188 	 470.278503 
283 	 41.678688 	 283.323761 	 284.340424 	 1.590798 	 100011.296875 	 472.612823 
284 	 41.678688 	 283.323761 	 286.564240 	 2.879696 	 99903.992188 	 484.342957 
285 	 41.678688 	 283.323761 	 290.562622 	 4.014970 	 99157.078125 	 434.742249 
286 	 41.678688 	 283.323761 	 282.054260 	 2.374879 	 99146.617188 	 457.374939 
287 	 41.678688 	 283.323761 	 281.312378 	 1.507812 	 99652.382812 	 447.759155 
288 	 41.678688 	 283.323761 	 281.347351 	 2.057787 	 100487.101562 	 455.421021 
289 	 41.678688 	 283.323761 	 286.163116 	 2.930228 	 100009.500000 	 466.575073 
290 	 41.678688 	 283.323761 	 289.955292 	 0.976828 	 99602.046875 	 524.429443 
291 	 41.678688 	 283.323761 	 288.846252 	 1.259446 	 99622.617188 	 473.396851 
292 	 41.678688 	 283.323761 	 289.732788 	 1.547103 	 99319.906250 	 454.683777 
293 	 41.678688 	 283.323761 	 289.749939 	 2.165758 	 98542.148438 	 447.041473 
294 	 41.678688 	 283.323761 	 280.291840 	 3.627831 	 98978.960938 	 455.563538 
295 	 41.678688 	 283.323761 	 277.425507 	 1.776260 	 99470.750000 	 410.244568 
296 	 41.678688 	 283.323761 	 281.198669 	 2.815711 	 99465.750000 	 418.073212 
297 	 41.678688 	 283.323761 	 284.418427 	 3.731524 	 98865.406250 	 468.629517 
298 	 41.678688 	 283.323761 	 279.664307 	 1.516317 	 99626.273438 	 424.095215 
299 	 41.678688 	 283.323761 	 283.123688 	 5.070397 	 98617.757812 	 407.337616 
300 	 41.678688 	 283.323761 	 278.300995 	 5.033448 	 98892.507812 	 390.501709 
301 	 41.678688 	 283.323761 	 275.182983 	 2.151077 	 99568.992188 	 390.561279 
302 	 41.678688 	 283.323761 	 277.402771 	 2.371170 	 99023.867188 	 359.660828 
303 	 41.678688 	 283.323761 	 279.565857 	 2.218773 	 98603.210938 	 415.457520 
304 	 41.678688 	 283.323761 	 280.987366 	 2.461418 	 98953.140625 	 424.062012 
305 	 41.678688 	 283.323761 	 284.938751 	 3.510955 	 98381.460938 	 429.341553 
306 	 41.678688 	 283.323761 	 280.986206 	 2.808293 	 99074.906250 	 380.352753 
307 	 41.678688 	 283.323761 	 277.123077 	 1.444553 	 99960.656250 	 402.405334 
308 	 41.678688 	 283.323761 	 284.838196 	 2.944509 	 98928.500000 	 374.727905 
309 	 41.678688 	 283.323761 	 281.711792 	 3.700299 	 98265.742188 	 410.838684 
310 	 41.678688 	 283.323761 	 278.412292 	 2.249548 	 98519.453125 	 410.876770 
311 	 41.678688 	 283.323761 	 277.690308 	 2.609245 	 97685.906250 	 355.379150 
312 	 41.678688 	 283.323761 	 279.612427 	 4.173751 	 97873.523438 	 375.012390 
313 	 41.678688 	 283.323761 	 277.574280 	 2.529223 	 99639.007812 	 357.494720 
314 	 41.678688 	 283.323761 	 285.028168 	 4.814198 	 99706.156250 	 373.221863 
315 	 41.678688 	 283.323761 	 289.439758 	 3.855134 	 99058.078125 	 417.043243 
316 	 41.678688 	 283.323761 	 278.174286 	 2.978984 	 99458.781250 	 355.792114 
317 	 41.678688 	 283.323761 	 275.343445 	 2.462966 	 100020.500000 	 372.643219 
318 	 41.678688 	 283.323761 	 274.466003 	 1.535419 	 100489.703125 	 385.328033 
319 	 41.678688 	 283.323761 	 279.060699 	 3.914854 	 100101.500000 	 359.180115 
320 	 41.678688 	 283.323761 	 284.088898 	 1.848167 	 99332.328125 	 380.147797 
321 	 41.678688 	 283.323761 	 285.564575 	 1.615176 	 99273.578125 	 408.844299 
322 	 41.678688 	 283.323761 	 290.518951 	 4.039740 	 98823.703125 	 419.492340 
323 	 41.678688 	 283.323761 	 292.055603 	 4.120506 	 98389.703125 	 461.810364 
324 	 41.678688 	 283.323761 	 282.660309 	 6.049331 	 97976.507812 	 390.401611 
325 	 41.678688 	 283.323761 	 275.816132 	 3.788113 	 99449.453125 	 352.131348 
326 	 41.678688 	 283.323761 	 276.238007 	 1.366260 	 100262.601562 	 367.413086 
327 	 41.678688 	 283.323761 	 276.975098 	 3.170715 	 100600.203125 	 364.977173 
328 	 41.678688 	 283.323761 	 280.146545 	 2.995184 	 100012.703125 	 381.474701 
329 	 41.678688 	 283.323761 	 283.666595 	 3.344049 	 99153.796875 	 398.642090 
330 	 41.678688 	 283.323761 	 281.056274 	 1.255308 	 99118.351562 	 385.926819 
331 	 41.678688 	 283.323761 	 286.088654 	 2.832823 	 98757.632812 	 416.475464 
332 	 41.678688 	 283.323761 	 281.077789 	 3.007213 	 98441.859375 	 374.339783 
333 	 41.678688 	 283.323761 	 278.139618 	 3.229347 	 98819.523438 	 378.612793 
334 	 41.678688 	 283.323761 	 278.827667 	 4.089967 	 98372.726562 	 385.310913 
335 	 41.678688 	 283.323761 	 276.206909 	 3.344496 	 98838.750000 	 319.291931 
336 	 41.678688 	 283.323761 	 275.482300 	 2.319304 	 98939.773438 	 324.994263 
337 	 41.678688 	 283.323761 	 275.650665 	 3.964353 	 99518.289062 	 328.778290 
338 	 41.678688 	 283.323761 	 280.300934 	 3.039325 	 99409.289062 	 366.562805 
339 	 41.678688 	 283.323761 	 277.559448 	 2.278283 	 100648.398438 	 356.884064 
340 	 41.678688 	 283.323761 	 278.059998 	 3.854693 	 101167.101562 	 331.296478 
341 	 41.678688 	 283.323761 	 286.967010 	 5.161403 	 100248.796875 	 410.173676 
342 	 41.678688 	 283.323761 	 289.734283 	 6.571876 	 98640.937500 	 420.791168 
343 	 41.678688 	 283.323761 	 277.416656 	 3.544371 	 98513.960938 	 354.477600 
344 	 41.678688 	 283.323761 	 274.702850 	 2.719814 	 99203.562500 	 338.410553 
345 	 41.678688 	 283.323761 	 277.647095 	 1.880892 	 99159.273438 	 357.472565 
346 	 41.678688 	 283.323761 	 278.328461 	 2.146081 	 98720.492188 	 357.966278 
347 	 41.678688 	 283.323761 	 271.928162 	 3.356435 	 99196.632812 	 358.685822 
348 	 41.678688 	 283.323761 	 267.338135 	 1.354839 	 99300.710938 	 314.872925 
349 	 41.678688 	 283.323761 	 270.390808 	 2.210151 	 98783.328125 	 351.740295 
350 	 41.678688 	 283.323761 	 272.461121 	 1.387065 	 99033.046875 	 331.885712 
351 	 41.678688 	 283.323761 	 274.561493 	 2.953764 	 98903.093750 	 314.050018 
352 	 41.678688 	 283.323761 	 270.781219 	 2.146266 	 100264.101562 	 310.270447 
353 	 41.678688 	 283.323761 	 270.390594 	 1.598345 	 100687.500000 	 302.572998 
354 	 41.678688 	 283.323761 	 274.462097 	 1.439984 	 100257.898438 	 335.108459 
355 	 41.678688 	 283.323761 	 280.274109 	 3.243956 	 99618.148438 	 335.958069 
356 	 41.678688 	 283.323761 	 283.563995 	 2.979681 	 97658.242188 	 393.456299 
357 	 41.678688 	 283.323761 	 278.532806 	 4.204818 	 97139.359375 	 385.437134 
358 	 41.678688 	 283.323761 	 275.151947 	 3.217787 	 97752.023438 	 374.047760 
359 	 41.678688 	 283.323761 	 274.147491 	 3.026509 	 98479.117188 	 340.156464 
360 	 41.678688 	 283.323761 	 276.918976 	 2.173833 	 97772.992188 	 347.924530 
361 	 41.678688 	 283.323761 	 273.171204 	 2.445827 	 96633.406250 	 321.415680 
362 	 41.678688 	 283.323761 	 273.253357 	 3.567492 	 96469.726562 	 320.642273 
363 	 41.678688 	 283.323761 	 271.586609 	 2.699968 	 97830.203125 	 340.349579 
364 	 41.678688 	 283.323761 	 270.199829 	 2.925677 	 99103.031250 	 315.751923 
