# 0: Day of Year [-] 	 1: lat [deg] 	 2: lon [deg] 	 3: tas [K] 	 4: sfcWind [m s-1] 	 5: ps [Pa] 	 6: Total Downwelling Rad Flux [W m-2] 
0 	 41.678688 	 283.323761 	 276.472717 	 3.995575 	 98106.218750 	 364.215118 
1 	 41.678688 	 283.323761 	 271.461609 	 2.377006 	 98840.679688 	 325.049072 
2 	 41.678688 	 283.323761 	 269.030426 	 1.648968 	 99050.070312 	 329.436340 
3 	 41.678688 	 283.323761 	 266.948700 	 1.699364 	 99305.289062 	 324.363220 
4 	 41.678688 	 283.323761 	 268.415375 	 0.959444 	 99533.656250 	 304.760376 
5 	 41.678688 	 283.323761 	 270.045166 	 1.247324 	 99316.218750 	 299.971161 
6 	 41.678688 	 283.323761 	 274.106415 	 2.888396 	 99050.039062 	 326.678040 
7 	 41.678688 	 283.323761 	 273.843689 	 1.291049 	 98947.562500 	 332.290710 
8 	 41.678688 	 283.323761 	 278.067383 	 3.354567 	 98653.140625 	 363.991852 
9 	 41.678688 	 283.323761 	 275.897461 	 1.377039 	 98316.023438 	 317.231171 
10 	 41.678688 	 283.323761 	 274.805084 	 1.873384 	 97687.976562 	 329.493103 
11 	 41.678688 	 283.323761 	 274.069275 	 1.460769 	 97710.406250 	 322.028137 
12 	 41.678688 	 283.323761 	 271.252655 	 2.298594 	 97782.226562 	 338.943909 
13 	 41.678688 	 283.323761 	 272.902588 	 3.642158 	 98568.640625 	 298.662048 
14 	 41.678688 	 283.323761 	 273.286743 	 2.548531 	 98505.296875 	 335.225067 
15 	 41.678688 	 283.323761 	 274.705902 	 2.314898 	 98685.562500 	 365.699432 
16 	 41.678688 	 283.323761 	 277.118042 	 1.852165 	 99212.078125 	 356.702087 
17 	 41.678688 	 283.323761 	 278.850403 	 1.956763 	 99582.718750 	 353.697632 
18 	 41.678688 	 283.323761 	 281.883606 	 5.139457 	 99256.351562 	 345.331879 
19 	 41.678688 	 283.323761 	 284.889435 	 3.735511 	 98701.328125 	 409.464661 
20 	 41.678688 	 283.323761 	 279.319946 	 1.674206 	 99469.437500 	 385.587036 
21 	 41.678688 	 283.323761 	 280.076263 	 1.217591 	 99841.523438 	 400.674042 
22 	 41.678688 	 283.323761 	 283.827789 	 2.609533 	 99271.242188 	 380.803101 
23 	 41.678688 	 283.323761 	 285.748932 	 3.921686 	 97476.046875 	 409.310028 
24 	 41.678688 	 283.323761 	 272.894592 	 5.254055 	 98191.687500 	 354.976776 
25 	 41.678688 	 283.323761 	 274.147400 	 2.953088 	 99102.476562 	 351.483704 
26 	 41.678688 	 283.323761 	 275.466064 	 3.046152 	 98538.578125 	 350.780151 
27 	 41.678688 	 283.323761 	 269.993530 	 2.905340 	 99440.328125 	 348.321045 
28 	 41.678688 	 283.323761 	 269.786499 	 1.386498 	 100220.203125 	 342.294373 
29 	 41.678688 	 283.323761 	 270.809723 	 0.971421 	 100070.796875 	 336.836914 
30 	 41.678688 	 283.323761 	 273.407623 	 2.759238 	 99174.210938 	 328.376526 
31 	 41.678688 	 283.323761 	 273.142242 	 1.508788 	 99164.453125 	 381.346985 
32 	 41.678688 	 283.323761 	 274.756409 	 2.459414 	 98975.820312 	 315.638489 
33 	 41.678688 	 283.323761 	 273.014160 	 2.716199 	 99268.281250 	 393.371399 
34 	 41.678688 	 283.323761 	 267.728271 	 1.115157 	 99791.257812 	 314.290222 
35 	 41.678688 	 283.323761 	 267.776093 	 3.215308 	 100033.601562 	 381.973389 
36 	 41.678688 	 283.323761 	 268.907990 	 2.109054 	 100329.398438 	 353.445801 
37 	 41.678688 	 283.323761 	 272.923370 	 1.996615 	 99672.390625 	 316.064789 
38 	 41.678688 	 283.323761 	 274.389709 	 0.976357 	 99487.546875 	 349.020599 
39 	 41.678688 	 283.323761 	 274.817261 	 1.609056 	 99482.656250 	 417.772766 
40 	 41.678688 	 283.323761 	 274.281494 	 0.843296 	 99463.687500 	 383.479980 
41 	 41.678688 	 283.323761 	 274.306396 	 1.536440 	 99239.070312 	 318.723755 
42 	 41.678688 	 283.323761 	 278.306549 	 2.755101 	 97614.101562 	 370.645081 
43 	 41.678688 	 283.323761 	 273.765900 	 3.341223 	 98200.117188 	 373.335022 
44 	 41.678688 	 283.323761 	 270.508728 	 2.674081 	 98949.773438 	 407.821167 
45 	 41.678688 	 283.323761 	 270.213196 	 2.256554 	 98687.500000 	 339.120361 
46 	 41.678688 	 283.323761 	 273.061310 	 1.996554 	 98567.046875 	 422.545471 
47 	 41.678688 	 283.323761 	 277.890717 	 2.542968 	 98510.703125 	 414.684845 
48 	 41.678688 	 283.323761 	 281.072906 	 1.591519 	 98472.523438 	 436.104004 
49 	 41.678688 	 283.323761 	 279.629608 	 1.537727 	 98808.648438 	 436.110840 
50 	 41.678688 	 283.323761 	 281.561493 	 1.684436 	 98737.343750 	 386.750732 
51 	 41.678688 	 283.323761 	 282.264618 	 2.507067 	 97542.382812 	 409.507843 
52 	 41.678688 	 283.323761 	 281.626556 	 2.592966 	 96558.109375 	 394.916687 
53 	 41.678688 	 283.323761 	 271.660004 	 6.984934 	 96067.226562 	 415.443176 
54 	 41.678688 	 283.323761 	 271.847687 	 3.424173 	 99096.406250 	 343.540344 
55 	 41.678688 	 283.323761 	 281.542236 	 4.936218 	 99212.710938 	 427.660645 
56 	 41.678688 	 283.323761 	 281.363220 	 1.037483 	 99360.656250 	 376.418762 
57 	 41.678688 	 283.323761 	 283.523712 	 1.627347 	 98942.390625 	 428.272430 
58 	 41.678688 	 283.323761 	 283.239929 	 2.056520 	 98777.359375 	 407.115662 
59 	 41.678688 	 283.323761 	 276.307281 	 3.074403 	 99637.781250 	 426.819305 
60 	 41.678688 	 283.323761 	 274.550232 	 2.365354 	 100121.398438 	 418.397552 
61 	 41.678688 	 283.323761 	 276.175964 	 2.915670 	 99788.539062 	 351.565613 
62 	 41.678688 	 283.323761 	 277.311920 	 2.836432 	 99966.187500 	 383.854645 
63 	 41.678688 	 283.323761 	 286.730896 	 4.726231 	 99052.429688 	 500.834717 
64 	 41.678688 	 283.323761 	 279.321899 	 2.508426 	 99820.453125 	 476.442810 
65 	 41.678688 	 283.323761 	 281.847076 	 3.670514 	 99890.968750 	 464.107361 
66 	 41.678688 	 283.323761 	 288.121002 	 4.627573 	 98698.937500 	 434.281616 
67 	 41.678688 	 283.323761 	 280.520020 	 4.141963 	 97944.429688 	 448.167694 
68 	 41.678688 	 283.323761 	 274.336761 	 4.124650 	 98284.296875 	 458.387146 
69 	 41.678688 	 283.323761 	 268.899475 	 3.159984 	 98985.117188 	 416.650635 
70 	 41.678688 	 283.323761 	 268.460205 	 2.216707 	 99186.468750 	 420.518280 
71 	 41.678688 	 283.323761 	 271.778778 	 1.693510 	 98812.343750 	 437.764038 
72 	 41.678688 	 283.323761 	 278.162933 	 2.099761 	 98823.390625 	 487.621155 
73 	 41.678688 	 283.323761 	 279.716461 	 2.009536 	 99248.429688 	 484.606445 
74 	 41.678688 	 283.323761 	 281.886810 	 2.187717 	 99010.726562 	 493.601227 
75 	 41.678688 	 283.323761 	 284.987274 	 1.844203 	 98621.726562 	 471.863220 
76 	 41.678688 	 283.323761 	 285.129364 	 3.763387 	 97895.156250 	 407.980194 
77 	 41.678688 	 283.323761 	 275.084930 	 5.299353 	 97322.562500 	 442.862122 
78 	 41.678688 	 283.323761 	 269.699341 	 2.505655 	 99053.898438 	 450.810425 
79 	 41.678688 	 283.323761 	 276.219788 	 3.964569 	 98767.953125 	 382.652374 
80 	 41.678688 	 283.323761 	 283.546082 	 4.135327 	 97872.296875 	 410.041687 
81 	 41.678688 	 283.323761 	 279.060394 	 3.724128 	 98382.226562 	 515.914001 
82 	 41.678688 	 283.323761 	 278.762817 	 2.403720 	 99206.523438 	 479.863892 
83 	 41.678688 	 283.323761 	 286.140961 	 2.829105 	 98635.281250 	 515.334656 
84 	 41.678688 	 283.323761 	 282.033997 	 2.150407 	 98874.296875 	 398.043701 
85 	 41.678688 	 283.323761 	 276.017029 	 3.096402 	 99183.226562 	 508.114502 
86 	 41.678688 	 283.323761 	 278.296783 	 1.348486 	 99178.429688 	 538.334473 
87 	 41.678688 	 283.323761 	 272.740906 	 3.559155 	 100253.703125 	 336.327545 
88 	 41.678688 	 283.323761 	 281.657898 	 4.568105 	 98876.976562 	 409.836975 
89 	 41.678688 	 283.323761 	 282.106049 	 3.064366 	 97945.523438 	 493.518402 
90 	 41.678688 	 283.323761 	 277.499817 	 2.120684 	 98584.742188 	 519.990601 
91 	 41.678688 	 283.323761 	 279.254059 	 2.227401 	 98935.898438 	 524.235413 
92 	 41.678688 	 283.323761 	 279.602325 	 1.038663 	 98486.031250 	 526.035034 
93 	 41.678688 	 283.323761 	 281.788666 	 2.807491 	 98140.960938 	 435.905579 
94 	 41.678688 	 283.323761 	 280.242554 	 1.738111 	 98417.648438 	 532.057129 
95 	 41.678688 	 283.323761 	 279.066437 	 3.001209 	 98403.093750 	 488.178314 
96 	 41.678688 	 283.323761 	 275.314178 	 3.390185 	 98850.796875 	 536.923279 
97 	 41.678688 	 283.323761 	 276.529144 	 2.154327 	 99513.898438 	 520.004578 
98 	 41.678688 	 283.323761 	 283.518921 	 3.095552 	 98915.093750 	 448.874817 
99 	 41.678688 	 283.323761 	 281.456146 	 1.990805 	 99588.882812 	 547.824524 
100 	 41.678688 	 283.323761 	 282.353180 	 1.548410 	 99726.031250 	 558.143799 
101 	 41.678688 	 283.323761 	 289.403992 	 2.666692 	 98598.812500 	 595.218018 
102 	 41.678688 	 283.323761 	 288.006256 	 3.127134 	 98153.921875 	 431.164185 
103 	 41.678688 	 283.323761 	 283.928619 	 2.508624 	 99103.039062 	 519.323120 
104 	 41.678688 	 283.323761 	 282.625763 	 1.482171 	 99611.726562 	 564.507324 
105 	 41.678688 	 283.323761 	 287.265594 	 2.755376 	 99257.070312 	 550.180847 
106 	 41.678688 	 283.323761 	 291.967926 	 2.209583 	 98803.867188 	 624.653625 
107 	 41.678688 	 283.323761 	 288.261200 	 2.540494 	 98576.039062 	 548.998535 
108 	 41.678688 	 283.323761 	 295.427368 	 4.032105 	 98083.703125 	 636.862915 
109 	 41.678688 	 283.323761 	 294.909454 	 2.505422 	 98532.710938 	 629.285400 
110 	 41.678688 	 283.323761 	 295.574860 	 2.304991 	 98588.406250 	 618.710999 
111 	 41.678688 	 283.323761 	 295.787476 	 3.037706 	 98357.023438 	 645.519714 
112 	 41.678688 	 283.323761 	 293.151459 	 4.191494 	 97929.171875 	 587.010437 
113 	 41.678688 	 283.323761 	 283.604492 	 3.018408 	 98656.109375 	 583.185669 
114 	 41.678688 	 283.323761 	 284.441559 	 2.642655 	 98611.507812 	 428.411438 
115 	 41.678688 	 283.323761 	 287.977081 	 3.745523 	 97612.203125 	 434.650940 
116 	 41.678688 	 283.323761 	 281.913635 	 5.105258 	 97049.453125 	 506.064087 
117 	 41.678688 	 283.323761 	 280.408813 	 3.095421 	 97520.773438 	 539.867737 
118 	 41.678688 	 283.323761 	 283.425690 	 3.113857 	 97399.382812 	 485.537964 
119 	 41.678688 	 283.323761 	 287.679626 	 3.805151 	 96977.726562 	 537.734436 
120 	 41.678688 	 283.323761 	 283.725952 	 5.208664 	 96362.406250 	 555.629395 
121 	 41.678688 	 283.323761 	 280.519714 	 2.507373 	 96961.250000 	 382.135742 
122 	 41.678688 	 283.323761 	 276.992737 	 3.625345 	 97219.210938 	 530.958862 
123 	 41.678688 	 283.323761 	 277.470215 	 3.215827 	 98570.617188 	 585.036499 
124 	 41.678688 	 283.323761 	 280.552094 	 0.995580 	 99315.617188 	 604.353760 
125 	 41.678688 	 283.323761 	 283.840271 	 2.772315 	 99222.078125 	 411.083954 
126 	 41.678688 	 283.323761 	 288.870575 	 3.502930 	 98544.617188 	 639.969727 
127 	 41.678688 	 283.323761 	 288.176147 	 2.334467 	 98954.796875 	 611.562561 
128 	 41.678688 	 283.323761 	 291.630310 	 3.658127 	 99007.523438 	 624.637695 
129 	 41.678688 	 283.323761 	 296.169342 	 4.549192 	 98274.507812 	 600.478516 
130 	 41.678688 	 283.323761 	 291.072479 	 2.401061 	 98492.351562 	 531.927307 
131 	 41.678688 	 283.323761 	 286.047028 	 1.681088 	 98245.273438 	 458.474213 
132 	 41.678688 	 283.323761 	 282.631989 	 4.356055 	 97953.843750 	 638.755737 
133 	 41.678688 	 283.323761 	 285.387482 	 2.605093 	 98969.687500 	 587.154663 
134 	 41.678688 	 283.323761 	 291.381805 	 4.070147 	 99069.070312 	 647.858154 
135 	 41.678688 	 283.323761 	 292.417145 	 2.513243 	 99152.289062 	 682.496704 
136 	 41.678688 	 283.323761 	 290.973267 	 2.739847 	 99700.546875 	 566.448242 
137 	 41.678688 	 283.323761 	 294.308167 	 3.873890 	 99738.789062 	 684.220215 
138 	 41.678688 	 283.323761 	 296.618896 	 2.726372 	 99684.296875 	 683.946350 
139 	 41.678688 	 283.323761 	 296.788971 	 2.450950 	 99673.367188 	 680.622498 
140 	 41.678688 	 283.323761 	 295.520538 	 1.535415 	 99420.671875 	 675.947754 
141 	 41.678688 	 283.323761 	 296.079376 	 2.044511 	 99184.273438 	 689.356812 
142 	 41.678688 	 283.323761 	 297.811127 	 3.113063 	 98687.148438 	 683.702759 
143 	 41.678688 	 283.323761 	 295.987030 	 3.545487 	 98417.203125 	 572.697083 
144 	 41.678688 	 283.323761 	 294.103394 	 1.999381 	 99164.093750 	 681.417358 
145 	 41.678688 	 283.323761 	 296.935486 	 3.161208 	 98829.843750 	 689.999023 
146 	 41.678688 	 283.323761 	 299.151428 	 3.003063 	 98255.578125 	 689.735840 
147 	 41.678688 	 283.323761 	 299.300507 	 2.698652 	 98390.960938 	 698.171204 
148 	 41.678688 	 283.323761 	 296.035034 	 1.451535 	 98975.046875 	 566.009460 
149 	 41.678688 	 283.323761 	 296.127808 	 3.066289 	 98559.296875 	 686.897461 
150 	 41.678688 	 283.323761 	 295.862671 	 2.259063 	 98001.039062 	 670.774902 
151 	 41.678688 	 283.323761 	 295.540741 	 1.681930 	 98285.117188 	 597.641052 
152 	 41.678688 	 283.323761 	 292.911316 	 2.341848 	 98695.859375 	 470.420441 
153 	 41.678688 	 283.323761 	 293.278503 	 3.967475 	 98430.679688 	 536.501770 
154 	 41.678688 	 283.323761 	 294.204315 	 3.991055 	 98027.210938 	 671.174316 
155 	 41.678688 	 283.323761 	 291.970703 	 2.703149 	 97645.156250 	 520.752502 
156 	 41.678688 	 283.323761 	 288.536407 	 3.533653 	 98213.992188 	 680.174805 
157 	 41.678688 	 283.323761 	 288.854950 	 2.256913 	 98600.507812 	 654.599243 
158 	 41.678688 	 283.323761 	 290.661682 	 1.964864 	 98026.781250 	 525.366699 
159 	 41.678688 	 283.323761 	 291.638000 	 2.085027 	 97986.187500 	 657.912720 
160 	 41.678688 	 283.323761 	 289.228607 	 2.004769 	 98359.453125 	 515.213257 
161 	 41.678688 	 283.323761 	 291.578705 	 2.612183 	 98775.953125 	 500.140930 
162 	 41.678688 	 283.323761 	 295.153229 	 4.615219 	 98393.703125 	 638.721680 
163 	 41.678688 	 283.323761 	 295.244385 	 4.541509 	 97623.976562 	 539.193298 
164 	 41.678688 	 283.323761 	 292.076416 	 3.150516 	 98460.023438 	 685.809204 
165 	 41.678688 	 283.323761 	 291.225098 	 0.913703 	 98907.101562 	 673.702148 
166 	 41.678688 	 283.323761 	 293.670776 	 1.070529 	 98521.273438 	 672.470581 
167 	 41.678688 	 283.323761 	 294.993195 	 2.422421 	 98304.617188 	 686.791016 
168 	 41.678688 	 283.323761 	 292.941925 	 1.200469 	 98596.921875 	 611.315430 
169 	 41.678688 	 283.323761 	 294.598206 	 1.411839 	 98775.312500 	 715.846802 
170 	 41.678688 	 283.323761 	 295.419617 	 1.002435 	 98917.656250 	 705.878906 
171 	 41.678688 	 283.323761 	 297.677887 	 2.331223 	 98677.781250 	 659.886536 
172 	 41.678688 	 283.323761 	 299.123077 	 1.609042 	 98291.750000 	 691.473145 
173 	 41.678688 	 283.323761 	 300.852875 	 1.878954 	 98189.570312 	 732.453125 
174 	 41.678688 	 283.323761 	 301.072357 	 1.753713 	 98410.179688 	 728.821533 
175 	 41.678688 	 283.323761 	 298.976471 	 1.220851 	 98679.906250 	 729.908203 
176 	 41.678688 	 283.323761 	 300.237091 	 2.814135 	 98503.289062 	 720.648560 
177 	 41.678688 	 283.323761 	 301.955597 	 3.054729 	 98611.453125 	 747.194763 
178 	 41.678688 	 283.323761 	 304.650269 	 3.577783 	 98626.023438 	 753.901367 
179 	 41.678688 	 283.323761 	 301.921570 	 2.929635 	 98548.398438 	 725.485840 
180 	 41.678688 	 283.323761 	 298.290802 	 3.059107 	 98434.898438 	 626.554138 
181 	 41.678688 	 283.323761 	 297.916229 	 2.804628 	 98581.156250 	 704.625610 
182 	 41.678688 	 283.323761 	 299.018280 	 3.129285 	 98668.320312 	 698.258423 
183 	 41.678688 	 283.323761 	 300.871521 	 2.993158 	 98790.531250 	 683.927124 
184 	 41.678688 	 283.323761 	 300.259247 	 2.755394 	 99011.859375 	 734.261963 
185 	 41.678688 	 283.323761 	 298.968750 	 2.498599 	 98952.500000 	 703.520264 
186 	 41.678688 	 283.323761 	 298.025330 	 1.234662 	 98946.640625 	 644.110596 
187 	 41.678688 	 283.323761 	 298.938873 	 1.904779 	 98661.781250 	 585.150757 
188 	 41.678688 	 283.323761 	 299.685425 	 1.892877 	 98388.703125 	 641.882324 
189 	 41.678688 	 283.323761 	 298.936066 	 1.426801 	 98413.000000 	 687.600220 
190 	 41.678688 	 283.323761 	 300.447754 	 1.385218 	 98533.382812 	 704.396484 
191 	 41.678688 	 283.323761 	 300.765839 	 2.399905 	 98496.523438 	 738.142334 
192 	 41.678688 	 283.323761 	 299.861298 	 2.267838 	 98284.718750 	 736.347107 
193 	 41.678688 	 283.323761 	 296.424591 	 3.094770 	 98500.320312 	 692.943115 
194 	 41.678688 	 283.323761 	 292.723053 	 1.541311 	 98670.273438 	 628.867920 
195 	 41.678688 	 283.323761 	 294.953094 	 1.590509 	 98804.546875 	 703.972534 
196 	 41.678688 	 283.323761 	 297.149567 	 4.939733 	 98531.210938 	 635.770508 
197 	 41.678688 	 283.323761 	 297.201630 	 2.636350 	 98204.968750 	 711.918335 
198 	 41.678688 	 283.323761 	 296.109772 	 1.560194 	 98442.101562 	 664.336121 
199 	 41.678688 	 283.323761 	 296.984406 	 1.934054 	 98378.601562 	 651.926697 
200 	 41.678688 	 283.323761 	 296.779999 	 3.190620 	 98140.726562 	 561.483521 
201 	 41.678688 	 283.323761 	 294.356049 	 1.513304 	 98119.203125 	 635.795776 
202 	 41.678688 	 283.323761 	 294.855438 	 1.129190 	 98196.726562 	 593.593933 
203 	 41.678688 	 283.323761 	 297.031921 	 3.078665 	 98177.531250 	 566.645813 
204 	 41.678688 	 283.323761 	 293.919464 	 2.658515 	 98823.531250 	 558.452087 
205 	 41.678688 	 283.323761 	 293.681549 	 1.174181 	 99042.851562 	 675.622559 
206 	 41.678688 	 283.323761 	 295.574036 	 3.595747 	 98832.546875 	 612.793945 
207 	 41.678688 	 283.323761 	 296.308563 	 4.217978 	 98446.531250 	 543.457153 
208 	 41.678688 	 283.323761 	 298.381165 	 3.634382 	 98815.718750 	 686.789062 
209 	 41.678688 	 283.323761 	 296.761841 	 2.020794 	 99335.562500 	 632.717651 
210 	 41.678688 	 283.323761 	 296.776398 	 1.807230 	 99496.210938 	 659.484131 
211 	 41.678688 	 283.323761 	 296.608276 	 1.382303 	 99453.171875 	 663.429077 
212 	 41.678688 	 283.323761 	 296.609589 	 2.974824 	 99212.617188 	 594.371094 
213 	 41.678688 	 283.323761 	 297.358673 	 2.843041 	 98995.476562 	 661.807678 
214 	 41.678688 	 283.323761 	 297.640656 	 2.630780 	 98899.546875 	 693.304443 
215 	 41.678688 	 283.323761 	 295.729034 	 1.877655 	 98827.218750 	 661.043213 
216 	 41.678688 	 283.323761 	 298.753082 	 2.716451 	 98158.992188 	 679.746338 
217 	 41.678688 	 283.323761 	 296.247314 	 1.364358 	 98383.226562 	 674.337158 
218 	 41.678688 	 283.323761 	 298.353027 	 0.835551 	 98649.546875 	 696.815308 
219 	 41.678688 	 283.323761 	 300.291626 	 1.792100 	 98435.960938 	 617.296265 
220 	 41.678688 	 283.323761 	 299.575287 	 3.445693 	 98158.101562 	 691.650208 
221 	 41.678688 	 283.323761 	 296.331696 	 1.669305 	 98467.867188 	 657.542664 
222 	 41.678688 	 283.323761 	 300.427856 	 3.581206 	 98050.226562 	 689.506531 
223 	 41.678688 	 283.323761 	 296.746033 	 2.709905 	 98280.976562 	 662.259888 
224 	 41.678688 	 283.323761 	 294.120880 	 1.902971 	 98820.281250 	 657.421326 
225 	 41.678688 	 283.323761 	 291.910492 	 1.205753 	 98810.812500 	 488.010559 
226 	 41.678688 	 283.323761 	 293.981171 	 1.122981 	 98825.757812 	 647.916992 
227 	 41.678688 	 283.323761 	 296.650085 	 3.275796 	 98935.570312 	 609.940430 
228 	 41.678688 	 283.323761 	 299.555573 	 3.360986 	 98455.117188 	 644.359192 
229 	 41.678688 	 283.323761 	 296.476593 	 3.444992 	 98126.632812 	 630.668274 
230 	 41.678688 	 283.323761 	 294.932129 	 1.557215 	 98768.570312 	 664.474182 
231 	 41.678688 	 283.323761 	 294.997864 	 1.289177 	 98972.007812 	 636.155762 
232 	 41.678688 	 283.323761 	 295.513245 	 1.102951 	 98870.367188 	 626.382263 
233 	 41.678688 	 283.323761 	 293.839355 	 2.264239 	 98457.796875 	 428.933807 
234 	 41.678688 	 283.323761 	 293.615784 	 1.460300 	 98390.000000 	 554.594543 
235 	 41.678688 	 283.323761 	 292.630066 	 0.881832 	 98761.023438 	 607.750488 
236 	 41.678688 	 283.323761 	 294.567139 	 1.413984 	 98683.773438 	 621.307129 
237 	 41.678688 	 283.323761 	 294.871948 	 1.933621 	 98591.023438 	 644.831909 
238 	 41.678688 	 283.323761 	 293.483002 	 2.430669 	 98878.601562 	 614.748169 
239 	 41.678688 	 283.323761 	 291.449432 	 0.658187 	 99189.632812 	 612.903076 
240 	 41.678688 	 283.323761 	 295.671234 	 1.224680 	 99253.726562 	 642.392090 
241 	 41.678688 	 283.323761 	 299.658051 	 2.316445 	 99046.578125 	 671.376526 
242 	 41.678688 	 283.323761 	 298.819031 	 1.560556 	 98933.796875 	 613.905701 
243 	 41.678688 	 283.323761 	 300.133545 	 3.095489 	 98394.960938 	 651.522705 
244 	 41.678688 	 283.323761 	 291.532440 	 3.220926 	 98932.742188 	 631.984375 
245 	 41.678688 	 283.323761 	 289.609161 	 2.507381 	 99172.742188 	 546.679199 
246 	 41.678688 	 283.323761 	 301.825134 	 3.243771 	 98499.179688 	 644.149292 
247 	 41.678688 	 283.323761 	 298.861053 	 1.612551 	 98970.687500 	 552.672119 
248 	 41.678688 	 283.323761 	 297.252533 	 1.635307 	 99278.109375 	 610.445068 
249 	 41.678688 	 283.323761 	 298.632385 	 1.594913 	 99560.937500 	 643.998718 
250 	 41.678688 	 283.323761 	 300.243835 	 1.650243 	 99328.953125 	 654.905151 
251 	 41.678688 	 283.323761 	 298.155670 	 1.940615 	 98689.882812 	 621.802979 
252 	 41.678688 	 283.323761 	 298.192627 	 2.402564 	 98125.460938 	 599.063843 
253 	 41.678688 	 283.323761 	 291.517029 	 3.595435 	 98632.671875 	 581.254395 
254 	 41.678688 	 283.323761 	 288.762634 	 2.164784 	 99459.992188 	 563.558899 
255 	 41.678688 	 283.323761 	 296.143250 	 4.091947 	 98663.609375 	 595.501160 
256 	 41.678688 	 283.323761 	 296.522552 	 3.888988 	 98191.117188 	 557.416931 
257 	 41.678688 	 283.323761 	 287.187866 	 3.171664 	 99254.382812 	 571.898315 
258 	 41.678688 	 283.323761 	 285.455505 	 2.189899 	 99814.843750 	 528.506348 
259 	 41.678688 	 283.323761 	 291.391357 	 4.015862 	 99158.546875 	 546.048340 
260 	 41.678688 	 283.323761 	 296.229767 	 3.332718 	 98748.031250 	 556.332947 
261 	 41.678688 	 283.323761 	 297.807709 	 2.474676 	 99064.882812 	 592.445435 
262 	 41.678688 	 283.323761 	 295.215576 	 1.840803 	 99643.093750 	 517.920898 
263 	 41.678688 	 283.323761 	 298.031921 	 2.357586 	 99148.312500 	 583.443542 
264 	 41.678688 	 283.323761 	 297.290314 	 1.050863 	 99120.781250 	 566.141479 
265 	 41.678688 	 283.323761 	 296.529938 	 1.445462 	 99196.476562 	 590.974609 
266 	 41.678688 	 283.323761 	 297.043640 	 2.371677 	 98988.421875 	 590.345642 
267 	 41.678688 	 283.323761 	 296.840240 	 1.882417 	 98823.296875 	 540.345276 
268 	 41.678688 	 283.323761 	 291.839172 	 1.559002 	 98960.703125 	 524.421204 
269 	 41.678688 	 283.323761 	 286.724030 	 2.892889 	 99083.273438 	 476.012939 
270 	 41.678688 	 283.323761 	 284.354736 	 3.145540 	 99952.882812 	 525.864563 
271 	 41.678688 	 283.323761 	 284.874268 	 1.414325 	 99786.562500 	 513.202515 
272 	 41.678688 	 283.323761 	 289.675507 	 1.777850 	 99009.796875 	 530.859619 
273 	 41.678688 	 283.323761 	 289.475433 	 0.792145 	 98926.179688 	 530.160645 
274 	 41.678688 	 283.323761 	 289.586395 	 1.113264 	 99007.000000 	 533.585876 
275 	 41.678688 	 283.323761 	 287.972687 	 0.287817 	 99249.593750 	 527.177856 
276 	 41.678688 	 283.323761 	 291.562225 	 1.705755 	 99631.171875 	 539.267090 
277 	 41.678688 	 283.323761 	 290.604218 	 2.666093 	 99862.273438 	 474.752228 
278 	 41.678688 	 283.323761 	 290.002594 	 2.065483 	 99599.039062 	 487.451843 
279 	 41.678688 	 283.323761 	 289.584320 	 1.122125 	 99010.570312 	 472.422852 
280 	 41.678688 	 283.323761 	 289.387054 	 1.829736 	 98312.882812 	 451.720703 
281 	 41.678688 	 283.323761 	 290.493500 	 3.278106 	 97999.617188 	 523.866089 
282 	 41.678688 	 283.323761 	 284.960999 	 2.457548 	 97627.531250 	 437.011658 
283 	 41.678688 	 283.323761 	 283.904297 	 5.472178 	 97345.890625 	 438.882050 
284 	 41.678688 	 283.323761 	 278.832947 	 3.500286 	 99065.492188 	 457.655914 
285 	 41.678688 	 283.323761 	 277.621521 	 1.075465 	 99796.453125 	 455.459961 
286 	 41.678688 	 283.323761 	 280.264709 	 2.216688 	 99899.117188 	 458.728577 
287 	 41.678688 	 283.323761 	 286.158295 	 4.134955 	 98973.757812 	 473.105835 
288 	 41.678688 	 283.323761 	 291.423004 	 4.481638 	 97817.671875 	 485.209930 
289 	 41.678688 	 283.323761 	 281.533478 	 2.992378 	 98447.773438 	 431.693176 
290 	 41.678688 	 283.323761 	 282.597687 	 5.159859 	 97973.773438 	 395.634735 
291 	 41.678688 	 283.323761 	 279.087708 	 3.622532 	 98428.640625 	 429.794739 
292 	 41.678688 	 283.323761 	 277.057953 	 1.690525 	 99403.843750 	 426.128967 
293 	 41.678688 	 283.323761 	 276.686157 	 2.800963 	 99303.812500 	 424.712891 
294 	 41.678688 	 283.323761 	 276.750671 	 2.718447 	 99349.382812 	 415.601868 
295 	 41.678688 	 283.323761 	 275.071533 	 1.803574 	 100289.203125 	 393.873962 
296 	 41.678688 	 283.323761 	 282.025665 	 4.008496 	 99868.960938 	 387.235596 
297 	 41.678688 	 283.323761 	 283.734314 	 3.048250 	 99201.671875 	 358.471710 
298 	 41.678688 	 283.323761 	 279.973206 	 2.992371 	 99043.453125 	 387.132050 
299 	 41.678688 	 283.323761 	 278.521759 	 3.489218 	 99059.828125 	 364.925293 
300 	 41.678688 	 283.323761 	 279.510651 	 4.318367 	 98999.351562 	 408.603699 
301 	 41.678688 	 283.323761 	 280.442413 	 2.962577 	 98466.632812 	 422.751465 
302 	 41.678688 	 283.323761 	 280.872955 	 3.923033 	 98749.437500 	 424.772125 
303 	 41.678688 	 283.323761 	 274.995819 	 1.196960 	 100210.203125 	 392.829803 
304 	 41.678688 	 283.323761 	 276.375946 	 1.412753 	 100087.101562 	 396.396790 
305 	 41.678688 	 283.323761 	 277.307892 	 0.893774 	 99546.460938 	 400.525330 
306 	 41.678688 	 283.323761 	 275.999603 	 1.202422 	 99172.671875 	 398.476898 
307 	 41.678688 	 283.323761 	 282.723267 	 2.616561 	 98775.843750 	 421.480194 
308 	 41.678688 	 283.323761 	 286.045959 	 2.771668 	 98738.921875 	 441.872986 
309 	 41.678688 	 283.323761 	 287.742401 	 3.279227 	 98450.023438 	 425.994293 
310 	 41.678688 	 283.323761 	 283.531616 	 5.231695 	 97701.726562 	 420.675110 
311 	 41.678688 	 283.323761 	 276.365997 	 3.634866 	 98344.156250 	 379.417938 
312 	 41.678688 	 283.323761 	 273.423462 	 1.862689 	 99557.976562 	 366.009399 
313 	 41.678688 	 283.323761 	 274.773224 	 2.920637 	 100147.500000 	 323.858459 
314 	 41.678688 	 283.323761 	 279.858887 	 1.169702 	 99610.562500 	 373.794220 
315 	 41.678688 	 283.323761 	 282.453064 	 2.972479 	 98746.320312 	 370.587402 
316 	 41.678688 	 283.323761 	 278.397614 	 3.043726 	 99079.460938 	 379.948639 
317 	 41.678688 	 283.323761 	 280.297974 	 3.412684 	 99207.117188 	 396.726105 
318 	 41.678688 	 283.323761 	 284.472809 	 4.388571 	 99351.101562 	 412.642151 
319 	 41.678688 	 283.323761 	 289.772980 	 4.831408 	 98487.007812 	 416.201691 
320 	 41.678688 	 283.323761 	 280.334900 	 4.203956 	 98671.968750 	 388.576324 
321 	 41.678688 	 283.323761 	 278.984009 	 2.738711 	 99710.250000 	 398.757141 
322 	 41.678688 	 283.323761 	 286.929077 	 3.215981 	 99338.218750 	 382.753479 
323 	 41.678688 	 283.323761 	 288.173676 	 2.486348 	 98500.289062 	 445.684357 
324 	 41.678688 	 283.323761 	 285.758484 	 3.214352 	 98707.687500 	 411.764740 
325 	 41.678688 	 283.323761 	 287.664429 	 2.382285 	 99185.570312 	 435.401428 
326 	 41.678688 	 283.323761 	 286.971893 	 2.971392 	 99343.851562 	 416.352173 
327 	 41.678688 	 283.323761 	 288.891083 	 3.787047 	 98566.632812 	 404.042725 
328 	 41.678688 	 283.323761 	 282.871460 	 6.931276 	 97072.187500 	 424.129242 
329 	 41.678688 	 283.323761 	 273.936127 	 3.495048 	 99207.226562 	 344.464325 
330 	 41.678688 	 283.323761 	 274.301361 	 3.138997 	 99987.117188 	 309.431946 
331 	 41.678688 	 283.323761 	 283.821625 	 3.105448 	 98435.726562 	 370.442810 
332 	 41.678688 	 283.323761 	 276.846771 	 2.863798 	 98509.500000 	 366.783264 
333 	 41.678688 	 283.323761 	 275.701935 	 2.850198 	 99301.593750 	 362.221619 
334 	 41.678688 	 283.323761 	 277.559326 	 2.464172 	 99005.171875 	 324.568298 
335 	 41.678688 	 283.323761 	 272.792938 	 2.351838 	 99647.546875 	 337.585815 
336 	 41.678688 	 283.323761 	 270.104614 	 1.641545 	 99577.671875 	 316.932281 
337 	 41.678688 	 283.323761 	 273.278870 	 2.376087 	 98632.023438 	 324.061951 
338 	 41.678688 	 283.323761 	 273.734467 	 3.414681 	 98268.789062 	 327.726807 
339 	 41.678688 	 283.323761 	 269.703247 	 3.340704 	 99251.156250 	 328.380707 
340 	 41.678688 	 283.323761 	 271.514893 	 2.795038 	 100099.500000 	 329.661926 
341 	 41.678688 	 283.323761 	 274.449982 	 3.627156 	 100122.000000 	 331.547791 
342 	 41.678688 	 283.323761 	 281.440063 	 3.916428 	 99888.750000 	 361.328339 
343 	 41.678688 	 283.323761 	 283.359100 	 5.128964 	 98618.023438 	 365.613159 
344 	 41.678688 	 283.323761 	 277.342072 	 4.126739 	 98157.992188 	 375.300293 
345 	 41.678688 	 283.323761 	 275.366882 	 3.591972 	 98338.656250 	 332.411285 
346 	 41.678688 	 283.323761 	 271.829712 	 3.498247 	 99332.882812 	 313.071228 
347 	 41.678688 	 283.323761 	 271.351837 	 2.011287 	 100096.101562 	 311.038208 
348 	 41.678688 	 283.323761 	 270.279938 	 2.651674 	 100018.203125 	 287.638458 
349 	 41.678688 	 283.323761 	 277.936981 	 3.597880 	 98493.500000 	 338.139160 
350 	 41.678688 	 283.323761 	 282.361664 	 3.938413 	 98282.437500 	 389.846954 
351 	 41.678688 	 283.323761 	 282.292938 	 2.716044 	 97573.171875 	 361.087006 
352 	 41.678688 	 283.323761 	 270.547363 	 5.062530 	 98025.937500 	 333.772369 
353 	 41.678688 	 283.323761 	 268.543793 	 2.999294 	 99648.046875 	 285.453979 
354 	 41.678688 	 283.323761 	 274.329468 	 4.837247 	 99084.046875 	 360.050415 
355 	 41.678688 	 283.323761 	 272.524902 	 2.086045 	 99584.796875 	 284.535889 
356 	 41.678688 	 283.323761 	 276.563385 	 2.126753 	 98800.226562 	 346.562836 
357 	 41.678688 	 283.323761 	 283.658844 	 4.303861 	 98005.687500 	 365.843323 
358 	 41.678688 	 283.323761 	 272.231140 	 2.412347 	 97502.382812 	 338.592102 
359 	 41.678688 	 283.323761 	 266.842773 	 3.202148 	 97576.757812 	 289.714233 
360 	 41.678688 	 283.323761 	 268.626221 	 4.094106 	 97017.671875 	 312.235535 
361 	 41.678688 	 283.323761 	 272.430664 	 3.457361 	 97409.976562 	 359.634521 
362 	 41.678688 	 283.323761 	 270.885406 	 2.325031 	 99128.203125 	 349.368988 
363 	 41.678688 	 283.323761 	 269.218445 	 0.801881 	 99353.203125 	 311.025146 
364 	 41.678688 	 283.323761 	 270.701599 	 1.828544 	 98203.789062 	 300.987061 
