# 0: Day of Year [-] 	 1: lat [deg] 	 2: lon [deg] 	 3: tas [K] 	 4: sfcWind [m s-1] 	 5: ps [Pa] 	 6: Total Downwelling Rad Flux [W m-2] 
0 	 41.678688 	 283.323761 	 280.760895 	 5.626612 	 98912.796875 	 338.648041 
1 	 41.678688 	 283.323761 	 275.708435 	 5.567517 	 96634.156250 	 347.012329 
2 	 41.678688 	 283.323761 	 270.309967 	 3.810443 	 97672.296875 	 306.229736 
3 	 41.678688 	 283.323761 	 271.682678 	 3.618132 	 97740.640625 	 336.708069 
4 	 41.678688 	 283.323761 	 269.565826 	 2.649589 	 98729.617188 	 299.018829 
5 	 41.678688 	 283.323761 	 276.840240 	 2.249282 	 98481.179688 	 370.418152 
6 	 41.678688 	 283.323761 	 277.694916 	 2.826140 	 98449.773438 	 356.826050 
7 	 41.678688 	 283.323761 	 278.438782 	 3.474138 	 97579.648438 	 344.561920 
8 	 41.678688 	 283.323761 	 270.607544 	 5.454721 	 97497.101562 	 341.581177 
9 	 41.678688 	 283.323761 	 270.908356 	 2.367712 	 98524.140625 	 364.062531 
10 	 41.678688 	 283.323761 	 272.352142 	 5.660309 	 97777.437500 	 359.409668 
11 	 41.678688 	 283.323761 	 265.462463 	 4.370993 	 99464.460938 	 297.044495 
12 	 41.678688 	 283.323761 	 264.160889 	 3.013104 	 100677.000000 	 310.122620 
13 	 41.678688 	 283.323761 	 266.163879 	 2.058914 	 100634.796875 	 311.271271 
14 	 41.678688 	 283.323761 	 274.286987 	 2.235695 	 99763.578125 	 349.644623 
15 	 41.678688 	 283.323761 	 275.170197 	 3.599145 	 98753.093750 	 351.770874 
16 	 41.678688 	 283.323761 	 269.839905 	 3.339134 	 98986.953125 	 329.624573 
17 	 41.678688 	 283.323761 	 264.689850 	 2.188054 	 99711.179688 	 279.818329 
18 	 41.678688 	 283.323761 	 265.428650 	 3.027273 	 98525.351562 	 353.337585 
19 	 41.678688 	 283.323761 	 259.825287 	 2.877127 	 99168.531250 	 293.452484 
20 	 41.678688 	 283.323761 	 260.771973 	 2.803061 	 99112.429688 	 316.925537 
21 	 41.678688 	 283.323761 	 274.924194 	 4.166845 	 98277.812500 	 321.479858 
22 	 41.678688 	 283.323761 	 277.549957 	 2.342897 	 98370.500000 	 382.362305 
23 	 41.678688 	 283.323761 	 274.979034 	 2.956585 	 98599.976562 	 339.702942 
24 	 41.678688 	 283.323761 	 276.783142 	 1.706957 	 98808.546875 	 349.953156 
25 	 41.678688 	 283.323761 	 278.710785 	 3.312754 	 98979.140625 	 376.762054 
26 	 41.678688 	 283.323761 	 278.322113 	 3.825802 	 98344.468750 	 345.848267 
27 	 41.678688 	 283.323761 	 267.867981 	 3.370636 	 100239.398438 	 339.530518 
28 	 41.678688 	 283.323761 	 268.716949 	 2.674025 	 100986.101562 	 332.056335 
29 	 41.678688 	 283.323761 	 276.434601 	 3.542648 	 99648.226562 	 337.081726 
30 	 41.678688 	 283.323761 	 276.652588 	 2.549323 	 97636.921875 	 345.495331 
31 	 41.678688 	 283.323761 	 270.306915 	 3.902985 	 99136.726562 	 380.867310 
32 	 41.678688 	 283.323761 	 269.827087 	 2.491293 	 100272.703125 	 334.727905 
33 	 41.678688 	 283.323761 	 276.194794 	 3.274096 	 99511.960938 	 387.794464 
34 	 41.678688 	 283.323761 	 276.151337 	 2.348383 	 98690.757812 	 354.303558 
35 	 41.678688 	 283.323761 	 274.124329 	 2.249697 	 98986.531250 	 406.013245 
36 	 41.678688 	 283.323761 	 273.337494 	 2.465537 	 99041.531250 	 400.307037 
37 	 41.678688 	 283.323761 	 275.954041 	 2.070085 	 99031.109375 	 391.524109 
38 	 41.678688 	 283.323761 	 277.006500 	 1.262944 	 99234.031250 	 403.863739 
39 	 41.678688 	 283.323761 	 279.530243 	 3.196520 	 98621.937500 	 365.141052 
40 	 41.678688 	 283.323761 	 277.011139 	 2.026015 	 98774.882812 	 398.533417 
41 	 41.678688 	 283.323761 	 281.280975 	 4.854083 	 98097.453125 	 350.489197 
42 	 41.678688 	 283.323761 	 271.339020 	 3.112124 	 99080.570312 	 379.750854 
43 	 41.678688 	 283.323761 	 268.624390 	 1.503535 	 99834.953125 	 298.897766 
44 	 41.678688 	 283.323761 	 271.254883 	 2.446359 	 99184.460938 	 423.505646 
45 	 41.678688 	 283.323761 	 272.044373 	 2.847464 	 99230.648438 	 338.143066 
46 	 41.678688 	 283.323761 	 274.978790 	 2.916342 	 97800.296875 	 392.371948 
47 	 41.678688 	 283.323761 	 271.168091 	 3.833591 	 98043.117188 	 387.325562 
48 	 41.678688 	 283.323761 	 275.118713 	 2.650302 	 98461.070312 	 410.995972 
49 	 41.678688 	 283.323761 	 272.844574 	 1.278561 	 98654.906250 	 393.197815 
50 	 41.678688 	 283.323761 	 272.452209 	 2.126758 	 97492.789062 	 353.016174 
51 	 41.678688 	 283.323761 	 264.757751 	 5.892085 	 97039.007812 	 410.090088 
52 	 41.678688 	 283.323761 	 264.348389 	 2.896449 	 97874.976562 	 366.365173 
53 	 41.678688 	 283.323761 	 267.796967 	 2.271116 	 98192.562500 	 399.572388 
54 	 41.678688 	 283.323761 	 269.519592 	 3.063695 	 98551.859375 	 403.599152 
55 	 41.678688 	 283.323761 	 276.537231 	 3.427963 	 98354.390625 	 425.733887 
56 	 41.678688 	 283.323761 	 278.908478 	 3.321430 	 98025.476562 	 425.589844 
57 	 41.678688 	 283.323761 	 276.713867 	 5.391365 	 97401.039062 	 441.569580 
58 	 41.678688 	 283.323761 	 273.805084 	 2.072762 	 98766.882812 	 426.304504 
59 	 41.678688 	 283.323761 	 277.397308 	 3.366950 	 98944.296875 	 387.029602 
60 	 41.678688 	 283.323761 	 283.869080 	 4.017369 	 98423.617188 	 442.005829 
61 	 41.678688 	 283.323761 	 287.146240 	 5.533969 	 97074.742188 	 507.371338 
62 	 41.678688 	 283.323761 	 278.138916 	 4.414891 	 97501.351562 	 458.004211 
63 	 41.678688 	 283.323761 	 277.632355 	 2.133578 	 99198.289062 	 439.783447 
64 	 41.678688 	 283.323761 	 283.953400 	 4.457008 	 99074.539062 	 412.113556 
65 	 41.678688 	 283.323761 	 283.183716 	 4.496305 	 97585.289062 	 377.276306 
66 	 41.678688 	 283.323761 	 274.664581 	 2.345940 	 98505.562500 	 441.100159 
67 	 41.678688 	 283.323761 	 277.355438 	 5.221653 	 97877.156250 	 348.528046 
68 	 41.678688 	 283.323761 	 269.320282 	 5.089743 	 97891.031250 	 428.196838 
69 	 41.678688 	 283.323761 	 269.597260 	 1.920457 	 99243.523438 	 348.068878 
70 	 41.678688 	 283.323761 	 276.023254 	 2.185020 	 98546.296875 	 406.300293 
71 	 41.678688 	 283.323761 	 274.739777 	 1.931286 	 98935.601562 	 456.242126 
72 	 41.678688 	 283.323761 	 276.868591 	 1.357436 	 98206.906250 	 458.482422 
73 	 41.678688 	 283.323761 	 273.978668 	 4.003830 	 97614.117188 	 461.380493 
74 	 41.678688 	 283.323761 	 271.310028 	 2.744585 	 99215.328125 	 404.599426 
75 	 41.678688 	 283.323761 	 282.150787 	 4.486026 	 98459.148438 	 479.016602 
76 	 41.678688 	 283.323761 	 288.301910 	 5.786930 	 97614.718750 	 461.310669 
77 	 41.678688 	 283.323761 	 275.144867 	 5.137083 	 98233.679688 	 485.550049 
78 	 41.678688 	 283.323761 	 269.521484 	 1.823519 	 100007.601562 	 435.958374 
79 	 41.678688 	 283.323761 	 268.643860 	 3.164123 	 99888.460938 	 476.298828 
80 	 41.678688 	 283.323761 	 266.882843 	 2.520957 	 99886.476562 	 304.579437 
81 	 41.678688 	 283.323761 	 274.723114 	 1.594207 	 99578.921875 	 514.087402 
82 	 41.678688 	 283.323761 	 278.426453 	 3.363957 	 100087.101562 	 476.976410 
83 	 41.678688 	 283.323761 	 284.270844 	 4.755589 	 99646.382812 	 477.233826 
84 	 41.678688 	 283.323761 	 287.924530 	 4.606923 	 98689.976562 	 470.538757 
85 	 41.678688 	 283.323761 	 286.032898 	 2.629066 	 98689.812500 	 464.860474 
86 	 41.678688 	 283.323761 	 292.554993 	 2.989771 	 98481.773438 	 437.118652 
87 	 41.678688 	 283.323761 	 293.163879 	 3.467064 	 98737.117188 	 554.656860 
88 	 41.678688 	 283.323761 	 292.385223 	 5.906363 	 98039.687500 	 529.372314 
89 	 41.678688 	 283.323761 	 279.971924 	 4.664392 	 97198.617188 	 503.940430 
90 	 41.678688 	 283.323761 	 274.096680 	 4.699670 	 97341.046875 	 464.320251 
91 	 41.678688 	 283.323761 	 274.649078 	 2.884833 	 97666.351562 	 498.379333 
92 	 41.678688 	 283.323761 	 275.077942 	 2.760245 	 97331.617188 	 436.419861 
93 	 41.678688 	 283.323761 	 272.960419 	 3.016909 	 97410.132812 	 477.947876 
94 	 41.678688 	 283.323761 	 272.576050 	 2.749027 	 98332.773438 	 519.243408 
95 	 41.678688 	 283.323761 	 271.993317 	 3.377370 	 98483.718750 	 399.119049 
96 	 41.678688 	 283.323761 	 271.156158 	 4.003987 	 98738.492188 	 498.800110 
97 	 41.678688 	 283.323761 	 273.197632 	 1.679035 	 99571.578125 	 502.663818 
98 	 41.678688 	 283.323761 	 278.992035 	 3.520761 	 99448.117188 	 390.672577 
99 	 41.678688 	 283.323761 	 284.101013 	 2.786985 	 98953.226562 	 527.366882 
100 	 41.678688 	 283.323761 	 284.566986 	 2.964277 	 98081.406250 	 468.907898 
101 	 41.678688 	 283.323761 	 278.224365 	 3.162712 	 98806.789062 	 390.318939 
102 	 41.678688 	 283.323761 	 287.733093 	 5.389718 	 98276.171875 	 461.000671 
103 	 41.678688 	 283.323761 	 289.961914 	 4.742983 	 97504.281250 	 419.047363 
104 	 41.678688 	 283.323761 	 281.936249 	 2.831439 	 98047.343750 	 577.675293 
105 	 41.678688 	 283.323761 	 277.080139 	 1.960746 	 98991.156250 	 542.921631 
106 	 41.678688 	 283.323761 	 279.989410 	 2.996455 	 99553.726562 	 558.423584 
107 	 41.678688 	 283.323761 	 282.925079 	 3.702227 	 99074.453125 	 451.626282 
108 	 41.678688 	 283.323761 	 283.231384 	 2.442479 	 98533.117188 	 407.381165 
109 	 41.678688 	 283.323761 	 276.939484 	 4.996388 	 98511.781250 	 430.655090 
110 	 41.678688 	 283.323761 	 274.802216 	 6.131670 	 97446.726562 	 371.225525 
111 	 41.678688 	 283.323761 	 275.473938 	 4.378572 	 97732.796875 	 392.021576 
112 	 41.678688 	 283.323761 	 280.097534 	 2.957119 	 99165.148438 	 551.299377 
113 	 41.678688 	 283.323761 	 283.897980 	 2.223074 	 99868.796875 	 589.124756 
114 	 41.678688 	 283.323761 	 284.228333 	 2.586060 	 99522.726562 	 466.286438 
115 	 41.678688 	 283.323761 	 286.661316 	 1.428107 	 98790.796875 	 518.280029 
116 	 41.678688 	 283.323761 	 287.545471 	 2.259177 	 98409.796875 	 545.107056 
117 	 41.678688 	 283.323761 	 287.772858 	 2.259902 	 98318.617188 	 534.734436 
118 	 41.678688 	 283.323761 	 287.783081 	 3.850483 	 97785.140625 	 610.283325 
119 	 41.678688 	 283.323761 	 286.052368 	 1.977154 	 98950.656250 	 584.653320 
120 	 41.678688 	 283.323761 	 293.198669 	 3.617185 	 98628.406250 	 636.975342 
121 	 41.678688 	 283.323761 	 294.684113 	 4.767975 	 98175.968750 	 583.006836 
122 	 41.678688 	 283.323761 	 290.930756 	 4.520919 	 98071.953125 	 544.157593 
123 	 41.678688 	 283.323761 	 283.719910 	 3.254647 	 98432.882812 	 500.881348 
124 	 41.678688 	 283.323761 	 281.526001 	 3.014482 	 99358.773438 	 607.934692 
125 	 41.678688 	 283.323761 	 284.168243 	 1.294650 	 100002.601562 	 609.138672 
126 	 41.678688 	 283.323761 	 286.536285 	 2.183368 	 99569.507812 	 457.661682 
127 	 41.678688 	 283.323761 	 290.119934 	 1.916943 	 98572.773438 	 441.382996 
128 	 41.678688 	 283.323761 	 290.691589 	 2.522060 	 98541.867188 	 674.638184 
129 	 41.678688 	 283.323761 	 290.485077 	 1.488254 	 98914.460938 	 566.415710 
130 	 41.678688 	 283.323761 	 291.642609 	 2.350888 	 98805.453125 	 613.199707 
131 	 41.678688 	 283.323761 	 295.667938 	 2.808034 	 98615.617188 	 675.417480 
132 	 41.678688 	 283.323761 	 298.064056 	 2.454149 	 98610.703125 	 684.367310 
133 	 41.678688 	 283.323761 	 294.696442 	 4.440613 	 98635.781250 	 639.572144 
134 	 41.678688 	 283.323761 	 292.329620 	 4.683542 	 97995.320312 	 472.051727 
135 	 41.678688 	 283.323761 	 290.440247 	 4.675593 	 96894.156250 	 647.996704 
136 	 41.678688 	 283.323761 	 281.441528 	 4.788921 	 97118.757812 	 570.093506 
137 	 41.678688 	 283.323761 	 283.074829 	 3.942561 	 97672.406250 	 577.251099 
138 	 41.678688 	 283.323761 	 281.354675 	 1.593110 	 98051.453125 	 365.524628 
139 	 41.678688 	 283.323761 	 282.871185 	 5.209848 	 97774.820312 	 639.728394 
140 	 41.678688 	 283.323761 	 280.403381 	 4.266506 	 98031.742188 	 583.373352 
141 	 41.678688 	 283.323761 	 283.203705 	 4.042179 	 97790.562500 	 527.254395 
142 	 41.678688 	 283.323761 	 284.334595 	 3.139143 	 97721.468750 	 628.161499 
143 	 41.678688 	 283.323761 	 285.949188 	 1.269490 	 98317.156250 	 635.031982 
144 	 41.678688 	 283.323761 	 290.773438 	 3.169811 	 98145.320312 	 654.820557 
145 	 41.678688 	 283.323761 	 294.129547 	 3.032300 	 97877.320312 	 608.268860 
146 	 41.678688 	 283.323761 	 292.376190 	 2.389417 	 97868.710938 	 681.821167 
147 	 41.678688 	 283.323761 	 289.926331 	 3.250782 	 97892.398438 	 657.575562 
148 	 41.678688 	 283.323761 	 287.693390 	 1.589235 	 98391.453125 	 648.054199 
149 	 41.678688 	 283.323761 	 289.003937 	 3.983070 	 98411.882812 	 493.623260 
150 	 41.678688 	 283.323761 	 287.861237 	 3.455640 	 98586.773438 	 492.579956 
151 	 41.678688 	 283.323761 	 290.368286 	 1.863880 	 98044.976562 	 569.781372 
152 	 41.678688 	 283.323761 	 288.598083 	 1.096035 	 98199.187500 	 539.587463 
153 	 41.678688 	 283.323761 	 287.601135 	 3.129399 	 98359.078125 	 622.051880 
154 	 41.678688 	 283.323761 	 288.223236 	 3.608037 	 98506.617188 	 604.849731 
155 	 41.678688 	 283.323761 	 287.054840 	 2.328181 	 98388.601562 	 444.528717 
156 	 41.678688 	 283.323761 	 290.966003 	 3.081279 	 97584.531250 	 598.559814 
157 	 41.678688 	 283.323761 	 288.957733 	 2.691024 	 97336.617188 	 504.465179 
158 	 41.678688 	 283.323761 	 291.035400 	 3.178533 	 97897.843750 	 665.255859 
159 	 41.678688 	 283.323761 	 290.969360 	 1.221893 	 98274.593750 	 625.273621 
160 	 41.678688 	 283.323761 	 290.796417 	 2.001710 	 98724.117188 	 497.576172 
161 	 41.678688 	 283.323761 	 290.684326 	 4.878455 	 98588.046875 	 454.226501 
162 	 41.678688 	 283.323761 	 291.755829 	 2.549202 	 98670.507812 	 487.912537 
163 	 41.678688 	 283.323761 	 292.249023 	 2.759949 	 98443.093750 	 456.125702 
164 	 41.678688 	 283.323761 	 292.620331 	 2.273499 	 98455.617188 	 478.433624 
165 	 41.678688 	 283.323761 	 293.558319 	 0.871608 	 98527.453125 	 671.345337 
166 	 41.678688 	 283.323761 	 296.079285 	 2.129979 	 98772.140625 	 718.569946 
167 	 41.678688 	 283.323761 	 297.593750 	 4.049592 	 98652.640625 	 704.065552 
168 	 41.678688 	 283.323761 	 297.167114 	 4.408958 	 98215.523438 	 710.497070 
169 	 41.678688 	 283.323761 	 294.077728 	 1.175142 	 98593.289062 	 693.045776 
170 	 41.678688 	 283.323761 	 296.104706 	 2.135872 	 98719.023438 	 704.722595 
171 	 41.678688 	 283.323761 	 300.753113 	 4.226797 	 98431.437500 	 736.061584 
172 	 41.678688 	 283.323761 	 302.130249 	 2.446296 	 98453.703125 	 742.551514 
173 	 41.678688 	 283.323761 	 297.887360 	 1.060616 	 98842.281250 	 708.593933 
174 	 41.678688 	 283.323761 	 299.617828 	 3.286369 	 98574.476562 	 697.978394 
175 	 41.678688 	 283.323761 	 296.104767 	 3.845117 	 98484.609375 	 667.029846 
176 	 41.678688 	 283.323761 	 291.542023 	 1.214124 	 99192.398438 	 674.212158 
177 	 41.678688 	 283.323761 	 295.792633 	 2.881968 	 99145.031250 	 678.510437 
178 	 41.678688 	 283.323761 	 296.991516 	 3.318975 	 98877.937500 	 638.584656 
179 	 41.678688 	 283.323761 	 297.267029 	 2.505970 	 98635.953125 	 679.699219 
180 	 41.678688 	 283.323761 	 296.495911 	 1.715039 	 98916.250000 	 717.187805 
181 	 41.678688 	 283.323761 	 298.381042 	 2.952476 	 98896.648438 	 665.891235 
182 	 41.678688 	 283.323761 	 299.272156 	 3.899786 	 98663.210938 	 726.087769 
183 	 41.678688 	 283.323761 	 300.676239 	 3.641161 	 98299.523438 	 730.106506 
184 	 41.678688 	 283.323761 	 300.575073 	 2.663108 	 98147.859375 	 700.645874 
185 	 41.678688 	 283.323761 	 298.546448 	 1.317040 	 98677.578125 	 656.971802 
186 	 41.678688 	 283.323761 	 298.636475 	 2.363449 	 98571.726562 	 626.466553 
187 	 41.678688 	 283.323761 	 292.860474 	 3.710444 	 99006.070312 	 701.514893 
188 	 41.678688 	 283.323761 	 290.929565 	 1.763656 	 99483.007812 	 674.631531 
189 	 41.678688 	 283.323761 	 295.291809 	 3.158591 	 98838.640625 	 657.818481 
190 	 41.678688 	 283.323761 	 299.756897 	 1.920911 	 98498.343750 	 633.622192 
191 	 41.678688 	 283.323761 	 300.407623 	 1.570870 	 98525.742188 	 708.366821 
192 	 41.678688 	 283.323761 	 299.161560 	 1.745963 	 98557.710938 	 729.248657 
193 	 41.678688 	 283.323761 	 299.739349 	 2.615885 	 98662.976562 	 703.411072 
194 	 41.678688 	 283.323761 	 300.172455 	 3.729296 	 98598.031250 	 691.945679 
195 	 41.678688 	 283.323761 	 298.797913 	 2.475591 	 98610.929688 	 589.487732 
196 	 41.678688 	 283.323761 	 298.923492 	 1.236741 	 98741.687500 	 733.320435 
197 	 41.678688 	 283.323761 	 300.516724 	 3.215436 	 98374.117188 	 712.336365 
198 	 41.678688 	 283.323761 	 299.376617 	 2.897753 	 98364.859375 	 725.561218 
199 	 41.678688 	 283.323761 	 297.072510 	 2.020151 	 99351.289062 	 698.615234 
200 	 41.678688 	 283.323761 	 299.690308 	 3.867885 	 99050.867188 	 677.220093 
201 	 41.678688 	 283.323761 	 300.099457 	 2.559219 	 98560.093750 	 688.736328 
202 	 41.678688 	 283.323761 	 299.283661 	 2.198008 	 98488.687500 	 709.943481 
203 	 41.678688 	 283.323761 	 298.690277 	 1.403398 	 98711.640625 	 695.258789 
204 	 41.678688 	 283.323761 	 299.352295 	 3.492858 	 98541.953125 	 713.949524 
205 	 41.678688 	 283.323761 	 298.987122 	 2.211222 	 98703.890625 	 705.454834 
206 	 41.678688 	 283.323761 	 295.582092 	 2.607636 	 98678.843750 	 688.955627 
207 	 41.678688 	 283.323761 	 291.946228 	 1.364284 	 98860.898438 	 614.827332 
208 	 41.678688 	 283.323761 	 292.170288 	 1.094543 	 99006.546875 	 583.018005 
209 	 41.678688 	 283.323761 	 293.745850 	 0.710458 	 99196.968750 	 676.046204 
210 	 41.678688 	 283.323761 	 295.290009 	 3.125309 	 98895.406250 	 691.119385 
211 	 41.678688 	 283.323761 	 297.487457 	 5.251193 	 98159.750000 	 640.868530 
212 	 41.678688 	 283.323761 	 300.837280 	 4.038793 	 97836.703125 	 706.063599 
213 	 41.678688 	 283.323761 	 294.962402 	 2.304936 	 98336.132812 	 497.740021 
214 	 41.678688 	 283.323761 	 290.382446 	 2.293689 	 99132.273438 	 654.902100 
215 	 41.678688 	 283.323761 	 291.889404 	 0.974641 	 99478.781250 	 594.424683 
216 	 41.678688 	 283.323761 	 294.167389 	 1.821834 	 99489.906250 	 677.234131 
217 	 41.678688 	 283.323761 	 294.765259 	 3.345300 	 99481.710938 	 620.784607 
218 	 41.678688 	 283.323761 	 297.096771 	 4.467378 	 98814.437500 	 538.365662 
219 	 41.678688 	 283.323761 	 296.506683 	 2.446623 	 98290.281250 	 566.006958 
220 	 41.678688 	 283.323761 	 293.429169 	 3.612206 	 98115.343750 	 634.905151 
221 	 41.678688 	 283.323761 	 292.675415 	 1.917409 	 98395.601562 	 649.381897 
222 	 41.678688 	 283.323761 	 296.174835 	 3.547914 	 97976.390625 	 667.875244 
223 	 41.678688 	 283.323761 	 293.265259 	 2.541863 	 98302.296875 	 638.786011 
224 	 41.678688 	 283.323761 	 291.540680 	 1.663723 	 98919.617188 	 643.051453 
225 	 41.678688 	 283.323761 	 292.597076 	 0.678885 	 98882.437500 	 653.236572 
226 	 41.678688 	 283.323761 	 296.272278 	 2.863931 	 98460.359375 	 596.193909 
227 	 41.678688 	 283.323761 	 298.621185 	 2.351050 	 98385.367188 	 670.472107 
228 	 41.678688 	 283.323761 	 298.053986 	 1.883213 	 98234.250000 	 594.598206 
229 	 41.678688 	 283.323761 	 294.267944 	 3.147190 	 98284.210938 	 651.861694 
230 	 41.678688 	 283.323761 	 294.078796 	 1.883507 	 98248.671875 	 579.838745 
231 	 41.678688 	 283.323761 	 297.109100 	 3.400294 	 97850.210938 	 583.715698 
232 	 41.678688 	 283.323761 	 291.524384 	 4.785036 	 98295.453125 	 600.906128 
233 	 41.678688 	 283.323761 	 289.233093 	 2.803282 	 98939.296875 	 613.574951 
234 	 41.678688 	 283.323761 	 290.079834 	 1.427219 	 99235.742188 	 612.168274 
235 	 41.678688 	 283.323761 	 293.454285 	 1.351592 	 99557.289062 	 620.791504 
236 	 41.678688 	 283.323761 	 295.483612 	 2.975682 	 99422.226562 	 643.311646 
237 	 41.678688 	 283.323761 	 295.002686 	 4.611626 	 98494.656250 	 609.384155 
238 	 41.678688 	 283.323761 	 285.959259 	 4.994163 	 98299.132812 	 561.743652 
239 	 41.678688 	 283.323761 	 285.110535 	 1.946093 	 99199.179688 	 563.288086 
240 	 41.678688 	 283.323761 	 288.745209 	 1.092855 	 99516.117188 	 606.881287 
241 	 41.678688 	 283.323761 	 292.385803 	 1.023611 	 99523.539062 	 623.395508 
242 	 41.678688 	 283.323761 	 293.989716 	 1.879168 	 99434.453125 	 616.221985 
243 	 41.678688 	 283.323761 	 296.014008 	 2.610746 	 99149.953125 	 618.317200 
244 	 41.678688 	 283.323761 	 294.281158 	 3.155624 	 98664.562500 	 566.112366 
245 	 41.678688 	 283.323761 	 290.915344 	 3.011860 	 99170.656250 	 631.913330 
246 	 41.678688 	 283.323761 	 290.056824 	 1.042204 	 99209.296875 	 587.909790 
247 	 41.678688 	 283.323761 	 296.584778 	 3.120195 	 98419.773438 	 607.862671 
248 	 41.678688 	 283.323761 	 299.293182 	 2.965918 	 97929.953125 	 633.118286 
249 	 41.678688 	 283.323761 	 293.183777 	 3.923518 	 98114.906250 	 539.901733 
250 	 41.678688 	 283.323761 	 293.334595 	 2.786319 	 98867.476562 	 612.245361 
251 	 41.678688 	 283.323761 	 292.397491 	 0.697717 	 99082.859375 	 599.135315 
252 	 41.678688 	 283.323761 	 293.022827 	 0.548971 	 99140.382812 	 598.042236 
253 	 41.678688 	 283.323761 	 294.219452 	 0.797784 	 99242.132812 	 590.718994 
254 	 41.678688 	 283.323761 	 296.615906 	 1.318498 	 99093.281250 	 626.694519 
255 	 41.678688 	 283.323761 	 293.698578 	 2.377642 	 98599.390625 	 586.323486 
256 	 41.678688 	 283.323761 	 290.919891 	 2.574748 	 99080.250000 	 571.085693 
257 	 41.678688 	 283.323761 	 291.632019 	 1.538673 	 99113.117188 	 568.047974 
258 	 41.678688 	 283.323761 	 294.333527 	 3.388024 	 98419.523438 	 572.918457 
259 	 41.678688 	 283.323761 	 289.422394 	 4.057647 	 98284.851562 	 420.246552 
260 	 41.678688 	 283.323761 	 285.537476 	 3.297659 	 99232.109375 	 573.143433 
261 	 41.678688 	 283.323761 	 285.777618 	 1.525779 	 99497.687500 	 517.024048 
262 	 41.678688 	 283.323761 	 290.733551 	 1.398021 	 99303.179688 	 542.858276 
263 	 41.678688 	 283.323761 	 292.210449 	 1.951299 	 98984.992188 	 554.760864 
264 	 41.678688 	 283.323761 	 300.392731 	 3.341071 	 98400.523438 	 521.490234 
265 	 41.678688 	 283.323761 	 293.603882 	 1.489648 	 98951.257812 	 555.588623 
266 	 41.678688 	 283.323761 	 291.580933 	 1.188682 	 99424.476562 	 558.917786 
267 	 41.678688 	 283.323761 	 294.387817 	 1.373442 	 99218.406250 	 552.398376 
268 	 41.678688 	 283.323761 	 298.305664 	 1.896895 	 99187.390625 	 555.976501 
269 	 41.678688 	 283.323761 	 297.804474 	 2.660170 	 99184.632812 	 557.312134 
270 	 41.678688 	 283.323761 	 296.228271 	 2.530192 	 99012.976562 	 539.408386 
271 	 41.678688 	 283.323761 	 296.213409 	 1.806764 	 99275.750000 	 577.487610 
272 	 41.678688 	 283.323761 	 294.940094 	 2.920161 	 99555.046875 	 558.261841 
273 	 41.678688 	 283.323761 	 292.214081 	 3.999793 	 99008.656250 	 448.246277 
274 	 41.678688 	 283.323761 	 283.733948 	 4.088084 	 98298.171875 	 408.337524 
275 	 41.678688 	 283.323761 	 280.266571 	 3.969071 	 98290.750000 	 397.715576 
276 	 41.678688 	 283.323761 	 282.879608 	 2.373615 	 98947.843750 	 467.835571 
277 	 41.678688 	 283.323761 	 283.082184 	 2.474992 	 99628.656250 	 488.762390 
278 	 41.678688 	 283.323761 	 283.859131 	 3.640576 	 98774.828125 	 469.634216 
279 	 41.678688 	 283.323761 	 278.993439 	 2.360681 	 99510.273438 	 486.484619 
280 	 41.678688 	 283.323761 	 281.710510 	 5.288346 	 99379.718750 	 461.675293 
281 	 41.678688 	 283.323761 	 282.100464 	 3.418120 	 99000.210938 	 371.497864 
282 	 41.678688 	 283.323761 	 276.126526 	 3.333578 	 99540.109375 	 443.666443 
283 	 41.678688 	 283.323761 	 276.984772 	 1.824875 	 99932.750000 	 446.037781 
284 	 41.678688 	 283.323761 	 280.215210 	 2.155476 	 100200.101562 	 455.471680 
285 	 41.678688 	 283.323761 	 284.070526 	 1.898553 	 99747.710938 	 457.957825 
286 	 41.678688 	 283.323761 	 281.744904 	 0.554412 	 99791.296875 	 459.101440 
287 	 41.678688 	 283.323761 	 283.956604 	 0.801495 	 99293.523438 	 460.864197 
288 	 41.678688 	 283.323761 	 284.984863 	 0.563179 	 99066.023438 	 471.280762 
289 	 41.678688 	 283.323761 	 286.897461 	 2.038944 	 99183.750000 	 467.499695 
290 	 41.678688 	 283.323761 	 287.811127 	 1.514467 	 99197.070312 	 471.812866 
291 	 41.678688 	 283.323761 	 284.823425 	 1.952262 	 99388.671875 	 465.407623 
292 	 41.678688 	 283.323761 	 281.913757 	 0.973330 	 99200.906250 	 454.260590 
293 	 41.678688 	 283.323761 	 283.140900 	 1.433013 	 99381.953125 	 460.160583 
294 	 41.678688 	 283.323761 	 285.962677 	 2.888969 	 99293.898438 	 422.321838 
295 	 41.678688 	 283.323761 	 287.653961 	 2.901704 	 99089.578125 	 436.491974 
296 	 41.678688 	 283.323761 	 288.722473 	 3.753805 	 98420.656250 	 413.875916 
297 	 41.678688 	 283.323761 	 282.958008 	 2.889884 	 98348.757812 	 432.743286 
298 	 41.678688 	 283.323761 	 280.847626 	 1.647170 	 99163.023438 	 341.341309 
299 	 41.678688 	 283.323761 	 289.135559 	 4.569298 	 98165.953125 	 403.459106 
300 	 41.678688 	 283.323761 	 278.945282 	 4.718431 	 96582.117188 	 397.670990 
301 	 41.678688 	 283.323761 	 276.987732 	 6.117674 	 97278.250000 	 405.757080 
302 	 41.678688 	 283.323761 	 276.848511 	 2.567385 	 98585.117188 	 388.046143 
303 	 41.678688 	 283.323761 	 275.680725 	 3.399329 	 97701.906250 	 369.297882 
304 	 41.678688 	 283.323761 	 274.093170 	 4.233730 	 97777.703125 	 420.175476 
305 	 41.678688 	 283.323761 	 276.345673 	 3.382976 	 98489.570312 	 377.482330 
306 	 41.678688 	 283.323761 	 281.186218 	 2.461697 	 98465.546875 	 376.849976 
307 	 41.678688 	 283.323761 	 281.601166 	 2.559870 	 98618.929688 	 384.338165 
308 	 41.678688 	 283.323761 	 284.160370 	 3.867317 	 97465.250000 	 392.641296 
309 	 41.678688 	 283.323761 	 281.583466 	 3.374906 	 97932.156250 	 432.536316 
310 	 41.678688 	 283.323761 	 281.267700 	 3.644593 	 98443.843750 	 394.356079 
311 	 41.678688 	 283.323761 	 280.844757 	 2.408654 	 98133.226562 	 414.035706 
312 	 41.678688 	 283.323761 	 278.716064 	 3.169226 	 98135.343750 	 413.162354 
313 	 41.678688 	 283.323761 	 279.010468 	 3.283445 	 98206.320312 	 335.042511 
314 	 41.678688 	 283.323761 	 277.073547 	 3.163655 	 98381.593750 	 345.204102 
315 	 41.678688 	 283.323761 	 274.680786 	 2.084187 	 98869.906250 	 361.588745 
316 	 41.678688 	 283.323761 	 276.951385 	 1.375533 	 98852.843750 	 396.440369 
317 	 41.678688 	 283.323761 	 273.095306 	 0.716508 	 98745.250000 	 328.947327 
318 	 41.678688 	 283.323761 	 274.383118 	 1.154876 	 98303.968750 	 359.530640 
319 	 41.678688 	 283.323761 	 276.480865 	 4.076815 	 97424.820312 	 344.331879 
320 	 41.678688 	 283.323761 	 273.904968 	 5.171675 	 97035.671875 	 349.120850 
321 	 41.678688 	 283.323761 	 272.729431 	 4.666614 	 98374.062500 	 352.150879 
322 	 41.678688 	 283.323761 	 271.890686 	 4.041896 	 99602.109375 	 335.715942 
323 	 41.678688 	 283.323761 	 270.459900 	 2.028150 	 100317.101562 	 333.802673 
324 	 41.678688 	 283.323761 	 271.458313 	 1.491824 	 99921.453125 	 343.874298 
325 	 41.678688 	 283.323761 	 275.040894 	 1.706220 	 99387.820312 	 354.661194 
326 	 41.678688 	 283.323761 	 281.542847 	 3.400680 	 98839.937500 	 357.345856 
327 	 41.678688 	 283.323761 	 284.575043 	 4.854503 	 97071.953125 	 401.647461 
328 	 41.678688 	 283.323761 	 272.681824 	 3.953464 	 98184.046875 	 360.720154 
329 	 41.678688 	 283.323761 	 270.426819 	 1.790000 	 99469.937500 	 325.446747 
330 	 41.678688 	 283.323761 	 271.619965 	 1.614067 	 100130.703125 	 332.213745 
331 	 41.678688 	 283.323761 	 271.649414 	 0.828571 	 100615.296875 	 332.682556 
332 	 41.678688 	 283.323761 	 275.268341 	 2.730103 	 99943.976562 	 337.947693 
333 	 41.678688 	 283.323761 	 281.961700 	 4.057122 	 97472.093750 	 380.802582 
334 	 41.678688 	 283.323761 	 275.698914 	 3.938417 	 97585.539062 	 371.143677 
335 	 41.678688 	 283.323761 	 273.587708 	 1.690630 	 99312.546875 	 344.015015 
336 	 41.678688 	 283.323761 	 280.070587 	 4.631138 	 98899.796875 	 329.370697 
337 	 41.678688 	 283.323761 	 280.508606 	 4.296326 	 97014.046875 	 389.976990 
338 	 41.678688 	 283.323761 	 275.347504 	 3.246445 	 98620.492188 	 346.572449 
339 	 41.678688 	 283.323761 	 276.368591 	 1.845295 	 99243.992188 	 345.531799 
340 	 41.678688 	 283.323761 	 273.789001 	 1.480363 	 99589.609375 	 346.643311 
341 	 41.678688 	 283.323761 	 274.407196 	 2.693548 	 99148.703125 	 317.233978 
342 	 41.678688 	 283.323761 	 280.310303 	 2.652929 	 97476.187500 	 364.027588 
343 	 41.678688 	 283.323761 	 277.408661 	 3.521756 	 97346.476562 	 350.747559 
344 	 41.678688 	 283.323761 	 270.343475 	 3.465244 	 97866.382812 	 331.634033 
345 	 41.678688 	 283.323761 	 266.319489 	 4.127188 	 98267.593750 	 286.380188 
346 	 41.678688 	 283.323761 	 268.656616 	 4.615252 	 98873.757812 	 298.262054 
347 	 41.678688 	 283.323761 	 265.732849 	 2.168057 	 99705.656250 	 288.803619 
348 	 41.678688 	 283.323761 	 266.093658 	 3.223268 	 99299.593750 	 325.182617 
349 	 41.678688 	 283.323761 	 265.657501 	 2.223703 	 99811.031250 	 275.450714 
350 	 41.678688 	 283.323761 	 273.217346 	 5.135600 	 97851.421875 	 320.529816 
351 	 41.678688 	 283.323761 	 267.603455 	 4.898435 	 96734.093750 	 302.999146 
352 	 41.678688 	 283.323761 	 264.738495 	 2.999611 	 98247.648438 	 284.932770 
353 	 41.678688 	 283.323761 	 264.849091 	 2.802559 	 99352.437500 	 292.362000 
354 	 41.678688 	 283.323761 	 262.163086 	 2.270473 	 99633.343750 	 270.192139 
355 	 41.678688 	 283.323761 	 262.984406 	 3.123372 	 99985.968750 	 275.210663 
356 	 41.678688 	 283.323761 	 266.112244 	 4.136219 	 100005.000000 	 255.724289 
357 	 41.678688 	 283.323761 	 272.964233 	 3.917905 	 98946.078125 	 341.737976 
358 	 41.678688 	 283.323761 	 269.694916 	 2.360585 	 99245.351562 	 314.130768 
359 	 41.678688 	 283.323761 	 265.002960 	 2.257500 	 99256.992188 	 257.007935 
360 	 41.678688 	 283.323761 	 271.474213 	 2.598164 	 98640.601562 	 321.595551 
361 	 41.678688 	 283.323761 	 271.700928 	 0.860263 	 98617.906250 	 319.519745 
362 	 41.678688 	 283.323761 	 270.444916 	 2.695436 	 98027.789062 	 355.327850 
363 	 41.678688 	 283.323761 	 270.272217 	 3.836215 	 97913.453125 	 310.099304 
364 	 41.678688 	 283.323761 	 269.280945 	 2.800201 	 98250.460938 	 305.576447 
