# 0: Day of Year [-] 	 1: lat [deg] 	 2: lon [deg] 	 3: tas [K] 	 4: sfcWind [m s-1] 	 5: ps [Pa] 	 6: Total Downwelling Rad Flux [W m-2] 
0 	 41.678688 	 283.323761 	 269.526276 	 1.934343 	 98927.976562 	 305.471527 
1 	 41.678688 	 283.323761 	 273.293121 	 2.193972 	 98636.617188 	 334.667999 
2 	 41.678688 	 283.323761 	 275.615875 	 2.103673 	 98054.718750 	 372.485535 
3 	 41.678688 	 283.323761 	 273.388336 	 3.123696 	 97637.953125 	 320.264404 
4 	 41.678688 	 283.323761 	 266.298431 	 4.528976 	 98155.382812 	 296.142151 
5 	 41.678688 	 283.323761 	 264.777435 	 3.181152 	 98840.460938 	 292.591248 
6 	 41.678688 	 283.323761 	 265.910187 	 2.023687 	 99667.406250 	 296.783173 
7 	 41.678688 	 283.323761 	 269.859100 	 3.146449 	 99775.976562 	 311.187897 
8 	 41.678688 	 283.323761 	 277.238312 	 4.098536 	 99243.070312 	 342.250366 
9 	 41.678688 	 283.323761 	 285.967529 	 6.734933 	 97805.546875 	 410.425720 
10 	 41.678688 	 283.323761 	 276.304474 	 2.094964 	 99022.031250 	 369.577820 
11 	 41.678688 	 283.323761 	 271.465698 	 1.839579 	 99259.531250 	 308.936737 
12 	 41.678688 	 283.323761 	 272.433594 	 4.293872 	 97573.210938 	 359.100861 
13 	 41.678688 	 283.323761 	 267.853943 	 1.143851 	 97694.140625 	 294.654205 
14 	 41.678688 	 283.323761 	 265.692505 	 4.795723 	 97601.867188 	 349.011749 
15 	 41.678688 	 283.323761 	 264.794006 	 4.978833 	 98033.109375 	 306.192688 
16 	 41.678688 	 283.323761 	 266.965149 	 2.668653 	 99013.117188 	 307.289032 
17 	 41.678688 	 283.323761 	 277.191406 	 5.648638 	 98656.906250 	 311.085327 
18 	 41.678688 	 283.323761 	 277.322388 	 3.351857 	 98265.812500 	 373.989197 
19 	 41.678688 	 283.323761 	 270.449402 	 3.066078 	 98828.046875 	 337.504883 
20 	 41.678688 	 283.323761 	 268.372559 	 1.918341 	 99153.296875 	 320.865448 
21 	 41.678688 	 283.323761 	 270.393799 	 3.200426 	 99024.007812 	 288.529999 
22 	 41.678688 	 283.323761 	 274.422546 	 2.050400 	 97920.101562 	 378.770691 
23 	 41.678688 	 283.323761 	 271.753937 	 2.671617 	 97390.460938 	 320.224091 
24 	 41.678688 	 283.323761 	 270.416901 	 2.180569 	 96909.289062 	 364.585327 
25 	 41.678688 	 283.323761 	 270.237762 	 2.400346 	 96793.273438 	 371.083496 
26 	 41.678688 	 283.323761 	 268.489349 	 2.836784 	 96956.359375 	 371.784180 
27 	 41.678688 	 283.323761 	 266.758026 	 2.682933 	 97443.117188 	 333.308411 
28 	 41.678688 	 283.323761 	 267.573395 	 3.406225 	 98203.406250 	 371.789185 
29 	 41.678688 	 283.323761 	 274.243896 	 2.715774 	 98558.296875 	 374.703552 
30 	 41.678688 	 283.323761 	 278.212067 	 1.462621 	 99034.671875 	 391.521912 
31 	 41.678688 	 283.323761 	 279.933655 	 2.764493 	 99474.617188 	 391.613678 
32 	 41.678688 	 283.323761 	 283.994812 	 3.599279 	 99053.531250 	 387.042725 
33 	 41.678688 	 283.323761 	 284.025482 	 3.972802 	 97197.140625 	 452.796783 
34 	 41.678688 	 283.323761 	 277.107208 	 2.743090 	 96400.132812 	 408.817505 
35 	 41.678688 	 283.323761 	 271.347595 	 4.479287 	 97103.476562 	 407.264587 
36 	 41.678688 	 283.323761 	 274.192535 	 2.576436 	 98465.968750 	 373.964691 
37 	 41.678688 	 283.323761 	 277.221588 	 3.373422 	 98774.726562 	 333.141235 
38 	 41.678688 	 283.323761 	 276.101898 	 2.449150 	 98914.046875 	 411.136536 
39 	 41.678688 	 283.323761 	 270.730652 	 2.203934 	 99312.101562 	 324.133636 
40 	 41.678688 	 283.323761 	 273.573334 	 2.080426 	 99227.953125 	 377.717163 
41 	 41.678688 	 283.323761 	 281.112671 	 5.228274 	 97970.226562 	 418.603088 
42 	 41.678688 	 283.323761 	 276.234253 	 3.640797 	 98453.531250 	 411.243835 
43 	 41.678688 	 283.323761 	 269.395569 	 1.799735 	 99737.601562 	 310.181427 
44 	 41.678688 	 283.323761 	 270.613129 	 3.491253 	 98804.812500 	 343.607025 
45 	 41.678688 	 283.323761 	 266.166565 	 1.709030 	 99390.476562 	 367.137512 
46 	 41.678688 	 283.323761 	 266.302460 	 0.397822 	 99189.078125 	 387.846069 
47 	 41.678688 	 283.323761 	 269.455536 	 1.193637 	 98832.523438 	 396.571960 
48 	 41.678688 	 283.323761 	 277.466217 	 3.229920 	 98734.156250 	 417.284515 
49 	 41.678688 	 283.323761 	 278.019867 	 2.364801 	 98500.617188 	 366.949249 
50 	 41.678688 	 283.323761 	 275.855042 	 2.531352 	 98562.828125 	 350.456573 
51 	 41.678688 	 283.323761 	 273.531281 	 4.192057 	 97082.140625 	 420.662415 
52 	 41.678688 	 283.323761 	 270.960144 	 2.242239 	 98886.968750 	 396.327972 
53 	 41.678688 	 283.323761 	 274.637878 	 2.196714 	 99251.781250 	 423.605408 
54 	 41.678688 	 283.323761 	 281.111053 	 3.642912 	 99011.859375 	 449.854248 
55 	 41.678688 	 283.323761 	 283.213104 	 3.067117 	 98875.867188 	 406.298431 
56 	 41.678688 	 283.323761 	 284.821899 	 4.447179 	 98496.156250 	 406.142487 
57 	 41.678688 	 283.323761 	 281.651703 	 4.933474 	 97356.226562 	 474.679474 
58 	 41.678688 	 283.323761 	 272.941864 	 3.358892 	 98379.117188 	 429.053070 
59 	 41.678688 	 283.323761 	 273.888794 	 0.977044 	 98450.406250 	 379.982605 
60 	 41.678688 	 283.323761 	 273.798615 	 3.690119 	 97006.226562 	 336.538452 
61 	 41.678688 	 283.323761 	 273.368866 	 4.287340 	 96864.000000 	 380.152985 
62 	 41.678688 	 283.323761 	 270.467804 	 4.581918 	 98420.906250 	 410.533997 
63 	 41.678688 	 283.323761 	 265.278107 	 4.133484 	 99557.476562 	 397.926056 
64 	 41.678688 	 283.323761 	 265.814789 	 3.438007 	 100705.000000 	 402.968781 
65 	 41.678688 	 283.323761 	 270.889435 	 2.160804 	 100376.601562 	 418.382385 
66 	 41.678688 	 283.323761 	 274.871613 	 1.847368 	 99100.718750 	 371.418549 
67 	 41.678688 	 283.323761 	 271.993988 	 3.666861 	 98760.601562 	 413.954651 
68 	 41.678688 	 283.323761 	 271.826447 	 1.941085 	 99510.117188 	 453.513062 
69 	 41.678688 	 283.323761 	 272.300903 	 0.541357 	 99761.929688 	 446.376465 
70 	 41.678688 	 283.323761 	 275.168732 	 0.877710 	 99722.140625 	 435.300110 
71 	 41.678688 	 283.323761 	 278.008942 	 2.818274 	 99022.937500 	 442.551453 
72 	 41.678688 	 283.323761 	 277.133392 	 3.955404 	 98106.890625 	 375.910645 
73 	 41.678688 	 283.323761 	 277.122009 	 1.343879 	 98206.671875 	 447.464111 
74 	 41.678688 	 283.323761 	 282.593750 	 2.112122 	 98312.617188 	 500.111694 
75 	 41.678688 	 283.323761 	 281.997101 	 2.766171 	 98349.546875 	 384.159210 
76 	 41.678688 	 283.323761 	 285.335968 	 3.970738 	 97598.750000 	 548.838379 
77 	 41.678688 	 283.323761 	 283.420715 	 1.934148 	 98652.789062 	 520.756226 
78 	 41.678688 	 283.323761 	 288.065155 	 2.935974 	 98991.031250 	 512.802368 
79 	 41.678688 	 283.323761 	 291.616730 	 3.633193 	 98720.992188 	 564.848450 
80 	 41.678688 	 283.323761 	 289.053741 	 5.812767 	 97947.046875 	 434.540192 
81 	 41.678688 	 283.323761 	 279.097565 	 4.070176 	 98750.156250 	 488.452026 
82 	 41.678688 	 283.323761 	 274.111847 	 2.663517 	 100142.203125 	 491.746399 
83 	 41.678688 	 283.323761 	 276.355835 	 3.828905 	 100277.601562 	 359.404327 
84 	 41.678688 	 283.323761 	 281.026154 	 5.076168 	 97560.078125 	 408.722748 
85 	 41.678688 	 283.323761 	 282.222656 	 3.139856 	 98207.656250 	 543.580200 
86 	 41.678688 	 283.323761 	 285.516815 	 5.068477 	 98228.359375 	 386.996155 
87 	 41.678688 	 283.323761 	 283.305145 	 5.467394 	 96688.367188 	 452.897705 
88 	 41.678688 	 283.323761 	 282.860565 	 3.279481 	 98333.953125 	 531.688843 
89 	 41.678688 	 283.323761 	 290.278534 	 2.958745 	 99089.617188 	 562.152405 
90 	 41.678688 	 283.323761 	 291.328094 	 3.184227 	 98932.789062 	 527.832947 
91 	 41.678688 	 283.323761 	 288.422668 	 1.527287 	 98842.781250 	 434.315887 
92 	 41.678688 	 283.323761 	 287.248077 	 2.837522 	 98559.203125 	 512.949951 
93 	 41.678688 	 283.323761 	 281.695679 	 2.819602 	 99344.687500 	 580.366516 
94 	 41.678688 	 283.323761 	 281.582642 	 2.156580 	 99994.640625 	 515.116821 
95 	 41.678688 	 283.323761 	 283.889435 	 2.957909 	 100164.203125 	 530.401001 
96 	 41.678688 	 283.323761 	 288.286255 	 1.583933 	 100005.500000 	 596.751770 
97 	 41.678688 	 283.323761 	 291.637146 	 2.157987 	 99085.421875 	 575.760498 
98 	 41.678688 	 283.323761 	 288.873505 	 3.418170 	 97941.156250 	 430.127289 
99 	 41.678688 	 283.323761 	 280.625427 	 2.042827 	 98572.796875 	 537.331665 
100 	 41.678688 	 283.323761 	 283.499695 	 2.389964 	 98349.109375 	 497.896942 
101 	 41.678688 	 283.323761 	 285.304657 	 1.975522 	 98408.773438 	 476.542511 
102 	 41.678688 	 283.323761 	 286.464630 	 1.863931 	 99289.609375 	 614.365356 
103 	 41.678688 	 283.323761 	 285.938568 	 2.475880 	 99595.648438 	 584.721802 
104 	 41.678688 	 283.323761 	 288.488159 	 5.168759 	 98821.718750 	 578.872437 
105 	 41.678688 	 283.323761 	 288.278534 	 2.210261 	 98102.546875 	 565.868652 
106 	 41.678688 	 283.323761 	 285.469543 	 2.396794 	 98568.906250 	 591.315674 
107 	 41.678688 	 283.323761 	 284.881256 	 1.116555 	 98912.656250 	 543.871704 
108 	 41.678688 	 283.323761 	 285.296112 	 1.998374 	 99397.796875 	 556.608521 
109 	 41.678688 	 283.323761 	 288.225037 	 1.233675 	 99222.671875 	 603.116333 
110 	 41.678688 	 283.323761 	 287.458710 	 1.789268 	 98888.937500 	 604.081360 
111 	 41.678688 	 283.323761 	 288.067871 	 2.396517 	 99330.843750 	 597.041382 
112 	 41.678688 	 283.323761 	 292.569031 	 3.659433 	 98959.890625 	 628.582031 
113 	 41.678688 	 283.323761 	 292.118958 	 2.747684 	 98808.406250 	 616.049011 
114 	 41.678688 	 283.323761 	 287.687836 	 2.107926 	 98904.343750 	 440.801392 
115 	 41.678688 	 283.323761 	 288.059601 	 2.102945 	 98668.492188 	 580.925598 
116 	 41.678688 	 283.323761 	 286.116486 	 2.052163 	 99243.148438 	 602.267090 
117 	 41.678688 	 283.323761 	 287.445282 	 2.983725 	 99577.976562 	 584.087524 
118 	 41.678688 	 283.323761 	 291.218658 	 4.498157 	 98850.820312 	 541.092651 
119 	 41.678688 	 283.323761 	 293.936951 	 3.906769 	 97816.296875 	 664.406921 
120 	 41.678688 	 283.323761 	 290.637177 	 4.975406 	 97203.656250 	 590.115662 
121 	 41.678688 	 283.323761 	 285.766846 	 3.022118 	 98237.093750 	 597.957275 
122 	 41.678688 	 283.323761 	 284.544495 	 1.389855 	 99206.421875 	 528.262756 
123 	 41.678688 	 283.323761 	 288.672211 	 3.390857 	 98606.898438 	 568.441589 
124 	 41.678688 	 283.323761 	 284.678925 	 1.868234 	 99192.093750 	 610.322144 
125 	 41.678688 	 283.323761 	 292.016357 	 5.484554 	 98447.921875 	 587.308167 
126 	 41.678688 	 283.323761 	 289.292603 	 3.417091 	 98055.570312 	 467.960846 
127 	 41.678688 	 283.323761 	 286.044891 	 1.466240 	 98696.140625 	 605.805237 
128 	 41.678688 	 283.323761 	 287.465973 	 3.456254 	 98388.703125 	 561.862122 
129 	 41.678688 	 283.323761 	 284.832977 	 0.707487 	 98911.546875 	 593.330139 
130 	 41.678688 	 283.323761 	 287.909912 	 1.642514 	 99041.953125 	 633.633667 
131 	 41.678688 	 283.323761 	 289.955750 	 2.563309 	 98895.101562 	 617.821289 
132 	 41.678688 	 283.323761 	 288.462280 	 2.282526 	 99329.039062 	 634.572144 
133 	 41.678688 	 283.323761 	 291.654541 	 4.814146 	 98411.007812 	 550.980042 
134 	 41.678688 	 283.323761 	 290.409119 	 2.278915 	 97503.640625 	 523.467957 
135 	 41.678688 	 283.323761 	 284.284851 	 4.368952 	 98057.703125 	 605.558044 
136 	 41.678688 	 283.323761 	 283.933990 	 2.558734 	 99348.929688 	 620.117981 
137 	 41.678688 	 283.323761 	 285.629242 	 1.114995 	 100051.203125 	 636.627075 
138 	 41.678688 	 283.323761 	 289.823730 	 1.868485 	 99676.539062 	 653.966187 
139 	 41.678688 	 283.323761 	 291.093689 	 0.943415 	 99398.632812 	 630.417236 
140 	 41.678688 	 283.323761 	 292.724701 	 0.935025 	 99539.617188 	 622.817627 
141 	 41.678688 	 283.323761 	 294.140564 	 1.545586 	 99264.828125 	 630.712280 
142 	 41.678688 	 283.323761 	 294.972504 	 1.960665 	 98798.953125 	 694.473083 
143 	 41.678688 	 283.323761 	 295.361572 	 1.357583 	 98537.328125 	 686.839417 
144 	 41.678688 	 283.323761 	 296.280548 	 1.239408 	 98533.617188 	 667.082886 
145 	 41.678688 	 283.323761 	 297.935272 	 1.914851 	 98487.921875 	 718.332153 
146 	 41.678688 	 283.323761 	 297.151428 	 2.262520 	 98291.273438 	 666.216736 
147 	 41.678688 	 283.323761 	 291.093323 	 2.246080 	 98514.476562 	 677.220459 
148 	 41.678688 	 283.323761 	 287.437958 	 1.968839 	 98723.812500 	 515.208374 
149 	 41.678688 	 283.323761 	 287.976624 	 1.297020 	 98703.296875 	 643.319580 
150 	 41.678688 	 283.323761 	 289.268982 	 1.861596 	 98223.132812 	 661.786011 
151 	 41.678688 	 283.323761 	 288.360413 	 1.715382 	 98727.859375 	 639.079590 
152 	 41.678688 	 283.323761 	 292.873016 	 6.260323 	 98109.023438 	 494.678650 
153 	 41.678688 	 283.323761 	 287.376770 	 3.556736 	 98405.796875 	 620.796631 
154 	 41.678688 	 283.323761 	 288.889191 	 1.958317 	 99455.093750 	 667.329468 
155 	 41.678688 	 283.323761 	 290.844025 	 1.522165 	 99812.976562 	 676.650635 
156 	 41.678688 	 283.323761 	 293.718872 	 2.857011 	 99306.546875 	 688.942139 
157 	 41.678688 	 283.323761 	 296.291534 	 3.075790 	 98729.031250 	 702.735168 
158 	 41.678688 	 283.323761 	 299.347595 	 2.997839 	 98387.593750 	 723.917236 
159 	 41.678688 	 283.323761 	 298.566071 	 2.246948 	 98705.718750 	 715.676147 
160 	 41.678688 	 283.323761 	 296.686096 	 3.766966 	 98939.101562 	 692.198975 
161 	 41.678688 	 283.323761 	 297.023193 	 4.556035 	 98696.476562 	 687.972107 
162 	 41.678688 	 283.323761 	 297.617950 	 3.076163 	 98538.703125 	 640.790771 
163 	 41.678688 	 283.323761 	 297.793518 	 3.679505 	 98362.718750 	 703.899963 
164 	 41.678688 	 283.323761 	 294.038727 	 1.091009 	 98774.632812 	 694.007202 
165 	 41.678688 	 283.323761 	 296.801544 	 1.730302 	 98860.843750 	 714.074585 
166 	 41.678688 	 283.323761 	 299.197479 	 4.217477 	 98564.656250 	 724.680420 
167 	 41.678688 	 283.323761 	 295.295258 	 2.173731 	 99159.648438 	 710.238037 
168 	 41.678688 	 283.323761 	 297.336884 	 2.529105 	 98838.039062 	 690.832825 
169 	 41.678688 	 283.323761 	 299.025269 	 2.251562 	 98443.421875 	 605.775879 
170 	 41.678688 	 283.323761 	 297.448883 	 1.528885 	 98763.726562 	 624.695129 
171 	 41.678688 	 283.323761 	 297.778961 	 1.189170 	 98934.203125 	 634.292786 
172 	 41.678688 	 283.323761 	 298.635590 	 1.440739 	 98752.921875 	 674.462280 
173 	 41.678688 	 283.323761 	 297.585052 	 2.417116 	 98727.890625 	 646.638062 
174 	 41.678688 	 283.323761 	 297.828064 	 3.693593 	 98436.359375 	 555.921265 
175 	 41.678688 	 283.323761 	 299.368561 	 1.915368 	 98322.531250 	 688.918335 
176 	 41.678688 	 283.323761 	 300.970337 	 3.140329 	 98114.296875 	 747.835571 
177 	 41.678688 	 283.323761 	 300.117279 	 3.145881 	 98476.148438 	 704.144104 
178 	 41.678688 	 283.323761 	 293.682983 	 3.001043 	 99313.953125 	 713.475342 
179 	 41.678688 	 283.323761 	 293.436340 	 0.930271 	 99227.953125 	 673.385315 
180 	 41.678688 	 283.323761 	 294.435181 	 1.146655 	 99053.296875 	 710.475586 
181 	 41.678688 	 283.323761 	 295.508545 	 1.136288 	 99112.078125 	 703.578125 
182 	 41.678688 	 283.323761 	 299.128326 	 3.589584 	 98871.976562 	 675.981934 
183 	 41.678688 	 283.323761 	 299.456879 	 4.263188 	 98419.757812 	 706.392334 
184 	 41.678688 	 283.323761 	 298.224915 	 3.240819 	 98231.773438 	 667.846619 
185 	 41.678688 	 283.323761 	 297.289764 	 4.102195 	 98184.007812 	 606.855591 
186 	 41.678688 	 283.323761 	 292.016907 	 2.595561 	 98472.226562 	 653.859070 
187 	 41.678688 	 283.323761 	 292.822449 	 1.719228 	 98940.328125 	 673.228516 
188 	 41.678688 	 283.323761 	 294.889893 	 1.376631 	 98771.679688 	 704.448792 
189 	 41.678688 	 283.323761 	 297.413879 	 2.476703 	 98042.421875 	 665.298218 
190 	 41.678688 	 283.323761 	 290.959869 	 5.053056 	 97884.382812 	 700.510437 
191 	 41.678688 	 283.323761 	 290.396942 	 2.578092 	 98713.593750 	 672.432434 
192 	 41.678688 	 283.323761 	 291.846924 	 1.911601 	 98821.757812 	 676.299927 
193 	 41.678688 	 283.323761 	 292.059021 	 3.489702 	 98821.109375 	 458.716125 
194 	 41.678688 	 283.323761 	 292.594788 	 4.344155 	 98629.609375 	 541.342041 
195 	 41.678688 	 283.323761 	 294.489563 	 3.520002 	 98358.953125 	 570.527893 
196 	 41.678688 	 283.323761 	 296.937958 	 3.946985 	 98653.367188 	 508.932709 
197 	 41.678688 	 283.323761 	 296.600739 	 2.194474 	 98743.390625 	 614.732300 
198 	 41.678688 	 283.323761 	 299.018036 	 1.877340 	 98786.046875 	 716.984985 
199 	 41.678688 	 283.323761 	 299.078918 	 2.793412 	 98544.796875 	 702.118286 
200 	 41.678688 	 283.323761 	 297.101227 	 2.279424 	 98624.843750 	 662.193298 
201 	 41.678688 	 283.323761 	 294.441986 	 1.726105 	 99105.562500 	 677.711914 
202 	 41.678688 	 283.323761 	 298.810791 	 3.752310 	 98578.312500 	 676.132080 
203 	 41.678688 	 283.323761 	 298.871552 	 2.402969 	 98231.468750 	 635.029602 
204 	 41.678688 	 283.323761 	 300.726105 	 2.615059 	 98309.796875 	 738.659058 
205 	 41.678688 	 283.323761 	 301.579926 	 3.042705 	 98310.226562 	 694.464355 
206 	 41.678688 	 283.323761 	 296.308533 	 1.999727 	 98925.773438 	 595.050293 
207 	 41.678688 	 283.323761 	 296.866241 	 1.564918 	 99166.070312 	 704.301453 
208 	 41.678688 	 283.323761 	 300.263977 	 3.079979 	 98775.062500 	 696.420715 
209 	 41.678688 	 283.323761 	 299.189331 	 1.200603 	 98892.093750 	 708.188721 
210 	 41.678688 	 283.323761 	 300.400848 	 2.156461 	 98610.671875 	 704.756348 
211 	 41.678688 	 283.323761 	 300.396576 	 2.652505 	 98358.773438 	 682.901978 
212 	 41.678688 	 283.323761 	 295.959595 	 2.793063 	 99031.703125 	 572.181274 
213 	 41.678688 	 283.323761 	 296.914093 	 4.029686 	 98701.117188 	 605.493652 
214 	 41.678688 	 283.323761 	 298.002716 	 2.432365 	 98003.546875 	 681.670898 
215 	 41.678688 	 283.323761 	 296.664185 	 2.994020 	 97953.273438 	 675.913940 
216 	 41.678688 	 283.323761 	 296.729126 	 1.744253 	 98366.953125 	 688.882568 
217 	 41.678688 	 283.323761 	 303.052094 	 4.331403 	 98051.468750 	 722.512146 
218 	 41.678688 	 283.323761 	 304.711029 	 3.719252 	 97834.203125 	 722.038879 
219 	 41.678688 	 283.323761 	 296.211243 	 2.127445 	 98717.398438 	 635.688110 
220 	 41.678688 	 283.323761 	 295.186005 	 1.217052 	 98827.843750 	 657.672852 
221 	 41.678688 	 283.323761 	 300.943512 	 2.641913 	 98522.117188 	 695.481934 
222 	 41.678688 	 283.323761 	 298.958954 	 1.314477 	 98759.593750 	 682.260498 
223 	 41.678688 	 283.323761 	 301.525391 	 1.406061 	 98669.531250 	 688.563416 
224 	 41.678688 	 283.323761 	 299.339539 	 1.794308 	 99050.476562 	 695.236023 
225 	 41.678688 	 283.323761 	 299.771942 	 3.784575 	 98874.843750 	 681.630615 
226 	 41.678688 	 283.323761 	 302.485687 	 4.670929 	 97856.601562 	 703.588196 
227 	 41.678688 	 283.323761 	 296.737762 	 1.990958 	 98101.468750 	 681.321716 
228 	 41.678688 	 283.323761 	 293.679840 	 3.641001 	 98873.593750 	 650.306763 
229 	 41.678688 	 283.323761 	 292.723083 	 2.556056 	 99390.546875 	 639.838135 
230 	 41.678688 	 283.323761 	 293.859894 	 0.778310 	 99480.796875 	 649.217651 
231 	 41.678688 	 283.323761 	 296.685638 	 1.935723 	 99132.468750 	 622.449097 
232 	 41.678688 	 283.323761 	 299.320892 	 1.489992 	 98977.656250 	 680.377930 
233 	 41.678688 	 283.323761 	 299.525696 	 2.030913 	 98709.976562 	 647.722351 
234 	 41.678688 	 283.323761 	 299.227356 	 3.329472 	 98375.023438 	 670.918457 
235 	 41.678688 	 283.323761 	 295.343903 	 1.048119 	 98737.070312 	 638.266113 
236 	 41.678688 	 283.323761 	 301.068878 	 2.365021 	 98529.289062 	 675.483154 
237 	 41.678688 	 283.323761 	 302.967743 	 3.412041 	 98295.953125 	 669.112000 
238 	 41.678688 	 283.323761 	 301.688202 	 3.320287 	 98312.617188 	 671.826782 
239 	 41.678688 	 283.323761 	 300.564331 	 3.513130 	 98314.750000 	 651.645874 
240 	 41.678688 	 283.323761 	 298.899170 	 3.061018 	 98625.078125 	 637.947754 
241 	 41.678688 	 283.323761 	 296.511932 	 3.380771 	 99066.671875 	 586.842346 
242 	 41.678688 	 283.323761 	 295.775543 	 1.699404 	 99121.953125 	 533.592651 
243 	 41.678688 	 283.323761 	 294.129944 	 0.961463 	 98963.898438 	 530.703003 
244 	 41.678688 	 283.323761 	 294.646149 	 1.238167 	 98970.937500 	 622.220703 
245 	 41.678688 	 283.323761 	 296.525757 	 1.682543 	 98853.367188 	 631.805542 
246 	 41.678688 	 283.323761 	 297.327148 	 2.714340 	 98874.742188 	 622.772827 
247 	 41.678688 	 283.323761 	 296.525879 	 3.227680 	 98941.320312 	 568.201050 
248 	 41.678688 	 283.323761 	 297.140686 	 2.371004 	 98643.843750 	 649.509399 
249 	 41.678688 	 283.323761 	 296.521149 	 1.026227 	 98719.070312 	 615.291321 
250 	 41.678688 	 283.323761 	 295.203766 	 0.710508 	 99021.343750 	 614.982971 
251 	 41.678688 	 283.323761 	 300.957886 	 3.095230 	 98648.289062 	 647.013672 
252 	 41.678688 	 283.323761 	 302.606415 	 3.349237 	 98171.500000 	 632.822266 
253 	 41.678688 	 283.323761 	 295.156586 	 3.402188 	 98772.281250 	 617.415588 
254 	 41.678688 	 283.323761 	 293.973846 	 1.728305 	 99302.640625 	 591.111694 
255 	 41.678688 	 283.323761 	 299.658417 	 2.905566 	 99093.828125 	 565.414490 
256 	 41.678688 	 283.323761 	 299.641876 	 3.107835 	 98646.273438 	 610.754211 
257 	 41.678688 	 283.323761 	 291.553284 	 2.579126 	 98961.367188 	 476.959869 
258 	 41.678688 	 283.323761 	 288.345337 	 0.684169 	 99618.632812 	 557.692017 
259 	 41.678688 	 283.323761 	 292.859161 	 2.346585 	 99465.968750 	 580.188904 
260 	 41.678688 	 283.323761 	 297.408386 	 2.478760 	 99151.687500 	 615.710449 
261 	 41.678688 	 283.323761 	 297.727997 	 2.451193 	 99140.046875 	 604.301941 
262 	 41.678688 	 283.323761 	 297.492737 	 1.917619 	 99069.078125 	 575.905640 
263 	 41.678688 	 283.323761 	 297.158691 	 1.938982 	 98834.250000 	 577.408447 
264 	 41.678688 	 283.323761 	 293.007690 	 2.390222 	 99021.742188 	 572.222534 
265 	 41.678688 	 283.323761 	 287.613800 	 0.726076 	 99366.500000 	 535.810791 
266 	 41.678688 	 283.323761 	 291.240326 	 2.461977 	 99437.750000 	 491.546387 
267 	 41.678688 	 283.323761 	 298.223175 	 3.799377 	 98803.320312 	 567.827148 
268 	 41.678688 	 283.323761 	 298.181580 	 2.897526 	 98386.976562 	 529.310730 
269 	 41.678688 	 283.323761 	 289.730804 	 2.557320 	 99144.046875 	 540.166138 
270 	 41.678688 	 283.323761 	 285.357178 	 1.478455 	 99455.429688 	 514.206604 
271 	 41.678688 	 283.323761 	 291.666443 	 2.183010 	 98894.906250 	 535.551758 
272 	 41.678688 	 283.323761 	 285.571259 	 2.352534 	 99612.898438 	 505.528198 
273 	 41.678688 	 283.323761 	 285.072083 	 1.998838 	 100187.203125 	 507.808075 
274 	 41.678688 	 283.323761 	 290.013092 	 3.374375 	 99987.726562 	 481.763855 
275 	 41.678688 	 283.323761 	 292.985046 	 1.755121 	 99572.992188 	 551.877686 
276 	 41.678688 	 283.323761 	 293.323090 	 1.897456 	 99570.398438 	 456.384277 
277 	 41.678688 	 283.323761 	 294.258392 	 1.956735 	 99232.546875 	 559.848145 
278 	 41.678688 	 283.323761 	 291.760284 	 1.971777 	 99505.031250 	 548.677368 
279 	 41.678688 	 283.323761 	 289.803558 	 2.012994 	 99136.593750 	 478.313904 
280 	 41.678688 	 283.323761 	 292.454468 	 2.939204 	 98704.656250 	 478.096680 
281 	 41.678688 	 283.323761 	 291.566376 	 1.027814 	 98721.273438 	 525.206848 
282 	 41.678688 	 283.323761 	 289.537445 	 0.534239 	 99045.859375 	 524.310181 
283 	 41.678688 	 283.323761 	 291.688812 	 0.979826 	 99208.218750 	 527.073303 
284 	 41.678688 	 283.323761 	 292.509949 	 1.757357 	 98865.218750 	 500.933716 
285 	 41.678688 	 283.323761 	 287.779083 	 2.503598 	 99697.257812 	 502.936615 
286 	 41.678688 	 283.323761 	 284.932037 	 2.120502 	 99584.656250 	 392.172729 
287 	 41.678688 	 283.323761 	 283.155334 	 1.195571 	 99158.039062 	 386.808685 
288 	 41.678688 	 283.323761 	 283.195984 	 1.994254 	 98779.078125 	 403.980255 
289 	 41.678688 	 283.323761 	 286.534302 	 2.950691 	 98038.523438 	 488.718506 
290 	 41.678688 	 283.323761 	 282.919037 	 2.043794 	 98871.656250 	 451.220642 
291 	 41.678688 	 283.323761 	 284.187866 	 3.825271 	 99543.867188 	 433.117035 
292 	 41.678688 	 283.323761 	 289.800140 	 4.125349 	 99174.500000 	 455.541229 
293 	 41.678688 	 283.323761 	 280.181946 	 2.652282 	 100011.000000 	 350.457764 
294 	 41.678688 	 283.323761 	 283.636261 	 2.448980 	 99469.046875 	 436.916443 
295 	 41.678688 	 283.323761 	 278.670135 	 3.659942 	 99245.046875 	 441.219086 
296 	 41.678688 	 283.323761 	 276.126282 	 0.591537 	 99673.632812 	 419.015991 
297 	 41.678688 	 283.323761 	 281.692169 	 2.351138 	 99626.179688 	 400.636444 
298 	 41.678688 	 283.323761 	 289.489349 	 2.765535 	 98921.882812 	 467.516724 
299 	 41.678688 	 283.323761 	 286.781952 	 3.206295 	 98646.773438 	 400.426758 
300 	 41.678688 	 283.323761 	 278.860626 	 3.395840 	 99635.882812 	 412.180969 
301 	 41.678688 	 283.323761 	 279.760101 	 2.526291 	 99597.296875 	 416.920349 
302 	 41.678688 	 283.323761 	 281.739075 	 2.299349 	 99337.640625 	 425.071289 
303 	 41.678688 	 283.323761 	 283.428223 	 3.735083 	 99056.382812 	 385.555878 
304 	 41.678688 	 283.323761 	 279.876892 	 3.925758 	 99339.203125 	 407.308746 
305 	 41.678688 	 283.323761 	 273.962769 	 3.048633 	 100781.296875 	 381.794434 
306 	 41.678688 	 283.323761 	 283.929230 	 3.818204 	 99972.093750 	 407.957245 
307 	 41.678688 	 283.323761 	 284.638000 	 1.556018 	 99365.539062 	 455.563782 
308 	 41.678688 	 283.323761 	 282.228760 	 1.592657 	 99574.890625 	 419.702026 
309 	 41.678688 	 283.323761 	 284.468475 	 3.693981 	 99553.031250 	 430.124146 
310 	 41.678688 	 283.323761 	 285.965942 	 3.869835 	 99507.250000 	 420.714996 
311 	 41.678688 	 283.323761 	 291.086639 	 4.027977 	 99305.273438 	 436.827667 
312 	 41.678688 	 283.323761 	 292.365051 	 4.303658 	 99275.492188 	 474.794556 
313 	 41.678688 	 283.323761 	 284.618591 	 3.730257 	 99162.070312 	 401.555084 
314 	 41.678688 	 283.323761 	 279.200134 	 1.486476 	 99646.718750 	 424.372314 
315 	 41.678688 	 283.323761 	 277.267395 	 1.835236 	 99665.328125 	 345.248779 
316 	 41.678688 	 283.323761 	 275.969360 	 0.764739 	 100193.500000 	 380.747253 
317 	 41.678688 	 283.323761 	 278.817810 	 3.062692 	 100423.703125 	 386.760529 
318 	 41.678688 	 283.323761 	 285.500519 	 2.827866 	 99973.546875 	 414.042450 
319 	 41.678688 	 283.323761 	 288.060120 	 2.677849 	 100039.601562 	 412.450989 
320 	 41.678688 	 283.323761 	 291.013580 	 3.244457 	 99693.757812 	 424.951477 
321 	 41.678688 	 283.323761 	 291.789948 	 3.961234 	 98768.156250 	 430.445923 
322 	 41.678688 	 283.323761 	 286.485016 	 3.795919 	 98362.601562 	 458.118225 
323 	 41.678688 	 283.323761 	 279.560638 	 1.838685 	 99534.796875 	 380.176270 
324 	 41.678688 	 283.323761 	 284.620850 	 2.848387 	 99265.453125 	 382.078125 
325 	 41.678688 	 283.323761 	 283.067688 	 2.213645 	 99150.476562 	 386.206116 
326 	 41.678688 	 283.323761 	 280.731720 	 1.410366 	 99395.320312 	 382.357605 
327 	 41.678688 	 283.323761 	 279.810699 	 3.140690 	 99523.226562 	 413.541870 
328 	 41.678688 	 283.323761 	 273.333893 	 1.368483 	 100126.000000 	 351.539581 
329 	 41.678688 	 283.323761 	 273.548187 	 1.982881 	 100374.101562 	 339.138489 
330 	 41.678688 	 283.323761 	 274.881866 	 2.096453 	 100844.898438 	 339.083069 
331 	 41.678688 	 283.323761 	 283.074860 	 2.206814 	 100089.101562 	 368.744324 
332 	 41.678688 	 283.323761 	 283.823761 	 1.704931 	 98321.132812 	 381.306824 
333 	 41.678688 	 283.323761 	 276.133850 	 2.891275 	 98291.859375 	 371.470276 
334 	 41.678688 	 283.323761 	 276.153137 	 4.288306 	 97875.609375 	 347.927917 
335 	 41.678688 	 283.323761 	 278.976166 	 2.226508 	 98777.500000 	 358.340607 
336 	 41.678688 	 283.323761 	 279.757355 	 2.869078 	 99311.203125 	 341.170288 
337 	 41.678688 	 283.323761 	 280.263672 	 1.373609 	 99332.851562 	 353.011078 
338 	 41.678688 	 283.323761 	 281.325806 	 4.524940 	 98468.406250 	 362.364716 
339 	 41.678688 	 283.323761 	 281.272400 	 3.935386 	 97551.968750 	 401.040405 
340 	 41.678688 	 283.323761 	 272.408905 	 5.567584 	 97756.828125 	 329.956238 
341 	 41.678688 	 283.323761 	 270.811951 	 2.021952 	 99439.718750 	 294.445526 
342 	 41.678688 	 283.323761 	 274.505554 	 2.033067 	 99373.773438 	 370.392334 
343 	 41.678688 	 283.323761 	 273.289642 	 2.015320 	 99797.992188 	 315.705231 
344 	 41.678688 	 283.323761 	 278.355621 	 2.393950 	 99609.281250 	 369.092407 
345 	 41.678688 	 283.323761 	 280.127319 	 2.821745 	 99816.851562 	 369.344666 
346 	 41.678688 	 283.323761 	 284.139313 	 3.984141 	 99858.289062 	 390.606873 
347 	 41.678688 	 283.323761 	 289.563080 	 5.089272 	 99067.507812 	 406.461823 
348 	 41.678688 	 283.323761 	 289.170410 	 2.413239 	 98722.453125 	 413.869263 
349 	 41.678688 	 283.323761 	 288.518311 	 3.722506 	 97999.078125 	 421.895538 
350 	 41.678688 	 283.323761 	 275.558105 	 4.247528 	 99035.796875 	 352.156128 
351 	 41.678688 	 283.323761 	 273.107819 	 2.820328 	 100491.500000 	 316.057373 
352 	 41.678688 	 283.323761 	 277.325623 	 4.120981 	 100291.203125 	 325.839325 
353 	 41.678688 	 283.323761 	 280.623840 	 4.147860 	 99625.031250 	 356.853973 
354 	 41.678688 	 283.323761 	 276.700500 	 3.102747 	 99839.390625 	 344.970276 
355 	 41.678688 	 283.323761 	 270.574249 	 1.898827 	 100723.101562 	 292.628723 
356 	 41.678688 	 283.323761 	 276.884644 	 4.649452 	 99841.343750 	 346.389465 
357 	 41.678688 	 283.323761 	 285.271698 	 3.218958 	 98161.273438 	 381.931702 
358 	 41.678688 	 283.323761 	 274.997711 	 4.842573 	 96882.117188 	 346.341400 
359 	 41.678688 	 283.323761 	 267.935577 	 6.158637 	 97094.046875 	 312.817261 
360 	 41.678688 	 283.323761 	 269.858917 	 5.537672 	 97767.117188 	 303.103210 
361 	 41.678688 	 283.323761 	 272.312775 	 2.561952 	 98489.000000 	 321.746979 
362 	 41.678688 	 283.323761 	 273.820435 	 3.930105 	 97422.171875 	 333.918640 
363 	 41.678688 	 283.323761 	 271.281250 	 4.372316 	 96644.468750 	 331.629700 
364 	 41.678688 	 283.323761 	 270.975403 	 3.856335 	 97500.281250 	 320.174805 
