# 0: Day of Year [-] 	 1: lat [deg] 	 2: lon [deg] 	 3: tas [K] 	 4: sfcWind [m s-1] 	 5: ps [Pa] 	 6: Total Downwelling Rad Flux [W m-2] 
0 	 41.678688 	 283.323761 	 273.235199 	 1.906705 	 100341.500000 	 347.073151 
1 	 41.678688 	 283.323761 	 277.916351 	 3.246481 	 99898.117188 	 381.752380 
2 	 41.678688 	 283.323761 	 281.791718 	 3.593449 	 99080.789062 	 332.108398 
3 	 41.678688 	 283.323761 	 286.034668 	 1.902870 	 98487.796875 	 401.052490 
4 	 41.678688 	 283.323761 	 280.139893 	 2.218804 	 97987.843750 	 401.248901 
5 	 41.678688 	 283.323761 	 277.940399 	 2.197288 	 97553.226562 	 345.192291 
6 	 41.678688 	 283.323761 	 274.345245 	 3.547384 	 97256.867188 	 345.837311 
7 	 41.678688 	 283.323761 	 271.797394 	 1.683466 	 98494.226562 	 324.227234 
8 	 41.678688 	 283.323761 	 273.495514 	 2.677238 	 98067.078125 	 328.305511 
9 	 41.678688 	 283.323761 	 271.892731 	 3.413308 	 98531.039062 	 336.328613 
10 	 41.678688 	 283.323761 	 274.317749 	 2.784402 	 98893.492188 	 361.719116 
11 	 41.678688 	 283.323761 	 275.933563 	 2.312450 	 98805.648438 	 350.878204 
12 	 41.678688 	 283.323761 	 279.923981 	 2.632270 	 98697.757812 	 370.606934 
13 	 41.678688 	 283.323761 	 282.677307 	 2.306632 	 99020.578125 	 372.546173 
14 	 41.678688 	 283.323761 	 283.689850 	 2.469346 	 99243.812500 	 406.378845 
15 	 41.678688 	 283.323761 	 287.493896 	 6.304458 	 98151.648438 	 398.351410 
16 	 41.678688 	 283.323761 	 288.527740 	 4.352583 	 97140.609375 	 397.886292 
17 	 41.678688 	 283.323761 	 281.996216 	 1.985676 	 96943.890625 	 363.322968 
18 	 41.678688 	 283.323761 	 273.244995 	 2.719191 	 96756.093750 	 315.165894 
19 	 41.678688 	 283.323761 	 271.737732 	 3.422209 	 97995.359375 	 351.217590 
20 	 41.678688 	 283.323761 	 276.316345 	 4.336674 	 99144.609375 	 351.930573 
21 	 41.678688 	 283.323761 	 284.690857 	 4.877896 	 99386.843750 	 386.904327 
22 	 41.678688 	 283.323761 	 283.345734 	 5.210591 	 98210.218750 	 382.005310 
23 	 41.678688 	 283.323761 	 270.628540 	 3.755421 	 98029.632812 	 335.190674 
24 	 41.678688 	 283.323761 	 271.161652 	 3.377743 	 98996.273438 	 348.128540 
25 	 41.678688 	 283.323761 	 273.196381 	 4.112204 	 98565.296875 	 347.828918 
26 	 41.678688 	 283.323761 	 269.127411 	 4.023847 	 98202.132812 	 360.603241 
27 	 41.678688 	 283.323761 	 266.498108 	 3.345799 	 98769.968750 	 335.953217 
28 	 41.678688 	 283.323761 	 274.656250 	 4.430470 	 97581.687500 	 378.845734 
29 	 41.678688 	 283.323761 	 272.874786 	 3.374004 	 97737.726562 	 374.993591 
30 	 41.678688 	 283.323761 	 268.179932 	 4.027239 	 98296.703125 	 337.914886 
31 	 41.678688 	 283.323761 	 265.713928 	 3.434785 	 98839.281250 	 329.247101 
32 	 41.678688 	 283.323761 	 264.166992 	 5.009819 	 99797.757812 	 330.156433 
33 	 41.678688 	 283.323761 	 269.177704 	 2.750135 	 99890.546875 	 353.461121 
34 	 41.678688 	 283.323761 	 273.994324 	 2.364740 	 99788.632812 	 370.323273 
35 	 41.678688 	 283.323761 	 277.345642 	 1.776761 	 99758.632812 	 378.518219 
36 	 41.678688 	 283.323761 	 279.267731 	 2.774944 	 99427.281250 	 361.823761 
37 	 41.678688 	 283.323761 	 283.607544 	 3.686662 	 97295.476562 	 432.353424 
38 	 41.678688 	 283.323761 	 275.868469 	 3.559379 	 98100.960938 	 416.013733 
39 	 41.678688 	 283.323761 	 277.045593 	 4.267920 	 98126.632812 	 346.429169 
40 	 41.678688 	 283.323761 	 271.428467 	 5.294519 	 97463.531250 	 392.569153 
41 	 41.678688 	 283.323761 	 269.092163 	 2.760702 	 99518.046875 	 362.726379 
42 	 41.678688 	 283.323761 	 273.305573 	 4.417016 	 99261.593750 	 339.017303 
43 	 41.678688 	 283.323761 	 280.060211 	 3.473033 	 97957.250000 	 372.240784 
44 	 41.678688 	 283.323761 	 274.711121 	 4.434586 	 97103.843750 	 428.638641 
45 	 41.678688 	 283.323761 	 269.460022 	 3.104740 	 98380.437500 	 358.503784 
46 	 41.678688 	 283.323761 	 274.578003 	 3.522733 	 98478.976562 	 398.181519 
47 	 41.678688 	 283.323761 	 271.930145 	 2.631782 	 99051.437500 	 398.283722 
48 	 41.678688 	 283.323761 	 271.597595 	 1.353709 	 99649.828125 	 380.699097 
49 	 41.678688 	 283.323761 	 271.704742 	 2.764846 	 99385.796875 	 301.325867 
50 	 41.678688 	 283.323761 	 278.289551 	 2.258000 	 97626.828125 	 380.546051 
51 	 41.678688 	 283.323761 	 276.610870 	 1.554433 	 96789.328125 	 361.401642 
52 	 41.678688 	 283.323761 	 275.277588 	 3.233976 	 96732.796875 	 406.709442 
53 	 41.678688 	 283.323761 	 274.928558 	 3.448949 	 97044.117188 	 397.849396 
54 	 41.678688 	 283.323761 	 273.062073 	 3.596751 	 98151.546875 	 435.110535 
55 	 41.678688 	 283.323761 	 277.965515 	 2.191984 	 98931.429688 	 454.491516 
56 	 41.678688 	 283.323761 	 279.057434 	 3.507424 	 98881.578125 	 443.682007 
57 	 41.678688 	 283.323761 	 274.194458 	 3.241698 	 99125.570312 	 424.286469 
58 	 41.678688 	 283.323761 	 276.957825 	 2.566468 	 98844.546875 	 437.288879 
59 	 41.678688 	 283.323761 	 279.051727 	 1.601954 	 99108.078125 	 448.375732 
60 	 41.678688 	 283.323761 	 280.298065 	 1.831247 	 99280.046875 	 465.751373 
61 	 41.678688 	 283.323761 	 282.127258 	 2.686286 	 98897.046875 	 442.468018 
62 	 41.678688 	 283.323761 	 283.626617 	 3.574585 	 98119.179688 	 423.013184 
63 	 41.678688 	 283.323761 	 274.562531 	 5.827876 	 97161.781250 	 368.095398 
64 	 41.678688 	 283.323761 	 276.804840 	 5.516307 	 98005.062500 	 458.666931 
65 	 41.678688 	 283.323761 	 275.761658 	 1.317943 	 98525.523438 	 420.082367 
66 	 41.678688 	 283.323761 	 277.189301 	 2.628320 	 98798.289062 	 479.002136 
67 	 41.678688 	 283.323761 	 275.663177 	 3.386323 	 98475.320312 	 314.712677 
68 	 41.678688 	 283.323761 	 279.592712 	 2.701925 	 98229.343750 	 499.221466 
69 	 41.678688 	 283.323761 	 284.430145 	 2.725309 	 98901.656250 	 520.434326 
70 	 41.678688 	 283.323761 	 288.701111 	 4.108557 	 98772.976562 	 483.276154 
71 	 41.678688 	 283.323761 	 288.627777 	 5.003240 	 98470.976562 	 432.489075 
72 	 41.678688 	 283.323761 	 283.385651 	 2.082741 	 98785.476562 	 470.319366 
73 	 41.678688 	 283.323761 	 282.957245 	 5.525270 	 97192.890625 	 398.677521 
74 	 41.678688 	 283.323761 	 276.246796 	 6.139922 	 96440.500000 	 483.197235 
75 	 41.678688 	 283.323761 	 277.389160 	 1.394938 	 98155.976562 	 387.830292 
76 	 41.678688 	 283.323761 	 276.992310 	 2.992554 	 98164.632812 	 494.416687 
77 	 41.678688 	 283.323761 	 278.264160 	 1.982365 	 98589.453125 	 474.171143 
78 	 41.678688 	 283.323761 	 279.592133 	 2.191748 	 99074.132812 	 497.162109 
79 	 41.678688 	 283.323761 	 283.970032 	 1.776206 	 99344.773438 	 518.928284 
80 	 41.678688 	 283.323761 	 285.317657 	 2.447717 	 99763.437500 	 520.519775 
81 	 41.678688 	 283.323761 	 287.186584 	 3.789614 	 99729.421875 	 489.237793 
82 	 41.678688 	 283.323761 	 288.681458 	 5.263692 	 99411.117188 	 488.070404 
83 	 41.678688 	 283.323761 	 288.593536 	 4.014012 	 98666.789062 	 437.619965 
84 	 41.678688 	 283.323761 	 286.043671 	 2.808326 	 98568.976562 	 511.299500 
85 	 41.678688 	 283.323761 	 288.757263 	 2.603122 	 99048.351562 	 471.204346 
86 	 41.678688 	 283.323761 	 289.180115 	 3.845578 	 99050.242188 	 497.591003 
87 	 41.678688 	 283.323761 	 290.098450 	 3.045017 	 98661.179688 	 579.519714 
88 	 41.678688 	 283.323761 	 288.942719 	 3.024520 	 98824.656250 	 490.041901 
89 	 41.678688 	 283.323761 	 291.007568 	 6.171763 	 98402.117188 	 531.026855 
90 	 41.678688 	 283.323761 	 283.905151 	 4.219164 	 97713.601562 	 394.004913 
91 	 41.678688 	 283.323761 	 276.748505 	 4.369261 	 96616.656250 	 414.577148 
92 	 41.678688 	 283.323761 	 277.744568 	 4.805243 	 97308.460938 	 460.398041 
93 	 41.678688 	 283.323761 	 282.250519 	 3.494905 	 97772.296875 	 496.856598 
94 	 41.678688 	 283.323761 	 287.335327 	 2.508263 	 97973.656250 	 541.361938 
95 	 41.678688 	 283.323761 	 287.400238 	 3.757450 	 97556.773438 	 412.583405 
96 	 41.678688 	 283.323761 	 278.626404 	 3.179629 	 97689.968750 	 516.583374 
97 	 41.678688 	 283.323761 	 275.460297 	 3.286917 	 98039.296875 	 471.166687 
98 	 41.678688 	 283.323761 	 276.646637 	 3.544398 	 97519.859375 	 380.857208 
99 	 41.678688 	 283.323761 	 276.745117 	 1.448415 	 97763.953125 	 496.535278 
100 	 41.678688 	 283.323761 	 279.666962 	 3.218416 	 97740.703125 	 520.251770 
101 	 41.678688 	 283.323761 	 283.163757 	 3.053421 	 97959.078125 	 576.738220 
102 	 41.678688 	 283.323761 	 285.892303 	 2.483555 	 97959.773438 	 579.638916 
103 	 41.678688 	 283.323761 	 288.135254 	 1.492677 	 98001.421875 	 601.891113 
104 	 41.678688 	 283.323761 	 282.909393 	 3.140558 	 98043.570312 	 360.503967 
105 	 41.678688 	 283.323761 	 277.717590 	 3.621832 	 98084.156250 	 550.711060 
106 	 41.678688 	 283.323761 	 280.273193 	 2.336222 	 98024.382812 	 549.992188 
107 	 41.678688 	 283.323761 	 282.962921 	 1.354902 	 97647.726562 	 529.010132 
108 	 41.678688 	 283.323761 	 281.555542 	 3.304689 	 97233.437500 	 511.415710 
109 	 41.678688 	 283.323761 	 278.667175 	 3.788543 	 97466.460938 	 445.810608 
110 	 41.678688 	 283.323761 	 279.420563 	 2.990270 	 98481.687500 	 573.617188 
111 	 41.678688 	 283.323761 	 280.240295 	 1.163946 	 99050.023438 	 465.056427 
112 	 41.678688 	 283.323761 	 283.643280 	 1.778758 	 98705.359375 	 391.827148 
113 	 41.678688 	 283.323761 	 279.009125 	 3.482936 	 98140.921875 	 380.388885 
114 	 41.678688 	 283.323761 	 279.358643 	 3.414507 	 98362.250000 	 575.551453 
115 	 41.678688 	 283.323761 	 280.515045 	 1.270470 	 98787.898438 	 573.325745 
116 	 41.678688 	 283.323761 	 281.731628 	 2.244534 	 98573.117188 	 394.209229 
117 	 41.678688 	 283.323761 	 285.594482 	 4.034644 	 97531.546875 	 489.715149 
118 	 41.678688 	 283.323761 	 285.418060 	 3.582937 	 97803.812500 	 585.284912 
119 	 41.678688 	 283.323761 	 286.208221 	 1.794857 	 98804.921875 	 563.261841 
120 	 41.678688 	 283.323761 	 284.566376 	 2.306774 	 99057.328125 	 442.687378 
121 	 41.678688 	 283.323761 	 291.340363 	 2.196131 	 98391.046875 	 606.317627 
122 	 41.678688 	 283.323761 	 287.897766 	 1.680294 	 99338.257812 	 595.204590 
123 	 41.678688 	 283.323761 	 290.718170 	 3.277228 	 99548.398438 	 613.169800 
124 	 41.678688 	 283.323761 	 295.083405 	 3.380948 	 99033.929688 	 689.533203 
125 	 41.678688 	 283.323761 	 294.776367 	 3.340445 	 98457.937500 	 654.743530 
126 	 41.678688 	 283.323761 	 290.589142 	 3.377566 	 98378.140625 	 467.147095 
127 	 41.678688 	 283.323761 	 287.748474 	 4.134267 	 99183.953125 	 474.946686 
128 	 41.678688 	 283.323761 	 289.559174 	 3.491184 	 98841.906250 	 520.706604 
129 	 41.678688 	 283.323761 	 291.500732 	 2.655303 	 98183.523438 	 542.179626 
130 	 41.678688 	 283.323761 	 291.734344 	 1.427556 	 97907.093750 	 476.642670 
131 	 41.678688 	 283.323761 	 291.849640 	 1.853537 	 98634.593750 	 574.877441 
132 	 41.678688 	 283.323761 	 293.839905 	 1.941501 	 98620.632812 	 686.113281 
133 	 41.678688 	 283.323761 	 294.526764 	 2.624048 	 98398.773438 	 686.681152 
134 	 41.678688 	 283.323761 	 293.694214 	 1.831606 	 99322.148438 	 663.359375 
135 	 41.678688 	 283.323761 	 294.070251 	 3.798344 	 99553.367188 	 657.446045 
136 	 41.678688 	 283.323761 	 293.157379 	 4.330267 	 98996.593750 	 618.928467 
137 	 41.678688 	 283.323761 	 295.979919 	 3.521053 	 98215.867188 	 656.080872 
138 	 41.678688 	 283.323761 	 293.514709 	 3.255851 	 98167.718750 	 620.038025 
139 	 41.678688 	 283.323761 	 295.722717 	 3.261841 	 99076.601562 	 659.180664 
140 	 41.678688 	 283.323761 	 295.271271 	 1.288797 	 99360.578125 	 680.565308 
141 	 41.678688 	 283.323761 	 298.049469 	 2.319178 	 98900.226562 	 710.454712 
142 	 41.678688 	 283.323761 	 299.759766 	 3.265787 	 98550.890625 	 721.028931 
143 	 41.678688 	 283.323761 	 297.871765 	 3.631065 	 97991.531250 	 649.119507 
144 	 41.678688 	 283.323761 	 292.333160 	 2.941410 	 98333.437500 	 671.231445 
145 	 41.678688 	 283.323761 	 293.137817 	 1.403688 	 99293.296875 	 674.456909 
146 	 41.678688 	 283.323761 	 299.049377 	 2.971646 	 99138.578125 	 710.860229 
147 	 41.678688 	 283.323761 	 300.327057 	 3.159018 	 98826.617188 	 709.172729 
148 	 41.678688 	 283.323761 	 298.434784 	 2.844628 	 98506.617188 	 690.867249 
149 	 41.678688 	 283.323761 	 297.671509 	 2.373283 	 98569.187500 	 683.214478 
150 	 41.678688 	 283.323761 	 296.532898 	 2.672527 	 98534.109375 	 647.941772 
151 	 41.678688 	 283.323761 	 295.128418 	 1.693218 	 98840.617188 	 672.195190 
152 	 41.678688 	 283.323761 	 294.435455 	 1.709280 	 98860.867188 	 662.725098 
153 	 41.678688 	 283.323761 	 293.781647 	 2.772905 	 98918.429688 	 707.046997 
154 	 41.678688 	 283.323761 	 293.254364 	 1.779882 	 99613.617188 	 676.022339 
155 	 41.678688 	 283.323761 	 295.736938 	 3.624530 	 99615.476562 	 714.922729 
156 	 41.678688 	 283.323761 	 295.044464 	 4.271438 	 98984.843750 	 693.556458 
157 	 41.678688 	 283.323761 	 296.869324 	 3.916284 	 98465.750000 	 666.243774 
158 	 41.678688 	 283.323761 	 298.379547 	 2.601550 	 98084.359375 	 673.599548 
159 	 41.678688 	 283.323761 	 296.966431 	 1.261812 	 98366.382812 	 702.286377 
160 	 41.678688 	 283.323761 	 297.977448 	 0.870573 	 98521.078125 	 722.175598 
161 	 41.678688 	 283.323761 	 298.775574 	 2.252764 	 98525.406250 	 723.974915 
162 	 41.678688 	 283.323761 	 298.367371 	 2.471403 	 98534.453125 	 702.147400 
163 	 41.678688 	 283.323761 	 299.697632 	 3.674096 	 98249.859375 	 725.405396 
164 	 41.678688 	 283.323761 	 298.475922 	 3.823187 	 97696.703125 	 608.518555 
165 	 41.678688 	 283.323761 	 295.297150 	 3.647882 	 97759.593750 	 702.225586 
166 	 41.678688 	 283.323761 	 293.739197 	 2.527194 	 97950.593750 	 614.586426 
167 	 41.678688 	 283.323761 	 292.946838 	 0.981448 	 98701.398438 	 701.909546 
168 	 41.678688 	 283.323761 	 293.367126 	 1.868438 	 98985.382812 	 640.893188 
169 	 41.678688 	 283.323761 	 295.040283 	 1.749523 	 98648.343750 	 681.643921 
170 	 41.678688 	 283.323761 	 294.883850 	 1.892162 	 98610.117188 	 633.194153 
171 	 41.678688 	 283.323761 	 293.551697 	 1.979816 	 98941.203125 	 691.845581 
172 	 41.678688 	 283.323761 	 299.325043 	 4.087325 	 98312.218750 	 703.844482 
173 	 41.678688 	 283.323761 	 302.558014 	 3.733957 	 97926.078125 	 726.234680 
174 	 41.678688 	 283.323761 	 299.853394 	 3.199396 	 97896.890625 	 678.265747 
175 	 41.678688 	 283.323761 	 292.778259 	 2.878392 	 98234.882812 	 690.253357 
176 	 41.678688 	 283.323761 	 290.449402 	 1.328802 	 98760.593750 	 581.936279 
177 	 41.678688 	 283.323761 	 292.879364 	 1.892904 	 98935.593750 	 700.645081 
178 	 41.678688 	 283.323761 	 293.564972 	 0.949293 	 99092.906250 	 689.412109 
179 	 41.678688 	 283.323761 	 295.627197 	 0.873340 	 99039.593750 	 684.937073 
180 	 41.678688 	 283.323761 	 297.504944 	 1.336225 	 98899.843750 	 722.211304 
181 	 41.678688 	 283.323761 	 297.430725 	 1.212909 	 98760.617188 	 676.686462 
182 	 41.678688 	 283.323761 	 297.547058 	 1.644265 	 98866.273438 	 704.554504 
183 	 41.678688 	 283.323761 	 297.589661 	 1.064559 	 98929.796875 	 711.902039 
184 	 41.678688 	 283.323761 	 299.164886 	 1.330155 	 98972.460938 	 719.974976 
185 	 41.678688 	 283.323761 	 300.460358 	 1.047167 	 98943.351562 	 726.642578 
186 	 41.678688 	 283.323761 	 301.394409 	 1.292053 	 98947.343750 	 730.220337 
187 	 41.678688 	 283.323761 	 302.395020 	 1.561391 	 98780.148438 	 737.327759 
188 	 41.678688 	 283.323761 	 302.505280 	 2.315042 	 98704.968750 	 729.243042 
189 	 41.678688 	 283.323761 	 301.414307 	 1.498504 	 98858.226562 	 734.419189 
190 	 41.678688 	 283.323761 	 301.558594 	 1.613181 	 98846.210938 	 744.272461 
191 	 41.678688 	 283.323761 	 302.011230 	 1.739481 	 98589.593750 	 724.195435 
192 	 41.678688 	 283.323761 	 301.750458 	 0.854456 	 98688.046875 	 746.568237 
193 	 41.678688 	 283.323761 	 301.307526 	 1.557222 	 98407.148438 	 681.990967 
194 	 41.678688 	 283.323761 	 299.721436 	 3.165450 	 98311.812500 	 701.043579 
195 	 41.678688 	 283.323761 	 296.290070 	 1.445673 	 98569.882812 	 583.549072 
196 	 41.678688 	 283.323761 	 295.770386 	 1.161459 	 98684.218750 	 710.791992 
197 	 41.678688 	 283.323761 	 295.612854 	 1.879556 	 98917.562500 	 618.518555 
198 	 41.678688 	 283.323761 	 295.508850 	 1.052418 	 98889.500000 	 700.273315 
199 	 41.678688 	 283.323761 	 297.229645 	 1.457615 	 98755.921875 	 690.344421 
200 	 41.678688 	 283.323761 	 296.457489 	 2.067230 	 99132.148438 	 548.048279 
201 	 41.678688 	 283.323761 	 296.826569 	 2.646944 	 98758.093750 	 578.779053 
202 	 41.678688 	 283.323761 	 297.603729 	 1.885532 	 98741.242188 	 689.886414 
203 	 41.678688 	 283.323761 	 298.676697 	 1.504380 	 98952.710938 	 682.734863 
204 	 41.678688 	 283.323761 	 297.474335 	 2.005730 	 98933.023438 	 654.270142 
205 	 41.678688 	 283.323761 	 298.980804 	 1.682979 	 99061.351562 	 722.906067 
206 	 41.678688 	 283.323761 	 300.517548 	 1.839657 	 98961.726562 	 689.995544 
207 	 41.678688 	 283.323761 	 300.366028 	 2.846173 	 98513.382812 	 693.827148 
208 	 41.678688 	 283.323761 	 301.146912 	 2.933155 	 98173.390625 	 728.704285 
209 	 41.678688 	 283.323761 	 304.058136 	 3.287545 	 98084.250000 	 715.022461 
210 	 41.678688 	 283.323761 	 298.787811 	 0.935136 	 98899.312500 	 697.814209 
211 	 41.678688 	 283.323761 	 301.987213 	 2.754731 	 98931.726562 	 710.479004 
212 	 41.678688 	 283.323761 	 302.829407 	 3.062201 	 98641.593750 	 716.313293 
213 	 41.678688 	 283.323761 	 299.259186 	 1.205275 	 98894.382812 	 704.590576 
214 	 41.678688 	 283.323761 	 300.973572 	 1.628029 	 98647.976562 	 666.569824 
215 	 41.678688 	 283.323761 	 302.643433 	 1.621040 	 98521.296875 	 698.111694 
216 	 41.678688 	 283.323761 	 305.817108 	 2.490479 	 98365.023438 	 712.360107 
217 	 41.678688 	 283.323761 	 302.032654 	 1.319439 	 98781.023438 	 637.978882 
218 	 41.678688 	 283.323761 	 301.668488 	 1.739968 	 98628.703125 	 722.113037 
219 	 41.678688 	 283.323761 	 300.720276 	 1.757297 	 98865.601562 	 660.443481 
220 	 41.678688 	 283.323761 	 299.076050 	 1.727647 	 99160.031250 	 644.270508 
221 	 41.678688 	 283.323761 	 303.233459 	 2.894022 	 98927.289062 	 712.281128 
222 	 41.678688 	 283.323761 	 304.716034 	 3.476280 	 98728.953125 	 700.724976 
223 	 41.678688 	 283.323761 	 304.856354 	 2.940125 	 98538.656250 	 688.626160 
224 	 41.678688 	 283.323761 	 300.871887 	 1.940148 	 98925.023438 	 688.455811 
225 	 41.678688 	 283.323761 	 299.053162 	 1.797988 	 99249.492188 	 627.971863 
226 	 41.678688 	 283.323761 	 298.914581 	 3.096714 	 98969.242188 	 627.600952 
227 	 41.678688 	 283.323761 	 300.708801 	 5.072989 	 97935.976562 	 694.869873 
228 	 41.678688 	 283.323761 	 300.047974 	 3.224118 	 98159.296875 	 676.426941 
229 	 41.678688 	 283.323761 	 299.066895 	 5.025652 	 98086.031250 	 669.675903 
230 	 41.678688 	 283.323761 	 292.119751 	 1.511326 	 99321.187500 	 624.279541 
231 	 41.678688 	 283.323761 	 292.637817 	 2.454486 	 99392.093750 	 476.550476 
232 	 41.678688 	 283.323761 	 294.949951 	 1.579146 	 99119.750000 	 626.382507 
233 	 41.678688 	 283.323761 	 298.434662 	 2.974185 	 98873.882812 	 641.670532 
234 	 41.678688 	 283.323761 	 300.341064 	 2.263523 	 98426.226562 	 689.667969 
235 	 41.678688 	 283.323761 	 297.646576 	 3.919160 	 98467.062500 	 673.897949 
236 	 41.678688 	 283.323761 	 295.258453 	 2.223705 	 99100.023438 	 636.922363 
237 	 41.678688 	 283.323761 	 298.214020 	 1.024444 	 99078.546875 	 650.348389 
238 	 41.678688 	 283.323761 	 300.178223 	 2.027118 	 98663.023438 	 644.636597 
239 	 41.678688 	 283.323761 	 300.008362 	 1.849295 	 98678.953125 	 649.046814 
240 	 41.678688 	 283.323761 	 297.461365 	 1.442755 	 98682.976562 	 629.129272 
241 	 41.678688 	 283.323761 	 299.905853 	 3.363064 	 98261.757812 	 627.184998 
242 	 41.678688 	 283.323761 	 302.192108 	 3.389433 	 98228.492188 	 650.148132 
243 	 41.678688 	 283.323761 	 298.876678 	 1.793149 	 98517.453125 	 635.991699 
244 	 41.678688 	 283.323761 	 298.819275 	 2.409990 	 98265.921875 	 648.102417 
245 	 41.678688 	 283.323761 	 295.675262 	 2.401508 	 98273.726562 	 506.047791 
246 	 41.678688 	 283.323761 	 290.447357 	 4.065156 	 98640.843750 	 610.414551 
247 	 41.678688 	 283.323761 	 290.009125 	 3.061226 	 99043.843750 	 597.564575 
248 	 41.678688 	 283.323761 	 291.403076 	 1.962753 	 99225.593750 	 597.248535 
249 	 41.678688 	 283.323761 	 292.210571 	 1.289913 	 99390.656250 	 599.554932 
250 	 41.678688 	 283.323761 	 292.602234 	 1.401351 	 99348.812500 	 596.971680 
251 	 41.678688 	 283.323761 	 293.199554 	 2.050161 	 99224.406250 	 599.404785 
252 	 41.678688 	 283.323761 	 293.010376 	 1.701130 	 99069.156250 	 591.918945 
253 	 41.678688 	 283.323761 	 293.848541 	 1.267387 	 99280.062500 	 595.984375 
254 	 41.678688 	 283.323761 	 297.621033 	 3.332509 	 99205.156250 	 589.752686 
255 	 41.678688 	 283.323761 	 297.489319 	 3.919247 	 98773.226562 	 611.344116 
256 	 41.678688 	 283.323761 	 296.033691 	 2.586689 	 98416.171875 	 630.115417 
257 	 41.678688 	 283.323761 	 292.750366 	 2.086693 	 98887.406250 	 581.513733 
258 	 41.678688 	 283.323761 	 292.766022 	 1.181779 	 99061.648438 	 590.862366 
259 	 41.678688 	 283.323761 	 296.727478 	 3.152881 	 98428.828125 	 602.303467 
260 	 41.678688 	 283.323761 	 296.763062 	 3.112077 	 97766.062500 	 593.195251 
261 	 41.678688 	 283.323761 	 293.376801 	 2.144183 	 98209.546875 	 569.685181 
262 	 41.678688 	 283.323761 	 292.904175 	 2.779710 	 98995.343750 	 569.738464 
263 	 41.678688 	 283.323761 	 291.452789 	 2.452768 	 99324.562500 	 549.560242 
264 	 41.678688 	 283.323761 	 291.215851 	 4.412084 	 98423.093750 	 521.360413 
265 	 41.678688 	 283.323761 	 286.216858 	 3.371842 	 99092.476562 	 554.022339 
266 	 41.678688 	 283.323761 	 285.527008 	 0.810247 	 99408.867188 	 529.033691 
267 	 41.678688 	 283.323761 	 291.165222 	 2.908442 	 99038.023438 	 540.508545 
268 	 41.678688 	 283.323761 	 296.088531 	 3.681990 	 98249.570312 	 570.856567 
269 	 41.678688 	 283.323761 	 289.827087 	 1.487705 	 98774.523438 	 533.723511 
270 	 41.678688 	 283.323761 	 296.380615 	 4.041035 	 98503.953125 	 563.106018 
271 	 41.678688 	 283.323761 	 296.980042 	 3.762822 	 98364.796875 	 514.251648 
272 	 41.678688 	 283.323761 	 291.431732 	 3.720301 	 98354.687500 	 542.057129 
273 	 41.678688 	 283.323761 	 282.631805 	 1.358476 	 99262.382812 	 470.300476 
274 	 41.678688 	 283.323761 	 282.785736 	 1.105875 	 99495.179688 	 491.736755 
275 	 41.678688 	 283.323761 	 285.532440 	 1.807204 	 99509.773438 	 494.938110 
276 	 41.678688 	 283.323761 	 292.684387 	 2.848265 	 98890.468750 	 549.612000 
277 	 41.678688 	 283.323761 	 294.643738 	 3.081111 	 97943.656250 	 546.951904 
278 	 41.678688 	 283.323761 	 292.983276 	 4.031627 	 97722.046875 	 526.855225 
279 	 41.678688 	 283.323761 	 291.656342 	 3.423015 	 98459.953125 	 479.082397 
280 	 41.678688 	 283.323761 	 290.524231 	 2.888256 	 99271.328125 	 507.811127 
281 	 41.678688 	 283.323761 	 292.308624 	 3.930102 	 99166.726562 	 479.765106 
282 	 41.678688 	 283.323761 	 286.859161 	 1.988774 	 99189.078125 	 482.567413 
283 	 41.678688 	 283.323761 	 289.315918 	 2.831196 	 98915.656250 	 493.286072 
284 	 41.678688 	 283.323761 	 291.496857 	 1.295329 	 98807.992188 	 516.745422 
285 	 41.678688 	 283.323761 	 293.880554 	 4.834616 	 98400.117188 	 473.170105 
286 	 41.678688 	 283.323761 	 288.055298 	 4.024690 	 97538.117188 	 497.629333 
287 	 41.678688 	 283.323761 	 284.892853 	 3.594870 	 98932.703125 	 506.933533 
288 	 41.678688 	 283.323761 	 281.934692 	 0.733822 	 100263.703125 	 458.009583 
289 	 41.678688 	 283.323761 	 283.370544 	 1.599655 	 100436.703125 	 454.169617 
290 	 41.678688 	 283.323761 	 286.749939 	 1.884940 	 99927.359375 	 490.187500 
291 	 41.678688 	 283.323761 	 285.621399 	 0.628187 	 99549.843750 	 432.786560 
292 	 41.678688 	 283.323761 	 287.255249 	 0.743838 	 99352.242188 	 486.568848 
293 	 41.678688 	 283.323761 	 288.608276 	 0.911285 	 99305.937500 	 428.220306 
294 	 41.678688 	 283.323761 	 290.333252 	 1.845908 	 99137.000000 	 489.273254 
295 	 41.678688 	 283.323761 	 291.338104 	 2.180799 	 98550.812500 	 463.124573 
296 	 41.678688 	 283.323761 	 285.388824 	 2.285831 	 98334.703125 	 469.940369 
297 	 41.678688 	 283.323761 	 285.257233 	 2.028726 	 98385.539062 	 417.798035 
298 	 41.678688 	 283.323761 	 281.512207 	 5.124809 	 98053.117188 	 461.934448 
299 	 41.678688 	 283.323761 	 279.868073 	 2.721571 	 98956.289062 	 415.520813 
300 	 41.678688 	 283.323761 	 285.479248 	 3.624295 	 99418.382812 	 445.124023 
301 	 41.678688 	 283.323761 	 288.119385 	 4.842613 	 99198.343750 	 438.684814 
302 	 41.678688 	 283.323761 	 291.245789 	 4.818433 	 98821.171875 	 424.314667 
303 	 41.678688 	 283.323761 	 285.608795 	 2.738686 	 98565.968750 	 435.571289 
304 	 41.678688 	 283.323761 	 282.532379 	 0.793994 	 99268.343750 	 411.280396 
305 	 41.678688 	 283.323761 	 281.546509 	 1.193662 	 99332.757812 	 412.686890 
306 	 41.678688 	 283.323761 	 282.141296 	 2.310128 	 99187.226562 	 395.265594 
307 	 41.678688 	 283.323761 	 284.560638 	 2.835054 	 98219.546875 	 388.240112 
308 	 41.678688 	 283.323761 	 282.038666 	 5.363653 	 97841.578125 	 371.765228 
309 	 41.678688 	 283.323761 	 281.162354 	 3.808525 	 99169.867188 	 409.083405 
310 	 41.678688 	 283.323761 	 280.147614 	 1.175767 	 99901.437500 	 404.882996 
311 	 41.678688 	 283.323761 	 281.365540 	 2.314430 	 99777.023438 	 371.749939 
312 	 41.678688 	 283.323761 	 281.396118 	 0.987776 	 99742.953125 	 415.526245 
313 	 41.678688 	 283.323761 	 280.618744 	 0.912528 	 99972.242188 	 390.789825 
314 	 41.678688 	 283.323761 	 278.635498 	 0.512100 	 99910.656250 	 374.928101 
315 	 41.678688 	 283.323761 	 279.228424 	 1.620901 	 99626.382812 	 399.147827 
316 	 41.678688 	 283.323761 	 280.151672 	 1.748507 	 99664.578125 	 427.735901 
317 	 41.678688 	 283.323761 	 282.159363 	 2.707697 	 99491.640625 	 383.752991 
318 	 41.678688 	 283.323761 	 285.073212 	 1.562004 	 99083.500000 	 392.612793 
319 	 41.678688 	 283.323761 	 283.280334 	 3.249408 	 97862.406250 	 408.855896 
320 	 41.678688 	 283.323761 	 277.423981 	 3.297756 	 97985.296875 	 350.456726 
321 	 41.678688 	 283.323761 	 277.387604 	 4.831923 	 97812.976562 	 363.489838 
322 	 41.678688 	 283.323761 	 275.627930 	 4.198313 	 98389.953125 	 337.279541 
323 	 41.678688 	 283.323761 	 276.691650 	 2.385448 	 99241.757812 	 399.921143 
324 	 41.678688 	 283.323761 	 279.358215 	 3.169740 	 99105.523438 	 407.648987 
325 	 41.678688 	 283.323761 	 283.215851 	 3.472664 	 98116.710938 	 362.039185 
326 	 41.678688 	 283.323761 	 280.574463 	 4.835886 	 96404.312500 	 362.757507 
327 	 41.678688 	 283.323761 	 279.323059 	 4.628788 	 96805.203125 	 411.000732 
328 	 41.678688 	 283.323761 	 276.656036 	 4.011719 	 97481.476562 	 373.604401 
329 	 41.678688 	 283.323761 	 274.910370 	 3.004195 	 97645.632812 	 332.554779 
330 	 41.678688 	 283.323761 	 273.960144 	 1.771902 	 98383.453125 	 360.671783 
331 	 41.678688 	 283.323761 	 277.447784 	 3.863837 	 98822.171875 	 367.712952 
332 	 41.678688 	 283.323761 	 283.639679 	 5.068166 	 97137.093750 	 404.795959 
333 	 41.678688 	 283.323761 	 279.012299 	 3.788498 	 97703.546875 	 370.017975 
334 	 41.678688 	 283.323761 	 276.235687 	 1.502232 	 99026.476562 	 347.727264 
335 	 41.678688 	 283.323761 	 274.717773 	 1.779680 	 98865.640625 	 359.738556 
336 	 41.678688 	 283.323761 	 275.224396 	 3.258401 	 98407.578125 	 376.103210 
337 	 41.678688 	 283.323761 	 275.965790 	 2.058772 	 98729.031250 	 342.995850 
338 	 41.678688 	 283.323761 	 281.162903 	 2.034270 	 98086.093750 	 368.487061 
339 	 41.678688 	 283.323761 	 280.664062 	 4.793777 	 95976.203125 	 389.130798 
340 	 41.678688 	 283.323761 	 274.643921 	 2.399306 	 98631.039062 	 339.853912 
341 	 41.678688 	 283.323761 	 276.444946 	 4.162146 	 98814.390625 	 352.612671 
342 	 41.678688 	 283.323761 	 274.363708 	 3.085180 	 98648.578125 	 355.808838 
343 	 41.678688 	 283.323761 	 271.233795 	 2.086213 	 98959.671875 	 332.095886 
344 	 41.678688 	 283.323761 	 274.076935 	 3.302324 	 98913.187500 	 309.406189 
345 	 41.678688 	 283.323761 	 274.501678 	 3.387950 	 98487.273438 	 350.441071 
346 	 41.678688 	 283.323761 	 272.404175 	 1.538232 	 99169.500000 	 309.985779 
347 	 41.678688 	 283.323761 	 273.067413 	 1.548352 	 97921.593750 	 358.658508 
348 	 41.678688 	 283.323761 	 273.301361 	 2.564557 	 97359.671875 	 331.728424 
349 	 41.678688 	 283.323761 	 279.004150 	 4.803221 	 96991.406250 	 382.346832 
350 	 41.678688 	 283.323761 	 275.225616 	 4.293329 	 97697.820312 	 323.138153 
351 	 41.678688 	 283.323761 	 272.726105 	 1.916267 	 98876.671875 	 313.430450 
352 	 41.678688 	 283.323761 	 271.131866 	 2.139192 	 99400.710938 	 321.680023 
353 	 41.678688 	 283.323761 	 269.455231 	 1.985921 	 99897.953125 	 287.316650 
354 	 41.678688 	 283.323761 	 274.879791 	 1.911509 	 98508.406250 	 332.086182 
355 	 41.678688 	 283.323761 	 273.402283 	 3.153580 	 96904.382812 	 335.784515 
356 	 41.678688 	 283.323761 	 273.874268 	 4.486641 	 96515.406250 	 335.690460 
357 	 41.678688 	 283.323761 	 273.956146 	 3.587101 	 97358.578125 	 333.286926 
358 	 41.678688 	 283.323761 	 271.430481 	 2.057009 	 98816.539062 	 326.966766 
359 	 41.678688 	 283.323761 	 270.405762 	 0.983479 	 99512.289062 	 314.145569 
360 	 41.678688 	 283.323761 	 272.933289 	 2.668325 	 98966.593750 	 332.973785 
361 	 41.678688 	 283.323761 	 273.481995 	 3.401396 	 97677.070312 	 364.548004 
362 	 41.678688 	 283.323761 	 267.747986 	 3.829164 	 97907.679688 	 319.698303 
363 	 41.678688 	 283.323761 	 270.213440 	 3.558359 	 99334.468750 	 311.266998 
364 	 41.678688 	 283.323761 	 275.069977 	 3.324212 	 99730.617188 	 328.711456 
